position_id,portfolio_id,instrument_id,position_dt,quantity,end_of_day_price,market_value,unrealized_pnl,currency_code,source_system_code
POS00100120250419,PORT001,INS0002,2025-04-19,671,38.7004,25967.97,367.28,INR,MOCK_FEED
POS00100220250419,PORT001,INS0003,2025-04-19,3869,29.8684,115560.84,-1163.87,INR,MOCK_FEED
POS00100320250419,PORT001,INS0004,2025-04-19,2155,41.3013,89004.3,2515.06,USD,MOCK_FEED
POS00100420250419,PORT001,INS0005,2025-04-19,1951,51.6642,100796.85,503.13,INR,MOCK_FEED
POS00100520250419,PORT001,INS0006,2025-04-19,2594,28.7993,74705.38,-8.3,USD,MOCK_FEED
POS00100620250419,PORT001,INS0007,2025-04-19,2454,41.2784,101297.19,1449.24,USD,MOCK_FEED
POS00100720250419,PORT001,INS0008,2025-04-19,2360,57.5731,135872.52,1987.89,USD,MOCK_FEED
POS00100820250419,PORT001,INS0009,2025-04-19,2420,26.3593,63789.51,-1419.28,USD,MOCK_FEED
POS00100920250419,PORT001,INS0010,2025-04-19,3085,48.4578,149492.31,4782.06,INR,MOCK_FEED
POS00101020250419,PORT001,INS0011,2025-04-19,1084,24.5692,26633.01,576.25,INR,MOCK_FEED
POS00100120250420,PORT001,INS0002,2025-04-20,3694,38.2108,141150.7,-332.32,EUR,MOCK_FEED
POS00100220250420,PORT001,INS0003,2025-04-20,3327,30.0617,100015.28,1020.11,GBP,MOCK_FEED
POS00100320250420,PORT001,INS0004,2025-04-20,2919,41.5287,121222.28,-2174.63,EUR,MOCK_FEED
POS00100420250420,PORT001,INS0005,2025-04-20,4423,52.4666,232059.77,-3182.73,USD,MOCK_FEED
POS00100520250420,PORT001,INS0006,2025-04-20,2079,29.2565,60824.26,-784.97,INR,MOCK_FEED
POS00100620250420,PORT001,INS0007,2025-04-20,1723,41.2978,71156.11,-412.83,INR,MOCK_FEED
POS00100720250420,PORT001,INS0008,2025-04-20,2290,57.2648,131136.39,4786.44,USD,MOCK_FEED
POS00100820250420,PORT001,INS0009,2025-04-20,3241,26.6092,86240.42,2707.31,INR,MOCK_FEED
POS00100920250420,PORT001,INS0010,2025-04-20,447,48.4147,21641.37,486.24,GBP,MOCK_FEED
POS00101020250420,PORT001,INS0011,2025-04-20,2699,24.4326,65943.59,2356.79,GBP,MOCK_FEED
POS00100120250421,PORT001,INS0002,2025-04-21,4497,38.3288,172364.61,-4069.11,GBP,MOCK_FEED
POS00100220250421,PORT001,INS0003,2025-04-21,2956,30.2846,89521.28,-2475.49,EUR,MOCK_FEED
POS00100320250421,PORT001,INS0004,2025-04-21,828,41.145,34068.06,147.54,INR,MOCK_FEED
POS00100420250421,PORT001,INS0005,2025-04-21,2710,52.2278,141537.34,3494.38,USD,MOCK_FEED
POS00100520250421,PORT001,INS0006,2025-04-21,2704,28.9716,78339.21,690.69,USD,MOCK_FEED
POS00100620250421,PORT001,INS0007,2025-04-21,2985,41.2568,123151.55,-1286.11,EUR,MOCK_FEED
POS00100720250421,PORT001,INS0008,2025-04-21,677,56.6204,38332.01,1203.3,USD,MOCK_FEED
POS00100820250421,PORT001,INS0009,2025-04-21,599,27.1759,16278.36,-238.35,GBP,MOCK_FEED
POS00100920250421,PORT001,INS0010,2025-04-21,4385,48.8431,214176.99,-3146.76,GBP,MOCK_FEED
POS00101020250421,PORT001,INS0011,2025-04-21,1250,24.8418,31052.25,905.35,INR,MOCK_FEED
POS00100120250422,PORT001,INS0002,2025-04-22,1150,38.7979,44617.58,1108.17,INR,MOCK_FEED
POS00100220250422,PORT001,INS0003,2025-04-22,222,30.2309,6711.26,-167.61,USD,MOCK_FEED
POS00100320250422,PORT001,INS0004,2025-04-22,1789,41.87,74905.43,866.17,INR,MOCK_FEED
POS00100420250422,PORT001,INS0005,2025-04-22,4251,52.9167,224948.89,-2705.42,INR,MOCK_FEED
POS00100520250422,PORT001,INS0006,2025-04-22,2578,28.8212,74301.05,-349.0,USD,MOCK_FEED
POS00100620250422,PORT001,INS0007,2025-04-22,3083,41.3292,127417.92,-2015.54,GBP,MOCK_FEED
POS00100720250422,PORT001,INS0008,2025-04-22,2618,56.7,148440.6,5459.56,EUR,MOCK_FEED
POS00100820250422,PORT001,INS0009,2025-04-22,2843,27.4615,78073.04,2025.94,INR,MOCK_FEED
POS00100920250422,PORT001,INS0010,2025-04-22,1136,48.2856,54852.44,1449.99,EUR,MOCK_FEED
POS00101020250422,PORT001,INS0011,2025-04-22,4907,25.1946,123629.9,-2098.41,USD,MOCK_FEED
POS00100120250423,PORT001,INS0002,2025-04-23,3175,39.4535,125264.86,1669.91,INR,MOCK_FEED
POS00100220250423,PORT001,INS0003,2025-04-23,4292,30.1591,129442.86,1676.95,EUR,MOCK_FEED
POS00100320250423,PORT001,INS0004,2025-04-23,4714,41.9165,197594.38,352.14,INR,MOCK_FEED
POS00100420250423,PORT001,INS0005,2025-04-23,1182,52.9113,62541.16,-1187.78,EUR,MOCK_FEED
POS00100520250423,PORT001,INS0006,2025-04-23,3358,29.1427,97861.19,-2706.13,INR,MOCK_FEED
POS00100620250423,PORT001,INS0007,2025-04-23,1365,41.9391,57246.87,2270.49,EUR,MOCK_FEED
POS00100720250423,PORT001,INS0008,2025-04-23,4511,56.893,256644.32,-1909.37,USD,MOCK_FEED
POS00100820250423,PORT001,INS0009,2025-04-23,1325,27.3126,36189.19,-479.77,GBP,MOCK_FEED
POS00100920250423,PORT001,INS0010,2025-04-23,1174,48.5865,57040.55,7.51,USD,MOCK_FEED
POS00101020250423,PORT001,INS0011,2025-04-23,372,25.4379,9462.9,56.34,EUR,MOCK_FEED
POS00100120250424,PORT001,INS0002,2025-04-24,2816,40.5055,114063.49,3401.31,EUR,MOCK_FEED
POS00100220250424,PORT001,INS0003,2025-04-24,183,30.8959,5653.95,-43.88,GBP,MOCK_FEED
POS00100320250424,PORT001,INS0004,2025-04-24,134,42.3364,5673.08,-91.04,USD,MOCK_FEED
POS00100420250424,PORT001,INS0005,2025-04-24,908,52.0186,47232.89,346.85,INR,MOCK_FEED
POS00100520250424,PORT001,INS0006,2025-04-24,1848,29.5726,54650.16,-643.13,INR,MOCK_FEED
POS00100620250424,PORT001,INS0007,2025-04-24,979,42.0981,41214.04,1261.39,EUR,MOCK_FEED
POS00100720250424,PORT001,INS0008,2025-04-24,3634,56.3845,204901.27,-5682.82,USD,MOCK_FEED
POS00100820250424,PORT001,INS0009,2025-04-24,559,27.5538,15402.57,-207.38,EUR,MOCK_FEED
POS00100920250424,PORT001,INS0010,2025-04-24,4570,48.2304,220412.93,1646.96,USD,MOCK_FEED
POS00101020250424,PORT001,INS0011,2025-04-24,1501,24.8754,37337.98,1174.93,USD,MOCK_FEED
POS00100120250425,PORT001,INS0002,2025-04-25,1564,40.7656,63757.4,530.76,USD,MOCK_FEED
POS00100220250425,PORT001,INS0003,2025-04-25,1597,31.1772,49789.99,1384.31,GBP,MOCK_FEED
POS00100320250425,PORT001,INS0004,2025-04-25,4481,42.5573,190699.26,5718.01,EUR,MOCK_FEED
POS00100420250425,PORT001,INS0005,2025-04-25,3686,53.4131,196880.69,5596.37,EUR,MOCK_FEED
POS00100520250425,PORT001,INS0006,2025-04-25,4158,29.3433,122009.44,4429.35,USD,MOCK_FEED
POS00100620250425,PORT001,INS0007,2025-04-25,3255,42.3489,137845.67,4827.56,INR,MOCK_FEED
POS00100720250425,PORT001,INS0008,2025-04-25,1218,57.1142,69565.1,1620.58,USD,MOCK_FEED
POS00100820250425,PORT001,INS0009,2025-04-25,1019,27.2946,27813.2,-9.26,GBP,MOCK_FEED
POS00100920250425,PORT001,INS0010,2025-04-25,1791,48.4284,86735.26,-598.88,GBP,MOCK_FEED
POS00101020250425,PORT001,INS0011,2025-04-25,4285,25.232,108119.12,545.46,USD,MOCK_FEED
POS00100120250426,PORT001,INS0002,2025-04-26,2353,40.2868,94794.84,-180.84,USD,MOCK_FEED
POS00100220250426,PORT001,INS0003,2025-04-26,758,31.7295,24050.96,-606.69,INR,MOCK_FEED
POS00100320250426,PORT001,INS0004,2025-04-26,3289,42.3985,139448.67,3936.78,USD,MOCK_FEED
POS00100420250426,PORT001,INS0005,2025-04-26,2427,52.9951,128619.11,3517.75,USD,MOCK_FEED
POS00100520250426,PORT001,INS0006,2025-04-26,2144,29.643,63554.59,-571.09,INR,MOCK_FEED
POS00100620250426,PORT001,INS0007,2025-04-26,1530,41.27,63143.1,2069.01,USD,MOCK_FEED
POS00100720250426,PORT001,INS0008,2025-04-26,1501,57.1424,85770.74,1878.15,INR,MOCK_FEED
POS00100820250426,PORT001,INS0009,2025-04-26,4329,27.083,117242.31,-1839.69,GBP,MOCK_FEED
POS00100920250426,PORT001,INS0010,2025-04-26,4824,50.0368,241377.52,5271.81,INR,MOCK_FEED
POS00101020250426,PORT001,INS0011,2025-04-26,4384,25.0041,109617.97,3830.28,INR,MOCK_FEED
POS00100120250427,PORT001,INS0002,2025-04-27,599,40.6179,24330.12,745.16,EUR,MOCK_FEED
POS00100220250427,PORT001,INS0003,2025-04-27,1430,31.136,44524.48,334.49,INR,MOCK_FEED
POS00100320250427,PORT001,INS0004,2025-04-27,4414,41.4552,182983.25,6897.01,USD,MOCK_FEED
POS00100420250427,PORT001,INS0005,2025-04-27,2480,52.9798,131389.9,-2484.4,INR,MOCK_FEED
POS00100520250427,PORT001,INS0006,2025-04-27,4595,29.4882,135498.28,-3949.16,GBP,MOCK_FEED
POS00100620250427,PORT001,INS0007,2025-04-27,4301,41.9083,180247.6,-297.88,EUR,MOCK_FEED
POS00100720250427,PORT001,INS0008,2025-04-27,866,56.8679,49247.6,322.7,EUR,MOCK_FEED
POS00100820250427,PORT001,INS0009,2025-04-27,3177,27.1923,86389.94,1002.11,GBP,MOCK_FEED
POS00100920250427,PORT001,INS0010,2025-04-27,4092,49.9616,204442.87,-3973.32,GBP,MOCK_FEED
POS00101020250427,PORT001,INS0011,2025-04-27,719,25.1181,18059.91,-9.8,GBP,MOCK_FEED
POS00100120250428,PORT001,INS0002,2025-04-28,2210,40.7694,90100.37,-977.49,INR,MOCK_FEED
POS00100220250428,PORT001,INS0003,2025-04-28,3263,30.7807,100437.42,-1248.93,EUR,MOCK_FEED
POS00100320250428,PORT001,INS0004,2025-04-28,375,40.904,15339.0,-115.24,EUR,MOCK_FEED
POS00100420250428,PORT001,INS0005,2025-04-28,4313,52.9033,228171.93,4815.44,GBP,MOCK_FEED
POS00100520250428,PORT001,INS0006,2025-04-28,2472,29.7894,73639.4,1366.94,INR,MOCK_FEED
POS00100620250428,PORT001,INS0007,2025-04-28,2958,41.53,122845.74,-2978.84,GBP,MOCK_FEED
POS00100720250428,PORT001,INS0008,2025-04-28,3723,57.694,214794.76,658.99,INR,MOCK_FEED
POS00100820250428,PORT001,INS0009,2025-04-28,2292,27.2842,62535.39,1573.89,EUR,MOCK_FEED
POS00100920250428,PORT001,INS0010,2025-04-28,4485,49.8212,223448.08,6457.95,INR,MOCK_FEED
POS00101020250428,PORT001,INS0011,2025-04-28,460,25.2356,11608.38,-107.58,USD,MOCK_FEED
POS00100120250429,PORT001,INS0002,2025-04-29,1169,40.6053,47467.6,387.11,EUR,MOCK_FEED
POS00100220250429,PORT001,INS0003,2025-04-29,2286,30.115,68842.89,-687.02,GBP,MOCK_FEED
POS00100320250429,PORT001,INS0004,2025-04-29,1426,40.606,57904.16,643.49,EUR,MOCK_FEED
POS00100420250429,PORT001,INS0005,2025-04-29,2775,54.3548,150834.57,2470.14,USD,MOCK_FEED
POS00100520250429,PORT001,INS0006,2025-04-29,2057,29.8179,61335.42,-1658.24,EUR,MOCK_FEED
POS00100620250429,PORT001,INS0007,2025-04-29,1387,41.4489,57489.62,-336.89,GBP,MOCK_FEED
POS00100720250429,PORT001,INS0008,2025-04-29,2439,56.9839,138983.73,-2914.67,GBP,MOCK_FEED
POS00100820250429,PORT001,INS0009,2025-04-29,1703,27.2731,46446.09,1270.9,GBP,MOCK_FEED
POS00100920250429,PORT001,INS0010,2025-04-29,1922,49.6905,95505.14,3719.98,EUR,MOCK_FEED
POS00101020250429,PORT001,INS0011,2025-04-29,2612,25.1582,65713.22,657.92,INR,MOCK_FEED
POS00100120250430,PORT001,INS0002,2025-04-30,1768,39.5102,69854.03,-418.57,INR,MOCK_FEED
POS00100220250430,PORT001,INS0003,2025-04-30,733,30.1682,22113.29,648.93,EUR,MOCK_FEED
POS00100320250430,PORT001,INS0004,2025-04-30,3964,39.5565,156801.97,-198.97,GBP,MOCK_FEED
POS00100420250430,PORT001,INS0005,2025-04-30,3487,54.9301,191541.26,-4411.36,GBP,MOCK_FEED
POS00100520250430,PORT001,INS0006,2025-04-30,4915,29.1181,143115.46,4705.89,GBP,MOCK_FEED
POS00100620250430,PORT001,INS0007,2025-04-30,2513,41.0142,103068.68,4050.74,EUR,MOCK_FEED
POS00100720250430,PORT001,INS0008,2025-04-30,4011,57.5265,230738.79,-6860.22,GBP,MOCK_FEED
POS00100820250430,PORT001,INS0009,2025-04-30,4821,27.2719,131477.83,3024.97,EUR,MOCK_FEED
POS00100920250430,PORT001,INS0010,2025-04-30,3020,49.4893,149457.69,5094.67,GBP,MOCK_FEED
POS00101020250430,PORT001,INS0011,2025-04-30,4837,25.1389,121596.86,2152.61,USD,MOCK_FEED
POS00100120250501,PORT001,INS0002,2025-05-01,3297,39.3732,129813.44,4707.85,INR,MOCK_FEED
POS00100220250501,PORT001,INS0003,2025-05-01,1650,30.6494,50571.51,317.24,USD,MOCK_FEED
POS00100320250501,PORT001,INS0004,2025-05-01,4519,39.4012,178054.02,-3736.04,USD,MOCK_FEED
POS00100420250501,PORT001,INS0005,2025-05-01,4911,55.6267,273182.72,1711.09,USD,MOCK_FEED
POS00100520250501,PORT001,INS0006,2025-05-01,4026,28.6965,115532.11,4503.86,USD,MOCK_FEED
POS00100620250501,PORT001,INS0007,2025-05-01,2362,41.0511,96962.7,-188.38,USD,MOCK_FEED
POS00100720250501,PORT001,INS0008,2025-05-01,2024,57.7729,116932.35,3470.82,INR,MOCK_FEED
POS00100820250501,PORT001,INS0009,2025-05-01,1549,27.4732,42555.99,-902.67,INR,MOCK_FEED
POS00100920250501,PORT001,INS0010,2025-05-01,3504,49.815,174551.76,1114.7,USD,MOCK_FEED
POS00101020250501,PORT001,INS0011,2025-05-01,3829,25.4003,97257.75,-578.87,INR,MOCK_FEED
POS00100120250502,PORT001,INS0002,2025-05-02,3577,38.77,138680.29,3350.48,EUR,MOCK_FEED
POS00100220250502,PORT001,INS0003,2025-05-02,4461,30.5018,136068.53,2926.59,GBP,MOCK_FEED
POS00100320250502,PORT001,INS0004,2025-05-02,2851,39.9253,113827.03,3525.15,GBP,MOCK_FEED
POS00100420250502,PORT001,INS0005,2025-05-02,1687,54.8664,92559.62,-2176.09,USD,MOCK_FEED
POS00100520250502,PORT001,INS0006,2025-05-02,1325,29.3496,38888.22,299.28,EUR,MOCK_FEED
POS00100620250502,PORT001,INS0007,2025-05-02,1239,40.6339,50345.4,-1148.85,USD,MOCK_FEED
POS00100720250502,PORT001,INS0008,2025-05-02,2126,57.5978,122452.92,-634.74,EUR,MOCK_FEED
POS00100820250502,PORT001,INS0009,2025-05-02,3194,27.832,88895.41,750.81,USD,MOCK_FEED
POS00100920250502,PORT001,INS0010,2025-05-02,2400,50.1025,120246.0,-2452.93,USD,MOCK_FEED
POS00101020250502,PORT001,INS0011,2025-05-02,1095,25.1909,27584.04,-308.56,INR,MOCK_FEED
POS00100120250503,PORT001,INS0002,2025-05-03,3850,38.4959,148209.21,-4173.6,GBP,MOCK_FEED
POS00100220250503,PORT001,INS0003,2025-05-03,3123,30.5175,95306.15,2090.54,INR,MOCK_FEED
POS00100320250503,PORT001,INS0004,2025-05-03,310,40.2421,12475.05,153.17,EUR,MOCK_FEED
POS00100420250503,PORT001,INS0005,2025-05-03,4125,53.7002,221513.33,-5600.81,EUR,MOCK_FEED
POS00100520250503,PORT001,INS0006,2025-05-03,723,28.7172,20762.54,582.12,USD,MOCK_FEED
POS00100620250503,PORT001,INS0007,2025-05-03,1994,40.5361,80828.98,2985.49,INR,MOCK_FEED
POS00100720250503,PORT001,INS0008,2025-05-03,2110,58.184,122768.24,1790.73,USD,MOCK_FEED
POS00100820250503,PORT001,INS0009,2025-05-03,353,28.13,9929.89,145.6,GBP,MOCK_FEED
POS00100920250503,PORT001,INS0010,2025-05-03,710,50.1683,35619.49,1182.39,INR,MOCK_FEED
POS00101020250503,PORT001,INS0011,2025-05-03,2813,24.8083,69785.75,1924.21,INR,MOCK_FEED
POS00100120250504,PORT001,INS0002,2025-05-04,1961,38.6273,75748.14,-1148.6,EUR,MOCK_FEED
POS00100220250504,PORT001,INS0003,2025-05-04,1922,30.2979,58232.56,1459.13,USD,MOCK_FEED
POS00100320250504,PORT001,INS0004,2025-05-04,4607,40.3438,185863.89,-7.6,INR,MOCK_FEED
POS00100420250504,PORT001,INS0005,2025-05-04,4135,52.8286,218446.26,-5513.97,EUR,MOCK_FEED
POS00100520250504,PORT001,INS0006,2025-05-04,1758,28.566,50219.03,159.62,EUR,MOCK_FEED
POS00100620250504,PORT001,INS0007,2025-05-04,1542,40.675,62720.85,-360.33,INR,MOCK_FEED
POS00100720250504,PORT001,INS0008,2025-05-04,2426,57.7398,140076.75,875.29,GBP,MOCK_FEED
POS00100820250504,PORT001,INS0009,2025-05-04,1751,27.9489,48938.52,582.55,INR,MOCK_FEED
POS00100920250504,PORT001,INS0010,2025-05-04,1595,50.4624,80487.53,915.68,EUR,MOCK_FEED
POS00101020250504,PORT001,INS0011,2025-05-04,2095,24.8373,52034.14,466.09,INR,MOCK_FEED
POS00100120250505,PORT001,INS0002,2025-05-05,4307,39.2559,169075.16,6315.06,GBP,MOCK_FEED
POS00100220250505,PORT001,INS0003,2025-05-05,2667,30.7332,81965.44,304.88,USD,MOCK_FEED
POS00100320250505,PORT001,INS0004,2025-05-05,1858,40.7771,75763.85,258.53,GBP,MOCK_FEED
POS00100420250505,PORT001,INS0005,2025-05-05,1200,51.9203,62304.36,322.37,GBP,MOCK_FEED
POS00100520250505,PORT001,INS0006,2025-05-05,876,29.179,25560.8,1015.04,INR,MOCK_FEED
POS00100620250505,PORT001,INS0007,2025-05-05,4644,40.2829,187073.79,5671.34,INR,MOCK_FEED
POS00100720250505,PORT001,INS0008,2025-05-05,4559,57.8755,263854.4,3636.48,INR,MOCK_FEED
POS00100820250505,PORT001,INS0009,2025-05-05,4535,28.0065,127009.48,-1763.01,INR,MOCK_FEED
POS00100920250505,PORT001,INS0010,2025-05-05,4199,50.0043,209968.06,4371.81,INR,MOCK_FEED
POS00101020250505,PORT001,INS0011,2025-05-05,1277,25.4144,32454.19,-159.58,GBP,MOCK_FEED
POS00100120250506,PORT001,INS0002,2025-05-06,3259,39.4051,128421.22,3212.83,GBP,MOCK_FEED
POS00100220250506,PORT001,INS0003,2025-05-06,3397,30.9832,105249.93,710.08,INR,MOCK_FEED
POS00100320250506,PORT001,INS0004,2025-05-06,269,40.466,10885.35,249.43,USD,MOCK_FEED
POS00100420250506,PORT001,INS0005,2025-05-06,3257,51.4458,167558.97,6328.31,EUR,MOCK_FEED
POS00100520250506,PORT001,INS0006,2025-05-06,3286,29.1021,95629.5,2541.32,USD,MOCK_FEED
POS00100620250506,PORT001,INS0007,2025-05-06,1066,39.8871,42519.65,761.66,USD,MOCK_FEED
POS00100720250506,PORT001,INS0008,2025-05-06,3751,57.7585,216652.13,4593.74,GBP,MOCK_FEED
POS00100820250506,PORT001,INS0009,2025-05-06,4151,27.8791,115726.14,4257.51,GBP,MOCK_FEED
POS00100920250506,PORT001,INS0010,2025-05-06,2529,50.5714,127895.07,1816.26,USD,MOCK_FEED
POS00101020250506,PORT001,INS0011,2025-05-06,2707,25.3402,68595.92,950.34,USD,MOCK_FEED
POS00100120250507,PORT001,INS0002,2025-05-07,1932,39.2157,75764.73,1629.1,GBP,MOCK_FEED
POS00100220250507,PORT001,INS0003,2025-05-07,626,30.8928,19338.89,571.47,GBP,MOCK_FEED
POS00100320250507,PORT001,INS0004,2025-05-07,2669,40.9431,109277.13,4333.1,USD,MOCK_FEED
POS00100420250507,PORT001,INS0005,2025-05-07,2060,51.7305,106564.83,573.52,EUR,MOCK_FEED
POS00100520250507,PORT001,INS0006,2025-05-07,2555,29.4344,75204.89,-497.31,GBP,MOCK_FEED
POS00100620250507,PORT001,INS0007,2025-05-07,218,39.8978,8697.72,-82.58,USD,MOCK_FEED
POS00100720250507,PORT001,INS0008,2025-05-07,4546,57.134,259731.16,5132.33,INR,MOCK_FEED
POS00100820250507,PORT001,INS0009,2025-05-07,620,27.8539,17269.42,-502.18,USD,MOCK_FEED
POS00100920250507,PORT001,INS0010,2025-05-07,1087,51.1288,55577.01,751.6,EUR,MOCK_FEED
POS00101020250507,PORT001,INS0011,2025-05-07,535,25.1035,13430.37,519.51,EUR,MOCK_FEED
POS00100120250508,PORT001,INS0002,2025-05-08,3924,38.8367,152395.21,4346.26,EUR,MOCK_FEED
POS00100220250508,PORT001,INS0003,2025-05-08,1826,30.9715,56553.96,-739.82,USD,MOCK_FEED
POS00100320250508,PORT001,INS0004,2025-05-08,2101,41.1708,86499.85,78.02,EUR,MOCK_FEED
POS00100420250508,PORT001,INS0005,2025-05-08,2418,52.205,126231.69,3111.04,INR,MOCK_FEED
POS00100520250508,PORT001,INS0006,2025-05-08,2709,28.794,78002.95,1697.52,EUR,MOCK_FEED
POS00100620250508,PORT001,INS0007,2025-05-08,349,40.1072,13997.41,-375.19,USD,MOCK_FEED
POS00100720250508,PORT001,INS0008,2025-05-08,2397,58.0044,139036.55,5167.46,GBP,MOCK_FEED
POS00100820250508,PORT001,INS0009,2025-05-08,3408,27.9495,95251.9,3663.05,USD,MOCK_FEED
POS00100920250508,PORT001,INS0010,2025-05-08,946,51.9854,49178.19,1682.01,USD,MOCK_FEED
POS00101020250508,PORT001,INS0011,2025-05-08,3186,24.9006,79333.31,2430.18,EUR,MOCK_FEED
POS00100120250509,PORT001,INS0002,2025-05-09,3029,39.1724,118653.2,-753.96,INR,MOCK_FEED
POS00100220250509,PORT001,INS0003,2025-05-09,4506,31.2741,140921.09,4968.72,GBP,MOCK_FEED
POS00100320250509,PORT001,INS0004,2025-05-09,1664,40.5675,67504.32,-575.11,GBP,MOCK_FEED
POS00100420250509,PORT001,INS0005,2025-05-09,3606,51.9478,187323.77,-3539.52,INR,MOCK_FEED
POS00100520250509,PORT001,INS0006,2025-05-09,603,28.5698,17227.59,-469.0,EUR,MOCK_FEED
POS00100620250509,PORT001,INS0007,2025-05-09,1257,39.6531,49843.95,1048.79,GBP,MOCK_FEED
POS00100720250509,PORT001,INS0008,2025-05-09,1708,59.1369,101005.83,1055.13,EUR,MOCK_FEED
POS00100820250509,PORT001,INS0009,2025-05-09,2652,28.4407,75424.74,2625.53,INR,MOCK_FEED
POS00100920250509,PORT001,INS0010,2025-05-09,1625,52.3242,85026.82,-1618.47,INR,MOCK_FEED
POS00101020250509,PORT001,INS0011,2025-05-09,2633,24.2384,63819.71,88.5,GBP,MOCK_FEED
POS00100120250510,PORT001,INS0002,2025-05-10,3022,39.3841,119018.75,1799.36,USD,MOCK_FEED
POS00100220250510,PORT001,INS0003,2025-05-10,2563,31.3696,80400.28,2460.22,INR,MOCK_FEED
POS00100320250510,PORT001,INS0004,2025-05-10,159,40.145,6383.06,167.83,GBP,MOCK_FEED
POS00100420250510,PORT001,INS0005,2025-05-10,1853,51.9772,96313.75,2498.36,GBP,MOCK_FEED
POS00100520250510,PORT001,INS0006,2025-05-10,885,28.4612,25188.16,719.59,GBP,MOCK_FEED
POS00100620250510,PORT001,INS0007,2025-05-10,4401,40.2781,177263.92,-3927.58,INR,MOCK_FEED
POS00100720250510,PORT001,INS0008,2025-05-10,1171,59.4331,69596.16,2288.17,USD,MOCK_FEED
POS00100820250510,PORT001,INS0009,2025-05-10,2336,29.0506,67862.2,1213.27,GBP,MOCK_FEED
POS00100920250510,PORT001,INS0010,2025-05-10,4557,51.7831,235975.59,-1062.93,USD,MOCK_FEED
POS00101020250510,PORT001,INS0011,2025-05-10,2531,23.8012,60240.84,-119.77,EUR,MOCK_FEED
POS00100120250511,PORT001,INS0002,2025-05-11,3536,39.1668,138493.8,-2692.37,INR,MOCK_FEED
POS00100220250511,PORT001,INS0003,2025-05-11,783,31.2852,24496.31,85.74,USD,MOCK_FEED
POS00100320250511,PORT001,INS0004,2025-05-11,2008,40.7584,81842.87,-915.48,USD,MOCK_FEED
POS00100420250511,PORT001,INS0005,2025-05-11,3666,51.3274,188166.25,4158.09,INR,MOCK_FEED
POS00100520250511,PORT001,INS0006,2025-05-11,1637,28.2303,46213.0,-540.66,USD,MOCK_FEED
POS00100620250511,PORT001,INS0007,2025-05-11,1947,41.006,79838.68,-2177.44,GBP,MOCK_FEED
POS00100720250511,PORT001,INS0008,2025-05-11,3158,58.095,183464.01,1860.97,GBP,MOCK_FEED
POS00100820250511,PORT001,INS0009,2025-05-11,2566,29.3021,75189.19,1287.66,USD,MOCK_FEED
POS00100920250511,PORT001,INS0010,2025-05-11,3927,52.1752,204892.01,1619.12,EUR,MOCK_FEED
POS00101020250511,PORT001,INS0011,2025-05-11,3712,23.1439,85910.16,-1303.92,GBP,MOCK_FEED
POS00100120250512,PORT001,INS0002,2025-05-12,882,38.7629,34188.88,512.1,USD,MOCK_FEED
POS00100220250512,PORT001,INS0003,2025-05-12,2182,31.1378,67942.68,-1454.54,GBP,MOCK_FEED
POS00100320250512,PORT001,INS0004,2025-05-12,2594,40.9528,106231.56,-461.21,GBP,MOCK_FEED
POS00100420250512,PORT001,INS0005,2025-05-12,401,51.2647,20557.14,-510.42,GBP,MOCK_FEED
POS00100520250512,PORT001,INS0006,2025-05-12,3877,27.6957,107376.23,1381.19,GBP,MOCK_FEED
POS00100620250512,PORT001,INS0007,2025-05-12,3931,41.2572,162182.05,-3012.86,EUR,MOCK_FEED
POS00100720250512,PORT001,INS0008,2025-05-12,3795,56.9227,216021.65,-399.98,USD,MOCK_FEED
POS00100820250512,PORT001,INS0009,2025-05-12,2102,29.0645,61093.58,763.11,INR,MOCK_FEED
POS00100920250512,PORT001,INS0010,2025-05-12,1800,52.5761,94636.98,-1583.28,INR,MOCK_FEED
POS00101020250512,PORT001,INS0011,2025-05-12,2394,23.6529,56625.04,-296.23,INR,MOCK_FEED
POS00100120250513,PORT001,INS0002,2025-05-13,3675,38.764,142457.7,1089.93,USD,MOCK_FEED
POS00100220250513,PORT001,INS0003,2025-05-13,3587,31.5089,113022.42,-411.51,USD,MOCK_FEED
POS00100320250513,PORT001,INS0004,2025-05-13,4876,40.3634,196811.94,1574.07,GBP,MOCK_FEED
POS00100420250513,PORT001,INS0005,2025-05-13,2742,50.5933,138726.83,-760.26,INR,MOCK_FEED
POS00100520250513,PORT001,INS0006,2025-05-13,2276,27.4179,62403.14,1894.58,INR,MOCK_FEED
POS00100620250513,PORT001,INS0007,2025-05-13,3363,41.6256,139986.89,-664.97,EUR,MOCK_FEED
POS00100720250513,PORT001,INS0008,2025-05-13,2435,57.693,140482.45,2147.98,EUR,MOCK_FEED
POS00100820250513,PORT001,INS0009,2025-05-13,2214,29.2676,64798.47,692.98,USD,MOCK_FEED
POS00100920250513,PORT001,INS0010,2025-05-13,1287,52.672,67788.86,604.07,INR,MOCK_FEED
POS00101020250513,PORT001,INS0011,2025-05-13,3489,23.6882,82648.13,-896.35,USD,MOCK_FEED
POS00100120250514,PORT001,INS0002,2025-05-14,4359,38.6047,168277.89,2369.65,GBP,MOCK_FEED
POS00100220250514,PORT001,INS0003,2025-05-14,2464,32.1674,79260.47,-1876.22,INR,MOCK_FEED
POS00100320250514,PORT001,INS0004,2025-05-14,4326,40.3983,174763.05,3432.2,GBP,MOCK_FEED
POS00100420250514,PORT001,INS0005,2025-05-14,1586,50.4765,80055.73,-1125.36,GBP,MOCK_FEED
POS00100520250514,PORT001,INS0006,2025-05-14,2658,27.9859,74386.52,538.58,INR,MOCK_FEED
POS00100620250514,PORT001,INS0007,2025-05-14,4596,41.9715,192901.01,-2859.86,EUR,MOCK_FEED
POS00100720250514,PORT001,INS0008,2025-05-14,3789,58.3422,221058.6,-4183.82,EUR,MOCK_FEED
POS00100820250514,PORT001,INS0009,2025-05-14,177,29.5698,5233.85,-91.19,EUR,MOCK_FEED
POS00100920250514,PORT001,INS0010,2025-05-14,4121,52.1667,214978.97,6877.29,EUR,MOCK_FEED
POS00101020250514,PORT001,INS0011,2025-05-14,4543,23.6019,107223.43,126.08,GBP,MOCK_FEED
POS00100120250515,PORT001,INS0002,2025-05-15,4326,38.5316,166687.7,6552.5,USD,MOCK_FEED
POS00100220250515,PORT001,INS0003,2025-05-15,3208,31.5566,101233.57,1105.82,EUR,MOCK_FEED
POS00100320250515,PORT001,INS0004,2025-05-15,3882,39.8797,154813.0,1573.58,GBP,MOCK_FEED
POS00100420250515,PORT001,INS0005,2025-05-15,3141,49.6871,156067.18,3329.9,GBP,MOCK_FEED
POS00100520250515,PORT001,INS0006,2025-05-15,772,27.3824,21139.21,-527.51,USD,MOCK_FEED
POS00100620250515,PORT001,INS0007,2025-05-15,3631,42.1516,153052.46,-158.54,INR,MOCK_FEED
POS00100720250515,PORT001,INS0008,2025-05-15,3287,57.7447,189806.83,-2303.85,EUR,MOCK_FEED
POS00100820250515,PORT001,INS0009,2025-05-15,3986,29.2402,116551.44,1107.94,GBP,MOCK_FEED
POS00100920250515,PORT001,INS0010,2025-05-15,2440,52.2908,127589.55,60.81,GBP,MOCK_FEED
POS00101020250515,PORT001,INS0011,2025-05-15,3801,23.8571,90680.84,1920.35,GBP,MOCK_FEED
POS00100120250516,PORT001,INS0002,2025-05-16,2282,37.9619,86629.06,-1090.26,EUR,MOCK_FEED
POS00100220250516,PORT001,INS0003,2025-05-16,1109,31.4188,34843.45,517.35,USD,MOCK_FEED
POS00100320250516,PORT001,INS0004,2025-05-16,2173,40.1133,87166.2,3060.81,EUR,MOCK_FEED
POS00100420250516,PORT001,INS0005,2025-05-16,1358,49.2156,66834.78,-456.95,EUR,MOCK_FEED
POS00100520250516,PORT001,INS0006,2025-05-16,3339,27.3053,91172.4,2356.58,USD,MOCK_FEED
POS00100620250516,PORT001,INS0007,2025-05-16,2777,42.2983,117462.38,-1531.7,USD,MOCK_FEED
POS00100720250516,PORT001,INS0008,2025-05-16,2800,57.4819,160949.32,-3472.87,USD,MOCK_FEED
POS00100820250516,PORT001,INS0009,2025-05-16,1744,29.7145,51822.09,1886.22,EUR,MOCK_FEED
POS00100920250516,PORT001,INS0010,2025-05-16,4488,51.9387,233100.89,-5660.32,GBP,MOCK_FEED
POS00101020250516,PORT001,INS0011,2025-05-16,805,23.6205,19014.5,134.8,EUR,MOCK_FEED
POS00100120250517,PORT001,INS0002,2025-05-17,2995,38.3339,114810.03,3052.42,GBP,MOCK_FEED
POS00100220250517,PORT001,INS0003,2025-05-17,1602,30.7478,49257.98,-459.55,INR,MOCK_FEED
POS00100320250517,PORT001,INS0004,2025-05-17,937,39.8732,37361.19,593.57,INR,MOCK_FEED
POS00100420250517,PORT001,INS0005,2025-05-17,1074,50.7277,54481.55,-490.05,EUR,MOCK_FEED
POS00100520250517,PORT001,INS0006,2025-05-17,4733,27.3157,129285.21,-1045.81,EUR,MOCK_FEED
POS00100620250517,PORT001,INS0007,2025-05-17,4520,42.1738,190625.58,-1468.15,EUR,MOCK_FEED
POS00100720250517,PORT001,INS0008,2025-05-17,3277,58.1371,190515.28,-1384.12,GBP,MOCK_FEED
POS00100820250517,PORT001,INS0009,2025-05-17,4725,29.6587,140137.36,1570.55,USD,MOCK_FEED
POS00100920250517,PORT001,INS0010,2025-05-17,2079,52.0937,108302.8,1479.03,USD,MOCK_FEED
POS00101020250517,PORT001,INS0011,2025-05-17,2489,23.6805,58940.76,-555.2,INR,MOCK_FEED
POS00100120250518,PORT001,INS0002,2025-05-18,4571,38.2646,174907.49,-859.09,EUR,MOCK_FEED
POS00100220250518,PORT001,INS0003,2025-05-18,1270,31.0556,39440.61,-127.13,USD,MOCK_FEED
POS00100320250518,PORT001,INS0004,2025-05-18,3978,39.6859,157870.51,-3226.3,INR,MOCK_FEED
POS00100420250518,PORT001,INS0005,2025-05-18,4275,49.8248,213001.02,-1782.62,USD,MOCK_FEED
POS00100520250518,PORT001,INS0006,2025-05-18,2598,26.8265,69695.25,-689.23,EUR,MOCK_FEED
POS00100620250518,PORT001,INS0007,2025-05-18,3385,42.1196,142574.85,5214.05,EUR,MOCK_FEED
POS00100720250518,PORT001,INS0008,2025-05-18,1583,58.3662,92393.69,-1550.8,USD,MOCK_FEED
POS00100820250518,PORT001,INS0009,2025-05-18,1426,30.2345,43114.4,509.4,INR,MOCK_FEED
POS00100920250518,PORT001,INS0010,2025-05-18,4531,52.4767,237771.93,3286.94,INR,MOCK_FEED
POS00101020250518,PORT001,INS0011,2025-05-18,1035,24.147,24992.14,-445.1,GBP,MOCK_FEED
POS00100120250519,PORT001,INS0002,2025-05-19,3753,38.8229,145702.34,-1454.12,EUR,MOCK_FEED
POS00100220250519,PORT001,INS0003,2025-05-19,1154,30.6072,35320.71,1245.11,INR,MOCK_FEED
POS00100320250519,PORT001,INS0004,2025-05-19,4855,39.128,189966.44,3766.09,USD,MOCK_FEED
POS00100420250519,PORT001,INS0005,2025-05-19,4038,50.3359,203256.36,2160.17,GBP,MOCK_FEED
POS00100520250519,PORT001,INS0006,2025-05-19,802,26.6124,21343.14,-128.53,USD,MOCK_FEED
POS00100620250519,PORT001,INS0007,2025-05-19,4297,42.2484,181541.37,-1015.87,INR,MOCK_FEED
POS00100720250519,PORT001,INS0008,2025-05-19,1604,58.669,94105.08,603.95,INR,MOCK_FEED
POS00100820250519,PORT001,INS0009,2025-05-19,338,30.3317,10252.11,407.72,INR,MOCK_FEED
POS00100920250519,PORT001,INS0010,2025-05-19,852,52.5141,44742.01,706.57,USD,MOCK_FEED
POS00101020250519,PORT001,INS0011,2025-05-19,4109,23.4096,96190.05,-813.65,INR,MOCK_FEED
POS00100120250520,PORT001,INS0002,2025-05-20,3272,38.578,126227.22,-1602.57,GBP,MOCK_FEED
POS00100220250520,PORT001,INS0003,2025-05-20,4880,30.6127,149389.98,-1359.2,EUR,MOCK_FEED
POS00100320250520,PORT001,INS0004,2025-05-20,4603,38.8691,178914.47,-4667.08,USD,MOCK_FEED
POS00100420250520,PORT001,INS0005,2025-05-20,3236,50.5435,163558.77,-1359.59,EUR,MOCK_FEED
POS00100520250520,PORT001,INS0006,2025-05-20,2559,26.3518,67434.26,321.15,INR,MOCK_FEED
POS00100620250520,PORT001,INS0007,2025-05-20,3474,41.9631,145779.81,3339.97,INR,MOCK_FEED
POS00100720250520,PORT001,INS0008,2025-05-20,861,59.2822,51041.97,464.16,INR,MOCK_FEED
POS00100820250520,PORT001,INS0009,2025-05-20,1379,30.4967,42054.95,921.14,INR,MOCK_FEED
POS00100920250520,PORT001,INS0010,2025-05-20,813,53.5848,43564.44,326.72,INR,MOCK_FEED
POS00101020250520,PORT001,INS0011,2025-05-20,2427,23.3349,56633.8,-911.57,USD,MOCK_FEED
POS00100120250521,PORT001,INS0002,2025-05-21,291,38.4101,11177.34,-66.16,EUR,MOCK_FEED
POS00100220250521,PORT001,INS0003,2025-05-21,1940,30.9869,60114.59,-954.7,INR,MOCK_FEED
POS00100320250521,PORT001,INS0004,2025-05-21,2988,38.14,113962.32,1344.62,USD,MOCK_FEED
POS00100420250521,PORT001,INS0005,2025-05-21,2909,50.8775,148002.65,-215.69,EUR,MOCK_FEED
POS00100520250521,PORT001,INS0006,2025-05-21,4911,27.0159,132675.08,4060.86,INR,MOCK_FEED
POS00100620250521,PORT001,INS0007,2025-05-21,1759,41.8707,73650.56,2412.74,EUR,MOCK_FEED
POS00100720250521,PORT001,INS0008,2025-05-21,1438,58.2693,83791.25,2044.92,GBP,MOCK_FEED
POS00100820250521,PORT001,INS0009,2025-05-21,1206,30.1601,36373.08,82.72,GBP,MOCK_FEED
POS00100920250521,PORT001,INS0010,2025-05-21,3253,53.466,173924.9,-1342.39,INR,MOCK_FEED
POS00101020250521,PORT001,INS0011,2025-05-21,3369,23.4176,78893.89,-959.89,GBP,MOCK_FEED
POS00100120250522,PORT001,INS0002,2025-05-22,1691,38.546,65181.29,1247.9,EUR,MOCK_FEED
POS00100220250522,PORT001,INS0003,2025-05-22,2188,30.7327,67243.15,-289.67,GBP,MOCK_FEED
POS00100320250522,PORT001,INS0004,2025-05-22,4878,38.1378,186036.19,-3849.85,EUR,MOCK_FEED
POS00100420250522,PORT001,INS0005,2025-05-22,3378,51.6524,174481.81,-2042.3,USD,MOCK_FEED
POS00100520250522,PORT001,INS0006,2025-05-22,3076,26.4946,81497.39,1500.06,USD,MOCK_FEED
POS00100620250522,PORT001,INS0007,2025-05-22,1988,41.5654,82632.02,46.27,GBP,MOCK_FEED
POS00100720250522,PORT001,INS0008,2025-05-22,2206,58.5361,129130.64,-2739.45,USD,MOCK_FEED
POS00100820250522,PORT001,INS0009,2025-05-22,4098,30.1877,123709.19,2393.82,USD,MOCK_FEED
POS00100920250522,PORT001,INS0010,2025-05-22,2400,54.3125,130350.0,4220.98,INR,MOCK_FEED
POS00101020250522,PORT001,INS0011,2025-05-22,1595,23.2738,37121.71,1237.68,EUR,MOCK_FEED
POS00100120250523,PORT001,INS0002,2025-05-23,1621,38.4378,62307.67,290.1,INR,MOCK_FEED
POS00100220250523,PORT001,INS0003,2025-05-23,3958,30.6861,121455.58,1214.29,USD,MOCK_FEED
POS00100320250523,PORT001,INS0004,2025-05-23,1511,38.3834,57997.32,920.93,EUR,MOCK_FEED
POS00100420250523,PORT001,INS0005,2025-05-23,1945,51.4321,100035.43,-2269.66,INR,MOCK_FEED
POS00100520250523,PORT001,INS0006,2025-05-23,3875,26.5811,103001.76,1669.52,INR,MOCK_FEED
POS00100620250523,PORT001,INS0007,2025-05-23,4692,42.5015,199417.04,1797.0,USD,MOCK_FEED
POS00100720250523,PORT001,INS0008,2025-05-23,2888,58.5866,169198.1,5385.51,USD,MOCK_FEED
POS00100820250523,PORT001,INS0009,2025-05-23,4458,29.4987,131505.2,-295.86,EUR,MOCK_FEED
POS00100920250523,PORT001,INS0010,2025-05-23,4432,53.449,236885.97,-1188.28,GBP,MOCK_FEED
POS00101020250523,PORT001,INS0011,2025-05-23,624,23.0918,14409.28,287.02,INR,MOCK_FEED
POS00100120250524,PORT001,INS0002,2025-05-24,4927,38.6475,190416.23,2129.25,USD,MOCK_FEED
POS00100220250524,PORT001,INS0003,2025-05-24,3435,31.6343,108663.82,161.37,INR,MOCK_FEED
POS00100320250524,PORT001,INS0004,2025-05-24,3115,38.0898,118649.73,2109.31,INR,MOCK_FEED
POS00100420250524,PORT001,INS0005,2025-05-24,3728,50.8894,189715.68,-5324.41,EUR,MOCK_FEED
POS00100520250524,PORT001,INS0006,2025-05-24,4607,26.689,122956.22,-3205.12,EUR,MOCK_FEED
POS00100620250524,PORT001,INS0007,2025-05-24,467,41.0944,19191.08,-448.83,EUR,MOCK_FEED
POS00100720250524,PORT001,INS0008,2025-05-24,2929,58.8927,172496.72,5705.75,GBP,MOCK_FEED
POS00100820250524,PORT001,INS0009,2025-05-24,2945,29.5593,87052.14,863.46,GBP,MOCK_FEED
POS00100920250524,PORT001,INS0010,2025-05-24,4077,52.6332,214585.56,6972.42,EUR,MOCK_FEED
POS00101020250524,PORT001,INS0011,2025-05-24,3601,23.2534,83735.49,-1456.1,GBP,MOCK_FEED
POS00100120250525,PORT001,INS0002,2025-05-25,3175,38.2485,121438.99,1819.0,INR,MOCK_FEED
POS00100220250525,PORT001,INS0003,2025-05-25,1397,31.6946,44277.36,-1121.67,GBP,MOCK_FEED
POS00100320250525,PORT001,INS0004,2025-05-25,3320,38.1715,126729.38,284.19,USD,MOCK_FEED
POS00100420250525,PORT001,INS0005,2025-05-25,3175,49.9887,158714.12,5538.78,USD,MOCK_FEED
POS00100520250525,PORT001,INS0006,2025-05-25,2853,26.7096,76202.49,2249.3,GBP,MOCK_FEED
POS00100620250525,PORT001,INS0007,2025-05-25,915,40.2797,36855.93,-792.06,GBP,MOCK_FEED
POS00100720250525,PORT001,INS0008,2025-05-25,817,59.767,48829.64,-798.93,USD,MOCK_FEED
POS00100820250525,PORT001,INS0009,2025-05-25,827,29.5851,24466.88,800.05,USD,MOCK_FEED
POS00100920250525,PORT001,INS0010,2025-05-25,2423,52.7954,127923.25,-214.61,GBP,MOCK_FEED
POS00101020250525,PORT001,INS0011,2025-05-25,4697,23.5956,110828.53,-3089.65,INR,MOCK_FEED
POS00100120250526,PORT001,INS0002,2025-05-26,2886,37.1426,107193.54,176.03,USD,MOCK_FEED
POS00100220250526,PORT001,INS0003,2025-05-26,1082,32.304,34952.93,88.03,INR,MOCK_FEED
POS00100320250526,PORT001,INS0004,2025-05-26,2743,38.3099,105084.06,677.84,EUR,MOCK_FEED
POS00100420250526,PORT001,INS0005,2025-05-26,715,49.6368,35490.31,-145.43,INR,MOCK_FEED
POS00100520250526,PORT001,INS0006,2025-05-26,1688,26.4482,44644.56,1669.15,USD,MOCK_FEED
POS00100620250526,PORT001,INS0007,2025-05-26,405,39.3537,15938.25,-8.82,USD,MOCK_FEED
POS00100720250526,PORT001,INS0008,2025-05-26,4367,59.2888,258914.19,6401.67,EUR,MOCK_FEED
POS00100820250526,PORT001,INS0009,2025-05-26,3738,29.4201,109972.33,-1351.61,GBP,MOCK_FEED
POS00100920250526,PORT001,INS0010,2025-05-26,1927,52.5766,101315.11,3549.27,INR,MOCK_FEED
POS00101020250526,PORT001,INS0011,2025-05-26,2234,23.4884,52473.09,2078.98,USD,MOCK_FEED
POS00100120250527,PORT001,INS0002,2025-05-27,3779,37.2108,140619.61,-208.75,GBP,MOCK_FEED
POS00100220250527,PORT001,INS0003,2025-05-27,2831,32.7043,92585.87,638.47,EUR,MOCK_FEED
POS00100320250527,PORT001,INS0004,2025-05-27,2583,38.5777,99646.2,1319.55,EUR,MOCK_FEED
POS00100420250527,PORT001,INS0005,2025-05-27,4656,50.602,235602.91,-6584.39,INR,MOCK_FEED
POS00100520250527,PORT001,INS0006,2025-05-27,2534,26.6559,67546.05,1826.5,EUR,MOCK_FEED
POS00100620250527,PORT001,INS0007,2025-05-27,4120,39.3719,162212.23,177.84,USD,MOCK_FEED
POS00100720250527,PORT001,INS0008,2025-05-27,831,58.9763,49009.31,-896.54,INR,MOCK_FEED
POS00100820250527,PORT001,INS0009,2025-05-27,3219,29.3123,94356.29,2081.55,GBP,MOCK_FEED
POS00100920250527,PORT001,INS0010,2025-05-27,3606,53.2356,191967.57,-941.78,EUR,MOCK_FEED
POS00101020250527,PORT001,INS0011,2025-05-27,4383,23.3674,102419.31,2157.07,INR,MOCK_FEED
POS00100120250528,PORT001,INS0002,2025-05-28,4907,36.0884,177085.78,-3321.86,INR,MOCK_FEED
POS00100220250528,PORT001,INS0003,2025-05-28,228,32.9206,7505.9,54.78,USD,MOCK_FEED
POS00100320250528,PORT001,INS0004,2025-05-28,1958,38.6569,75690.21,-1388.8,INR,MOCK_FEED
POS00100420250528,PORT001,INS0005,2025-05-28,4173,50.0866,209011.38,321.73,EUR,MOCK_FEED
POS00100520250528,PORT001,INS0006,2025-05-28,986,26.6041,26231.64,-3.95,INR,MOCK_FEED
POS00100620250528,PORT001,INS0007,2025-05-28,420,38.749,16274.58,495.43,INR,MOCK_FEED
POS00100720250528,PORT001,INS0008,2025-05-28,2296,59.4684,136539.45,-55.19,INR,MOCK_FEED
POS00100820250528,PORT001,INS0009,2025-05-28,4356,29.4649,128349.1,3914.99,INR,MOCK_FEED
POS00100920250528,PORT001,INS0010,2025-05-28,1864,53.1829,99132.93,502.76,EUR,MOCK_FEED
POS00101020250528,PORT001,INS0011,2025-05-28,227,23.3045,5290.12,32.16,USD,MOCK_FEED
POS00100120250529,PORT001,INS0002,2025-05-29,2049,36.789,75380.66,1998.37,GBP,MOCK_FEED
POS00100220250529,PORT001,INS0003,2025-05-29,2298,33.7386,77531.3,253.74,INR,MOCK_FEED
POS00100320250529,PORT001,INS0004,2025-05-29,1356,38.5673,52297.26,1569.2,INR,MOCK_FEED
POS00100420250529,PORT001,INS0005,2025-05-29,3786,50.5126,191240.7,-3493.56,INR,MOCK_FEED
POS00100520250529,PORT001,INS0006,2025-05-29,2684,26.5531,71268.52,-771.25,GBP,MOCK_FEED
POS00100620250529,PORT001,INS0007,2025-05-29,4665,38.9731,181809.51,3676.31,INR,MOCK_FEED
POS00100720250529,PORT001,INS0008,2025-05-29,1293,59.3003,76675.29,-1824.98,USD,MOCK_FEED
POS00100820250529,PORT001,INS0009,2025-05-29,1694,28.6383,48513.28,-1289.48,GBP,MOCK_FEED
POS00100920250529,PORT001,INS0010,2025-05-29,2275,53.085,120768.38,-1412.45,INR,MOCK_FEED
POS00101020250529,PORT001,INS0011,2025-05-29,794,23.0249,18281.77,382.89,EUR,MOCK_FEED
POS00100120250530,PORT001,INS0002,2025-05-30,3671,36.2718,133153.78,5168.6,EUR,MOCK_FEED
POS00100220250530,PORT001,INS0003,2025-05-30,3785,34.2541,129651.77,1150.92,USD,MOCK_FEED
POS00100320250530,PORT001,INS0004,2025-05-30,735,39.3945,28954.96,-356.92,EUR,MOCK_FEED
POS00100420250530,PORT001,INS0005,2025-05-30,2751,50.9134,140062.76,3867.67,EUR,MOCK_FEED
POS00100520250530,PORT001,INS0006,2025-05-30,2216,26.7718,59326.31,-1407.65,GBP,MOCK_FEED
POS00100620250530,PORT001,INS0007,2025-05-30,3893,38.823,151137.94,3038.31,USD,MOCK_FEED
POS00100720250530,PORT001,INS0008,2025-05-30,4850,59.9319,290669.71,4663.98,EUR,MOCK_FEED
POS00100820250530,PORT001,INS0009,2025-05-30,3529,28.5706,100825.65,-1919.78,USD,MOCK_FEED
POS00100920250530,PORT001,INS0010,2025-05-30,2965,54.1823,160650.52,1983.05,EUR,MOCK_FEED
POS00101020250530,PORT001,INS0011,2025-05-30,155,23.0911,3579.12,-69.44,EUR,MOCK_FEED
POS00100120250531,PORT001,INS0002,2025-05-31,1020,36.2653,36990.61,280.29,USD,MOCK_FEED
POS00100220250531,PORT001,INS0003,2025-05-31,491,33.786,16588.93,-438.66,GBP,MOCK_FEED
POS00100320250531,PORT001,INS0004,2025-05-31,2043,39.3858,80465.19,-1204.88,INR,MOCK_FEED
POS00100420250531,PORT001,INS0005,2025-05-31,2902,50.5867,146802.6,761.7,INR,MOCK_FEED
POS00100520250531,PORT001,INS0006,2025-05-31,4393,26.7655,117580.84,-790.97,INR,MOCK_FEED
POS00100620250531,PORT001,INS0007,2025-05-31,736,38.6308,28432.27,-149.22,USD,MOCK_FEED
POS00100720250531,PORT001,INS0008,2025-05-31,4739,59.9378,284045.23,5702.84,GBP,MOCK_FEED
POS00100820250531,PORT001,INS0009,2025-05-31,3487,29.0033,101134.51,868.15,USD,MOCK_FEED
POS00100920250531,PORT001,INS0010,2025-05-31,645,53.8699,34746.09,1389.65,GBP,MOCK_FEED
POS00101020250531,PORT001,INS0011,2025-05-31,1057,22.7449,24041.36,816.44,EUR,MOCK_FEED
POS00100120250601,PORT001,INS0002,2025-06-01,2296,36.7067,84278.58,2495.95,GBP,MOCK_FEED
POS00100220250601,PORT001,INS0003,2025-06-01,3691,33.7746,124662.05,2039.14,EUR,MOCK_FEED
POS00100320250601,PORT001,INS0004,2025-06-01,3104,39.3961,122285.49,3002.34,EUR,MOCK_FEED
POS00100420250601,PORT001,INS0005,2025-06-01,3570,50.6424,180793.37,4731.46,INR,MOCK_FEED
POS00100520250601,PORT001,INS0006,2025-06-01,118,27.5649,3252.66,20.38,USD,MOCK_FEED
POS00100620250601,PORT001,INS0007,2025-06-01,2461,38.2739,94192.07,2947.73,EUR,MOCK_FEED
POS00100720250601,PORT001,INS0008,2025-06-01,164,59.3456,9732.68,-143.92,EUR,MOCK_FEED
POS00100820250601,PORT001,INS0009,2025-06-01,780,29.1091,22705.1,805.84,GBP,MOCK_FEED
POS00100920250601,PORT001,INS0010,2025-06-01,1675,54.2464,90862.72,-196.62,GBP,MOCK_FEED
POS00101020250601,PORT001,INS0011,2025-06-01,4483,22.6366,101479.88,2431.3,EUR,MOCK_FEED
POS00100120250602,PORT001,INS0002,2025-06-02,3935,36.8622,145052.76,4253.38,EUR,MOCK_FEED
POS00100220250602,PORT001,INS0003,2025-06-02,2868,33.9518,97373.76,2121.05,USD,MOCK_FEED
POS00100320250602,PORT001,INS0004,2025-06-02,2410,38.8954,93737.91,2029.74,USD,MOCK_FEED
POS00100420250602,PORT001,INS0005,2025-06-02,3860,51.0709,197133.67,-1197.99,USD,MOCK_FEED
POS00100520250602,PORT001,INS0006,2025-06-02,1540,27.5505,42427.77,495.71,GBP,MOCK_FEED
POS00100620250602,PORT001,INS0007,2025-06-02,857,38.7008,33166.59,635.14,USD,MOCK_FEED
POS00100720250602,PORT001,INS0008,2025-06-02,2401,59.5268,142923.85,3295.31,INR,MOCK_FEED
POS00100820250602,PORT001,INS0009,2025-06-02,2467,29.3016,72287.05,-1089.21,USD,MOCK_FEED
POS00100920250602,PORT001,INS0010,2025-06-02,797,54.0024,43039.91,-688.68,EUR,MOCK_FEED
POS00101020250602,PORT001,INS0011,2025-06-02,2455,22.6177,55526.45,1782.23,USD,MOCK_FEED
POS00100120250603,PORT001,INS0002,2025-06-03,2469,36.4433,89978.51,2291.79,EUR,MOCK_FEED
POS00100220250603,PORT001,INS0003,2025-06-03,1067,33.8891,36159.67,-243.67,GBP,MOCK_FEED
POS00100320250603,PORT001,INS0004,2025-06-03,1184,39.9186,47263.62,-293.37,USD,MOCK_FEED
POS00100420250603,PORT001,INS0005,2025-06-03,945,51.5334,48699.06,1894.29,GBP,MOCK_FEED
POS00100520250603,PORT001,INS0006,2025-06-03,637,27.5206,17530.62,-477.59,INR,MOCK_FEED
POS00100620250603,PORT001,INS0007,2025-06-03,1872,38.4483,71975.22,1425.91,GBP,MOCK_FEED
POS00100720250603,PORT001,INS0008,2025-06-03,3186,58.9617,187851.98,-4380.44,INR,MOCK_FEED
POS00100820250603,PORT001,INS0009,2025-06-03,847,29.3243,24837.68,177.15,USD,MOCK_FEED
POS00100920250603,PORT001,INS0010,2025-06-03,3752,54.1771,203272.48,-3910.28,USD,MOCK_FEED
POS00101020250603,PORT001,INS0011,2025-06-03,124,22.8198,2829.66,77.88,USD,MOCK_FEED
POS00100120250604,PORT001,INS0002,2025-06-04,3059,36.3539,111206.58,2514.27,INR,MOCK_FEED
POS00100220250604,PORT001,INS0003,2025-06-04,2548,32.9766,84024.38,-884.23,EUR,MOCK_FEED
POS00100320250604,PORT001,INS0004,2025-06-04,820,39.3821,32293.32,413.09,GBP,MOCK_FEED
POS00100420250604,PORT001,INS0005,2025-06-04,3179,52.2027,165952.38,2734.66,INR,MOCK_FEED
POS00100520250604,PORT001,INS0006,2025-06-04,1017,27.3597,27824.81,-165.23,GBP,MOCK_FEED
POS00100620250604,PORT001,INS0007,2025-06-04,120,39.5601,4747.21,-55.28,EUR,MOCK_FEED
POS00100720250604,PORT001,INS0008,2025-06-04,3714,58.1129,215831.31,4465.49,GBP,MOCK_FEED
POS00100820250604,PORT001,INS0009,2025-06-04,1633,29.3749,47969.21,-811.97,USD,MOCK_FEED
POS00100920250604,PORT001,INS0010,2025-06-04,2202,54.3261,119626.07,-2162.87,EUR,MOCK_FEED
POS00101020250604,PORT001,INS0011,2025-06-04,228,22.4985,5129.66,-81.24,GBP,MOCK_FEED
POS00100120250605,PORT001,INS0002,2025-06-05,1173,36.0435,42279.03,-446.69,GBP,MOCK_FEED
POS00100220250605,PORT001,INS0003,2025-06-05,633,33.5139,21214.3,-342.92,INR,MOCK_FEED
POS00100320250605,PORT001,INS0004,2025-06-05,4573,39.7517,181784.52,-2939.6,USD,MOCK_FEED
POS00100420250605,PORT001,INS0005,2025-06-05,1923,51.6535,99329.68,2716.74,INR,MOCK_FEED
POS00100520250605,PORT001,INS0006,2025-06-05,4949,27.5161,136177.18,-3255.29,USD,MOCK_FEED
POS00100620250605,PORT001,INS0007,2025-06-05,1796,39.6756,71257.38,-1786.73,EUR,MOCK_FEED
POS00100720250605,PORT001,INS0008,2025-06-05,2308,57.7356,133253.76,-1940.51,INR,MOCK_FEED
POS00100820250605,PORT001,INS0009,2025-06-05,1068,29.323,31316.96,470.49,EUR,MOCK_FEED
POS00100920250605,PORT001,INS0010,2025-06-05,285,54.999,15674.72,331.89,INR,MOCK_FEED
POS00101020250605,PORT001,INS0011,2025-06-05,614,22.7534,13970.59,23.23,EUR,MOCK_FEED
POS00100120250606,PORT001,INS0002,2025-06-06,2027,35.4791,71916.14,-780.73,USD,MOCK_FEED
POS00100220250606,PORT001,INS0003,2025-06-06,922,33.0063,30431.81,962.24,INR,MOCK_FEED
POS00100320250606,PORT001,INS0004,2025-06-06,2234,39.7191,88732.47,2372.84,USD,MOCK_FEED
POS00100420250606,PORT001,INS0005,2025-06-06,3909,51.755,202310.3,-80.73,USD,MOCK_FEED
POS00100520250606,PORT001,INS0006,2025-06-06,846,27.2347,23040.56,659.18,USD,MOCK_FEED
POS00100620250606,PORT001,INS0007,2025-06-06,3780,39.4157,148991.35,-3758.14,GBP,MOCK_FEED
POS00100720250606,PORT001,INS0008,2025-06-06,2193,58.5965,128502.12,-1961.6,USD,MOCK_FEED
POS00100820250606,PORT001,INS0009,2025-06-06,1673,29.414,49209.62,-802.52,USD,MOCK_FEED
POS00100920250606,PORT001,INS0010,2025-06-06,3695,54.8502,202671.49,-4442.15,INR,MOCK_FEED
POS00101020250606,PORT001,INS0011,2025-06-06,2950,22.3466,65922.47,1786.19,USD,MOCK_FEED
POS00100120250607,PORT001,INS0002,2025-06-07,3866,35.9131,138840.04,2056.43,EUR,MOCK_FEED
POS00100220250607,PORT001,INS0003,2025-06-07,3841,32.6509,125412.11,3051.82,GBP,MOCK_FEED
POS00100320250607,PORT001,INS0004,2025-06-07,2272,39.686,90166.59,-2392.67,GBP,MOCK_FEED
POS00100420250607,PORT001,INS0005,2025-06-07,3807,51.3418,195458.23,4998.63,EUR,MOCK_FEED
POS00100520250607,PORT001,INS0006,2025-06-07,3092,26.9163,83225.2,1485.47,GBP,MOCK_FEED
POS00100620250607,PORT001,INS0007,2025-06-07,3398,39.4939,134200.27,-1385.03,EUR,MOCK_FEED
POS00100720250607,PORT001,INS0008,2025-06-07,4848,57.1568,277096.17,-5204.78,USD,MOCK_FEED
POS00100820250607,PORT001,INS0009,2025-06-07,4559,28.896,131736.86,-922.19,INR,MOCK_FEED
POS00100920250607,PORT001,INS0010,2025-06-07,4235,55.5618,235304.22,1302.27,INR,MOCK_FEED
POS00101020250607,PORT001,INS0011,2025-06-07,1163,22.2835,25915.71,-480.6,GBP,MOCK_FEED
POS00100120250608,PORT001,INS0002,2025-06-08,4520,35.673,161241.96,2414.44,USD,MOCK_FEED
POS00100220250608,PORT001,INS0003,2025-06-08,1296,32.6495,42313.75,-617.73,GBP,MOCK_FEED
POS00100320250608,PORT001,INS0004,2025-06-08,4728,39.6546,187486.95,5318.07,USD,MOCK_FEED
POS00100420250608,PORT001,INS0005,2025-06-08,565,50.0712,28290.23,197.37,INR,MOCK_FEED
POS00100520250608,PORT001,INS0006,2025-06-08,3229,26.6265,85976.97,-2534.93,EUR,MOCK_FEED
POS00100620250608,PORT001,INS0007,2025-06-08,2521,39.6687,100004.79,2101.86,GBP,MOCK_FEED
POS00100720250608,PORT001,INS0008,2025-06-08,2682,56.6844,152027.56,2533.5,INR,MOCK_FEED
POS00100820250608,PORT001,INS0009,2025-06-08,1546,29.6832,45890.23,-1241.14,EUR,MOCK_FEED
POS00100920250608,PORT001,INS0010,2025-06-08,313,55.05,17230.65,130.68,USD,MOCK_FEED
POS00101020250608,PORT001,INS0011,2025-06-08,1695,22.6631,38413.95,-881.31,INR,MOCK_FEED
POS00100120250609,PORT001,INS0002,2025-06-09,4479,35.597,159438.96,4807.63,GBP,MOCK_FEED
POS00100220250609,PORT001,INS0003,2025-06-09,3312,32.4385,107436.31,-313.71,INR,MOCK_FEED
POS00100320250609,PORT001,INS0004,2025-06-09,3965,39.2879,155776.52,4075.07,USD,MOCK_FEED
POS00100420250609,PORT001,INS0005,2025-06-09,1752,49.8143,87274.65,-2507.29,USD,MOCK_FEED
POS00100520250609,PORT001,INS0006,2025-06-09,791,26.6371,21069.95,131.69,USD,MOCK_FEED
POS00100620250609,PORT001,INS0007,2025-06-09,2155,40.1801,86588.12,1114.4,INR,MOCK_FEED
POS00100720250609,PORT001,INS0008,2025-06-09,196,56.4438,11062.98,40.15,EUR,MOCK_FEED
POS00100820250609,PORT001,INS0009,2025-06-09,4112,29.9854,123299.96,2190.82,USD,MOCK_FEED
POS00100920250609,PORT001,INS0010,2025-06-09,4221,55.3037,233436.92,2490.27,INR,MOCK_FEED
POS00101020250609,PORT001,INS0011,2025-06-09,2051,22.9581,47087.06,197.52,INR,MOCK_FEED
POS00100120250610,PORT001,INS0002,2025-06-10,1156,35.7207,41293.13,-203.81,INR,MOCK_FEED
POS00100220250610,PORT001,INS0003,2025-06-10,1028,31.8306,32721.86,30.47,USD,MOCK_FEED
POS00100320250610,PORT001,INS0004,2025-06-10,3520,38.031,133869.12,-3283.18,EUR,MOCK_FEED
POS00100420250610,PORT001,INS0005,2025-06-10,223,48.8579,10895.31,41.86,INR,MOCK_FEED
POS00100520250610,PORT001,INS0006,2025-06-10,195,26.85,5235.75,2.82,EUR,MOCK_FEED
POS00100620250610,PORT001,INS0007,2025-06-10,2866,39.7168,113828.35,-1532.14,EUR,MOCK_FEED
POS00100720250610,PORT001,INS0008,2025-06-10,430,56.3947,24249.72,20.86,GBP,MOCK_FEED
POS00100820250610,PORT001,INS0009,2025-06-10,1889,29.9776,56627.69,2084.95,EUR,MOCK_FEED
POS00100920250610,PORT001,INS0010,2025-06-10,2786,55.552,154767.87,-917.32,USD,MOCK_FEED
POS00101020250610,PORT001,INS0011,2025-06-10,4981,22.9713,114420.05,1515.8,EUR,MOCK_FEED
POS00100120250611,PORT001,INS0002,2025-06-11,3232,36.2839,117269.56,2051.17,GBP,MOCK_FEED
POS00100220250611,PORT001,INS0003,2025-06-11,179,31.896,5709.38,135.31,USD,MOCK_FEED
POS00100320250611,PORT001,INS0004,2025-06-11,1373,37.7514,51832.67,1883.18,GBP,MOCK_FEED
POS00100420250611,PORT001,INS0005,2025-06-11,2019,49.5653,100072.34,527.97,USD,MOCK_FEED
POS00100520250611,PORT001,INS0006,2025-06-11,622,26.618,16556.4,180.07,GBP,MOCK_FEED
POS00100620250611,PORT001,INS0007,2025-06-11,4131,40.4601,167140.67,5572.79,USD,MOCK_FEED
POS00100720250611,PORT001,INS0008,2025-06-11,381,57.2409,21808.78,665.26,USD,MOCK_FEED
POS00100820250611,PORT001,INS0009,2025-06-11,4239,30.2811,128361.58,460.61,GBP,MOCK_FEED
POS00100920250611,PORT001,INS0010,2025-06-11,1263,56.4231,71262.38,1591.8,USD,MOCK_FEED
POS00101020250611,PORT001,INS0011,2025-06-11,2744,22.9578,62996.2,1252.11,USD,MOCK_FEED
POS00100120250612,PORT001,INS0002,2025-06-12,1178,36.0078,42417.19,305.02,USD,MOCK_FEED
POS00100220250612,PORT001,INS0003,2025-06-12,4849,31.7086,153755.0,3172.15,INR,MOCK_FEED
POS00100320250612,PORT001,INS0004,2025-06-12,3339,38.0958,127201.88,720.51,USD,MOCK_FEED
POS00100420250612,PORT001,INS0005,2025-06-12,3138,50.3144,157886.59,4540.02,GBP,MOCK_FEED
POS00100520250612,PORT001,INS0006,2025-06-12,4254,26.4614,112566.8,-2644.83,INR,MOCK_FEED
POS00100620250612,PORT001,INS0007,2025-06-12,1222,40.7642,49813.85,-1028.54,GBP,MOCK_FEED
POS00100720250612,PORT001,INS0008,2025-06-12,3593,57.4106,206276.29,-339.18,INR,MOCK_FEED
POS00100820250612,PORT001,INS0009,2025-06-12,2571,29.9152,76911.98,2923.07,USD,MOCK_FEED
POS00100920250612,PORT001,INS0010,2025-06-12,3005,56.5499,169932.45,-4752.58,GBP,MOCK_FEED
POS00101020250612,PORT001,INS0011,2025-06-12,4142,23.1451,95867.0,-1517.93,GBP,MOCK_FEED
POS00100120250613,PORT001,INS0002,2025-06-13,4607,36.024,165962.57,3969.78,USD,MOCK_FEED
POS00100220250613,PORT001,INS0003,2025-06-13,1570,31.4927,49443.54,300.73,USD,MOCK_FEED
POS00100320250613,PORT001,INS0004,2025-06-13,1746,37.9929,66335.6,399.5,EUR,MOCK_FEED
POS00100420250613,PORT001,INS0005,2025-06-13,2109,50.5224,106551.74,4216.44,EUR,MOCK_FEED
POS00100520250613,PORT001,INS0006,2025-06-13,4384,26.0626,114258.44,1444.68,EUR,MOCK_FEED
POS00100620250613,PORT001,INS0007,2025-06-13,748,40.2916,30138.12,87.88,USD,MOCK_FEED
POS00100720250613,PORT001,INS0008,2025-06-13,2038,58.3459,118908.94,1517.38,GBP,MOCK_FEED
POS00100820250613,PORT001,INS0009,2025-06-13,4375,29.4981,129054.19,-3421.35,INR,MOCK_FEED
POS00100920250613,PORT001,INS0010,2025-06-13,2057,55.1771,113499.29,-2110.16,EUR,MOCK_FEED
POS00101020250613,PORT001,INS0011,2025-06-13,4240,23.359,99042.16,617.24,USD,MOCK_FEED
POS00100120250614,PORT001,INS0002,2025-06-14,4693,36.1165,169494.73,4145.51,INR,MOCK_FEED
POS00100220250614,PORT001,INS0003,2025-06-14,686,31.2686,21450.26,-572.7,USD,MOCK_FEED
POS00100320250614,PORT001,INS0004,2025-06-14,1889,38.0743,71922.35,1511.67,INR,MOCK_FEED
POS00100420250614,PORT001,INS0005,2025-06-14,2396,49.2609,118029.12,2560.71,USD,MOCK_FEED
POS00100520250614,PORT001,INS0006,2025-06-14,4314,26.3786,113797.28,3355.65,INR,MOCK_FEED
POS00100620250614,PORT001,INS0007,2025-06-14,3896,40.592,158146.43,-3327.78,GBP,MOCK_FEED
POS00100720250614,PORT001,INS0008,2025-06-14,2165,57.7407,125008.62,1155.3,GBP,MOCK_FEED
POS00100820250614,PORT001,INS0009,2025-06-14,4684,29.0933,136273.02,-3713.94,EUR,MOCK_FEED
POS00100920250614,PORT001,INS0010,2025-06-14,4906,55.4517,272046.04,2163.11,GBP,MOCK_FEED
POS00101020250614,PORT001,INS0011,2025-06-14,4312,23.3045,100489.0,1118.61,USD,MOCK_FEED
POS00100120250615,PORT001,INS0002,2025-06-15,2298,36.412,83674.78,1668.75,GBP,MOCK_FEED
POS00100220250615,PORT001,INS0003,2025-06-15,3068,31.5287,96730.05,1883.08,USD,MOCK_FEED
POS00100320250615,PORT001,INS0004,2025-06-15,4703,38.4449,180806.36,235.87,EUR,MOCK_FEED
POS00100420250615,PORT001,INS0005,2025-06-15,2444,48.7475,119138.89,2124.09,USD,MOCK_FEED
POS00100520250615,PORT001,INS0006,2025-06-15,2377,26.3787,62702.17,1413.68,GBP,MOCK_FEED
POS00100620250615,PORT001,INS0007,2025-06-15,2635,40.2706,106113.03,2157.93,USD,MOCK_FEED
POS00100720250615,PORT001,INS0008,2025-06-15,1388,57.2786,79502.7,304.95,GBP,MOCK_FEED
POS00100820250615,PORT001,INS0009,2025-06-15,3322,29.3114,97372.47,3884.41,GBP,MOCK_FEED
POS00100920250615,PORT001,INS0010,2025-06-15,4768,55.8427,266257.99,3053.3,USD,MOCK_FEED
POS00101020250615,PORT001,INS0011,2025-06-15,1140,23.8749,27217.39,247.63,USD,MOCK_FEED
POS00100120250616,PORT001,INS0002,2025-06-16,3647,36.5422,133269.4,-2087.81,GBP,MOCK_FEED
POS00100220250616,PORT001,INS0003,2025-06-16,3703,31.923,118210.87,3713.93,INR,MOCK_FEED
POS00100320250616,PORT001,INS0004,2025-06-16,2433,37.7564,91861.32,1339.07,EUR,MOCK_FEED
POS00100420250616,PORT001,INS0005,2025-06-16,4833,48.6521,235135.6,-2964.02,USD,MOCK_FEED
POS00100520250616,PORT001,INS0006,2025-06-16,3022,25.9977,78565.05,62.98,GBP,MOCK_FEED
POS00100620250616,PORT001,INS0007,2025-06-16,4517,40.7796,184201.45,-3034.34,EUR,MOCK_FEED
POS00100720250616,PORT001,INS0008,2025-06-16,765,57.6276,44085.11,-973.58,INR,MOCK_FEED
POS00100820250616,PORT001,INS0009,2025-06-16,2713,29.1155,78990.35,-1278.12,EUR,MOCK_FEED
POS00100920250616,PORT001,INS0010,2025-06-16,338,56.205,18997.29,-330.94,USD,MOCK_FEED
POS00101020250616,PORT001,INS0011,2025-06-16,233,24.3162,5665.67,57.4,EUR,MOCK_FEED
POS00100120250617,PORT001,INS0002,2025-06-17,3959,36.7298,145413.28,964.17,INR,MOCK_FEED
POS00100220250617,PORT001,INS0003,2025-06-17,948,32.0247,30359.42,767.95,GBP,MOCK_FEED
POS00100320250617,PORT001,INS0004,2025-06-17,4214,38.0152,160196.05,-224.14,USD,MOCK_FEED
POS00100420250617,PORT001,INS0005,2025-06-17,3404,48.9468,166614.91,5228.68,GBP,MOCK_FEED
POS00100520250617,PORT001,INS0006,2025-06-17,3273,26.0695,85325.47,254.5,USD,MOCK_FEED
POS00100620250617,PORT001,INS0007,2025-06-17,4430,40.5884,179806.61,2271.19,EUR,MOCK_FEED
POS00100720250617,PORT001,INS0008,2025-06-17,3556,57.8883,205850.79,-3586.89,EUR,MOCK_FEED
POS00100820250617,PORT001,INS0009,2025-06-17,158,29.536,4666.69,-27.48,GBP,MOCK_FEED
POS00100920250617,PORT001,INS0010,2025-06-17,2957,56.0498,165739.26,-3326.97,GBP,MOCK_FEED
POS00101020250617,PORT001,INS0011,2025-06-17,2308,24.5088,56566.31,2022.74,USD,MOCK_FEED
POS00100120250618,PORT001,INS0002,2025-06-18,4229,36.1788,153000.15,2398.26,GBP,MOCK_FEED
POS00100220250618,PORT001,INS0003,2025-06-18,3526,31.7124,111817.92,-1231.89,EUR,MOCK_FEED
POS00100320250618,PORT001,INS0004,2025-06-18,1117,38.341,42826.9,-1187.83,USD,MOCK_FEED
POS00100420250618,PORT001,INS0005,2025-06-18,959,48.7241,46726.41,-413.53,USD,MOCK_FEED
POS00100520250618,PORT001,INS0006,2025-06-18,3306,26.0001,85956.33,2265.39,GBP,MOCK_FEED
POS00100620250618,PORT001,INS0007,2025-06-18,3737,40.5803,151648.58,-4303.35,USD,MOCK_FEED
POS00100720250618,PORT001,INS0008,2025-06-18,3067,58.6449,179863.91,3965.64,EUR,MOCK_FEED
POS00100820250618,PORT001,INS0009,2025-06-18,184,29.3168,5394.29,212.75,INR,MOCK_FEED
POS00100920250618,PORT001,INS0010,2025-06-18,2276,55.6845,126737.92,-1837.4,EUR,MOCK_FEED
POS00101020250618,PORT001,INS0011,2025-06-18,3956,24.3891,96483.28,2331.7,USD,MOCK_FEED
POS00100120250619,PORT001,INS0002,2025-06-19,3907,35.7093,139516.24,2855.67,GBP,MOCK_FEED
POS00100220250619,PORT001,INS0003,2025-06-19,1829,31.6862,57954.06,-1323.6,INR,MOCK_FEED
POS00100320250619,PORT001,INS0004,2025-06-19,2434,38.7782,94386.14,-2658.57,INR,MOCK_FEED
POS00100420250619,PORT001,INS0005,2025-06-19,2859,48.2963,138079.12,2971.62,INR,MOCK_FEED
POS00100520250619,PORT001,INS0006,2025-06-19,2681,25.5222,68425.02,1532.45,GBP,MOCK_FEED
POS00100620250619,PORT001,INS0007,2025-06-19,2031,40.8367,82939.34,910.6,EUR,MOCK_FEED
POS00100720250619,PORT001,INS0008,2025-06-19,3475,59.4507,206591.18,6171.25,EUR,MOCK_FEED
POS00100820250619,PORT001,INS0009,2025-06-19,854,29.3596,25073.1,-632.95,GBP,MOCK_FEED
POS00100920250619,PORT001,INS0010,2025-06-19,635,55.7682,35412.81,-382.13,EUR,MOCK_FEED
POS00101020250619,PORT001,INS0011,2025-06-19,2542,24.4441,62136.9,1489.4,USD,MOCK_FEED
POS00100120250620,PORT001,INS0002,2025-06-20,1249,35.4662,44297.28,-679.09,EUR,MOCK_FEED
POS00100220250620,PORT001,INS0003,2025-06-20,3569,32.2775,115198.4,29.92,USD,MOCK_FEED
POS00100320250620,PORT001,INS0004,2025-06-20,825,37.9657,31321.7,309.27,USD,MOCK_FEED
POS00100420250620,PORT001,INS0005,2025-06-20,939,48.8362,45857.19,881.95,EUR,MOCK_FEED
POS00100520250620,PORT001,INS0006,2025-06-20,2843,25.33,72013.19,2256.22,INR,MOCK_FEED
POS00100620250620,PORT001,INS0007,2025-06-20,3488,39.8299,138926.69,4577.66,EUR,MOCK_FEED
POS00100720250620,PORT001,INS0008,2025-06-20,759,59.5342,45186.46,1217.91,EUR,MOCK_FEED
POS00100820250620,PORT001,INS0009,2025-06-20,490,29.2955,14354.8,497.5,USD,MOCK_FEED
POS00100920250620,PORT001,INS0010,2025-06-20,3916,56.8446,222603.45,-4267.13,INR,MOCK_FEED
POS00101020250620,PORT001,INS0011,2025-06-20,3190,24.1795,77132.6,1848.72,EUR,MOCK_FEED
POS00100120250621,PORT001,INS0002,2025-06-21,3261,35.7485,116575.86,2874.31,USD,MOCK_FEED
POS00100220250621,PORT001,INS0003,2025-06-21,778,32.4174,25220.74,902.29,INR,MOCK_FEED
POS00100320250621,PORT001,INS0004,2025-06-21,2032,38.1923,77606.75,90.4,EUR,MOCK_FEED
POS00100420250621,PORT001,INS0005,2025-06-21,1710,49.5811,84783.68,3003.93,GBP,MOCK_FEED
POS00100520250621,PORT001,INS0006,2025-06-21,401,25.5291,10237.17,45.94,GBP,MOCK_FEED
POS00100620250621,PORT001,INS0007,2025-06-21,3793,39.5047,149841.33,-1044.23,USD,MOCK_FEED
POS00100720250621,PORT001,INS0008,2025-06-21,942,58.7445,55337.32,483.82,GBP,MOCK_FEED
POS00100820250621,PORT001,INS0009,2025-06-21,1564,29.948,46838.67,11.29,EUR,MOCK_FEED
POS00100920250621,PORT001,INS0010,2025-06-21,1595,56.5249,90157.22,3243.88,INR,MOCK_FEED
POS00101020250621,PORT001,INS0011,2025-06-21,4652,24.0892,112062.96,-188.62,EUR,MOCK_FEED
POS00100120250622,PORT001,INS0002,2025-06-22,1345,36.0614,48502.58,9.87,GBP,MOCK_FEED
POS00100220250622,PORT001,INS0003,2025-06-22,618,32.8121,20277.88,567.9,INR,MOCK_FEED
POS00100320250622,PORT001,INS0004,2025-06-22,2579,37.2129,95972.07,-1775.08,INR,MOCK_FEED
POS00100420250622,PORT001,INS0005,2025-06-22,721,49.1628,35446.38,-775.44,INR,MOCK_FEED
POS00100520250622,PORT001,INS0006,2025-06-22,1772,25.3676,44951.39,1061.72,USD,MOCK_FEED
POS00100620250622,PORT001,INS0007,2025-06-22,4129,40.2297,166108.43,-2350.33,GBP,MOCK_FEED
POS00100720250622,PORT001,INS0008,2025-06-22,4679,59.1182,276614.06,3492.95,EUR,MOCK_FEED
POS00100820250622,PORT001,INS0009,2025-06-22,1640,30.6261,50226.8,-469.47,INR,MOCK_FEED
POS00100920250622,PORT001,INS0010,2025-06-22,3137,56.3312,176710.97,-1769.59,GBP,MOCK_FEED
POS00101020250622,PORT001,INS0011,2025-06-22,3990,24.5541,97970.86,-840.77,USD,MOCK_FEED
POS00100120250623,PORT001,INS0002,2025-06-23,3948,36.747,145077.16,4559.03,USD,MOCK_FEED
POS00100220250623,PORT001,INS0003,2025-06-23,3707,33.5011,124188.58,-1355.67,USD,MOCK_FEED
POS00100320250623,PORT001,INS0004,2025-06-23,2575,36.7743,94693.82,2431.14,EUR,MOCK_FEED
POS00100420250623,PORT001,INS0005,2025-06-23,2190,49.3369,108047.81,1914.7,USD,MOCK_FEED
POS00100520250623,PORT001,INS0006,2025-06-23,3307,25.7241,85069.6,-1050.88,USD,MOCK_FEED
POS00100620250623,PORT001,INS0007,2025-06-23,1525,39.7771,60660.08,2012.91,INR,MOCK_FEED
POS00100720250623,PORT001,INS0008,2025-06-23,2390,60.0785,143587.61,-1829.58,GBP,MOCK_FEED
POS00100820250623,PORT001,INS0009,2025-06-23,1189,31.2758,37186.93,116.02,EUR,MOCK_FEED
POS00100920250623,PORT001,INS0010,2025-06-23,1392,57.9435,80657.35,227.48,EUR,MOCK_FEED
POS00101020250623,PORT001,INS0011,2025-06-23,2350,25.2292,59288.62,-434.49,EUR,MOCK_FEED
POS00100120250624,PORT001,INS0002,2025-06-24,4563,36.8626,168204.04,-1691.73,USD,MOCK_FEED
POS00100220250624,PORT001,INS0003,2025-06-24,4025,32.8364,132166.51,-3417.89,GBP,MOCK_FEED
POS00100320250624,PORT001,INS0004,2025-06-24,3547,37.0499,131416.0,1472.15,INR,MOCK_FEED
POS00100420250624,PORT001,INS0005,2025-06-24,4116,49.7339,204704.73,3005.75,GBP,MOCK_FEED
POS00100520250624,PORT001,INS0006,2025-06-24,4992,25.6302,127945.96,-3826.58,EUR,MOCK_FEED
POS00100620250624,PORT001,INS0007,2025-06-24,2116,39.8402,84301.86,-292.41,GBP,MOCK_FEED
POS00100720250624,PORT001,INS0008,2025-06-24,3068,59.4321,182337.68,-1550.89,USD,MOCK_FEED
POS00100820250624,PORT001,INS0009,2025-06-24,1142,31.7041,36206.08,1134.71,INR,MOCK_FEED
POS00100920250624,PORT001,INS0010,2025-06-24,226,57.1856,12923.95,103.91,INR,MOCK_FEED
POS00101020250624,PORT001,INS0011,2025-06-24,168,24.9872,4197.85,-39.55,GBP,MOCK_FEED
POS00100120250625,PORT001,INS0002,2025-06-25,4394,37.4484,164548.27,-2544.92,USD,MOCK_FEED
POS00100220250625,PORT001,INS0003,2025-06-25,1076,33.6951,36255.93,1133.03,INR,MOCK_FEED
POS00100320250625,PORT001,INS0004,2025-06-25,2809,37.0997,104213.06,-2501.62,EUR,MOCK_FEED
POS00100420250625,PORT001,INS0005,2025-06-25,3726,49.2898,183653.79,-4871.94,EUR,MOCK_FEED
POS00100520250625,PORT001,INS0006,2025-06-25,2036,25.5504,52020.61,1391.42,GBP,MOCK_FEED
POS00100620250625,PORT001,INS0007,2025-06-25,3977,39.9862,159025.12,1761.87,GBP,MOCK_FEED
POS00100720250625,PORT001,INS0008,2025-06-25,4979,60.5509,301482.93,11850.08,GBP,MOCK_FEED
POS00100820250625,PORT001,INS0009,2025-06-25,363,31.836,11556.47,441.65,USD,MOCK_FEED
POS00100920250625,PORT001,INS0010,2025-06-25,4405,56.9658,250934.35,7244.32,USD,MOCK_FEED
POS00101020250625,PORT001,INS0011,2025-06-25,256,25.2326,6459.55,-143.08,INR,MOCK_FEED
POS00100120250626,PORT001,INS0002,2025-06-26,550,36.908,20299.4,738.12,GBP,MOCK_FEED
POS00100220250626,PORT001,INS0003,2025-06-26,2077,33.4152,69403.37,1024.47,EUR,MOCK_FEED
POS00100320250626,PORT001,INS0004,2025-06-26,775,37.0044,28678.41,747.12,INR,MOCK_FEED
POS00100420250626,PORT001,INS0005,2025-06-26,4344,50.0383,217366.38,-3071.48,GBP,MOCK_FEED
POS00100520250626,PORT001,INS0006,2025-06-26,353,25.8662,9130.77,-223.64,USD,MOCK_FEED
POS00100620250626,PORT001,INS0007,2025-06-26,3662,40.165,147084.23,-2383.96,USD,MOCK_FEED
POS00100720250626,PORT001,INS0008,2025-06-26,3737,60.6761,226746.59,651.31,GBP,MOCK_FEED
POS00100820250626,PORT001,INS0009,2025-06-26,4605,31.2227,143780.53,-2594.37,USD,MOCK_FEED
POS00100920250626,PORT001,INS0010,2025-06-26,2617,56.9117,148937.92,2522.13,INR,MOCK_FEED
POS00101020250626,PORT001,INS0011,2025-06-26,315,25.2739,7961.28,-96.78,GBP,MOCK_FEED
POS00100120250627,PORT001,INS0002,2025-06-27,2241,36.9978,82912.07,602.17,GBP,MOCK_FEED
POS00100220250627,PORT001,INS0003,2025-06-27,3816,33.6916,128567.15,1889.4,EUR,MOCK_FEED
POS00100320250627,PORT001,INS0004,2025-06-27,3418,36.7546,125627.22,-929.1,EUR,MOCK_FEED
POS00100420250627,PORT001,INS0005,2025-06-27,834,49.9289,41640.7,-868.59,GBP,MOCK_FEED
POS00100520250627,PORT001,INS0006,2025-06-27,328,25.7439,8444.0,6.81,GBP,MOCK_FEED
POS00100620250627,PORT001,INS0007,2025-06-27,3403,40.6757,138419.41,-220.71,GBP,MOCK_FEED
POS00100720250627,PORT001,INS0008,2025-06-27,4782,60.7245,290384.56,2437.94,GBP,MOCK_FEED
POS00100820250627,PORT001,INS0009,2025-06-27,4984,31.6663,157824.84,4965.24,EUR,MOCK_FEED
POS00100920250627,PORT001,INS0010,2025-06-27,4622,56.7974,262517.58,-4077.63,GBP,MOCK_FEED
POS00101020250627,PORT001,INS0011,2025-06-27,2369,25.0365,59311.47,67.76,EUR,MOCK_FEED
POS00100120250628,PORT001,INS0002,2025-06-28,632,37.5035,23702.21,-461.11,INR,MOCK_FEED
POS00100220250628,PORT001,INS0003,2025-06-28,3928,33.6616,132222.76,-1915.97,USD,MOCK_FEED
POS00100320250628,PORT001,INS0004,2025-06-28,438,36.3344,15914.47,-27.08,EUR,MOCK_FEED
POS00100420250628,PORT001,INS0005,2025-06-28,1186,50.5272,59925.26,1335.68,GBP,MOCK_FEED
POS00100520250628,PORT001,INS0006,2025-06-28,1817,25.6925,46683.27,1629.09,GBP,MOCK_FEED
POS00100620250628,PORT001,INS0007,2025-06-28,3065,40.3264,123600.42,1275.68,GBP,MOCK_FEED
POS00100720250628,PORT001,INS0008,2025-06-28,4850,59.4561,288362.09,-5653.51,GBP,MOCK_FEED
POS00100820250628,PORT001,INS0009,2025-06-28,1163,31.3924,36509.36,290.16,INR,MOCK_FEED
POS00100920250628,PORT001,INS0010,2025-06-28,1159,56.7736,65800.6,38.77,GBP,MOCK_FEED
POS00101020250628,PORT001,INS0011,2025-06-28,2241,24.9165,55837.88,1533.37,INR,MOCK_FEED
POS00100120250629,PORT001,INS0002,2025-06-29,510,36.92,18829.2,188.9,GBP,MOCK_FEED
POS00100220250629,PORT001,INS0003,2025-06-29,1052,33.3275,35060.53,1133.37,USD,MOCK_FEED
POS00100320250629,PORT001,INS0004,2025-06-29,3200,36.5633,117002.56,-2291.19,GBP,MOCK_FEED
POS00100420250629,PORT001,INS0005,2025-06-29,4553,50.443,229666.98,7983.04,EUR,MOCK_FEED
POS00100520250629,PORT001,INS0006,2025-06-29,748,26.0958,19519.66,547.28,EUR,MOCK_FEED
POS00100620250629,PORT001,INS0007,2025-06-29,3787,41.2644,156268.28,-131.56,USD,MOCK_FEED
POS00100720250629,PORT001,INS0008,2025-06-29,1804,58.9162,106284.82,1293.1,USD,MOCK_FEED
POS00100820250629,PORT001,INS0009,2025-06-29,3390,31.6123,107165.7,-2964.06,INR,MOCK_FEED
POS00100920250629,PORT001,INS0010,2025-06-29,4240,56.4148,239198.75,-6997.83,GBP,MOCK_FEED
POS00101020250629,PORT001,INS0011,2025-06-29,3775,25.4152,95942.38,-2021.7,INR,MOCK_FEED
POS00100120250630,PORT001,INS0002,2025-06-30,114,36.7776,4192.65,-106.17,INR,MOCK_FEED
POS00100220250630,PORT001,INS0003,2025-06-30,2220,33.5874,74564.03,875.17,EUR,MOCK_FEED
POS00100320250630,PORT001,INS0004,2025-06-30,505,36.5396,18452.5,-406.13,USD,MOCK_FEED
POS00100420250630,PORT001,INS0005,2025-06-30,3712,51.9671,192901.88,7125.13,USD,MOCK_FEED
POS00100520250630,PORT001,INS0006,2025-06-30,3136,25.69,80563.84,-2232.3,EUR,MOCK_FEED
POS00100620250630,PORT001,INS0007,2025-06-30,4296,41.6079,178747.54,-1014.79,INR,MOCK_FEED
POS00100720250630,PORT001,INS0008,2025-06-30,848,59.5188,50471.94,-1215.86,INR,MOCK_FEED
POS00100820250630,PORT001,INS0009,2025-06-30,1324,31.8158,42124.12,1369.6,INR,MOCK_FEED
POS00100920250630,PORT001,INS0010,2025-06-30,1624,55.5936,90284.01,3125.17,INR,MOCK_FEED
POS00101020250630,PORT001,INS0011,2025-06-30,2020,24.9521,50403.24,900.65,INR,MOCK_FEED
POS00100120250701,PORT001,INS0002,2025-07-01,3948,36.328,143422.94,-2235.24,USD,MOCK_FEED
POS00100220250701,PORT001,INS0003,2025-07-01,2598,33.9281,88145.2,3483.21,EUR,MOCK_FEED
POS00100320250701,PORT001,INS0004,2025-07-01,3980,36.319,144549.62,-2455.9,EUR,MOCK_FEED
POS00100420250701,PORT001,INS0005,2025-07-01,2104,51.3839,108111.73,3787.98,INR,MOCK_FEED
POS00100520250701,PORT001,INS0006,2025-07-01,2086,25.4557,53100.59,-1581.11,EUR,MOCK_FEED
POS00100620250701,PORT001,INS0007,2025-07-01,4283,41.435,177466.11,-4429.98,EUR,MOCK_FEED
POS00100720250701,PORT001,INS0008,2025-07-01,4964,60.3306,299481.1,-7750.86,USD,MOCK_FEED
POS00100820250701,PORT001,INS0009,2025-07-01,3391,31.9687,108405.86,649.07,INR,MOCK_FEED
POS00100920250701,PORT001,INS0010,2025-07-01,235,54.8743,12895.46,-62.3,EUR,MOCK_FEED
POS00101020250701,PORT001,INS0011,2025-07-01,2778,24.4699,67977.38,-1273.02,EUR,MOCK_FEED
POS00100120250702,PORT001,INS0002,2025-07-02,1472,36.1471,53208.53,1341.02,GBP,MOCK_FEED
POS00100220250702,PORT001,INS0003,2025-07-02,4497,34.1486,153566.25,-1182.44,INR,MOCK_FEED
POS00100320250702,PORT001,INS0004,2025-07-02,2573,36.2693,93320.91,-1210.53,EUR,MOCK_FEED
POS00100420250702,PORT001,INS0005,2025-07-02,2090,51.8487,108363.78,987.81,INR,MOCK_FEED
POS00100520250702,PORT001,INS0006,2025-07-02,3963,25.6739,101745.67,-1647.18,GBP,MOCK_FEED
POS00100620250702,PORT001,INS0007,2025-07-02,1081,41.207,44544.77,1174.93,USD,MOCK_FEED
POS00100720250702,PORT001,INS0008,2025-07-02,2424,61.1011,148109.07,-1343.65,INR,MOCK_FEED
POS00100820250702,PORT001,INS0009,2025-07-02,2443,32.3977,79147.58,1711.84,USD,MOCK_FEED
POS00100920250702,PORT001,INS0010,2025-07-02,3779,55.9716,211516.68,3328.47,INR,MOCK_FEED
POS00101020250702,PORT001,INS0011,2025-07-02,1121,24.2551,27189.97,-118.66,GBP,MOCK_FEED
POS00100120250703,PORT001,INS0002,2025-07-03,1984,35.7851,70997.64,-1044.67,GBP,MOCK_FEED
POS00100220250703,PORT001,INS0003,2025-07-03,4931,34.0764,168030.73,6385.92,USD,MOCK_FEED
POS00100320250703,PORT001,INS0004,2025-07-03,4639,36.3457,168607.7,-3969.96,GBP,MOCK_FEED
POS00100420250703,PORT001,INS0005,2025-07-03,668,52.0679,34781.36,-250.46,USD,MOCK_FEED
POS00100520250703,PORT001,INS0006,2025-07-03,4274,25.5363,109142.15,1057.06,USD,MOCK_FEED
POS00100620250703,PORT001,INS0007,2025-07-03,4392,41.501,182272.39,733.33,GBP,MOCK_FEED
POS00100720250703,PORT001,INS0008,2025-07-03,515,62.0561,31958.89,-694.12,USD,MOCK_FEED
POS00100820250703,PORT001,INS0009,2025-07-03,4802,32.3858,155516.61,3534.58,EUR,MOCK_FEED
POS00100920250703,PORT001,INS0010,2025-07-03,1187,56.7514,67363.91,-569.96,EUR,MOCK_FEED
POS00101020250703,PORT001,INS0011,2025-07-03,2275,24.1456,54931.24,-1472.13,USD,MOCK_FEED
POS00100120250704,PORT001,INS0002,2025-07-04,3244,35.2482,114345.16,-998.14,EUR,MOCK_FEED
POS00100220250704,PORT001,INS0003,2025-07-04,3553,33.6615,119599.31,3474.46,EUR,MOCK_FEED
POS00100320250704,PORT001,INS0004,2025-07-04,2706,36.8647,99755.88,3544.83,USD,MOCK_FEED
POS00100420250704,PORT001,INS0005,2025-07-04,2332,51.5482,120210.4,2226.82,EUR,MOCK_FEED
POS00100520250704,PORT001,INS0006,2025-07-04,1688,25.4776,43006.19,-426.75,EUR,MOCK_FEED
POS00100620250704,PORT001,INS0007,2025-07-04,4046,42.3479,171339.6,449.28,EUR,MOCK_FEED
POS00100720250704,PORT001,INS0008,2025-07-04,4039,62.3217,251717.35,1224.05,INR,MOCK_FEED
POS00100820250704,PORT001,INS0009,2025-07-04,3966,32.5397,129052.45,-2357.72,INR,MOCK_FEED
POS00100920250704,PORT001,INS0010,2025-07-04,4323,55.8416,241403.24,1566.27,USD,MOCK_FEED
POS00101020250704,PORT001,INS0011,2025-07-04,2197,24.3819,53567.03,124.28,EUR,MOCK_FEED
POS00100120250705,PORT001,INS0002,2025-07-05,2449,35.9053,87932.08,3489.18,GBP,MOCK_FEED
POS00100220250705,PORT001,INS0003,2025-07-05,1318,34.1446,45002.58,1631.66,GBP,MOCK_FEED
POS00100320250705,PORT001,INS0004,2025-07-05,374,37.4394,14002.34,482.95,USD,MOCK_FEED
POS00100420250705,PORT001,INS0005,2025-07-05,1976,51.6009,101963.38,-1472.52,USD,MOCK_FEED
POS00100520250705,PORT001,INS0006,2025-07-05,2284,25.7534,58820.77,56.66,EUR,MOCK_FEED
POS00100620250705,PORT001,INS0007,2025-07-05,2033,43.4821,88399.11,18.97,INR,MOCK_FEED
POS00100720250705,PORT001,INS0008,2025-07-05,2276,62.6258,142536.32,249.05,INR,MOCK_FEED
POS00100820250705,PORT001,INS0009,2025-07-05,1525,32.8311,50067.43,1960.99,GBP,MOCK_FEED
POS00100920250705,PORT001,INS0010,2025-07-05,1082,56.5882,61228.43,1999.66,USD,MOCK_FEED
POS00101020250705,PORT001,INS0011,2025-07-05,4602,24.3184,111913.28,3568.98,USD,MOCK_FEED
POS00100120250706,PORT001,INS0002,2025-07-06,4977,35.959,178967.94,-1358.32,USD,MOCK_FEED
POS00100220250706,PORT001,INS0003,2025-07-06,1539,34.5974,53245.4,1836.3,GBP,MOCK_FEED
POS00100320250706,PORT001,INS0004,2025-07-06,4252,38.0176,161650.84,3278.55,USD,MOCK_FEED
POS00100420250706,PORT001,INS0005,2025-07-06,2631,51.5298,135574.9,-756.8,EUR,MOCK_FEED
POS00100520250706,PORT001,INS0006,2025-07-06,1072,25.8849,27748.61,-683.83,USD,MOCK_FEED
POS00100620250706,PORT001,INS0007,2025-07-06,3663,43.1794,158166.14,-1032.76,INR,MOCK_FEED
POS00100720250706,PORT001,INS0008,2025-07-06,1862,63.5971,118417.8,2465.81,INR,MOCK_FEED
POS00100820250706,PORT001,INS0009,2025-07-06,4670,33.4639,156276.41,3460.98,INR,MOCK_FEED
POS00100920250706,PORT001,INS0010,2025-07-06,2014,57.0433,114885.21,-347.4,GBP,MOCK_FEED
POS00101020250706,PORT001,INS0011,2025-07-06,3159,24.3779,77009.79,-1419.93,EUR,MOCK_FEED
POS00100120250707,PORT001,INS0002,2025-07-07,2098,36.459,76490.98,153.69,USD,MOCK_FEED
POS00100220250707,PORT001,INS0003,2025-07-07,2082,34.4967,71822.13,-79.43,EUR,MOCK_FEED
POS00100320250707,PORT001,INS0004,2025-07-07,4160,37.8005,157250.08,1481.95,USD,MOCK_FEED
POS00100420250707,PORT001,INS0005,2025-07-07,4489,51.0075,228972.67,-28.04,EUR,MOCK_FEED
POS00100520250707,PORT001,INS0006,2025-07-07,3529,25.8708,91298.05,3601.2,INR,MOCK_FEED
POS00100620250707,PORT001,INS0007,2025-07-07,437,43.5144,19015.79,-484.9,EUR,MOCK_FEED
POS00100720250707,PORT001,INS0008,2025-07-07,3253,62.438,203110.81,-33.94,USD,MOCK_FEED
POS00100820250707,PORT001,INS0009,2025-07-07,2458,32.6865,80343.42,2339.86,GBP,MOCK_FEED
POS00100920250707,PORT001,INS0010,2025-07-07,255,57.3366,14620.83,-273.4,EUR,MOCK_FEED
POS00101020250707,PORT001,INS0011,2025-07-07,2442,24.5031,59836.57,530.58,GBP,MOCK_FEED
POS00100120250708,PORT001,INS0002,2025-07-08,968,36.6589,35485.82,-977.83,GBP,MOCK_FEED
POS00100220250708,PORT001,INS0003,2025-07-08,1510,34.9801,52819.95,-3.71,USD,MOCK_FEED
POS00100320250708,PORT001,INS0004,2025-07-08,1318,37.0075,48775.89,812.34,INR,MOCK_FEED
POS00100420250708,PORT001,INS0005,2025-07-08,207,50.7555,10506.39,107.12,USD,MOCK_FEED
POS00100520250708,PORT001,INS0006,2025-07-08,1898,25.883,49125.93,-591.2,INR,MOCK_FEED
POS00100620250708,PORT001,INS0007,2025-07-08,1898,44.137,83772.03,-300.33,INR,MOCK_FEED
POS00100720250708,PORT001,INS0008,2025-07-08,2436,62.1326,151355.01,-4244.01,EUR,MOCK_FEED
POS00100820250708,PORT001,INS0009,2025-07-08,3557,32.3574,115095.27,1666.13,GBP,MOCK_FEED
POS00100920250708,PORT001,INS0010,2025-07-08,4236,56.6962,240165.1,-7177.05,INR,MOCK_FEED
POS00101020250708,PORT001,INS0011,2025-07-08,2195,24.1744,53062.81,-120.45,INR,MOCK_FEED
POS00100120250709,PORT001,INS0002,2025-07-09,4628,37.0963,171681.68,-4997.35,GBP,MOCK_FEED
POS00100220250709,PORT001,INS0003,2025-07-09,149,35.3462,5266.58,206.78,INR,MOCK_FEED
POS00100320250709,PORT001,INS0004,2025-07-09,2412,36.8065,88777.28,690.26,USD,MOCK_FEED
POS00100420250709,PORT001,INS0005,2025-07-09,801,49.2367,39438.6,-101.15,INR,MOCK_FEED
POS00100520250709,PORT001,INS0006,2025-07-09,2949,26.2008,77266.16,-195.9,EUR,MOCK_FEED
POS00100620250709,PORT001,INS0007,2025-07-09,1512,45.1261,68230.66,155.06,INR,MOCK_FEED
POS00100720250709,PORT001,INS0008,2025-07-09,3702,62.7486,232295.32,6267.67,USD,MOCK_FEED
POS00100820250709,PORT001,INS0009,2025-07-09,1341,32.16,43126.56,921.77,USD,MOCK_FEED
POS00100920250709,PORT001,INS0010,2025-07-09,1566,56.8271,88991.24,1173.98,INR,MOCK_FEED
POS00101020250709,PORT001,INS0011,2025-07-09,745,24.2233,18046.36,51.0,USD,MOCK_FEED
POS00100120250710,PORT001,INS0002,2025-07-10,1349,36.8132,49661.01,862.87,INR,MOCK_FEED
POS00100220250710,PORT001,INS0003,2025-07-10,2642,34.9095,92230.9,1325.45,USD,MOCK_FEED
POS00100320250710,PORT001,INS0004,2025-07-10,996,37.2995,37150.3,156.05,GBP,MOCK_FEED
POS00100420250710,PORT001,INS0005,2025-07-10,4475,49.3868,221005.93,-3137.48,EUR,MOCK_FEED
POS00100520250710,PORT001,INS0006,2025-07-10,3653,26.4035,96451.99,1409.92,EUR,MOCK_FEED
POS00100620250710,PORT001,INS0007,2025-07-10,696,44.2296,30783.8,-293.51,USD,MOCK_FEED
POS00100720250710,PORT001,INS0008,2025-07-10,3445,62.0229,213668.89,1319.76,USD,MOCK_FEED
POS00100820250710,PORT001,INS0009,2025-07-10,3666,32.0476,117486.5,-1150.94,GBP,MOCK_FEED
POS00100920250710,PORT001,INS0010,2025-07-10,260,57.0337,14828.76,421.39,INR,MOCK_FEED
POS00101020250710,PORT001,INS0011,2025-07-10,2317,23.7144,54946.26,35.7,EUR,MOCK_FEED
POS00100120250711,PORT001,INS0002,2025-07-11,1195,37.163,44409.78,-985.05,EUR,MOCK_FEED
POS00100220250711,PORT001,INS0003,2025-07-11,3868,34.5495,133637.47,2293.5,GBP,MOCK_FEED
POS00100320250711,PORT001,INS0004,2025-07-11,2581,37.8944,97805.45,13.84,USD,MOCK_FEED
POS00100420250711,PORT001,INS0005,2025-07-11,3572,49.4739,176720.77,5638.78,GBP,MOCK_FEED
POS00100520250711,PORT001,INS0006,2025-07-11,4573,26.4688,121041.82,-353.7,GBP,MOCK_FEED
POS00100620250711,PORT001,INS0007,2025-07-11,395,43.8598,17324.62,403.62,GBP,MOCK_FEED
POS00100720250711,PORT001,INS0008,2025-07-11,1849,61.7785,114228.45,-568.55,GBP,MOCK_FEED
POS00100820250711,PORT001,INS0009,2025-07-11,920,32.009,29448.28,459.38,INR,MOCK_FEED
POS00100920250711,PORT001,INS0010,2025-07-11,1265,55.892,70703.38,211.85,GBP,MOCK_FEED
POS00101020250711,PORT001,INS0011,2025-07-11,1881,23.946,45042.43,-85.66,USD,MOCK_FEED
POS00100120250712,PORT001,INS0002,2025-07-12,4475,36.0591,161364.47,1670.56,EUR,MOCK_FEED
POS00100220250712,PORT001,INS0003,2025-07-12,3407,34.7719,118467.86,-1161.27,GBP,MOCK_FEED
POS00100320250712,PORT001,INS0004,2025-07-12,2830,37.7264,106765.71,-332.83,EUR,MOCK_FEED
POS00100420250712,PORT001,INS0005,2025-07-12,295,48.9939,14453.2,141.87,USD,MOCK_FEED
POS00100520250712,PORT001,INS0006,2025-07-12,4189,26.5253,111114.48,618.67,INR,MOCK_FEED
POS00100620250712,PORT001,INS0007,2025-07-12,548,43.2944,23725.33,374.7,INR,MOCK_FEED
POS00100720250712,PORT001,INS0008,2025-07-12,3918,62.3451,244268.1,-6005.71,GBP,MOCK_FEED
POS00100820250712,PORT001,INS0009,2025-07-12,3192,31.8532,101675.41,2633.65,USD,MOCK_FEED
POS00100920250712,PORT001,INS0010,2025-07-12,3695,55.2285,204069.31,5618.12,USD,MOCK_FEED
POS00101020250712,PORT001,INS0011,2025-07-12,4422,24.2145,107076.52,2840.28,INR,MOCK_FEED
POS00100120250713,PORT001,INS0002,2025-07-13,4696,35.5509,166947.03,-4921.53,USD,MOCK_FEED
POS00100220250713,PORT001,INS0003,2025-07-13,3788,34.7046,131461.02,4224.27,INR,MOCK_FEED
POS00100320250713,PORT001,INS0004,2025-07-13,4128,38.2251,157793.21,3503.19,INR,MOCK_FEED
POS00100420250713,PORT001,INS0005,2025-07-13,1764,48.1713,84974.17,-810.25,USD,MOCK_FEED
POS00100520250713,PORT001,INS0006,2025-07-13,4813,26.8781,129364.3,1330.29,GBP,MOCK_FEED
POS00100620250713,PORT001,INS0007,2025-07-13,4344,43.0381,186957.51,3857.62,EUR,MOCK_FEED
POS00100720250713,PORT001,INS0008,2025-07-13,4591,62.1708,285426.14,-3530.32,INR,MOCK_FEED
POS00100820250713,PORT001,INS0009,2025-07-13,1840,31.8316,58570.14,1996.18,EUR,MOCK_FEED
POS00100920250713,PORT001,INS0010,2025-07-13,1177,55.0933,64844.81,-214.87,GBP,MOCK_FEED
POS00101020250713,PORT001,INS0011,2025-07-13,3269,25.0022,81732.19,2417.05,INR,MOCK_FEED
POS00100120250714,PORT001,INS0002,2025-07-14,3860,35.4246,136738.96,4487.3,USD,MOCK_FEED
POS00100220250714,PORT001,INS0003,2025-07-14,1267,35.0326,44386.3,-658.94,EUR,MOCK_FEED
POS00100320250714,PORT001,INS0004,2025-07-14,2818,37.892,106779.66,-1788.66,GBP,MOCK_FEED
POS00100420250714,PORT001,INS0005,2025-07-14,2575,47.5596,122465.97,-2797.68,INR,MOCK_FEED
POS00100520250714,PORT001,INS0006,2025-07-14,259,26.9767,6986.97,193.94,GBP,MOCK_FEED
POS00100620250714,PORT001,INS0007,2025-07-14,686,42.961,29471.25,-799.83,USD,MOCK_FEED
POS00100720250714,PORT001,INS0008,2025-07-14,722,62.625,45215.25,1755.92,EUR,MOCK_FEED
POS00100820250714,PORT001,INS0009,2025-07-14,3884,31.6473,122918.11,1707.77,USD,MOCK_FEED
POS00100920250714,PORT001,INS0010,2025-07-14,4482,54.7745,245499.31,1145.84,INR,MOCK_FEED
POS00101020250714,PORT001,INS0011,2025-07-14,4497,24.6619,110904.56,-2235.52,INR,MOCK_FEED
POS00100120250715,PORT001,INS0002,2025-07-15,804,34.6841,27886.02,-379.99,EUR,MOCK_FEED
POS00100220250715,PORT001,INS0003,2025-07-15,2026,34.6107,70121.28,1505.14,USD,MOCK_FEED
POS00100320250715,PORT001,INS0004,2025-07-15,3699,37.8102,139859.93,-644.45,INR,MOCK_FEED
POS00100420250715,PORT001,INS0005,2025-07-15,2505,47.7529,119621.01,4485.68,EUR,MOCK_FEED
POS00100520250715,PORT001,INS0006,2025-07-15,1807,27.1354,49033.67,116.79,INR,MOCK_FEED
POS00100620250715,PORT001,INS0007,2025-07-15,4592,42.52,195251.84,103.75,INR,MOCK_FEED
POS00100720250715,PORT001,INS0008,2025-07-15,1877,63.7257,119613.14,1251.15,GBP,MOCK_FEED
POS00100820250715,PORT001,INS0009,2025-07-15,2168,31.4456,68174.06,-97.13,EUR,MOCK_FEED
POS00100920250715,PORT001,INS0010,2025-07-15,4298,54.6721,234980.69,5876.82,USD,MOCK_FEED
POS00101020250715,PORT001,INS0011,2025-07-15,3003,24.3579,73146.77,276.24,EUR,MOCK_FEED
POS00100120250716,PORT001,INS0002,2025-07-16,2272,34.9463,79397.99,-997.85,USD,MOCK_FEED
POS00100220250716,PORT001,INS0003,2025-07-16,1387,35.0853,48663.31,427.67,EUR,MOCK_FEED
POS00100320250716,PORT001,INS0004,2025-07-16,817,37.9212,30981.62,860.69,USD,MOCK_FEED
POS00100420250716,PORT001,INS0005,2025-07-16,3328,46.885,156033.28,-1598.95,EUR,MOCK_FEED
POS00100520250716,PORT001,INS0006,2025-07-16,4765,26.5673,126593.18,-2283.13,USD,MOCK_FEED
POS00100620250716,PORT001,INS0007,2025-07-16,2703,41.8846,113214.07,-2800.78,USD,MOCK_FEED
POS00100720250716,PORT001,INS0008,2025-07-16,1145,63.8044,73056.04,2379.52,INR,MOCK_FEED
POS00100820250716,PORT001,INS0009,2025-07-16,3564,31.494,112244.62,-2256.05,EUR,MOCK_FEED
POS00100920250716,PORT001,INS0010,2025-07-16,4093,56.0421,229380.32,-6025.09,INR,MOCK_FEED
POS00101020250716,PORT001,INS0011,2025-07-16,2581,24.3357,62810.44,2388.95,USD,MOCK_FEED
POS00100120250717,PORT001,INS0002,2025-07-17,3314,35.6699,118210.05,2772.68,EUR,MOCK_FEED
POS00100220250717,PORT001,INS0003,2025-07-17,2412,35.324,85201.49,-1565.42,USD,MOCK_FEED
POS00100320250717,PORT001,INS0004,2025-07-17,2073,37.7475,78250.57,-164.7,INR,MOCK_FEED
POS00100420250717,PORT001,INS0005,2025-07-17,3867,47.2534,182728.9,5995.82,USD,MOCK_FEED
POS00100520250717,PORT001,INS0006,2025-07-17,1023,26.5917,27203.31,-787.11,INR,MOCK_FEED
POS00100620250717,PORT001,INS0007,2025-07-17,4463,41.3928,184736.07,4966.51,INR,MOCK_FEED
POS00100720250717,PORT001,INS0008,2025-07-17,3852,64.1221,246998.33,4001.82,INR,MOCK_FEED
POS00100820250717,PORT001,INS0009,2025-07-17,4725,30.9082,146041.24,2112.68,GBP,MOCK_FEED
POS00100920250717,PORT001,INS0010,2025-07-17,1969,57.3271,112877.06,3502.33,INR,MOCK_FEED
POS00101020250717,PORT001,INS0011,2025-07-17,1468,24.057,35315.68,1395.99,GBP,MOCK_FEED
POS00100120250718,PORT001,INS0002,2025-07-18,3779,35.7756,135195.99,-3396.39,USD,MOCK_FEED
POS00100220250718,PORT001,INS0003,2025-07-18,2055,35.3528,72650.0,516.99,GBP,MOCK_FEED
POS00100320250718,PORT001,INS0004,2025-07-18,1326,36.9028,48933.11,-1374.66,INR,MOCK_FEED
POS00100420250718,PORT001,INS0005,2025-07-18,1272,45.7182,58153.55,759.5,INR,MOCK_FEED
POS00100520250718,PORT001,INS0006,2025-07-18,624,26.4263,16490.01,-131.55,USD,MOCK_FEED
POS00100620250718,PORT001,INS0007,2025-07-18,1896,42.4739,80530.51,517.32,INR,MOCK_FEED
POS00100720250718,PORT001,INS0008,2025-07-18,4328,64.632,279727.3,4058.39,USD,MOCK_FEED
POS00100820250718,PORT001,INS0009,2025-07-18,4815,31.451,151436.57,-3578.43,INR,MOCK_FEED
POS00100920250718,PORT001,INS0010,2025-07-18,1819,57.5439,104672.35,-1803.69,GBP,MOCK_FEED
POS00101020250718,PORT001,INS0011,2025-07-18,4886,24.1456,117975.4,-1809.61,INR,MOCK_FEED
POS00100120250719,PORT001,INS0002,2025-07-19,1686,35.5385,59917.91,-161.29,EUR,MOCK_FEED
POS00100220250719,PORT001,INS0003,2025-07-19,4906,35.1078,172238.87,-1654.51,USD,MOCK_FEED
POS00100320250719,PORT001,INS0004,2025-07-19,1089,36.8565,40136.73,-743.7,EUR,MOCK_FEED
POS00100420250719,PORT001,INS0005,2025-07-19,223,46.0279,10264.22,-92.0,GBP,MOCK_FEED
POS00100520250719,PORT001,INS0006,2025-07-19,528,25.7827,13613.27,7.45,GBP,MOCK_FEED
POS00100620250719,PORT001,INS0007,2025-07-19,4007,43.0801,172621.96,-1221.63,GBP,MOCK_FEED
POS00100720250719,PORT001,INS0008,2025-07-19,3873,64.2277,248753.88,-3185.37,GBP,MOCK_FEED
POS00100820250719,PORT001,INS0009,2025-07-19,2680,31.7704,85144.67,1480.82,USD,MOCK_FEED
POS00100920250719,PORT001,INS0010,2025-07-19,1315,56.6629,74511.71,2360.02,EUR,MOCK_FEED
POS00101020250719,PORT001,INS0011,2025-07-19,199,23.9802,4772.06,123.65,USD,MOCK_FEED
POS00100120250720,PORT001,INS0002,2025-07-20,2668,36.3822,97067.71,938.02,EUR,MOCK_FEED
POS00100220250720,PORT001,INS0003,2025-07-20,2054,34.5076,70878.61,2245.64,USD,MOCK_FEED
POS00100320250720,PORT001,INS0004,2025-07-20,1682,36.9543,62157.13,-609.86,GBP,MOCK_FEED
POS00100420250720,PORT001,INS0005,2025-07-20,1036,46.4522,48124.48,1057.76,USD,MOCK_FEED
POS00100520250720,PORT001,INS0006,2025-07-20,3419,25.7226,87945.57,2723.47,USD,MOCK_FEED
POS00100620250720,PORT001,INS0007,2025-07-20,789,43.6739,34458.71,1320.95,EUR,MOCK_FEED
POS00100720250720,PORT001,INS0008,2025-07-20,4370,64.4678,281724.29,-5058.39,EUR,MOCK_FEED
POS00100820250720,PORT001,INS0009,2025-07-20,1544,31.5278,48678.92,966.94,GBP,MOCK_FEED
POS00100920250720,PORT001,INS0010,2025-07-20,1757,56.2064,98754.64,-1290.13,EUR,MOCK_FEED
POS00101020250720,PORT001,INS0011,2025-07-20,1483,23.4515,34778.57,-722.88,EUR,MOCK_FEED
POS00100120250721,PORT001,INS0002,2025-07-21,3330,36.373,121122.09,-1362.52,USD,MOCK_FEED
POS00100220250721,PORT001,INS0003,2025-07-21,994,34.9951,34785.13,-705.61,USD,MOCK_FEED
POS00100320250721,PORT001,INS0004,2025-07-21,2382,36.9178,87938.2,2.11,GBP,MOCK_FEED
POS00100420250721,PORT001,INS0005,2025-07-21,3827,45.7045,174911.12,-881.74,USD,MOCK_FEED
POS00100520250721,PORT001,INS0006,2025-07-21,3252,25.7723,83811.52,-1464.98,GBP,MOCK_FEED
POS00100620250721,PORT001,INS0007,2025-07-21,4146,43.8765,181911.97,-2747.8,GBP,MOCK_FEED
POS00100720250721,PORT001,INS0008,2025-07-21,4412,64.095,282787.14,-1283.41,GBP,MOCK_FEED
POS00100820250721,PORT001,INS0009,2025-07-21,2910,32.0259,93195.37,1516.83,USD,MOCK_FEED
POS00100920250721,PORT001,INS0010,2025-07-21,1284,56.5887,72659.89,1157.56,GBP,MOCK_FEED
POS00101020250721,PORT001,INS0011,2025-07-21,4322,23.3585,100955.44,1909.25,USD,MOCK_FEED
POS00100120250722,PORT001,INS0002,2025-07-22,3301,36.2141,119542.74,-3151.05,EUR,MOCK_FEED
POS00100220250722,PORT001,INS0003,2025-07-22,473,35.2465,16671.59,-485.65,USD,MOCK_FEED
POS00100320250722,PORT001,INS0004,2025-07-22,393,37.3212,14667.23,100.48,USD,MOCK_FEED
POS00100420250722,PORT001,INS0005,2025-07-22,179,45.652,8171.71,247.89,GBP,MOCK_FEED
POS00100520250722,PORT001,INS0006,2025-07-22,2858,25.9032,74031.35,-1962.77,GBP,MOCK_FEED
POS00100620250722,PORT001,INS0007,2025-07-22,1487,44.8327,66666.22,-1212.01,EUR,MOCK_FEED
POS00100720250722,PORT001,INS0008,2025-07-22,2795,64.4385,180105.61,-734.86,INR,MOCK_FEED
POS00100820250722,PORT001,INS0009,2025-07-22,1405,32.1215,45130.71,-378.74,INR,MOCK_FEED
POS00100920250722,PORT001,INS0010,2025-07-22,2822,56.5938,159707.7,890.74,GBP,MOCK_FEED
POS00101020250722,PORT001,INS0011,2025-07-22,2582,23.3082,60181.77,2222.94,USD,MOCK_FEED
POS00100120250723,PORT001,INS0002,2025-07-23,1924,36.7597,70725.66,-985.86,EUR,MOCK_FEED
POS00100220250723,PORT001,INS0003,2025-07-23,314,35.6938,11207.85,-119.89,EUR,MOCK_FEED
POS00100320250723,PORT001,INS0004,2025-07-23,799,37.8586,30249.02,-684.98,INR,MOCK_FEED
POS00100420250723,PORT001,INS0005,2025-07-23,602,46.0953,27749.37,523.18,GBP,MOCK_FEED
POS00100520250723,PORT001,INS0006,2025-07-23,3948,25.9678,102520.87,3132.31,INR,MOCK_FEED
POS00100620250723,PORT001,INS0007,2025-07-23,1989,45.5045,90508.45,828.66,USD,MOCK_FEED
POS00100720250723,PORT001,INS0008,2025-07-23,2937,64.0678,188167.13,2159.01,USD,MOCK_FEED
POS00100820250723,PORT001,INS0009,2025-07-23,2678,32.0506,85831.51,2158.29,INR,MOCK_FEED
POS00100920250723,PORT001,INS0010,2025-07-23,4656,54.5195,253842.79,2261.07,INR,MOCK_FEED
POS00101020250723,PORT001,INS0011,2025-07-23,3281,23.4138,76820.68,2834.17,EUR,MOCK_FEED
POS00100120250724,PORT001,INS0002,2025-07-24,2567,36.9886,94949.74,1321.15,EUR,MOCK_FEED
POS00100220250724,PORT001,INS0003,2025-07-24,3220,35.5052,114326.74,3015.16,USD,MOCK_FEED
POS00100320250724,PORT001,INS0004,2025-07-24,4241,37.5953,159441.67,-1154.6,INR,MOCK_FEED
POS00100420250724,PORT001,INS0005,2025-07-24,2338,46.2489,108129.93,1471.88,INR,MOCK_FEED
POS00100520250724,PORT001,INS0006,2025-07-24,1916,25.4092,48684.03,224.1,USD,MOCK_FEED
POS00100620250724,PORT001,INS0007,2025-07-24,3424,45.2691,155001.4,3234.03,INR,MOCK_FEED
POS00100720250724,PORT001,INS0008,2025-07-24,1982,64.4139,127668.35,-2723.44,GBP,MOCK_FEED
POS00100820250724,PORT001,INS0009,2025-07-24,4934,32.2551,159146.66,-1444.19,INR,MOCK_FEED
POS00100920250724,PORT001,INS0010,2025-07-24,3735,54.8424,204836.36,4237.7,INR,MOCK_FEED
POS00101020250724,PORT001,INS0011,2025-07-24,2066,23.3602,48262.17,982.54,INR,MOCK_FEED
POS00100120250725,PORT001,INS0002,2025-07-25,892,37.1578,33144.76,215.86,USD,MOCK_FEED
POS00100220250725,PORT001,INS0003,2025-07-25,1118,36.0241,40274.94,747.85,EUR,MOCK_FEED
POS00100320250725,PORT001,INS0004,2025-07-25,2152,36.9513,79519.2,-1833.0,USD,MOCK_FEED
POS00100420250725,PORT001,INS0005,2025-07-25,3206,46.095,147780.57,-4087.94,EUR,MOCK_FEED
POS00100520250725,PORT001,INS0006,2025-07-25,374,25.8168,9655.48,-282.16,INR,MOCK_FEED
POS00100620250725,PORT001,INS0007,2025-07-25,2636,44.1001,116247.86,-1645.85,EUR,MOCK_FEED
POS00100720250725,PORT001,INS0008,2025-07-25,3479,65.1606,226693.73,4273.34,EUR,MOCK_FEED
POS00100820250725,PORT001,INS0009,2025-07-25,3212,32.3601,103940.64,-362.32,GBP,MOCK_FEED
POS00100920250725,PORT001,INS0010,2025-07-25,2679,54.4029,145745.37,-3065.28,EUR,MOCK_FEED
POS00101020250725,PORT001,INS0011,2025-07-25,642,23.5663,15129.56,258.76,EUR,MOCK_FEED
POS00100120250726,PORT001,INS0002,2025-07-26,2227,36.5508,81398.63,-174.58,INR,MOCK_FEED
POS00100220250726,PORT001,INS0003,2025-07-26,3989,36.0557,143826.19,-3003.14,INR,MOCK_FEED
POS00100320250726,PORT001,INS0004,2025-07-26,3418,37.0698,126704.58,-545.92,GBP,MOCK_FEED
POS00100420250726,PORT001,INS0005,2025-07-26,1358,46.1573,62681.61,2136.27,INR,MOCK_FEED
POS00100520250726,PORT001,INS0006,2025-07-26,465,25.9573,12070.14,-223.79,GBP,MOCK_FEED
POS00100620250726,PORT001,INS0007,2025-07-26,2730,43.5044,118767.01,1024.83,EUR,MOCK_FEED
POS00100720250726,PORT001,INS0008,2025-07-26,4479,64.8215,290335.5,6816.91,EUR,MOCK_FEED
POS00100820250726,PORT001,INS0009,2025-07-26,3820,32.5319,124271.86,-1966.18,INR,MOCK_FEED
POS00100920250726,PORT001,INS0010,2025-07-26,4988,54.7937,273310.98,-7224.29,EUR,MOCK_FEED
POS00101020250726,PORT001,INS0011,2025-07-26,1934,22.91,44307.94,-81.22,USD,MOCK_FEED
POS00100120250727,PORT001,INS0002,2025-07-27,2161,36.6563,79214.26,-1893.24,EUR,MOCK_FEED
POS00100220250727,PORT001,INS0003,2025-07-27,4312,36.7091,158289.64,5629.49,GBP,MOCK_FEED
POS00100320250727,PORT001,INS0004,2025-07-27,3280,37.2727,122254.46,4407.5,GBP,MOCK_FEED
POS00100420250727,PORT001,INS0005,2025-07-27,4713,45.4342,214131.38,5617.46,GBP,MOCK_FEED
POS00100520250727,PORT001,INS0006,2025-07-27,470,25.9877,12214.22,-188.82,INR,MOCK_FEED
POS00100620250727,PORT001,INS0007,2025-07-27,395,43.7622,17286.07,395.8,INR,MOCK_FEED
POS00100720250727,PORT001,INS0008,2025-07-27,2141,65.9362,141169.4,-1882.86,GBP,MOCK_FEED
POS00100820250727,PORT001,INS0009,2025-07-27,4487,32.7779,147074.44,5542.75,EUR,MOCK_FEED
POS00100920250727,PORT001,INS0010,2025-07-27,4151,54.6026,226655.39,7628.65,GBP,MOCK_FEED
POS00101020250727,PORT001,INS0011,2025-07-27,2472,22.7561,56253.08,-1491.79,GBP,MOCK_FEED
POS00100120250728,PORT001,INS0002,2025-07-28,1360,36.6454,49837.74,1267.57,EUR,MOCK_FEED
POS00100220250728,PORT001,INS0003,2025-07-28,1483,36.6313,54324.22,75.91,GBP,MOCK_FEED
POS00100320250728,PORT001,INS0004,2025-07-28,943,36.9014,34798.02,-413.4,EUR,MOCK_FEED
POS00100420250728,PORT001,INS0005,2025-07-28,4984,45.8202,228367.88,8497.03,EUR,MOCK_FEED
POS00100520250728,PORT001,INS0006,2025-07-28,3144,25.0084,78626.41,2157.06,USD,MOCK_FEED
POS00100620250728,PORT001,INS0007,2025-07-28,786,44.2975,34817.83,-349.93,USD,MOCK_FEED
POS00100720250728,PORT001,INS0008,2025-07-28,118,66.1561,7806.42,-175.76,INR,MOCK_FEED
POS00100820250728,PORT001,INS0009,2025-07-28,4891,32.5074,158993.69,-1264.85,EUR,MOCK_FEED
POS00100920250728,PORT001,INS0010,2025-07-28,179,55.5991,9952.24,332.11,EUR,MOCK_FEED
POS00101020250728,PORT001,INS0011,2025-07-28,3938,23.0324,90701.59,457.93,GBP,MOCK_FEED
POS00100120250729,PORT001,INS0002,2025-07-29,2521,37.075,93466.08,3236.7,GBP,MOCK_FEED
POS00100220250729,PORT001,INS0003,2025-07-29,1264,36.3474,45943.11,1199.65,EUR,MOCK_FEED
POS00100320250729,PORT001,INS0004,2025-07-29,1609,37.3946,60167.91,2196.24,EUR,MOCK_FEED
POS00100420250729,PORT001,INS0005,2025-07-29,2949,46.0623,135837.72,-3906.06,GBP,MOCK_FEED
POS00100520250729,PORT001,INS0006,2025-07-29,229,25.3538,5806.02,-51.93,EUR,MOCK_FEED
POS00100620250729,PORT001,INS0007,2025-07-29,1476,44.4425,65597.13,1033.13,USD,MOCK_FEED
POS00100720250729,PORT001,INS0008,2025-07-29,4095,65.2121,267043.55,5343.77,USD,MOCK_FEED
POS00100820250729,PORT001,INS0009,2025-07-29,4982,32.4389,161610.6,-2978.57,INR,MOCK_FEED
POS00100920250729,PORT001,INS0010,2025-07-29,2986,56.8012,169608.38,1209.62,EUR,MOCK_FEED
POS00101020250729,PORT001,INS0011,2025-07-29,2143,22.8182,48899.4,144.21,EUR,MOCK_FEED
POS00100120250730,PORT001,INS0002,2025-07-30,3794,37.3142,141570.07,2031.79,INR,MOCK_FEED
POS00100220250730,PORT001,INS0003,2025-07-30,3146,36.1978,113878.28,-3015.95,EUR,MOCK_FEED
POS00100320250730,PORT001,INS0004,2025-07-30,4453,38.303,170563.26,-3367.72,EUR,MOCK_FEED
POS00100420250730,PORT001,INS0005,2025-07-30,2347,46.5488,109250.03,2849.8,GBP,MOCK_FEED
POS00100520250730,PORT001,INS0006,2025-07-30,1140,24.5627,28001.48,-699.95,EUR,MOCK_FEED
POS00100620250730,PORT001,INS0007,2025-07-30,2991,44.7647,133891.22,937.47,EUR,MOCK_FEED
POS00100720250730,PORT001,INS0008,2025-07-30,3718,63.6427,236623.56,1546.29,USD,MOCK_FEED
POS00100820250730,PORT001,INS0009,2025-07-30,2204,33.0675,72880.77,-201.88,INR,MOCK_FEED
POS00100920250730,PORT001,INS0010,2025-07-30,479,57.0978,27349.85,870.14,USD,MOCK_FEED
POS00101020250730,PORT001,INS0011,2025-07-30,1820,22.9279,41728.78,930.46,EUR,MOCK_FEED
POS00100120250731,PORT001,INS0002,2025-07-31,1414,37.3575,52823.51,2104.08,GBP,MOCK_FEED
POS00100220250731,PORT001,INS0003,2025-07-31,194,36.3786,7057.45,-176.37,GBP,MOCK_FEED
POS00100320250731,PORT001,INS0004,2025-07-31,4276,37.8398,161802.98,5915.11,GBP,MOCK_FEED
POS00100420250731,PORT001,INS0005,2025-07-31,4728,46.2086,218474.26,8535.84,INR,MOCK_FEED
POS00100520250731,PORT001,INS0006,2025-07-31,278,24.6811,6861.35,-113.58,EUR,MOCK_FEED
POS00100620250731,PORT001,INS0007,2025-07-31,4447,45.1624,200837.19,783.63,USD,MOCK_FEED
POS00100720250731,PORT001,INS0008,2025-07-31,3126,63.1386,197371.26,-5201.35,INR,MOCK_FEED
POS00100820250731,PORT001,INS0009,2025-07-31,637,32.9179,20968.7,61.31,EUR,MOCK_FEED
POS00100920250731,PORT001,INS0010,2025-07-31,3526,58.3607,205779.83,-2946.07,USD,MOCK_FEED
POS00101020250731,PORT001,INS0011,2025-07-31,1833,22.6224,41466.86,-661.24,INR,MOCK_FEED
POS00100120250801,PORT001,INS0002,2025-08-01,3985,37.7362,150378.76,-802.03,INR,MOCK_FEED
POS00100220250801,PORT001,INS0003,2025-08-01,3415,36.232,123732.28,4834.73,INR,MOCK_FEED
POS00100320250801,PORT001,INS0004,2025-08-01,1071,38.0988,40803.81,148.05,GBP,MOCK_FEED
POS00100420250801,PORT001,INS0005,2025-08-01,2456,46.9303,115260.82,1885.22,USD,MOCK_FEED
POS00100520250801,PORT001,INS0006,2025-08-01,2388,24.754,59112.55,2193.41,INR,MOCK_FEED
POS00100620250801,PORT001,INS0007,2025-08-01,2011,45.3197,91137.92,1497.06,INR,MOCK_FEED
POS00100720250801,PORT001,INS0008,2025-08-01,3589,62.606,224692.93,-6004.4,GBP,MOCK_FEED
POS00100820250801,PORT001,INS0009,2025-08-01,1921,32.8395,63084.68,851.87,EUR,MOCK_FEED
POS00100920250801,PORT001,INS0010,2025-08-01,1553,58.7216,91194.64,3475.69,GBP,MOCK_FEED
POS00101020250801,PORT001,INS0011,2025-08-01,2435,22.5459,54899.27,1840.44,GBP,MOCK_FEED
POS00100120250802,PORT001,INS0002,2025-08-02,743,37.7034,28013.63,788.05,GBP,MOCK_FEED
POS00100220250802,PORT001,INS0003,2025-08-02,4741,36.3828,172490.85,-4739.27,INR,MOCK_FEED
POS00100320250802,PORT001,INS0004,2025-08-02,4769,38.6197,184177.35,4003.21,GBP,MOCK_FEED
POS00100420250802,PORT001,INS0005,2025-08-02,4436,46.8704,207917.09,8148.4,INR,MOCK_FEED
POS00100520250802,PORT001,INS0006,2025-08-02,201,24.8202,4988.86,-144.96,EUR,MOCK_FEED
POS00100620250802,PORT001,INS0007,2025-08-02,648,45.2642,29331.2,829.32,EUR,MOCK_FEED
POS00100720250802,PORT001,INS0008,2025-08-02,509,62.3747,31748.72,674.97,EUR,MOCK_FEED
POS00100820250802,PORT001,INS0009,2025-08-02,4171,32.4298,135264.7,1399.23,INR,MOCK_FEED
POS00100920250802,PORT001,INS0010,2025-08-02,4502,58.7311,264407.41,-1641.39,USD,MOCK_FEED
POS00101020250802,PORT001,INS0011,2025-08-02,1117,22.257,24861.07,-599.01,INR,MOCK_FEED
POS00100120250803,PORT001,INS0002,2025-08-03,3293,37.7948,124458.28,2620.08,INR,MOCK_FEED
POS00100220250803,PORT001,INS0003,2025-08-03,605,36.5666,22122.79,250.91,USD,MOCK_FEED
POS00100320250803,PORT001,INS0004,2025-08-03,3662,39.0385,142958.99,-1788.88,INR,MOCK_FEED
POS00100420250803,PORT001,INS0005,2025-08-03,2532,46.2012,116981.44,437.72,INR,MOCK_FEED
POS00100520250803,PORT001,INS0006,2025-08-03,2471,24.6766,60975.88,196.2,GBP,MOCK_FEED
POS00100620250803,PORT001,INS0007,2025-08-03,4278,44.9123,192134.82,-1769.26,USD,MOCK_FEED
POS00100720250803,PORT001,INS0008,2025-08-03,4277,63.2225,270402.63,5047.96,USD,MOCK_FEED
POS00100820250803,PORT001,INS0009,2025-08-03,2025,32.3969,65603.72,-852.9,GBP,MOCK_FEED
POS00100920250803,PORT001,INS0010,2025-08-03,2055,58.5759,120373.47,1765.68,USD,MOCK_FEED
POS00101020250803,PORT001,INS0011,2025-08-03,714,22.5273,16084.49,77.68,EUR,MOCK_FEED
POS00100120250804,PORT001,INS0002,2025-08-04,1617,37.3222,60350.0,1290.22,EUR,MOCK_FEED
POS00100220250804,PORT001,INS0003,2025-08-04,3207,35.3996,113526.52,2202.38,INR,MOCK_FEED
POS00100320250804,PORT001,INS0004,2025-08-04,1383,39.617,54790.31,-483.49,GBP,MOCK_FEED
POS00100420250804,PORT001,INS0005,2025-08-04,2699,46.5303,125585.28,3295.65,INR,MOCK_FEED
POS00100520250804,PORT001,INS0006,2025-08-04,2239,25.1528,56317.12,-1313.95,EUR,MOCK_FEED
POS00100620250804,PORT001,INS0007,2025-08-04,1235,44.3256,54742.12,-1484.62,GBP,MOCK_FEED
POS00100720250804,PORT001,INS0008,2025-08-04,1863,62.5228,116479.98,2549.29,USD,MOCK_FEED
POS00100820250804,PORT001,INS0009,2025-08-04,2511,32.3734,81289.61,216.47,GBP,MOCK_FEED
POS00100920250804,PORT001,INS0010,2025-08-04,2118,57.7073,122224.06,4448.06,INR,MOCK_FEED
POS00101020250804,PORT001,INS0011,2025-08-04,1286,22.6539,29132.92,280.04,GBP,MOCK_FEED
POS00100120250805,PORT001,INS0002,2025-08-05,4080,36.9593,150793.94,4454.64,GBP,MOCK_FEED
POS00100220250805,PORT001,INS0003,2025-08-05,4931,35.4194,174653.06,5661.8,GBP,MOCK_FEED
POS00100320250805,PORT001,INS0004,2025-08-05,1221,39.5037,48234.02,461.52,USD,MOCK_FEED
POS00100420250805,PORT001,INS0005,2025-08-05,1824,47.165,86028.96,-2352.97,GBP,MOCK_FEED
POS00100520250805,PORT001,INS0006,2025-08-05,2319,24.9129,57773.02,1024.21,EUR,MOCK_FEED
POS00100620250805,PORT001,INS0007,2025-08-05,1314,44.0174,57838.86,-1245.3,GBP,MOCK_FEED
POS00100720250805,PORT001,INS0008,2025-08-05,1949,62.758,122315.34,-1436.56,USD,MOCK_FEED
POS00100820250805,PORT001,INS0009,2025-08-05,2855,32.915,93972.32,-2367.0,GBP,MOCK_FEED
POS00100920250805,PORT001,INS0010,2025-08-05,3060,56.7437,173635.72,-4001.71,EUR,MOCK_FEED
POS00101020250805,PORT001,INS0011,2025-08-05,1795,23.0644,41400.6,603.13,GBP,MOCK_FEED
POS00100120250806,PORT001,INS0002,2025-08-06,1110,36.6498,40681.28,245.06,INR,MOCK_FEED
POS00100220250806,PORT001,INS0003,2025-08-06,2383,35.7436,85177.0,1393.05,USD,MOCK_FEED
POS00100320250806,PORT001,INS0004,2025-08-06,351,39.7005,13934.88,434.03,INR,MOCK_FEED
POS00100420250806,PORT001,INS0005,2025-08-06,4321,46.7805,202138.54,-5644.63,USD,MOCK_FEED
POS00100520250806,PORT001,INS0006,2025-08-06,2549,25.1804,64184.84,1352.9,EUR,MOCK_FEED
POS00100620250806,PORT001,INS0007,2025-08-06,3952,44.6066,176285.28,-2836.08,EUR,MOCK_FEED
POS00100720250806,PORT001,INS0008,2025-08-06,1664,62.6069,104177.88,-2897.28,INR,MOCK_FEED
POS00100820250806,PORT001,INS0009,2025-08-06,1215,32.8218,39878.49,-742.97,USD,MOCK_FEED
POS00100920250806,PORT001,INS0010,2025-08-06,2343,57.0716,133718.76,3383.36,INR,MOCK_FEED
POS00101020250806,PORT001,INS0011,2025-08-06,908,22.8542,20751.61,-238.08,INR,MOCK_FEED
POS00100120250807,PORT001,INS0002,2025-08-07,2780,36.0233,100144.77,-1612.84,USD,MOCK_FEED
POS00100220250807,PORT001,INS0003,2025-08-07,4456,35.6016,158640.73,2972.16,EUR,MOCK_FEED
POS00100320250807,PORT001,INS0004,2025-08-07,662,40.5095,26817.29,-34.03,INR,MOCK_FEED
POS00100420250807,PORT001,INS0005,2025-08-07,990,46.3571,45893.53,696.8,EUR,MOCK_FEED
POS00100520250807,PORT001,INS0006,2025-08-07,4324,24.9557,107908.45,656.9,INR,MOCK_FEED
POS00100620250807,PORT001,INS0007,2025-08-07,4744,45.4139,215443.54,-916.87,EUR,MOCK_FEED
POS00100720250807,PORT001,INS0008,2025-08-07,4039,63.2687,255542.28,-6678.32,EUR,MOCK_FEED
POS00100820250807,PORT001,INS0009,2025-08-07,960,32.5546,31252.42,-487.71,EUR,MOCK_FEED
POS00100920250807,PORT001,INS0010,2025-08-07,1466,57.1896,83839.95,-362.04,GBP,MOCK_FEED
POS00101020250807,PORT001,INS0011,2025-08-07,3614,22.7518,82225.01,1328.09,INR,MOCK_FEED
POS00100120250808,PORT001,INS0002,2025-08-08,1170,35.2702,41266.13,188.67,GBP,MOCK_FEED
POS00100220250808,PORT001,INS0003,2025-08-08,3808,35.1613,133894.23,-2298.45,EUR,MOCK_FEED
POS00100320250808,PORT001,INS0004,2025-08-08,225,40.1626,9036.58,-172.57,EUR,MOCK_FEED
POS00100420250808,PORT001,INS0005,2025-08-08,1642,47.2126,77523.09,-1741.29,GBP,MOCK_FEED
POS00100520250808,PORT001,INS0006,2025-08-08,1682,24.9295,41931.42,910.74,GBP,MOCK_FEED
POS00100620250808,PORT001,INS0007,2025-08-08,203,45.5791,9252.56,120.13,EUR,MOCK_FEED
POS00100720250808,PORT001,INS0008,2025-08-08,2756,63.2679,174366.33,-3696.24,INR,MOCK_FEED
POS00100820250808,PORT001,INS0009,2025-08-08,3830,33.021,126470.43,-1558.5,INR,MOCK_FEED
POS00100920250808,PORT001,INS0010,2025-08-08,886,57.6876,51111.21,2026.39,INR,MOCK_FEED
POS00101020250808,PORT001,INS0011,2025-08-08,404,22.7638,9196.58,-136.99,GBP,MOCK_FEED
POS00100120250809,PORT001,INS0002,2025-08-09,1529,35.3791,54094.64,-1605.73,EUR,MOCK_FEED
POS00100220250809,PORT001,INS0003,2025-08-09,3090,35.1273,108543.36,905.16,GBP,MOCK_FEED
POS00100320250809,PORT001,INS0004,2025-08-09,1087,41.0387,44609.07,473.04,GBP,MOCK_FEED
POS00100420250809,PORT001,INS0005,2025-08-09,2320,47.0792,109223.74,-573.57,USD,MOCK_FEED
POS00100520250809,PORT001,INS0006,2025-08-09,4949,25.0582,124013.03,357.59,EUR,MOCK_FEED
POS00100620250809,PORT001,INS0007,2025-08-09,1035,45.0673,46644.66,-1345.79,EUR,MOCK_FEED
POS00100720250809,PORT001,INS0008,2025-08-09,4824,63.8216,307875.4,2255.36,GBP,MOCK_FEED
POS00100820250809,PORT001,INS0009,2025-08-09,218,32.9487,7182.82,122.24,USD,MOCK_FEED
POS00100920250809,PORT001,INS0010,2025-08-09,1248,58.2546,72701.74,472.2,GBP,MOCK_FEED
POS00101020250809,PORT001,INS0011,2025-08-09,986,22.723,22404.88,-369.57,EUR,MOCK_FEED
POS00100120250810,PORT001,INS0002,2025-08-10,2911,35.2604,102643.02,-1217.66,USD,MOCK_FEED
POS00100220250810,PORT001,INS0003,2025-08-10,4463,35.101,156655.76,5436.46,INR,MOCK_FEED
POS00100320250810,PORT001,INS0004,2025-08-10,3274,40.0159,131012.06,369.91,INR,MOCK_FEED
POS00100420250810,PORT001,INS0005,2025-08-10,3745,47.5841,178202.45,-648.39,USD,MOCK_FEED
POS00100520250810,PORT001,INS0006,2025-08-10,4414,24.9567,110158.87,-2669.41,USD,MOCK_FEED
POS00100620250810,PORT001,INS0007,2025-08-10,3364,45.6051,153415.56,-3468.63,INR,MOCK_FEED
POS00100720250810,PORT001,INS0008,2025-08-10,1486,64.6333,96045.08,2131.68,GBP,MOCK_FEED
POS00100820250810,PORT001,INS0009,2025-08-10,466,32.5512,15168.86,-243.52,INR,MOCK_FEED
POS00100920250810,PORT001,INS0010,2025-08-10,4005,58.7032,235106.32,-2039.9,INR,MOCK_FEED
POS00101020250810,PORT001,INS0011,2025-08-10,3169,22.3733,70900.99,-2116.44,USD,MOCK_FEED
POS00100120250811,PORT001,INS0002,2025-08-11,1849,35.3249,65315.74,2083.63,USD,MOCK_FEED
POS00100220250811,PORT001,INS0003,2025-08-11,973,34.627,33692.07,-737.15,EUR,MOCK_FEED
POS00100320250811,PORT001,INS0004,2025-08-11,3142,40.3448,126763.36,-2309.78,INR,MOCK_FEED
POS00100420250811,PORT001,INS0005,2025-08-11,2630,47.7314,125533.58,3831.11,INR,MOCK_FEED
POS00100520250811,PORT001,INS0006,2025-08-11,649,25.028,16243.17,-241.41,USD,MOCK_FEED
POS00100620250811,PORT001,INS0007,2025-08-11,2158,46.6286,100624.52,235.71,GBP,MOCK_FEED
POS00100720250811,PORT001,INS0008,2025-08-11,4385,65.397,286765.85,-462.64,USD,MOCK_FEED
POS00100820250811,PORT001,INS0009,2025-08-11,3147,32.1414,101148.99,1767.95,GBP,MOCK_FEED
POS00100920250811,PORT001,INS0010,2025-08-11,4274,58.9282,251859.13,-761.01,GBP,MOCK_FEED
POS00101020250811,PORT001,INS0011,2025-08-11,2008,22.611,45402.89,-1014.46,USD,MOCK_FEED
POS00100120250812,PORT001,INS0002,2025-08-12,132,35.7057,4713.15,164.62,USD,MOCK_FEED
POS00100220250812,PORT001,INS0003,2025-08-12,989,34.8635,34480.0,983.78,INR,MOCK_FEED
POS00100320250812,PORT001,INS0004,2025-08-12,3605,40.7827,147021.63,-858.3,INR,MOCK_FEED
POS00100420250812,PORT001,INS0005,2025-08-12,4134,47.0401,194463.77,6060.08,GBP,MOCK_FEED
POS00100520250812,PORT001,INS0006,2025-08-12,4375,24.8537,108734.94,-562.94,EUR,MOCK_FEED
POS00100620250812,PORT001,INS0007,2025-08-12,227,45.6074,10352.88,102.31,EUR,MOCK_FEED
POS00100720250812,PORT001,INS0008,2025-08-12,509,66.6566,33928.21,953.33,EUR,MOCK_FEED
POS00100820250812,PORT001,INS0009,2025-08-12,1490,32.0646,47776.25,265.31,EUR,MOCK_FEED
POS00100920250812,PORT001,INS0010,2025-08-12,459,58.054,26646.79,-505.21,USD,MOCK_FEED
POS00101020250812,PORT001,INS0011,2025-08-12,2363,22.5743,53343.07,-867.42,USD,MOCK_FEED
POS00100120250813,PORT001,INS0002,2025-08-13,3626,35.3809,128291.14,2295.87,USD,MOCK_FEED
POS00100220250813,PORT001,INS0003,2025-08-13,2171,34.9553,75887.96,-1137.42,INR,MOCK_FEED
POS00100320250813,PORT001,INS0004,2025-08-13,1747,41.1906,71959.98,-375.64,INR,MOCK_FEED
POS00100420250813,PORT001,INS0005,2025-08-13,4340,46.4846,201743.16,-2895.94,INR,MOCK_FEED
POS00100520250813,PORT001,INS0006,2025-08-13,3653,24.7287,90333.94,-1211.21,USD,MOCK_FEED
POS00100620250813,PORT001,INS0007,2025-08-13,3965,44.8205,177713.28,5894.43,GBP,MOCK_FEED
POS00100720250813,PORT001,INS0008,2025-08-13,4764,66.2919,315814.61,5843.4,GBP,MOCK_FEED
POS00100820250813,PORT001,INS0009,2025-08-13,1360,31.0666,42250.58,419.0,INR,MOCK_FEED
POS00100920250813,PORT001,INS0010,2025-08-13,4265,58.1627,248063.92,-4326.06,EUR,MOCK_FEED
POS00101020250813,PORT001,INS0011,2025-08-13,4165,22.6523,94346.83,2437.43,USD,MOCK_FEED
POS00100120250814,PORT001,INS0002,2025-08-14,1174,35.1332,41246.38,391.3,GBP,MOCK_FEED
POS00100220250814,PORT001,INS0003,2025-08-14,3230,35.2868,113976.36,3163.63,EUR,MOCK_FEED
POS00100320250814,PORT001,INS0004,2025-08-14,2330,41.5478,96806.37,-1245.36,USD,MOCK_FEED
POS00100420250814,PORT001,INS0005,2025-08-14,3483,45.6092,158856.84,-2500.25,EUR,MOCK_FEED
POS00100520250814,PORT001,INS0006,2025-08-14,3483,24.7566,86227.24,-430.12,GBP,MOCK_FEED
POS00100620250814,PORT001,INS0007,2025-08-14,2771,44.6223,123648.39,4728.52,EUR,MOCK_FEED
POS00100720250814,PORT001,INS0008,2025-08-14,1129,66.637,75233.17,2668.83,EUR,MOCK_FEED
POS00100820250814,PORT001,INS0009,2025-08-14,3754,30.6833,115185.11,-1568.99,GBP,MOCK_FEED
POS00100920250814,PORT001,INS0010,2025-08-14,4272,57.6674,246355.13,4869.88,INR,MOCK_FEED
POS00101020250814,PORT001,INS0011,2025-08-14,1729,22.743,39322.65,0.33,USD,MOCK_FEED
POS00100120250815,PORT001,INS0002,2025-08-15,4183,35.1405,146992.71,4769.17,GBP,MOCK_FEED
POS00100220250815,PORT001,INS0003,2025-08-15,589,35.3743,20835.46,-419.33,INR,MOCK_FEED
POS00100320250815,PORT001,INS0004,2025-08-15,348,42.9265,14938.42,383.89,USD,MOCK_FEED
POS00100420250815,PORT001,INS0005,2025-08-15,3442,45.5577,156809.6,3862.29,INR,MOCK_FEED
POS00100520250815,PORT001,INS0006,2025-08-15,4498,24.8605,111822.53,1724.18,EUR,MOCK_FEED
POS00100620250815,PORT001,INS0007,2025-08-15,2143,44.939,96304.28,3536.12,USD,MOCK_FEED
POS00100720250815,PORT001,INS0008,2025-08-15,1034,66.7985,69069.65,47.62,INR,MOCK_FEED
POS00100820250815,PORT001,INS0009,2025-08-15,4136,30.7137,127031.86,-2537.22,EUR,MOCK_FEED
POS00100920250815,PORT001,INS0010,2025-08-15,3436,57.7109,198294.65,31.51,USD,MOCK_FEED
POS00101020250815,PORT001,INS0011,2025-08-15,999,22.4725,22450.03,15.8,USD,MOCK_FEED
POS00100120250816,PORT001,INS0002,2025-08-16,3173,34.643,109922.24,1463.62,INR,MOCK_FEED
POS00100220250816,PORT001,INS0003,2025-08-16,840,36.0609,30291.16,222.44,INR,MOCK_FEED
POS00100320250816,PORT001,INS0004,2025-08-16,3957,43.8423,173483.98,-1975.4,INR,MOCK_FEED
POS00100420250816,PORT001,INS0005,2025-08-16,3898,45.4731,177254.14,3228.3,GBP,MOCK_FEED
POS00100520250816,PORT001,INS0006,2025-08-16,672,24.994,16795.97,-274.05,GBP,MOCK_FEED
POS00100620250816,PORT001,INS0007,2025-08-16,4486,45.2636,203052.51,4637.69,EUR,MOCK_FEED
POS00100720250816,PORT001,INS0008,2025-08-16,4117,67.2325,276796.2,-1814.69,USD,MOCK_FEED
POS00100820250816,PORT001,INS0009,2025-08-16,2652,31.4639,83442.26,-1083.1,INR,MOCK_FEED
POS00100920250816,PORT001,INS0010,2025-08-16,4727,57.4495,271563.79,-368.48,GBP,MOCK_FEED
POS00101020250816,PORT001,INS0011,2025-08-16,4867,22.8729,111322.4,1230.17,GBP,MOCK_FEED
POS00100120250817,PORT001,INS0002,2025-08-17,125,35.0619,4382.74,52.08,USD,MOCK_FEED
POS00100220250817,PORT001,INS0003,2025-08-17,844,36.6876,30964.33,-723.62,INR,MOCK_FEED
POS00100320250817,PORT001,INS0004,2025-08-17,3008,43.4907,130820.03,-717.33,USD,MOCK_FEED
POS00100420250817,PORT001,INS0005,2025-08-17,298,45.5456,13572.59,-235.84,EUR,MOCK_FEED
POS00100520250817,PORT001,INS0006,2025-08-17,2400,24.104,57849.6,-1494.53,GBP,MOCK_FEED
POS00100620250817,PORT001,INS0007,2025-08-17,4769,45.9911,219331.56,-886.33,INR,MOCK_FEED
POS00100720250817,PORT001,INS0008,2025-08-17,1951,67.4051,131507.35,-3457.92,EUR,MOCK_FEED
POS00100820250817,PORT001,INS0009,2025-08-17,4624,31.2907,144688.2,4653.22,GBP,MOCK_FEED
POS00100920250817,PORT001,INS0010,2025-08-17,4329,57.3963,248468.58,8233.74,INR,MOCK_FEED
POS00101020250817,PORT001,INS0011,2025-08-17,555,22.5907,12537.84,-103.87,GBP,MOCK_FEED
POS00100120250818,PORT001,INS0002,2025-08-18,837,35.7926,29958.41,996.63,EUR,MOCK_FEED
POS00100220250818,PORT001,INS0003,2025-08-18,2728,35.4705,96763.52,1371.44,INR,MOCK_FEED
POS00100320250818,PORT001,INS0004,2025-08-18,1055,43.9952,46414.94,1177.46,INR,MOCK_FEED
POS00100420250818,PORT001,INS0005,2025-08-18,2651,45.8662,121591.3,-2033.6,USD,MOCK_FEED
POS00100520250818,PORT001,INS0006,2025-08-18,1630,24.2361,39504.84,-1173.59,EUR,MOCK_FEED
POS00100620250818,PORT001,INS0007,2025-08-18,2015,46.3854,93466.58,-930.47,INR,MOCK_FEED
POS00100720250818,PORT001,INS0008,2025-08-18,2913,67.4407,196454.76,-2846.22,INR,MOCK_FEED
POS00100820250818,PORT001,INS0009,2025-08-18,2523,31.0878,78434.52,-1812.62,EUR,MOCK_FEED
POS00100920250818,PORT001,INS0010,2025-08-18,3684,57.9626,213534.22,7227.16,EUR,MOCK_FEED
POS00101020250818,PORT001,INS0011,2025-08-18,4791,23.1054,110697.97,3994.71,GBP,MOCK_FEED
POS00100120250819,PORT001,INS0002,2025-08-19,2890,35.2713,101934.06,1131.0,GBP,MOCK_FEED
POS00100220250819,PORT001,INS0003,2025-08-19,4427,35.9431,159120.1,-1695.9,EUR,MOCK_FEED
POS00100320250819,PORT001,INS0004,2025-08-19,2603,43.4099,112995.97,-2227.61,INR,MOCK_FEED
POS00100420250819,PORT001,INS0005,2025-08-19,1976,45.383,89676.81,1579.26,GBP,MOCK_FEED
POS00100520250819,PORT001,INS0006,2025-08-19,4432,24.2547,107496.83,-710.12,GBP,MOCK_FEED
POS00100620250819,PORT001,INS0007,2025-08-19,2020,45.2034,91310.87,1509.36,INR,MOCK_FEED
POS00100720250819,PORT001,INS0008,2025-08-19,1759,67.1217,118067.07,-919.93,USD,MOCK_FEED
POS00100820250819,PORT001,INS0009,2025-08-19,760,31.3787,23847.81,-390.78,INR,MOCK_FEED
POS00100920250819,PORT001,INS0010,2025-08-19,225,58.4938,13161.1,407.75,USD,MOCK_FEED
POS00101020250819,PORT001,INS0011,2025-08-19,3168,22.9783,72795.25,-986.85,INR,MOCK_FEED
POS00100120250820,PORT001,INS0002,2025-08-20,1975,34.4298,67998.85,1871.29,INR,MOCK_FEED
POS00100220250820,PORT001,INS0003,2025-08-20,4224,35.1242,148364.62,2874.72,INR,MOCK_FEED
POS00100320250820,PORT001,INS0004,2025-08-20,2527,42.9851,108623.35,3738.1,GBP,MOCK_FEED
POS00100420250820,PORT001,INS0005,2025-08-20,4221,43.8038,184895.84,7362.9,INR,MOCK_FEED
POS00100520250820,PORT001,INS0006,2025-08-20,810,24.7514,20048.63,279.56,INR,MOCK_FEED
POS00100620250820,PORT001,INS0007,2025-08-20,2527,46.7112,118039.2,4290.44,GBP,MOCK_FEED
POS00100720250820,PORT001,INS0008,2025-08-20,2663,66.9769,178359.48,-1559.68,USD,MOCK_FEED
POS00100820250820,PORT001,INS0009,2025-08-20,2655,31.07,82490.85,-177.45,EUR,MOCK_FEED
POS00100920250820,PORT001,INS0010,2025-08-20,2491,57.6279,143551.1,-2262.45,INR,MOCK_FEED
POS00101020250820,PORT001,INS0011,2025-08-20,786,23.402,18393.97,68.58,USD,MOCK_FEED
POS00100120250821,PORT001,INS0002,2025-08-21,1309,34.5397,45212.47,753.21,EUR,MOCK_FEED
POS00100220250821,PORT001,INS0003,2025-08-21,3047,35.1742,107175.79,-1182.74,EUR,MOCK_FEED
POS00100320250821,PORT001,INS0004,2025-08-21,851,42.5187,36183.41,91.8,USD,MOCK_FEED
POS00100420250821,PORT001,INS0005,2025-08-21,704,43.0852,30331.98,-207.21,GBP,MOCK_FEED
POS00100520250821,PORT001,INS0006,2025-08-21,998,24.904,24854.19,-53.15,EUR,MOCK_FEED
POS00100620250821,PORT001,INS0007,2025-08-21,4897,46.8983,229660.98,7172.9,EUR,MOCK_FEED
POS00100720250821,PORT001,INS0008,2025-08-21,3419,67.0756,229331.48,9166.65,USD,MOCK_FEED
POS00100820250821,PORT001,INS0009,2025-08-21,2900,31.5816,91586.64,2440.98,INR,MOCK_FEED
POS00100920250821,PORT001,INS0010,2025-08-21,4274,57.3398,245070.31,-390.28,INR,MOCK_FEED
POS00101020250821,PORT001,INS0011,2025-08-21,2717,23.3589,63466.13,137.25,INR,MOCK_FEED
POS00100120250822,PORT001,INS0002,2025-08-22,815,34.721,28297.61,-392.96,GBP,MOCK_FEED
POS00100220250822,PORT001,INS0003,2025-08-22,3456,35.0213,121033.61,-1404.1,INR,MOCK_FEED
POS00100320250822,PORT001,INS0004,2025-08-22,2843,42.9672,122155.75,-1157.09,EUR,MOCK_FEED
POS00100420250822,PORT001,INS0005,2025-08-22,2999,42.6907,128029.41,-384.17,EUR,MOCK_FEED
POS00100520250822,PORT001,INS0006,2025-08-22,4131,24.6447,101807.26,-2193.5,EUR,MOCK_FEED
POS00100620250822,PORT001,INS0007,2025-08-22,573,46.2858,26521.76,921.33,GBP,MOCK_FEED
POS00100720250822,PORT001,INS0008,2025-08-22,4727,67.6644,319849.62,10791.95,EUR,MOCK_FEED
POS00100820250822,PORT001,INS0009,2025-08-22,4660,31.4716,146657.66,-2497.23,INR,MOCK_FEED
POS00100920250822,PORT001,INS0010,2025-08-22,2453,57.2967,140548.81,-3347.4,GBP,MOCK_FEED
POS00101020250822,PORT001,INS0011,2025-08-22,3675,24.0872,88520.46,2001.16,USD,MOCK_FEED
POS00100120250823,PORT001,INS0002,2025-08-23,1991,34.643,68974.21,2728.12,GBP,MOCK_FEED
POS00100220250823,PORT001,INS0003,2025-08-23,2443,35.2653,86153.13,1638.7,GBP,MOCK_FEED
POS00100320250823,PORT001,INS0004,2025-08-23,4701,42.4753,199676.39,5772.06,GBP,MOCK_FEED
POS00100420250823,PORT001,INS0005,2025-08-23,4854,43.1197,209303.02,3122.35,USD,MOCK_FEED
POS00100520250823,PORT001,INS0006,2025-08-23,1165,25.0088,29135.25,-814.37,GBP,MOCK_FEED
POS00100620250823,PORT001,INS0007,2025-08-23,4270,45.4969,194271.76,4346.61,EUR,MOCK_FEED
POS00100720250823,PORT001,INS0008,2025-08-23,2083,67.3933,140380.24,2838.81,GBP,MOCK_FEED
POS00100820250823,PORT001,INS0009,2025-08-23,4737,32.2576,152804.25,4894.21,EUR,MOCK_FEED
POS00100920250823,PORT001,INS0010,2025-08-23,1124,57.5286,64662.15,-1749.4,USD,MOCK_FEED
POS00101020250823,PORT001,INS0011,2025-08-23,4396,23.3201,102515.16,-2505.27,INR,MOCK_FEED
POS00100120250824,PORT001,INS0002,2025-08-24,2636,34.6281,91279.67,1904.03,INR,MOCK_FEED
POS00100220250824,PORT001,INS0003,2025-08-24,2134,35.6379,76051.28,-1371.96,USD,MOCK_FEED
POS00100320250824,PORT001,INS0004,2025-08-24,1944,42.9381,83471.67,-2085.7,USD,MOCK_FEED
POS00100420250824,PORT001,INS0005,2025-08-24,543,43.1193,23413.78,-225.43,USD,MOCK_FEED
POS00100520250824,PORT001,INS0006,2025-08-24,2550,24.6392,62829.96,638.37,USD,MOCK_FEED
POS00100620250824,PORT001,INS0007,2025-08-24,4036,45.0268,181728.16,605.21,INR,MOCK_FEED
POS00100720250824,PORT001,INS0008,2025-08-24,428,67.48,28881.44,1030.59,EUR,MOCK_FEED
POS00100820250824,PORT001,INS0009,2025-08-24,1644,32.2264,52980.2,-3.45,EUR,MOCK_FEED
POS00100920250824,PORT001,INS0010,2025-08-24,3523,57.6822,203214.39,-4444.98,USD,MOCK_FEED
POS00101020250824,PORT001,INS0011,2025-08-24,4354,23.3494,101663.29,-1795.46,USD,MOCK_FEED
POS00100120250825,PORT001,INS0002,2025-08-25,2411,35.0999,84625.86,-2058.66,USD,MOCK_FEED
POS00100220250825,PORT001,INS0003,2025-08-25,3686,35.0391,129154.12,-1884.51,GBP,MOCK_FEED
POS00100320250825,PORT001,INS0004,2025-08-25,3971,42.8456,170139.88,265.31,INR,MOCK_FEED
POS00100420250825,PORT001,INS0005,2025-08-25,3128,42.2385,132122.03,846.68,EUR,MOCK_FEED
POS00100520250825,PORT001,INS0006,2025-08-25,2992,24.3261,72783.69,2021.71,EUR,MOCK_FEED
POS00100620250825,PORT001,INS0007,2025-08-25,1853,45.1682,83696.67,120.98,USD,MOCK_FEED
POS00100720250825,PORT001,INS0008,2025-08-25,2384,67.6674,161319.08,-3130.88,EUR,MOCK_FEED
POS00100820250825,PORT001,INS0009,2025-08-25,4581,31.7659,145519.59,1153.97,INR,MOCK_FEED
POS00100920250825,PORT001,INS0010,2025-08-25,792,57.2221,45319.9,-940.13,INR,MOCK_FEED
POS00101020250825,PORT001,INS0011,2025-08-25,2836,22.7882,64627.34,-1637.2,INR,MOCK_FEED
POS00100120250826,PORT001,INS0002,2025-08-26,1501,35.469,53238.97,-1440.76,USD,MOCK_FEED
POS00100220250826,PORT001,INS0003,2025-08-26,4807,34.082,163832.17,5742.15,INR,MOCK_FEED
POS00100320250826,PORT001,INS0004,2025-08-26,2647,42.5025,112504.12,-971.79,GBP,MOCK_FEED
POS00100420250826,PORT001,INS0005,2025-08-26,2410,41.3754,99714.71,-2305.7,EUR,MOCK_FEED
POS00100520250826,PORT001,INS0006,2025-08-26,2416,23.7413,57358.98,1468.65,GBP,MOCK_FEED
POS00100620250826,PORT001,INS0007,2025-08-26,936,45.6751,42751.89,645.26,EUR,MOCK_FEED
POS00100720250826,PORT001,INS0008,2025-08-26,1112,66.9372,74434.17,-1920.57,EUR,MOCK_FEED
POS00100820250826,PORT001,INS0009,2025-08-26,182,31.5912,5749.6,-61.3,GBP,MOCK_FEED
POS00100920250826,PORT001,INS0010,2025-08-26,378,57.2642,21645.87,65.49,INR,MOCK_FEED
POS00101020250826,PORT001,INS0011,2025-08-26,1178,22.479,26480.26,26.53,INR,MOCK_FEED
POS00100120250827,PORT001,INS0002,2025-08-27,3154,35.3662,111544.99,-1066.92,GBP,MOCK_FEED
POS00100220250827,PORT001,INS0003,2025-08-27,3965,33.5485,133019.8,-3140.75,INR,MOCK_FEED
POS00100320250827,PORT001,INS0004,2025-08-27,4007,42.6143,170755.5,-3170.56,EUR,MOCK_FEED
POS00100420250827,PORT001,INS0005,2025-08-27,2842,40.7266,115745.0,864.44,USD,MOCK_FEED
POS00100520250827,PORT001,INS0006,2025-08-27,2093,23.3019,48770.88,1583.82,EUR,MOCK_FEED
POS00100620250827,PORT001,INS0007,2025-08-27,1831,45.1801,82724.76,-2365.71,GBP,MOCK_FEED
POS00100720250827,PORT001,INS0008,2025-08-27,706,67.2384,47470.31,1580.48,USD,MOCK_FEED
POS00100820250827,PORT001,INS0009,2025-08-27,1244,31.0367,38609.65,-633.85,EUR,MOCK_FEED
POS00100920250827,PORT001,INS0010,2025-08-27,2377,57.5395,136771.39,1115.45,USD,MOCK_FEED
POS00101020250827,PORT001,INS0011,2025-08-27,1805,22.1571,39993.57,528.04,EUR,MOCK_FEED
POS00100120250828,PORT001,INS0002,2025-08-28,4778,35.6783,170470.92,1871.61,INR,MOCK_FEED
POS00100220250828,PORT001,INS0003,2025-08-28,3134,33.8275,106015.38,3979.11,USD,MOCK_FEED
POS00100320250828,PORT001,INS0004,2025-08-28,124,42.6277,5285.83,116.28,INR,MOCK_FEED
POS00100420250828,PORT001,INS0005,2025-08-28,4966,41.0757,203981.93,-5049.71,GBP,MOCK_FEED
POS00100520250828,PORT001,INS0006,2025-08-28,2495,22.963,57292.69,2044.36,USD,MOCK_FEED
POS00100620250828,PORT001,INS0007,2025-08-28,4059,45.3389,184030.6,1645.77,INR,MOCK_FEED
POS00100720250828,PORT001,INS0008,2025-08-28,4399,66.914,294354.69,-7590.46,GBP,MOCK_FEED
POS00100820250828,PORT001,INS0009,2025-08-28,1424,30.8603,43945.07,-515.97,USD,MOCK_FEED
POS00100920250828,PORT001,INS0010,2025-08-28,2725,57.3987,156411.46,-837.33,EUR,MOCK_FEED
POS00101020250828,PORT001,INS0011,2025-08-28,2940,21.7639,63985.87,1134.69,USD,MOCK_FEED
POS00100120250829,PORT001,INS0002,2025-08-29,515,35.5335,18299.75,-146.24,USD,MOCK_FEED
POS00100220250829,PORT001,INS0003,2025-08-29,4040,33.6947,136126.59,2397.52,EUR,MOCK_FEED
POS00100320250829,PORT001,INS0004,2025-08-29,4658,42.8024,199373.58,-49.72,GBP,MOCK_FEED
POS00100420250829,PORT001,INS0005,2025-08-29,4963,41.1028,203993.2,7178.16,GBP,MOCK_FEED
POS00100520250829,PORT001,INS0006,2025-08-29,1513,22.6065,34203.63,582.17,USD,MOCK_FEED
POS00100620250829,PORT001,INS0007,2025-08-29,1992,44.5891,88821.49,1562.51,EUR,MOCK_FEED
POS00100720250829,PORT001,INS0008,2025-08-29,3997,66.9448,267578.37,-3709.38,INR,MOCK_FEED
POS00100820250829,PORT001,INS0009,2025-08-29,4201,31.001,130235.2,382.11,USD,MOCK_FEED
POS00100920250829,PORT001,INS0010,2025-08-29,3058,58.316,178330.33,-3860.33,EUR,MOCK_FEED
POS00101020250829,PORT001,INS0011,2025-08-29,4435,21.5777,95697.1,2289.63,USD,MOCK_FEED
POS00100120250830,PORT001,INS0002,2025-08-30,4742,35.3863,167801.83,-1278.62,EUR,MOCK_FEED
POS00100220250830,PORT001,INS0003,2025-08-30,2540,33.7787,85797.9,-2130.69,INR,MOCK_FEED
POS00100320250830,PORT001,INS0004,2025-08-30,3933,42.7337,168071.64,-1416.53,GBP,MOCK_FEED
POS00100420250830,PORT001,INS0005,2025-08-30,990,41.0341,40623.76,142.9,USD,MOCK_FEED
POS00100520250830,PORT001,INS0006,2025-08-30,1984,22.2986,44240.42,1172.83,EUR,MOCK_FEED
POS00100620250830,PORT001,INS0007,2025-08-30,3016,44.4857,134168.87,2812.61,EUR,MOCK_FEED
POS00100720250830,PORT001,INS0008,2025-08-30,2377,66.2725,157529.73,577.9,EUR,MOCK_FEED
POS00100820250830,PORT001,INS0009,2025-08-30,325,30.4715,9903.24,-295.86,EUR,MOCK_FEED
POS00100920250830,PORT001,INS0010,2025-08-30,4627,58.1972,269278.44,-2562.48,GBP,MOCK_FEED
POS00101020250830,PORT001,INS0011,2025-08-30,895,21.5051,19247.06,759.61,INR,MOCK_FEED
POS00100120250831,PORT001,INS0002,2025-08-31,3181,35.7897,113847.04,-2037.81,USD,MOCK_FEED
POS00100220250831,PORT001,INS0003,2025-08-31,2106,33.7317,71038.96,2352.62,GBP,MOCK_FEED
POS00100320250831,PORT001,INS0004,2025-08-31,2586,43.3494,112101.55,1096.6,GBP,MOCK_FEED
POS00100420250831,PORT001,INS0005,2025-08-31,4170,41.5925,173440.73,165.46,INR,MOCK_FEED
POS00100520250831,PORT001,INS0006,2025-08-31,4471,22.3252,99815.97,1469.05,INR,MOCK_FEED
POS00100620250831,PORT001,INS0007,2025-08-31,4796,44.3018,212471.43,-3027.34,GBP,MOCK_FEED
POS00100720250831,PORT001,INS0008,2025-08-31,898,66.1652,59416.35,-426.98,EUR,MOCK_FEED
POS00100820250831,PORT001,INS0009,2025-08-31,2522,30.5433,77030.2,1495.1,EUR,MOCK_FEED
POS00100920250831,PORT001,INS0010,2025-08-31,1367,58.7972,80375.77,250.19,USD,MOCK_FEED
POS00101020250831,PORT001,INS0011,2025-08-31,2835,21.3638,60566.37,-1298.96,USD,MOCK_FEED
POS00100120250901,PORT001,INS0002,2025-09-01,3078,35.8924,110476.81,83.4,EUR,MOCK_FEED
POS00100220250901,PORT001,INS0003,2025-09-01,2654,33.0926,87827.76,574.77,EUR,MOCK_FEED
POS00100320250901,PORT001,INS0004,2025-09-01,1999,42.517,84991.48,235.12,INR,MOCK_FEED
POS00100420250901,PORT001,INS0005,2025-09-01,1323,41.6262,55071.46,-60.91,GBP,MOCK_FEED
POS00100520250901,PORT001,INS0006,2025-09-01,4461,22.6588,101080.91,-319.32,EUR,MOCK_FEED
POS00100620250901,PORT001,INS0007,2025-09-01,4110,44.1377,181405.95,4272.52,GBP,MOCK_FEED
POS00100720250901,PORT001,INS0008,2025-09-01,2955,66.9434,197817.75,-2367.29,USD,MOCK_FEED
POS00100820250901,PORT001,INS0009,2025-09-01,4170,30.4686,127054.06,-3505.53,USD,MOCK_FEED
POS00100920250901,PORT001,INS0010,2025-09-01,2446,59.0002,144314.49,-282.18,GBP,MOCK_FEED
POS00101020250901,PORT001,INS0011,2025-09-01,4052,21.8596,88575.1,2894.59,EUR,MOCK_FEED
POS00100120250902,PORT001,INS0002,2025-09-02,2985,35.0537,104635.29,-1366.52,EUR,MOCK_FEED
POS00100220250902,PORT001,INS0003,2025-09-02,2751,33.7578,92867.71,2914.12,USD,MOCK_FEED
POS00100320250902,PORT001,INS0004,2025-09-02,4271,41.5949,177651.82,6480.63,GBP,MOCK_FEED
POS00100420250902,PORT001,INS0005,2025-09-02,185,41.7367,7721.29,69.9,EUR,MOCK_FEED
POS00100520250902,PORT001,INS0006,2025-09-02,3728,22.6058,84274.42,-2300.47,INR,MOCK_FEED
POS00100620250902,PORT001,INS0007,2025-09-02,2374,45.2055,107317.86,-2355.05,EUR,MOCK_FEED
POS00100720250902,PORT001,INS0008,2025-09-02,384,67.4323,25894.0,1013.31,USD,MOCK_FEED
POS00100820250902,PORT001,INS0009,2025-09-02,4230,30.7211,129950.25,3599.58,USD,MOCK_FEED
POS00100920250902,PORT001,INS0010,2025-09-02,2953,59.556,175868.87,-1143.93,USD,MOCK_FEED
POS00101020250902,PORT001,INS0011,2025-09-02,1562,21.9279,34251.38,195.1,GBP,MOCK_FEED
POS00100120250903,PORT001,INS0002,2025-09-03,4358,35.2419,153584.2,1525.88,GBP,MOCK_FEED
POS00100220250903,PORT001,INS0003,2025-09-03,4813,33.866,162997.06,-4671.34,GBP,MOCK_FEED
POS00100320250903,PORT001,INS0004,2025-09-03,1453,41.845,60800.78,1786.74,INR,MOCK_FEED
POS00100420250903,PORT001,INS0005,2025-09-03,2850,42.1334,120080.19,-960.99,USD,MOCK_FEED
POS00100520250903,PORT001,INS0006,2025-09-03,1038,22.6427,23503.12,511.75,EUR,MOCK_FEED
POS00100620250903,PORT001,INS0007,2025-09-03,4411,44.9502,198275.33,-4714.92,INR,MOCK_FEED
POS00100720250903,PORT001,INS0008,2025-09-03,144,67.2802,9688.35,102.63,INR,MOCK_FEED
POS00100820250903,PORT001,INS0009,2025-09-03,1132,31.162,35275.38,797.92,GBP,MOCK_FEED
POS00100920250903,PORT001,INS0010,2025-09-03,599,60.3243,36134.26,643.2,USD,MOCK_FEED
POS00101020250903,PORT001,INS0011,2025-09-03,3801,22.0222,83706.38,0.84,GBP,MOCK_FEED
POS00100120250904,PORT001,INS0002,2025-09-04,3486,35.9366,125274.99,-1825.62,EUR,MOCK_FEED
POS00100220250904,PORT001,INS0003,2025-09-04,4145,34.017,141000.47,4533.83,USD,MOCK_FEED
POS00100320250904,PORT001,INS0004,2025-09-04,161,41.9492,6753.82,230.14,GBP,MOCK_FEED
POS00100420250904,PORT001,INS0005,2025-09-04,4006,42.3127,169504.68,1629.0,USD,MOCK_FEED
POS00100520250904,PORT001,INS0006,2025-09-04,3434,22.5189,77329.9,-210.58,EUR,MOCK_FEED
POS00100620250904,PORT001,INS0007,2025-09-04,2285,44.7373,102224.73,-244.56,GBP,MOCK_FEED
POS00100720250904,PORT001,INS0008,2025-09-04,3276,67.5063,221150.64,-1519.08,USD,MOCK_FEED
POS00100820250904,PORT001,INS0009,2025-09-04,3344,31.414,105048.42,-3115.12,INR,MOCK_FEED
POS00100920250904,PORT001,INS0010,2025-09-04,1461,61.0066,89130.64,185.98,EUR,MOCK_FEED
POS00101020250904,PORT001,INS0011,2025-09-04,3500,21.9131,76695.85,-1194.26,EUR,MOCK_FEED
POS00100120250905,PORT001,INS0002,2025-09-05,3069,36.7393,112752.91,4412.57,USD,MOCK_FEED
POS00100220250905,PORT001,INS0003,2025-09-05,1234,33.8068,41717.59,-1145.81,EUR,MOCK_FEED
POS00100320250905,PORT001,INS0004,2025-09-05,4518,42.3142,191175.56,3042.01,INR,MOCK_FEED
POS00100420250905,PORT001,INS0005,2025-09-05,1158,42.0293,48669.93,1157.92,INR,MOCK_FEED
POS00100520250905,PORT001,INS0006,2025-09-05,3686,22.0788,81382.46,436.95,USD,MOCK_FEED
POS00100620250905,PORT001,INS0007,2025-09-05,1471,44.9779,66162.49,1335.24,INR,MOCK_FEED
POS00100720250905,PORT001,INS0008,2025-09-05,4170,67.0799,279723.18,-5411.27,EUR,MOCK_FEED
POS00100820250905,PORT001,INS0009,2025-09-05,3210,31.7821,102020.54,429.68,EUR,MOCK_FEED
POS00100920250905,PORT001,INS0010,2025-09-05,3528,60.6962,214136.19,3245.49,USD,MOCK_FEED
POS00101020250905,PORT001,INS0011,2025-09-05,3521,22.3335,78636.25,1009.87,GBP,MOCK_FEED
POS00100120250906,PORT001,INS0002,2025-09-06,545,36.3281,19798.81,506.85,GBP,MOCK_FEED
POS00100220250906,PORT001,INS0003,2025-09-06,2935,33.5884,98581.95,2910.56,USD,MOCK_FEED
POS00100320250906,PORT001,INS0004,2025-09-06,847,43.101,36506.55,990.48,EUR,MOCK_FEED
POS00100420250906,PORT001,INS0005,2025-09-06,853,41.7087,35577.52,73.46,INR,MOCK_FEED
POS00100520250906,PORT001,INS0006,2025-09-06,270,22.0508,5953.72,-28.86,GBP,MOCK_FEED
POS00100620250906,PORT001,INS0007,2025-09-06,3635,44.9849,163520.11,-365.18,INR,MOCK_FEED
POS00100720250906,PORT001,INS0008,2025-09-06,224,66.8716,14979.24,531.83,EUR,MOCK_FEED
POS00100820250906,PORT001,INS0009,2025-09-06,1965,32.4754,63814.16,980.48,GBP,MOCK_FEED
POS00100920250906,PORT001,INS0010,2025-09-06,264,61.425,16216.2,-105.83,INR,MOCK_FEED
POS00101020250906,PORT001,INS0011,2025-09-06,3440,22.5872,77699.97,-351.53,INR,MOCK_FEED
POS00100120250907,PORT001,INS0002,2025-09-07,1260,35.8881,45219.01,-92.46,EUR,MOCK_FEED
POS00100220250907,PORT001,INS0003,2025-09-07,4227,34.1802,144479.71,-4050.01,GBP,MOCK_FEED
POS00100320250907,PORT001,INS0004,2025-09-07,2779,42.9276,119295.8,637.13,EUR,MOCK_FEED
POS00100420250907,PORT001,INS0005,2025-09-07,4938,41.7974,206395.56,-5095.09,INR,MOCK_FEED
POS00100520250907,PORT001,INS0006,2025-09-07,1261,22.2713,28084.11,-340.56,USD,MOCK_FEED
POS00100620250907,PORT001,INS0007,2025-09-07,3104,44.7958,139046.16,-4031.62,EUR,MOCK_FEED
POS00100720250907,PORT001,INS0008,2025-09-07,2302,68.6772,158094.91,3619.07,INR,MOCK_FEED
POS00100820250907,PORT001,INS0009,2025-09-07,1210,32.1328,38880.69,528.55,INR,MOCK_FEED
POS00100920250907,PORT001,INS0010,2025-09-07,1166,60.747,70831.0,-891.2,GBP,MOCK_FEED
POS00101020250907,PORT001,INS0011,2025-09-07,929,22.6185,21012.59,-375.28,INR,MOCK_FEED
POS00100120250908,PORT001,INS0002,2025-09-08,179,36.3175,6500.83,255.72,INR,MOCK_FEED
POS00100220250908,PORT001,INS0003,2025-09-08,111,34.0807,3782.96,50.55,GBP,MOCK_FEED
POS00100320250908,PORT001,INS0004,2025-09-08,2177,42.7649,93099.19,219.38,GBP,MOCK_FEED
POS00100420250908,PORT001,INS0005,2025-09-08,750,41.7801,31335.07,976.31,USD,MOCK_FEED
POS00100520250908,PORT001,INS0006,2025-09-08,592,22.4683,13301.23,-341.21,USD,MOCK_FEED
POS00100620250908,PORT001,INS0007,2025-09-08,4521,44.6459,201844.11,8055.73,INR,MOCK_FEED
POS00100720250908,PORT001,INS0008,2025-09-08,999,69.1866,69117.41,-1918.77,USD,MOCK_FEED
POS00100820250908,PORT001,INS0009,2025-09-08,1116,32.071,35791.24,290.56,GBP,MOCK_FEED
POS00100920250908,PORT001,INS0010,2025-09-08,3944,61.8887,244089.03,1121.57,EUR,MOCK_FEED
POS00101020250908,PORT001,INS0011,2025-09-08,1811,22.2387,40274.29,-84.44,INR,MOCK_FEED
POS00100120250909,PORT001,INS0002,2025-09-09,3485,36.0615,125674.33,-692.18,INR,MOCK_FEED
POS00100220250909,PORT001,INS0003,2025-09-09,447,35.7014,15958.53,-236.95,INR,MOCK_FEED
POS00100320250909,PORT001,INS0004,2025-09-09,3477,42.273,146983.22,5096.21,GBP,MOCK_FEED
POS00100420250909,PORT001,INS0005,2025-09-09,2756,41.4874,114339.27,528.65,USD,MOCK_FEED
POS00100520250909,PORT001,INS0006,2025-09-09,4787,22.1624,106091.41,-2323.12,EUR,MOCK_FEED
POS00100620250909,PORT001,INS0007,2025-09-09,2720,44.082,119903.04,1922.59,EUR,MOCK_FEED
POS00100720250909,PORT001,INS0008,2025-09-09,3904,69.7124,272157.21,5006.21,INR,MOCK_FEED
POS00100820250909,PORT001,INS0009,2025-09-09,1473,32.1341,47333.53,-752.24,INR,MOCK_FEED
POS00100920250909,PORT001,INS0010,2025-09-09,3635,63.3693,230347.41,5576.43,USD,MOCK_FEED
POS00101020250909,PORT001,INS0011,2025-09-09,4397,22.7283,99936.34,-736.03,GBP,MOCK_FEED
POS00100120250910,PORT001,INS0002,2025-09-10,1661,35.6902,59281.42,1319.32,GBP,MOCK_FEED
POS00100220250910,PORT001,INS0003,2025-09-10,2523,35.1383,88653.93,2623.17,INR,MOCK_FEED
POS00100320250910,PORT001,INS0004,2025-09-10,4038,42.1864,170348.68,6518.7,INR,MOCK_FEED
POS00100420250910,PORT001,INS0005,2025-09-10,126,41.9478,5285.42,205.01,EUR,MOCK_FEED
POS00100520250910,PORT001,INS0006,2025-09-10,4321,21.9092,94669.65,2022.31,INR,MOCK_FEED
POS00100620250910,PORT001,INS0007,2025-09-10,3274,43.462,142294.59,3627.89,GBP,MOCK_FEED
POS00100720250910,PORT001,INS0008,2025-09-10,298,70.8598,21116.22,449.72,INR,MOCK_FEED
POS00100820250910,PORT001,INS0009,2025-09-10,1798,30.9916,55722.9,1935.34,INR,MOCK_FEED
POS00100920250910,PORT001,INS0010,2025-09-10,3630,62.1417,225574.37,2656.23,EUR,MOCK_FEED
POS00101020250910,PORT001,INS0011,2025-09-10,3659,22.4105,82000.02,1615.28,INR,MOCK_FEED
POS00100120250911,PORT001,INS0002,2025-09-11,2634,35.8505,94430.22,-694.38,INR,MOCK_FEED
POS00100220250911,PORT001,INS0003,2025-09-11,875,35.6477,31191.74,385.07,EUR,MOCK_FEED
POS00100320250911,PORT001,INS0004,2025-09-11,3232,42.0341,135854.21,74.89,INR,MOCK_FEED
POS00100420250911,PORT001,INS0005,2025-09-11,1637,42.1552,69008.06,270.76,GBP,MOCK_FEED
POS00100520250911,PORT001,INS0006,2025-09-11,3151,21.8993,69004.69,1966.85,USD,MOCK_FEED
POS00100620250911,PORT001,INS0007,2025-09-11,744,44.0548,32776.77,402.16,EUR,MOCK_FEED
POS00100720250911,PORT001,INS0008,2025-09-11,2301,71.619,164795.32,-100.75,EUR,MOCK_FEED
POS00100820250911,PORT001,INS0009,2025-09-11,222,30.7765,6832.38,90.74,USD,MOCK_FEED
POS00100920250911,PORT001,INS0010,2025-09-11,3985,62.1515,247673.73,2390.99,EUR,MOCK_FEED
POS00101020250911,PORT001,INS0011,2025-09-11,4367,22.2656,97233.88,2644.93,EUR,MOCK_FEED
POS00100120250912,PORT001,INS0002,2025-09-12,1570,35.8629,56304.75,1008.26,USD,MOCK_FEED
POS00100220250912,PORT001,INS0003,2025-09-12,221,35.0794,7752.55,-67.97,INR,MOCK_FEED
POS00100320250912,PORT001,INS0004,2025-09-12,1467,42.2189,61935.13,824.93,USD,MOCK_FEED
POS00100420250912,PORT001,INS0005,2025-09-12,3560,42.9308,152833.65,1665.78,GBP,MOCK_FEED
POS00100520250912,PORT001,INS0006,2025-09-12,1267,21.6985,27492.0,261.68,GBP,MOCK_FEED
POS00100620250912,PORT001,INS0007,2025-09-12,2718,44.9592,122199.11,2421.1,EUR,MOCK_FEED
POS00100720250912,PORT001,INS0008,2025-09-12,3996,71.1778,284426.49,-738.92,INR,MOCK_FEED
POS00100820250912,PORT001,INS0009,2025-09-12,2067,30.7115,63480.67,-1181.41,USD,MOCK_FEED
POS00100920250912,PORT001,INS0010,2025-09-12,2275,60.7027,138098.64,421.18,INR,MOCK_FEED
POS00101020250912,PORT001,INS0011,2025-09-12,4246,22.4841,95467.49,-1006.51,EUR,MOCK_FEED
POS00100120250913,PORT001,INS0002,2025-09-13,2023,35.8827,72590.7,1340.81,EUR,MOCK_FEED
POS00100220250913,PORT001,INS0003,2025-09-13,3828,35.3004,135129.93,-1408.5,GBP,MOCK_FEED
POS00100320250913,PORT001,INS0004,2025-09-13,761,42.4588,32311.15,-18.25,USD,MOCK_FEED
POS00100420250913,PORT001,INS0005,2025-09-13,2072,42.3271,87701.75,309.91,USD,MOCK_FEED
POS00100520250913,PORT001,INS0006,2025-09-13,1264,22.0481,27868.8,815.64,GBP,MOCK_FEED
POS00100620250913,PORT001,INS0007,2025-09-13,1669,44.202,73773.14,-866.77,INR,MOCK_FEED
POS00100720250913,PORT001,INS0008,2025-09-13,235,72.9059,17132.89,641.54,INR,MOCK_FEED
POS00100820250913,PORT001,INS0009,2025-09-13,377,30.6262,11546.08,-171.28,EUR,MOCK_FEED
POS00100920250913,PORT001,INS0010,2025-09-13,2573,60.2239,154956.09,-598.83,EUR,MOCK_FEED
POS00101020250913,PORT001,INS0011,2025-09-13,2307,22.7005,52370.05,-386.94,EUR,MOCK_FEED
POS00100120250914,PORT001,INS0002,2025-09-14,548,35.7751,19604.75,717.85,INR,MOCK_FEED
POS00100220250914,PORT001,INS0003,2025-09-14,2119,34.6472,73417.42,-1328.32,EUR,MOCK_FEED
POS00100320250914,PORT001,INS0004,2025-09-14,4144,43.4337,179989.25,-168.65,USD,MOCK_FEED
POS00100420250914,PORT001,INS0005,2025-09-14,567,42.7717,24251.55,6.91,GBP,MOCK_FEED
POS00100520250914,PORT001,INS0006,2025-09-14,4048,22.0549,89278.24,2591.53,GBP,MOCK_FEED
POS00100620250914,PORT001,INS0007,2025-09-14,2324,44.3822,103144.23,3624.02,INR,MOCK_FEED
POS00100720250914,PORT001,INS0008,2025-09-14,2854,73.4857,209728.19,328.27,USD,MOCK_FEED
POS00100820250914,PORT001,INS0009,2025-09-14,4660,30.5112,142182.19,3357.41,EUR,MOCK_FEED
POS00100920250914,PORT001,INS0010,2025-09-14,2580,60.128,155130.24,6031.65,GBP,MOCK_FEED
POS00101020250914,PORT001,INS0011,2025-09-14,4206,22.5398,94802.4,-395.62,USD,MOCK_FEED
POS00100120250915,PORT001,INS0002,2025-09-15,3379,36.3066,122680.0,-929.11,EUR,MOCK_FEED
POS00100220250915,PORT001,INS0003,2025-09-15,713,34.4515,24563.92,870.35,GBP,MOCK_FEED
POS00100320250915,PORT001,INS0004,2025-09-15,1641,43.528,71429.45,1496.52,INR,MOCK_FEED
POS00100420250915,PORT001,INS0005,2025-09-15,3248,42.3511,137556.37,3997.2,USD,MOCK_FEED
POS00100520250915,PORT001,INS0006,2025-09-15,986,22.2728,21960.98,877.78,EUR,MOCK_FEED
POS00100620250915,PORT001,INS0007,2025-09-15,1583,43.7061,69186.76,346.17,GBP,MOCK_FEED
POS00100720250915,PORT001,INS0008,2025-09-15,389,72.2174,28092.57,805.52,USD,MOCK_FEED
POS00100820250915,PORT001,INS0009,2025-09-15,698,30.5313,21310.85,238.96,GBP,MOCK_FEED
POS00100920250915,PORT001,INS0010,2025-09-15,955,60.4098,57691.36,-1516.91,USD,MOCK_FEED
POS00101020250915,PORT001,INS0011,2025-09-15,3776,22.7173,85780.52,-1062.44,EUR,MOCK_FEED
POS00100120250916,PORT001,INS0002,2025-09-16,3479,36.0935,125569.29,229.17,EUR,MOCK_FEED
POS00100220250916,PORT001,INS0003,2025-09-16,2235,34.619,77373.46,582.35,GBP,MOCK_FEED
POS00100320250916,PORT001,INS0004,2025-09-16,4532,43.6024,197606.08,571.04,EUR,MOCK_FEED
POS00100420250916,PORT001,INS0005,2025-09-16,3711,42.1922,156575.25,5430.87,GBP,MOCK_FEED
POS00100520250916,PORT001,INS0006,2025-09-16,2625,22.1224,58071.3,-1284.98,EUR,MOCK_FEED
POS00100620250916,PORT001,INS0007,2025-09-16,3867,43.1878,167007.22,4295.36,USD,MOCK_FEED
POS00100720250916,PORT001,INS0008,2025-09-16,3479,71.9676,250375.28,9392.93,GBP,MOCK_FEED
POS00100820250916,PORT001,INS0009,2025-09-16,839,30.8363,25871.66,-622.05,INR,MOCK_FEED
POS00100920250916,PORT001,INS0010,2025-09-16,882,59.4428,52428.55,939.4,EUR,MOCK_FEED
POS00101020250916,PORT001,INS0011,2025-09-16,4646,22.7835,105852.14,1398.47,INR,MOCK_FEED
POS00100120250917,PORT001,INS0002,2025-09-17,348,36.8104,12810.02,-18.75,USD,MOCK_FEED
POS00100220250917,PORT001,INS0003,2025-09-17,251,34.9143,8763.49,-71.67,EUR,MOCK_FEED
POS00100320250917,PORT001,INS0004,2025-09-17,995,43.0332,42818.03,1262.71,EUR,MOCK_FEED
POS00100420250917,PORT001,INS0005,2025-09-17,3574,41.928,149850.67,-1611.82,USD,MOCK_FEED
POS00100520250917,PORT001,INS0006,2025-09-17,3237,22.0245,71293.31,-496.64,USD,MOCK_FEED
POS00100620250917,PORT001,INS0007,2025-09-17,483,43.6047,21061.07,7.49,USD,MOCK_FEED
POS00100720250917,PORT001,INS0008,2025-09-17,3832,69.836,267611.55,5556.09,USD,MOCK_FEED
POS00100820250917,PORT001,INS0009,2025-09-17,240,30.3073,7273.75,227.1,EUR,MOCK_FEED
POS00100920250917,PORT001,INS0010,2025-09-17,1069,59.0411,63114.94,1495.93,INR,MOCK_FEED
POS00101020250917,PORT001,INS0011,2025-09-17,3855,22.7829,87828.08,2108.5,GBP,MOCK_FEED
POS00100120250918,PORT001,INS0002,2025-09-18,2713,36.9864,100344.1,1790.89,EUR,MOCK_FEED
POS00100220250918,PORT001,INS0003,2025-09-18,3544,34.9651,123916.31,3313.1,EUR,MOCK_FEED
POS00100320250918,PORT001,INS0004,2025-09-18,2744,42.2379,115900.8,-2141.28,EUR,MOCK_FEED
POS00100420250918,PORT001,INS0005,2025-09-18,4181,42.7357,178677.96,-3845.9,EUR,MOCK_FEED
POS00100520250918,PORT001,INS0006,2025-09-18,1895,21.8094,41328.81,321.91,INR,MOCK_FEED
POS00100620250918,PORT001,INS0007,2025-09-18,1650,43.9677,72546.71,2127.54,EUR,MOCK_FEED
POS00100720250918,PORT001,INS0008,2025-09-18,4680,69.5826,325646.57,-7748.1,USD,MOCK_FEED
POS00100820250918,PORT001,INS0009,2025-09-18,4931,29.9626,147745.58,3191.61,INR,MOCK_FEED
POS00100920250918,PORT001,INS0010,2025-09-18,4748,59.3101,281604.35,7350.51,EUR,MOCK_FEED
POS00101020250918,PORT001,INS0011,2025-09-18,4584,23.2046,106369.89,4124.6,EUR,MOCK_FEED
POS00100120250919,PORT001,INS0002,2025-09-19,428,36.4657,15607.32,590.22,EUR,MOCK_FEED
POS00100220250919,PORT001,INS0003,2025-09-19,1143,34.8264,39806.58,-352.3,USD,MOCK_FEED
POS00100320250919,PORT001,INS0004,2025-09-19,2181,42.406,92487.49,-1512.79,INR,MOCK_FEED
POS00100420250919,PORT001,INS0005,2025-09-19,1950,43.4585,84744.07,-1830.77,INR,MOCK_FEED
POS00100520250919,PORT001,INS0006,2025-09-19,2866,21.7205,62250.95,-186.91,USD,MOCK_FEED
POS00100620250919,PORT001,INS0007,2025-09-19,1277,44.6916,57071.17,-528.38,GBP,MOCK_FEED
POS00100720250919,PORT001,INS0008,2025-09-19,3781,70.1954,265408.81,4210.59,EUR,MOCK_FEED
POS00100820250919,PORT001,INS0009,2025-09-19,4485,30.2403,135627.75,1795.76,GBP,MOCK_FEED
POS00100920250919,PORT001,INS0010,2025-09-19,947,60.1904,57000.31,1886.64,GBP,MOCK_FEED
POS00101020250919,PORT001,INS0011,2025-09-19,798,22.8161,18207.25,148.67,EUR,MOCK_FEED
POS00100120250920,PORT001,INS0002,2025-09-20,3489,36.8266,128488.01,5059.51,USD,MOCK_FEED
POS00100220250920,PORT001,INS0003,2025-09-20,1003,35.522,35628.57,-976.27,INR,MOCK_FEED
POS00100320250920,PORT001,INS0004,2025-09-20,3344,42.3551,141635.45,4151.02,USD,MOCK_FEED
POS00100420250920,PORT001,INS0005,2025-09-20,2933,43.6108,127910.48,1223.34,GBP,MOCK_FEED
POS00100520250920,PORT001,INS0006,2025-09-20,2468,21.8734,53983.55,111.57,USD,MOCK_FEED
POS00100620250920,PORT001,INS0007,2025-09-20,2350,44.9027,105521.35,-2373.45,USD,MOCK_FEED
POS00100720250920,PORT001,INS0008,2025-09-20,1261,70.4645,88855.73,-699.22,USD,MOCK_FEED
POS00100820250920,PORT001,INS0009,2025-09-20,2446,30.7419,75194.69,936.03,EUR,MOCK_FEED
POS00100920250920,PORT001,INS0010,2025-09-20,4220,59.8442,252542.52,8337.78,USD,MOCK_FEED
POS00101020250920,PORT001,INS0011,2025-09-20,3241,23.0984,74861.91,650.93,GBP,MOCK_FEED
POS00100120250921,PORT001,INS0002,2025-09-21,1938,36.5217,70779.05,389.95,EUR,MOCK_FEED
POS00100220250921,PORT001,INS0003,2025-09-21,2930,35.3062,103447.17,273.68,GBP,MOCK_FEED
POS00100320250921,PORT001,INS0004,2025-09-21,253,42.6601,10793.01,116.32,GBP,MOCK_FEED
POS00100420250921,PORT001,INS0005,2025-09-21,3355,43.1304,144702.49,872.99,EUR,MOCK_FEED
POS00100520250921,PORT001,INS0006,2025-09-21,2493,21.6004,53849.8,674.78,EUR,MOCK_FEED
POS00100620250921,PORT001,INS0007,2025-09-21,3546,45.245,160438.77,3326.04,EUR,MOCK_FEED
POS00100720250921,PORT001,INS0008,2025-09-21,2145,70.3706,150944.94,-2217.36,EUR,MOCK_FEED
POS00100820250921,PORT001,INS0009,2025-09-21,3108,30.7473,95562.61,-803.46,EUR,MOCK_FEED
POS00100920250921,PORT001,INS0010,2025-09-21,1097,60.603,66481.49,-1813.05,EUR,MOCK_FEED
POS00101020250921,PORT001,INS0011,2025-09-21,962,23.1452,22265.68,8.23,EUR,MOCK_FEED
POS00100120250922,PORT001,INS0002,2025-09-22,351,36.3983,12775.8,-37.94,INR,MOCK_FEED
POS00100220250922,PORT001,INS0003,2025-09-22,4726,36.0466,170356.23,-2046.36,INR,MOCK_FEED
POS00100320250922,PORT001,INS0004,2025-09-22,4719,42.6015,201036.48,-4257.86,GBP,MOCK_FEED
POS00100420250922,PORT001,INS0005,2025-09-22,979,42.935,42033.37,879.48,EUR,MOCK_FEED
POS00100520250922,PORT001,INS0006,2025-09-22,4405,21.5852,95082.81,-2174.02,GBP,MOCK_FEED
POS00100620250922,PORT001,INS0007,2025-09-22,3075,45.6384,140338.08,4439.63,EUR,MOCK_FEED
POS00100720250922,PORT001,INS0008,2025-09-22,143,68.5491,9802.52,140.03,USD,MOCK_FEED
POS00100820250922,PORT001,INS0009,2025-09-22,4002,30.764,123117.53,4511.21,INR,MOCK_FEED
POS00100920250922,PORT001,INS0010,2025-09-22,1264,61.7375,78036.2,-1411.97,INR,MOCK_FEED
POS00101020250922,PORT001,INS0011,2025-09-22,1429,23.4972,33577.5,-837.79,EUR,MOCK_FEED
POS00100120250923,PORT001,INS0002,2025-09-23,4804,35.7986,171976.47,3442.21,GBP,MOCK_FEED
POS00100220250923,PORT001,INS0003,2025-09-23,456,35.9379,16387.68,-386.27,GBP,MOCK_FEED
POS00100320250923,PORT001,INS0004,2025-09-23,3460,42.617,147454.82,-1431.82,GBP,MOCK_FEED
POS00100420250923,PORT001,INS0005,2025-09-23,1975,42.3909,83722.03,-1459.05,INR,MOCK_FEED
POS00100520250923,PORT001,INS0006,2025-09-23,416,21.8648,9095.76,135.27,GBP,MOCK_FEED
POS00100620250923,PORT001,INS0007,2025-09-23,1125,45.9023,51640.09,2043.34,INR,MOCK_FEED
POS00100720250923,PORT001,INS0008,2025-09-23,4477,68.1521,305116.95,8926.16,EUR,MOCK_FEED
POS00100820250923,PORT001,INS0009,2025-09-23,2072,31.1164,64473.18,1549.9,INR,MOCK_FEED
POS00100920250923,PORT001,INS0010,2025-09-23,2082,62.7722,130691.72,2192.56,USD,MOCK_FEED
POS00101020250923,PORT001,INS0011,2025-09-23,1085,23.559,25561.51,335.51,USD,MOCK_FEED
POS00100120250924,PORT001,INS0002,2025-09-24,973,35.7763,34810.34,-79.4,EUR,MOCK_FEED
POS00100220250924,PORT001,INS0003,2025-09-24,2979,36.1024,107549.05,-156.48,INR,MOCK_FEED
POS00100320250924,PORT001,INS0004,2025-09-24,3258,41.7272,135947.22,-2589.6,GBP,MOCK_FEED
POS00100420250924,PORT001,INS0005,2025-09-24,1222,42.2027,51571.7,1885.24,EUR,MOCK_FEED
POS00100520250924,PORT001,INS0006,2025-09-24,3592,22.0027,79033.7,-1747.02,USD,MOCK_FEED
POS00100620250924,PORT001,INS0007,2025-09-24,3087,46.6493,144006.39,1495.48,INR,MOCK_FEED
POS00100720250924,PORT001,INS0008,2025-09-24,2840,67.6658,192170.87,-4439.86,INR,MOCK_FEED
POS00100820250924,PORT001,INS0009,2025-09-24,3014,31.0471,93575.96,2970.53,EUR,MOCK_FEED
POS00100920250924,PORT001,INS0010,2025-09-24,1410,64.0389,90294.85,-2141.29,USD,MOCK_FEED
POS00101020250924,PORT001,INS0011,2025-09-24,3875,23.8682,92489.28,1522.96,INR,MOCK_FEED
POS00100120250925,PORT001,INS0002,2025-09-25,573,36.2388,20764.83,146.62,GBP,MOCK_FEED
POS00100220250925,PORT001,INS0003,2025-09-25,3698,35.217,130232.47,-1667.26,EUR,MOCK_FEED
POS00100320250925,PORT001,INS0004,2025-09-25,4687,41.4296,194180.54,5709.2,EUR,MOCK_FEED
POS00100420250925,PORT001,INS0005,2025-09-25,2270,42.4563,96375.8,3089.9,EUR,MOCK_FEED
POS00100520250925,PORT001,INS0006,2025-09-25,1560,21.6299,33742.64,1056.02,EUR,MOCK_FEED
POS00100620250925,PORT001,INS0007,2025-09-25,2902,46.5689,135142.95,4322.52,INR,MOCK_FEED
POS00100720250925,PORT001,INS0008,2025-09-25,3447,67.1572,231490.87,2514.7,USD,MOCK_FEED
POS00100820250925,PORT001,INS0009,2025-09-25,2305,31.7065,73083.48,-816.34,GBP,MOCK_FEED
POS00100920250925,PORT001,INS0010,2025-09-25,2438,63.4314,154645.75,-2598.74,GBP,MOCK_FEED
POS00101020250925,PORT001,INS0011,2025-09-25,1887,23.3332,44029.75,1470.29,GBP,MOCK_FEED
POS00100120250926,PORT001,INS0002,2025-09-26,238,36.0983,8591.4,160.27,EUR,MOCK_FEED
POS00100220250926,PORT001,INS0003,2025-09-26,552,35.2884,19479.2,-490.72,INR,MOCK_FEED
POS00100320250926,PORT001,INS0004,2025-09-26,3274,41.1885,134851.15,-2204.71,USD,MOCK_FEED
POS00100420250926,PORT001,INS0005,2025-09-26,4995,42.3446,211511.28,1179.7,INR,MOCK_FEED
POS00100520250926,PORT001,INS0006,2025-09-26,4496,21.5619,96942.3,2379.75,GBP,MOCK_FEED
POS00100620250926,PORT001,INS0007,2025-09-26,4290,46.9393,201369.6,-5091.0,GBP,MOCK_FEED
POS00100720250926,PORT001,INS0008,2025-09-26,4131,67.7932,280053.71,10775.39,INR,MOCK_FEED
POS00100820250926,PORT001,INS0009,2025-09-26,3668,32.0138,117426.62,-3073.02,GBP,MOCK_FEED
POS00100920250926,PORT001,INS0010,2025-09-26,1246,64.3977,80239.53,-2378.51,INR,MOCK_FEED
POS00101020250926,PORT001,INS0011,2025-09-26,767,23.4207,17963.68,77.11,INR,MOCK_FEED
POS00100120250927,PORT001,INS0002,2025-09-27,4279,36.8099,157509.56,3921.98,GBP,MOCK_FEED
POS00100220250927,PORT001,INS0003,2025-09-27,1482,34.8928,51711.13,-214.72,USD,MOCK_FEED
POS00100320250927,PORT001,INS0004,2025-09-27,4487,41.3382,185484.5,-4082.81,USD,MOCK_FEED
POS00100420250927,PORT001,INS0005,2025-09-27,4235,42.0839,178225.32,5761.35,GBP,MOCK_FEED
POS00100520250927,PORT001,INS0006,2025-09-27,982,21.2513,20868.78,40.18,EUR,MOCK_FEED
POS00100620250927,PORT001,INS0007,2025-09-27,1856,46.982,87198.59,1597.81,INR,MOCK_FEED
POS00100720250927,PORT001,INS0008,2025-09-27,238,68.7318,16358.17,-30.04,USD,MOCK_FEED
POS00100820250927,PORT001,INS0009,2025-09-27,780,31.9179,24895.96,-736.87,EUR,MOCK_FEED
POS00100920250927,PORT001,INS0010,2025-09-27,1092,63.7848,69653.0,1285.39,USD,MOCK_FEED
POS00101020250927,PORT001,INS0011,2025-09-27,2586,23.8275,61617.92,-545.65,INR,MOCK_FEED
POS00100120250928,PORT001,INS0002,2025-09-28,207,36.8878,7635.77,-182.93,GBP,MOCK_FEED
POS00100220250928,PORT001,INS0003,2025-09-28,4680,34.7372,162570.1,570.35,GBP,MOCK_FEED
POS00100320250928,PORT001,INS0004,2025-09-28,4394,41.6088,182829.07,-3353.82,USD,MOCK_FEED
POS00100420250928,PORT001,INS0005,2025-09-28,665,42.3127,28137.95,-231.0,INR,MOCK_FEED
POS00100520250928,PORT001,INS0006,2025-09-28,3757,21.1227,79357.98,-564.54,GBP,MOCK_FEED
POS00100620250928,PORT001,INS0007,2025-09-28,933,47.0902,43935.16,-1119.31,USD,MOCK_FEED
POS00100720250928,PORT001,INS0008,2025-09-28,2954,67.9573,200745.86,-633.16,INR,MOCK_FEED
POS00100820250928,PORT001,INS0009,2025-09-28,1383,31.4131,43444.32,1657.27,EUR,MOCK_FEED
POS00100920250928,PORT001,INS0010,2025-09-28,3559,64.723,230349.16,4134.22,INR,MOCK_FEED
POS00101020250928,PORT001,INS0011,2025-09-28,1524,23.4705,35769.04,-236.37,INR,MOCK_FEED
POS00100120250929,PORT001,INS0002,2025-09-29,3477,37.0568,128846.49,2429.49,USD,MOCK_FEED
POS00100220250929,PORT001,INS0003,2025-09-29,1370,34.4154,47149.1,1713.47,INR,MOCK_FEED
POS00100320250929,PORT001,INS0004,2025-09-29,4696,41.5897,195305.23,-3641.74,INR,MOCK_FEED
POS00100420250929,PORT001,INS0005,2025-09-29,3516,42.4593,149286.9,2290.57,EUR,MOCK_FEED
POS00100520250929,PORT001,INS0006,2025-09-29,3743,21.0543,78806.24,829.97,GBP,MOCK_FEED
POS00100620250929,PORT001,INS0007,2025-09-29,3412,46.6204,159068.8,-2737.76,INR,MOCK_FEED
POS00100720250929,PORT001,INS0008,2025-09-29,3700,68.6059,253841.83,8107.45,USD,MOCK_FEED
POS00100820250929,PORT001,INS0009,2025-09-29,4703,31.1734,146608.5,611.67,INR,MOCK_FEED
POS00100920250929,PORT001,INS0010,2025-09-29,2185,64.5761,141098.78,2355.76,USD,MOCK_FEED
POS00101020250929,PORT001,INS0011,2025-09-29,3999,23.4304,93698.17,1001.03,GBP,MOCK_FEED
POS00100120250930,PORT001,INS0002,2025-09-30,3070,37.4486,114967.2,-2736.25,USD,MOCK_FEED
POS00100220250930,PORT001,INS0003,2025-09-30,3237,34.1401,110511.5,2079.62,USD,MOCK_FEED
POS00100320250930,PORT001,INS0004,2025-09-30,4516,41.3492,186732.99,7389.96,EUR,MOCK_FEED
POS00100420250930,PORT001,INS0005,2025-09-30,2153,42.7466,92033.43,-1184.87,GBP,MOCK_FEED
POS00100520250930,PORT001,INS0006,2025-09-30,2486,21.1852,52666.41,-820.27,GBP,MOCK_FEED
POS00100620250930,PORT001,INS0007,2025-09-30,1542,45.9677,70882.19,2764.52,USD,MOCK_FEED
POS00100720250930,PORT001,INS0008,2025-09-30,3223,69.5306,224097.12,-4114.62,EUR,MOCK_FEED
POS00100820250930,PORT001,INS0009,2025-09-30,3013,31.0585,93579.26,3689.15,USD,MOCK_FEED
POS00100920250930,PORT001,INS0010,2025-09-30,916,64.948,59492.37,1930.38,INR,MOCK_FEED
POS00101020250930,PORT001,INS0011,2025-09-30,694,23.6995,16447.45,291.59,INR,MOCK_FEED
POS00100120251001,PORT001,INS0002,2025-10-01,529,37.7802,19985.73,-287.43,GBP,MOCK_FEED
POS00100220251001,PORT001,INS0003,2025-10-01,1790,34.5164,61784.36,-572.28,EUR,MOCK_FEED
POS00100320251001,PORT001,INS0004,2025-10-01,3815,41.1285,156905.23,5415.8,EUR,MOCK_FEED
POS00100420251001,PORT001,INS0005,2025-10-01,662,42.5487,28167.24,835.23,GBP,MOCK_FEED
POS00100520251001,PORT001,INS0006,2025-10-01,1318,21.6255,28502.41,790.25,USD,MOCK_FEED
POS00100620251001,PORT001,INS0007,2025-10-01,4258,46.5563,198236.73,-3572.57,USD,MOCK_FEED
POS00100720251001,PORT001,INS0008,2025-10-01,1680,69.2449,116331.43,1081.65,EUR,MOCK_FEED
POS00100820251001,PORT001,INS0009,2025-10-01,4281,31.279,133905.4,3261.73,GBP,MOCK_FEED
POS00100920251001,PORT001,INS0010,2025-10-01,831,65.2011,54182.11,821.34,EUR,MOCK_FEED
POS00101020251001,PORT001,INS0011,2025-10-01,3366,23.8455,80263.95,-2071.67,INR,MOCK_FEED
POS00100120251002,PORT001,INS0002,2025-10-02,3440,37.6338,129460.27,160.05,INR,MOCK_FEED
POS00100220251002,PORT001,INS0003,2025-10-02,4282,34.6254,148265.96,540.85,EUR,MOCK_FEED
POS00100320251002,PORT001,INS0004,2025-10-02,4487,41.3703,185628.54,5889.99,EUR,MOCK_FEED
POS00100420251002,PORT001,INS0005,2025-10-02,1436,42.8525,61536.19,-349.91,USD,MOCK_FEED
POS00100520251002,PORT001,INS0006,2025-10-02,2394,21.9931,52651.48,366.42,USD,MOCK_FEED
POS00100620251002,PORT001,INS0007,2025-10-02,3187,47.3661,150955.76,-2821.0,USD,MOCK_FEED
POS00100720251002,PORT001,INS0008,2025-10-02,3967,67.5049,267791.94,3445.08,EUR,MOCK_FEED
POS00100820251002,PORT001,INS0009,2025-10-02,4395,31.5276,138563.8,1300.0,EUR,MOCK_FEED
POS00100920251002,PORT001,INS0010,2025-10-02,3810,64.5266,245846.35,-3458.24,EUR,MOCK_FEED
POS00101020251002,PORT001,INS0011,2025-10-02,1689,24.1167,40733.11,1352.24,INR,MOCK_FEED
POS00100120251003,PORT001,INS0002,2025-10-03,200,37.1485,7429.7,233.04,EUR,MOCK_FEED
POS00100220251003,PORT001,INS0003,2025-10-03,459,34.2451,15718.5,44.98,INR,MOCK_FEED
POS00100320251003,PORT001,INS0004,2025-10-03,1408,40.8768,57554.53,1356.22,EUR,MOCK_FEED
POS00100420251003,PORT001,INS0005,2025-10-03,802,42.9628,34456.17,1343.86,GBP,MOCK_FEED
POS00100520251003,PORT001,INS0006,2025-10-03,4065,21.6893,88167.0,2538.79,INR,MOCK_FEED
POS00100620251003,PORT001,INS0007,2025-10-03,2417,47.4879,114778.25,4330.54,GBP,MOCK_FEED
POS00100720251003,PORT001,INS0008,2025-10-03,4708,66.6755,313908.25,2767.42,INR,MOCK_FEED
POS00100820251003,PORT001,INS0009,2025-10-03,2088,31.9732,66760.04,329.26,EUR,MOCK_FEED
POS00100920251003,PORT001,INS0010,2025-10-03,1936,66.0979,127965.53,-2187.2,INR,MOCK_FEED
POS00101020251003,PORT001,INS0011,2025-10-03,1933,24.1355,46653.92,43.36,USD,MOCK_FEED
POS00100120251004,PORT001,INS0002,2025-10-04,2765,37.8433,104636.72,18.08,EUR,MOCK_FEED
POS00100220251004,PORT001,INS0003,2025-10-04,3070,33.7388,103578.12,340.78,INR,MOCK_FEED
POS00100320251004,PORT001,INS0004,2025-10-04,2601,41.0305,106720.33,-2638.01,EUR,MOCK_FEED
POS00100420251004,PORT001,INS0005,2025-10-04,4888,42.2587,206560.53,-820.99,EUR,MOCK_FEED
POS00100520251004,PORT001,INS0006,2025-10-04,260,21.3766,5557.92,-127.24,INR,MOCK_FEED
POS00100620251004,PORT001,INS0007,2025-10-04,2375,47.5724,112984.45,1726.51,EUR,MOCK_FEED
POS00100720251004,PORT001,INS0008,2025-10-04,2766,66.9344,185140.55,2053.56,EUR,MOCK_FEED
POS00100820251004,PORT001,INS0009,2025-10-04,3577,32.2525,115367.19,-212.66,USD,MOCK_FEED
POS00100920251004,PORT001,INS0010,2025-10-04,3768,67.0105,252495.56,10029.3,USD,MOCK_FEED
POS00101020251004,PORT001,INS0011,2025-10-04,4197,24.4341,102549.92,1668.38,EUR,MOCK_FEED
POS00100120251005,PORT001,INS0002,2025-10-05,642,38.8395,24934.96,-17.89,GBP,MOCK_FEED
POS00100220251005,PORT001,INS0003,2025-10-05,426,33.6424,14331.66,-75.4,INR,MOCK_FEED
POS00100320251005,PORT001,INS0004,2025-10-05,2960,40.7856,120725.38,3991.66,GBP,MOCK_FEED
POS00100420251005,PORT001,INS0005,2025-10-05,2552,42.356,108092.51,4186.9,GBP,MOCK_FEED
POS00100520251005,PORT001,INS0006,2025-10-05,4428,21.6417,95829.45,3819.39,USD,MOCK_FEED
POS00100620251005,PORT001,INS0007,2025-10-05,3087,48.5897,149996.4,322.92,INR,MOCK_FEED
POS00100720251005,PORT001,INS0008,2025-10-05,4832,67.2094,324755.82,-6408.6,USD,MOCK_FEED
POS00100820251005,PORT001,INS0009,2025-10-05,1291,32.1282,41477.51,-358.99,INR,MOCK_FEED
POS00100920251005,PORT001,INS0010,2025-10-05,4658,66.8645,311454.84,8984.32,INR,MOCK_FEED
POS00101020251005,PORT001,INS0011,2025-10-05,1479,23.8134,35220.02,-90.14,GBP,MOCK_FEED
POS00100120251006,PORT001,INS0002,2025-10-06,3720,39.2288,145931.14,-3336.11,USD,MOCK_FEED
POS00100220251006,PORT001,INS0003,2025-10-06,703,34.0748,23954.58,945.28,USD,MOCK_FEED
POS00100320251006,PORT001,INS0004,2025-10-06,3452,40.8817,141123.63,2709.46,GBP,MOCK_FEED
POS00100420251006,PORT001,INS0005,2025-10-06,431,42.8837,18482.87,-191.78,INR,MOCK_FEED
POS00100520251006,PORT001,INS0006,2025-10-06,2059,21.8653,45020.65,1428.3,USD,MOCK_FEED
POS00100620251006,PORT001,INS0007,2025-10-06,3640,48.0646,174955.14,3029.38,EUR,MOCK_FEED
POS00100720251006,PORT001,INS0008,2025-10-06,1404,65.1783,91510.33,-191.83,GBP,MOCK_FEED
POS00100820251006,PORT001,INS0009,2025-10-06,4133,31.7627,131275.24,1033.01,EUR,MOCK_FEED
POS00100920251006,PORT001,INS0010,2025-10-06,213,65.7271,13999.87,-24.36,GBP,MOCK_FEED
POS00101020251006,PORT001,INS0011,2025-10-06,2989,23.7864,71097.55,1993.36,INR,MOCK_FEED
POS00100120251007,PORT001,INS0002,2025-10-07,2484,39.1782,97318.65,3796.03,INR,MOCK_FEED
POS00100220251007,PORT001,INS0003,2025-10-07,1168,34.2156,39963.82,779.69,INR,MOCK_FEED
POS00100320251007,PORT001,INS0004,2025-10-07,3359,41.119,138118.72,2113.96,INR,MOCK_FEED
POS00100420251007,PORT001,INS0005,2025-10-07,640,43.1597,27622.21,-25.39,INR,MOCK_FEED
POS00100520251007,PORT001,INS0006,2025-10-07,4550,22.1588,100822.54,1705.92,USD,MOCK_FEED
POS00100620251007,PORT001,INS0007,2025-10-07,1029,48.3622,49764.7,1037.91,INR,MOCK_FEED
POS00100720251007,PORT001,INS0008,2025-10-07,3746,64.8117,242784.63,9440.2,INR,MOCK_FEED
POS00100820251007,PORT001,INS0009,2025-10-07,170,31.2326,5309.54,39.89,GBP,MOCK_FEED
POS00100920251007,PORT001,INS0010,2025-10-07,807,66.8204,53924.06,1721.13,INR,MOCK_FEED
POS00101020251007,PORT001,INS0011,2025-10-07,1519,23.7646,36098.43,697.49,INR,MOCK_FEED
POS00100120251008,PORT001,INS0002,2025-10-08,1337,39.1448,52336.6,359.86,INR,MOCK_FEED
POS00100220251008,PORT001,INS0003,2025-10-08,557,34.4019,19161.86,266.02,INR,MOCK_FEED
POS00100320251008,PORT001,INS0004,2025-10-08,1311,40.3739,52930.18,222.42,INR,MOCK_FEED
POS00100420251008,PORT001,INS0005,2025-10-08,4909,42.6746,209489.61,-3122.99,USD,MOCK_FEED
POS00100520251008,PORT001,INS0006,2025-10-08,450,22.6439,10189.75,11.46,EUR,MOCK_FEED
POS00100620251008,PORT001,INS0007,2025-10-08,1003,48.7677,48914.0,-516.54,INR,MOCK_FEED
POS00100720251008,PORT001,INS0008,2025-10-08,130,64.1129,8334.68,246.05,INR,MOCK_FEED
POS00100820251008,PORT001,INS0009,2025-10-08,470,31.3771,14747.24,583.75,GBP,MOCK_FEED
POS00100920251008,PORT001,INS0010,2025-10-08,574,66.9461,38427.06,666.83,GBP,MOCK_FEED
POS00101020251008,PORT001,INS0011,2025-10-08,3749,24.1063,90374.52,134.9,EUR,MOCK_FEED
POS00100120251009,PORT001,INS0002,2025-10-09,3160,38.822,122677.52,3623.02,INR,MOCK_FEED
POS00100220251009,PORT001,INS0003,2025-10-09,1929,34.0738,65728.36,-958.75,USD,MOCK_FEED
POS00100320251009,PORT001,INS0004,2025-10-09,3342,39.8235,133090.14,-1374.52,USD,MOCK_FEED
POS00100420251009,PORT001,INS0005,2025-10-09,2120,42.5407,90186.28,-1932.19,USD,MOCK_FEED
POS00100520251009,PORT001,INS0006,2025-10-09,1157,22.5491,26089.31,975.11,GBP,MOCK_FEED
POS00100620251009,PORT001,INS0007,2025-10-09,2930,49.2067,144175.63,3306.18,EUR,MOCK_FEED
POS00100720251009,PORT001,INS0008,2025-10-09,2817,62.0706,174852.88,6682.76,USD,MOCK_FEED
POS00100820251009,PORT001,INS0009,2025-10-09,2120,31.3543,66471.12,1460.13,GBP,MOCK_FEED
POS00100920251009,PORT001,INS0010,2025-10-09,2799,68.3857,191411.57,-5344.07,USD,MOCK_FEED
POS00101020251009,PORT001,INS0011,2025-10-09,3632,23.9474,86976.96,2710.23,INR,MOCK_FEED
POS00100120251010,PORT001,INS0002,2025-10-10,2406,38.4117,92418.55,3430.72,USD,MOCK_FEED
POS00100220251010,PORT001,INS0003,2025-10-10,2798,34.0379,95238.04,-1928.55,USD,MOCK_FEED
POS00100320251010,PORT001,INS0004,2025-10-10,319,39.7195,12670.52,215.36,USD,MOCK_FEED
POS00100420251010,PORT001,INS0005,2025-10-10,4314,43.1692,186231.93,6222.32,INR,MOCK_FEED
POS00100520251010,PORT001,INS0006,2025-10-10,1312,23.0102,30189.38,1138.39,EUR,MOCK_FEED
POS00100620251010,PORT001,INS0007,2025-10-10,4186,48.5593,203269.23,-2952.35,INR,MOCK_FEED
POS00100720251010,PORT001,INS0008,2025-10-10,3212,61.3368,197013.8,1843.74,GBP,MOCK_FEED
POS00100820251010,PORT001,INS0009,2025-10-10,3205,31.5458,101104.29,1816.94,GBP,MOCK_FEED
POS00100920251010,PORT001,INS0010,2025-10-10,920,69.2529,63712.67,358.84,GBP,MOCK_FEED
POS00101020251010,PORT001,INS0011,2025-10-10,4657,23.5757,109792.03,4041.37,EUR,MOCK_FEED
POS00100120251011,PORT001,INS0002,2025-10-11,2989,38.4441,114909.41,1287.38,EUR,MOCK_FEED
POS00100220251011,PORT001,INS0003,2025-10-11,1974,34.4771,68057.8,1782.21,GBP,MOCK_FEED
POS00100320251011,PORT001,INS0004,2025-10-11,2245,40.3185,90515.03,-2106.29,INR,MOCK_FEED
POS00100420251011,PORT001,INS0005,2025-10-11,411,42.7497,17570.13,-469.24,USD,MOCK_FEED
POS00100520251011,PORT001,INS0006,2025-10-11,3503,23.2243,81354.72,-545.6,EUR,MOCK_FEED
POS00100620251011,PORT001,INS0007,2025-10-11,105,48.3807,5079.97,-124.19,GBP,MOCK_FEED
POS00100720251011,PORT001,INS0008,2025-10-11,1656,60.0056,99369.27,-1155.96,EUR,MOCK_FEED
POS00100820251011,PORT001,INS0009,2025-10-11,2393,31.1588,74563.01,1030.7,EUR,MOCK_FEED
POS00100920251011,PORT001,INS0010,2025-10-11,812,68.7988,55864.63,1868.02,EUR,MOCK_FEED
POS00101020251011,PORT001,INS0011,2025-10-11,1662,23.7559,39482.31,1175.65,EUR,MOCK_FEED
POS00100120251012,PORT001,INS0002,2025-10-12,3700,38.9744,144205.28,-611.63,INR,MOCK_FEED
POS00100220251012,PORT001,INS0003,2025-10-12,3156,34.2443,108075.01,-2659.25,GBP,MOCK_FEED
POS00100320251012,PORT001,INS0004,2025-10-12,4437,39.6681,176007.36,165.14,EUR,MOCK_FEED
POS00100420251012,PORT001,INS0005,2025-10-12,3454,42.1201,145482.83,2034.33,USD,MOCK_FEED
POS00100520251012,PORT001,INS0006,2025-10-12,964,22.414,21607.1,176.08,GBP,MOCK_FEED
POS00100620251012,PORT001,INS0007,2025-10-12,2554,47.3069,120821.82,1880.05,EUR,MOCK_FEED
POS00100720251012,PORT001,INS0008,2025-10-12,3307,60.9099,201429.04,-2140.9,GBP,MOCK_FEED
POS00100820251012,PORT001,INS0009,2025-10-12,3542,31.2363,110638.97,418.68,INR,MOCK_FEED
POS00100920251012,PORT001,INS0010,2025-10-12,4042,69.6065,281349.47,6527.84,INR,MOCK_FEED
POS00101020251012,PORT001,INS0011,2025-10-12,1185,23.969,28403.27,644.99,GBP,MOCK_FEED
POS00100120251013,PORT001,INS0002,2025-10-13,4961,38.9833,193396.15,2614.12,INR,MOCK_FEED
POS00100220251013,PORT001,INS0003,2025-10-13,4118,34.7589,143137.15,1437.57,USD,MOCK_FEED
POS00100320251013,PORT001,INS0004,2025-10-13,2569,39.2255,100770.31,2343.22,INR,MOCK_FEED
POS00100420251013,PORT001,INS0005,2025-10-13,3917,41.6763,163246.07,4285.64,USD,MOCK_FEED
POS00100520251013,PORT001,INS0006,2025-10-13,1522,22.654,34479.39,-271.41,EUR,MOCK_FEED
POS00100620251013,PORT001,INS0007,2025-10-13,1777,47.4603,84336.95,-272.94,INR,MOCK_FEED
POS00100720251013,PORT001,INS0008,2025-10-13,722,59.7831,43163.4,210.23,USD,MOCK_FEED
POS00100820251013,PORT001,INS0009,2025-10-13,2278,31.1335,70922.11,86.6,GBP,MOCK_FEED
POS00100920251013,PORT001,INS0010,2025-10-13,4986,70.3956,350992.46,10292.57,GBP,MOCK_FEED
POS00101020251013,PORT001,INS0011,2025-10-13,2111,23.9783,50618.19,-844.48,USD,MOCK_FEED
POS00100120251014,PORT001,INS0002,2025-10-14,4394,39.6815,174360.51,5997.91,EUR,MOCK_FEED
POS00100220251014,PORT001,INS0003,2025-10-14,2790,35.1159,97973.36,2608.98,GBP,MOCK_FEED
POS00100320251014,PORT001,INS0004,2025-10-14,4209,38.6049,162488.02,-3115.79,EUR,MOCK_FEED
POS00100420251014,PORT001,INS0005,2025-10-14,692,41.4418,28677.73,-100.75,EUR,MOCK_FEED
POS00100520251014,PORT001,INS0006,2025-10-14,1246,22.6907,28272.61,-622.86,EUR,MOCK_FEED
POS00100620251014,PORT001,INS0007,2025-10-14,2354,47.1071,110890.11,1334.35,USD,MOCK_FEED
POS00100720251014,PORT001,INS0008,2025-10-14,2886,59.3617,171317.87,-2868.23,USD,MOCK_FEED
POS00100820251014,PORT001,INS0009,2025-10-14,2836,31.7213,89961.61,-1495.19,GBP,MOCK_FEED
POS00100920251014,PORT001,INS0010,2025-10-14,3542,70.4253,249446.41,4085.43,EUR,MOCK_FEED
POS00101020251014,PORT001,INS0011,2025-10-14,853,23.4817,20029.89,-214.69,GBP,MOCK_FEED
POS00100120251015,PORT001,INS0002,2025-10-15,4038,40.0807,161845.87,5132.84,GBP,MOCK_FEED
POS00100220251015,PORT001,INS0003,2025-10-15,722,35.1247,25360.03,-642.74,EUR,MOCK_FEED
POS00100320251015,PORT001,INS0004,2025-10-15,4841,38.4095,185940.39,1106.17,GBP,MOCK_FEED
POS00100420251015,PORT001,INS0005,2025-10-15,250,41.5036,10375.9,401.76,USD,MOCK_FEED
POS00100520251015,PORT001,INS0006,2025-10-15,682,22.7834,15538.28,150.98,INR,MOCK_FEED
POS00100620251015,PORT001,INS0007,2025-10-15,3940,47.2626,186214.64,1605.1,USD,MOCK_FEED
POS00100720251015,PORT001,INS0008,2025-10-15,316,58.1907,18388.26,-149.7,USD,MOCK_FEED
POS00100820251015,PORT001,INS0009,2025-10-15,1246,32.0704,39959.72,-847.62,USD,MOCK_FEED
POS00100920251015,PORT001,INS0010,2025-10-15,3106,70.9383,220334.36,-697.39,USD,MOCK_FEED
POS00101020251015,PORT001,INS0011,2025-10-15,3191,23.1791,73964.51,1145.05,EUR,MOCK_FEED
POS00100120251016,PORT001,INS0002,2025-10-16,3964,40.047,158746.31,-689.45,GBP,MOCK_FEED
POS00100220251016,PORT001,INS0003,2025-10-16,943,35.3128,33299.97,1056.74,GBP,MOCK_FEED
POS00100320251016,PORT001,INS0004,2025-10-16,2620,38.2731,100275.52,909.11,EUR,MOCK_FEED
POS00100420251016,PORT001,INS0005,2025-10-16,4776,41.6323,198835.86,-3236.62,GBP,MOCK_FEED
POS00100520251016,PORT001,INS0006,2025-10-16,2984,22.5356,67246.23,1542.16,GBP,MOCK_FEED
POS00100620251016,PORT001,INS0007,2025-10-16,194,46.5435,9029.44,-94.72,GBP,MOCK_FEED
POS00100720251016,PORT001,INS0008,2025-10-16,2576,57.6557,148521.08,-1165.06,INR,MOCK_FEED
POS00100820251016,PORT001,INS0009,2025-10-16,1783,32.1148,57260.69,-448.87,INR,MOCK_FEED
POS00100920251016,PORT001,INS0010,2025-10-16,3512,71.2092,250086.71,-5654.54,GBP,MOCK_FEED
POS00101020251016,PORT001,INS0011,2025-10-16,3240,23.2347,75280.43,-2164.31,EUR,MOCK_FEED
POS00100120251017,PORT001,INS0002,2025-10-17,4458,40.5402,180728.21,-3657.99,USD,MOCK_FEED
POS00100220251017,PORT001,INS0003,2025-10-17,2718,35.2987,95941.87,58.01,INR,MOCK_FEED
POS00100320251017,PORT001,INS0004,2025-10-17,473,39.5383,18701.62,366.32,INR,MOCK_FEED
POS00100420251017,PORT001,INS0005,2025-10-17,2696,41.1928,111055.79,3668.96,INR,MOCK_FEED
POS00100520251017,PORT001,INS0006,2025-10-17,3228,22.3713,72214.56,2161.05,USD,MOCK_FEED
POS00100620251017,PORT001,INS0007,2025-10-17,4231,46.6434,197348.23,-3681.62,USD,MOCK_FEED
POS00100720251017,PORT001,INS0008,2025-10-17,660,58.4153,38554.1,-1120.51,EUR,MOCK_FEED
POS00100820251017,PORT001,INS0009,2025-10-17,1140,32.253,36768.42,751.47,INR,MOCK_FEED
POS00100920251017,PORT001,INS0010,2025-10-17,2619,71.0002,185949.52,6174.52,GBP,MOCK_FEED
POS00101020251017,PORT001,INS0011,2025-10-17,1163,23.8025,27682.31,905.66,GBP,MOCK_FEED
POS00100120251018,PORT001,INS0002,2025-10-18,4298,40.8882,175737.48,-3039.28,USD,MOCK_FEED
POS00100220251018,PORT001,INS0003,2025-10-18,1810,34.8414,63062.93,1133.77,INR,MOCK_FEED
POS00100320251018,PORT001,INS0004,2025-10-18,4467,39.9496,178454.86,6607.24,INR,MOCK_FEED
POS00100420251018,PORT001,INS0005,2025-10-18,3161,40.8374,129087.02,1753.42,USD,MOCK_FEED
POS00100520251018,PORT001,INS0006,2025-10-18,2325,22.5044,52322.73,-1548.99,EUR,MOCK_FEED
POS00100620251018,PORT001,INS0007,2025-10-18,2789,47.2722,131842.17,-2266.45,GBP,MOCK_FEED
POS00100720251018,PORT001,INS0008,2025-10-18,4570,58.7062,268287.33,5212.82,INR,MOCK_FEED
POS00100820251018,PORT001,INS0009,2025-10-18,2291,32.6522,74806.19,-489.14,USD,MOCK_FEED
POS00100920251018,PORT001,INS0010,2025-10-18,4613,71.5521,330069.84,-5564.96,USD,MOCK_FEED
POS00101020251018,PORT001,INS0011,2025-10-18,1060,23.9028,25336.97,221.63,GBP,MOCK_FEED
POS00100120251019,PORT001,INS0002,2025-10-19,4796,41.7849,200400.38,-264.1,GBP,MOCK_FEED
POS00100220251019,PORT001,INS0003,2025-10-19,4881,35.2718,172161.66,6503.35,EUR,MOCK_FEED
POS00100320251019,PORT001,INS0004,2025-10-19,1824,40.0836,73112.49,749.93,INR,MOCK_FEED
POS00100420251019,PORT001,INS0005,2025-10-19,4066,41.263,167775.36,4823.39,INR,MOCK_FEED
POS00100520251019,PORT001,INS0006,2025-10-19,1093,22.6298,24734.37,82.87,GBP,MOCK_FEED
POS00100620251019,PORT001,INS0007,2025-10-19,2594,47.7737,123924.98,-375.2,USD,MOCK_FEED
POS00100720251019,PORT001,INS0008,2025-10-19,1886,59.2847,111810.94,-1785.69,GBP,MOCK_FEED
POS00100820251019,PORT001,INS0009,2025-10-19,665,32.2469,21444.19,751.19,USD,MOCK_FEED
POS00100920251019,PORT001,INS0010,2025-10-19,2107,71.291,150210.14,-3667.29,GBP,MOCK_FEED
POS00101020251019,PORT001,INS0011,2025-10-19,2462,23.676,58290.31,-148.81,GBP,MOCK_FEED
POS00100120251020,PORT001,INS0002,2025-10-20,146,42.4193,6193.22,32.97,USD,MOCK_FEED
POS00100220251020,PORT001,INS0003,2025-10-20,1294,35.4091,45819.38,1109.21,GBP,MOCK_FEED
POS00100320251020,PORT001,INS0004,2025-10-20,4717,40.8965,192908.79,4748.54,INR,MOCK_FEED
POS00100420251020,PORT001,INS0005,2025-10-20,239,41.132,9830.55,-251.91,INR,MOCK_FEED
POS00100520251020,PORT001,INS0006,2025-10-20,2863,22.7391,65102.04,-891.65,GBP,MOCK_FEED
POS00100620251020,PORT001,INS0007,2025-10-20,1409,49.042,69100.18,1742.16,EUR,MOCK_FEED
POS00100720251020,PORT001,INS0008,2025-10-20,1845,59.6627,110077.68,-2195.83,EUR,MOCK_FEED
POS00100820251020,PORT001,INS0009,2025-10-20,1129,31.6175,35696.16,-867.43,EUR,MOCK_FEED
POS00100920251020,PORT001,INS0010,2025-10-20,4468,70.5713,315312.57,7555.0,GBP,MOCK_FEED
POS00101020251020,PORT001,INS0011,2025-10-20,2963,23.8118,70554.36,462.34,EUR,MOCK_FEED
POS00100120251021,PORT001,INS0002,2025-10-21,3900,43.0398,167855.22,2483.2,INR,MOCK_FEED
POS00100220251021,PORT001,INS0003,2025-10-21,1137,35.0236,39821.83,1592.02,GBP,MOCK_FEED
POS00100320251021,PORT001,INS0004,2025-10-21,2490,40.813,101624.37,1118.87,INR,MOCK_FEED
POS00100420251021,PORT001,INS0005,2025-10-21,4859,40.6428,197483.37,2472.31,EUR,MOCK_FEED
POS00100520251021,PORT001,INS0006,2025-10-21,565,22.7747,12867.71,-218.4,USD,MOCK_FEED
POS00100620251021,PORT001,INS0007,2025-10-21,4871,48.3033,235285.37,2231.51,INR,MOCK_FEED
POS00100720251021,PORT001,INS0008,2025-10-21,4978,59.9525,298443.54,3872.28,USD,MOCK_FEED
POS00100820251021,PORT001,INS0009,2025-10-21,417,32.4164,13517.64,-385.57,GBP,MOCK_FEED
POS00100920251021,PORT001,INS0010,2025-10-21,1748,70.0837,122506.31,-3602.38,EUR,MOCK_FEED
POS00101020251021,PORT001,INS0011,2025-10-21,2629,23.6791,62252.35,1786.23,INR,MOCK_FEED
POS00100120251022,PORT001,INS0002,2025-10-22,1689,43.1313,72848.77,-694.38,GBP,MOCK_FEED
POS00100220251022,PORT001,INS0003,2025-10-22,4305,34.7964,149798.5,483.43,USD,MOCK_FEED
POS00100320251022,PORT001,INS0004,2025-10-22,1839,40.6372,74731.81,-1424.79,USD,MOCK_FEED
POS00100420251022,PORT001,INS0005,2025-10-22,2848,40.4265,115134.67,-2567.0,INR,MOCK_FEED
POS00100520251022,PORT001,INS0006,2025-10-22,1015,22.8693,23212.34,253.09,INR,MOCK_FEED
POS00100620251022,PORT001,INS0007,2025-10-22,1693,48.9616,82891.99,1388.63,GBP,MOCK_FEED
POS00100720251022,PORT001,INS0008,2025-10-22,850,59.9712,50975.52,-25.26,USD,MOCK_FEED
POS00100820251022,PORT001,INS0009,2025-10-22,1635,32.3432,52881.13,-155.34,INR,MOCK_FEED
POS00100920251022,PORT001,INS0010,2025-10-22,2060,71.0804,146425.62,401.2,INR,MOCK_FEED
POS00101020251022,PORT001,INS0011,2025-10-22,4789,23.8813,114367.55,-1674.27,EUR,MOCK_FEED
POS00100120251023,PORT001,INS0002,2025-10-23,3739,42.5936,159257.47,-977.7,EUR,MOCK_FEED
POS00100220251023,PORT001,INS0003,2025-10-23,2458,34.3032,84317.27,-237.27,USD,MOCK_FEED
POS00100320251023,PORT001,INS0004,2025-10-23,3242,41.0995,133244.58,2882.22,USD,MOCK_FEED
POS00100420251023,PORT001,INS0005,2025-10-23,4169,41.0939,171320.47,-731.25,GBP,MOCK_FEED
POS00100520251023,PORT001,INS0006,2025-10-23,1149,22.9669,26388.97,-726.78,INR,MOCK_FEED
POS00100620251023,PORT001,INS0007,2025-10-23,3076,49.2403,151463.16,1894.96,USD,MOCK_FEED
POS00100720251023,PORT001,INS0008,2025-10-23,507,59.4496,30140.95,557.59,USD,MOCK_FEED
POS00100820251023,PORT001,INS0009,2025-10-23,1213,33.2656,40351.17,1443.88,EUR,MOCK_FEED
POS00100920251023,PORT001,INS0010,2025-10-23,3975,71.5445,284389.39,10274.78,GBP,MOCK_FEED
POS00101020251023,PORT001,INS0011,2025-10-23,4190,23.9044,100159.44,3491.46,USD,MOCK_FEED
POS00100120251024,PORT001,INS0002,2025-10-24,239,41.7595,9980.52,123.06,INR,MOCK_FEED
POS00100220251024,PORT001,INS0003,2025-10-24,3017,35.0903,105867.44,375.86,EUR,MOCK_FEED
POS00100320251024,PORT001,INS0004,2025-10-24,1748,41.0505,71756.27,-364.35,INR,MOCK_FEED
POS00100420251024,PORT001,INS0005,2025-10-24,2938,41.2055,121061.76,4352.13,EUR,MOCK_FEED
POS00100520251024,PORT001,INS0006,2025-10-24,989,23.3684,23111.35,-397.9,GBP,MOCK_FEED
POS00100620251024,PORT001,INS0007,2025-10-24,2295,48.8834,112187.4,-1524.43,USD,MOCK_FEED
POS00100720251024,PORT001,INS0008,2025-10-24,2539,59.8222,151888.57,-4062.43,GBP,MOCK_FEED
POS00100820251024,PORT001,INS0009,2025-10-24,2649,33.3521,88349.71,1214.96,EUR,MOCK_FEED
POS00100920251024,PORT001,INS0010,2025-10-24,1826,71.9502,131381.07,4616.61,INR,MOCK_FEED
POS00101020251024,PORT001,INS0011,2025-10-24,2341,23.4248,54837.46,1353.92,USD,MOCK_FEED
POS00100120251025,PORT001,INS0002,2025-10-25,2857,41.9858,119953.43,1886.71,INR,MOCK_FEED
POS00100220251025,PORT001,INS0003,2025-10-25,3940,35.3812,139401.93,-251.23,GBP,MOCK_FEED
POS00100320251025,PORT001,INS0004,2025-10-25,4891,40.8537,199815.45,335.24,INR,MOCK_FEED
POS00100420251025,PORT001,INS0005,2025-10-25,2717,41.3949,112469.94,-1838.71,USD,MOCK_FEED
POS00100520251025,PORT001,INS0006,2025-10-25,2660,23.48,62456.8,-478.25,GBP,MOCK_FEED
POS00100620251025,PORT001,INS0007,2025-10-25,2034,50.6621,103046.71,2990.9,INR,MOCK_FEED
POS00100720251025,PORT001,INS0008,2025-10-25,4705,60.4274,284310.92,-7364.44,USD,MOCK_FEED
POS00100820251025,PORT001,INS0009,2025-10-25,515,33.1238,17058.76,-209.72,USD,MOCK_FEED
POS00100920251025,PORT001,INS0010,2025-10-25,1356,72.6409,98501.06,-2815.64,INR,MOCK_FEED
POS00101020251025,PORT001,INS0011,2025-10-25,4411,23.3641,103059.05,-790.65,EUR,MOCK_FEED
POS00100120251026,PORT001,INS0002,2025-10-26,2532,41.0175,103856.31,-750.4,INR,MOCK_FEED
POS00100220251026,PORT001,INS0003,2025-10-26,3099,36.0416,111692.92,-2710.74,INR,MOCK_FEED
POS00100320251026,PORT001,INS0004,2025-10-26,3442,40.0233,137760.2,-279.04,GBP,MOCK_FEED
POS00100420251026,PORT001,INS0005,2025-10-26,897,41.1734,36932.54,-200.3,INR,MOCK_FEED
POS00100520251026,PORT001,INS0006,2025-10-26,3765,24.0807,90663.84,-1722.5,GBP,MOCK_FEED
POS00100620251026,PORT001,INS0007,2025-10-26,2248,50.9787,114600.12,593.35,GBP,MOCK_FEED
POS00100720251026,PORT001,INS0008,2025-10-26,4632,60.8853,282020.71,9474.01,USD,MOCK_FEED
POS00100820251026,PORT001,INS0009,2025-10-26,2285,32.1362,73431.22,-1963.45,GBP,MOCK_FEED
POS00100920251026,PORT001,INS0010,2025-10-26,3583,72.7134,260532.11,-2038.76,USD,MOCK_FEED
POS00101020251026,PORT001,INS0011,2025-10-26,4651,23.3061,108396.67,437.46,EUR,MOCK_FEED
POS00100120251027,PORT001,INS0002,2025-10-27,2950,41.839,123425.05,3583.48,GBP,MOCK_FEED
POS00100220251027,PORT001,INS0003,2025-10-27,2894,35.9808,104128.44,2751.36,INR,MOCK_FEED
POS00100320251027,PORT001,INS0004,2025-10-27,2123,40.028,84979.44,1164.45,USD,MOCK_FEED
POS00100420251027,PORT001,INS0005,2025-10-27,2270,41.7161,94695.55,-225.47,USD,MOCK_FEED
POS00100520251027,PORT001,INS0006,2025-10-27,577,24.6013,14194.95,-246.85,USD,MOCK_FEED
POS00100620251027,PORT001,INS0007,2025-10-27,1712,51.6032,88344.68,3120.32,EUR,MOCK_FEED
POS00100720251027,PORT001,INS0008,2025-10-27,3969,61.4682,243967.29,5126.57,USD,MOCK_FEED
POS00100820251027,PORT001,INS0009,2025-10-27,2222,32.7157,72694.29,-140.74,EUR,MOCK_FEED
POS00100920251027,PORT001,INS0010,2025-10-27,615,72.7081,44715.48,-812.15,GBP,MOCK_FEED
POS00101020251027,PORT001,INS0011,2025-10-27,555,23.1118,12827.05,-82.52,GBP,MOCK_FEED
POS00100120251028,PORT001,INS0002,2025-10-28,3186,41.7543,133029.2,5065.09,USD,MOCK_FEED
POS00100220251028,PORT001,INS0003,2025-10-28,4119,36.0284,148400.98,4774.71,INR,MOCK_FEED
POS00100320251028,PORT001,INS0004,2025-10-28,980,39.086,38304.28,189.35,GBP,MOCK_FEED
POS00100420251028,PORT001,INS0005,2025-10-28,1626,42.7828,69564.83,607.0,USD,MOCK_FEED
POS00100520251028,PORT001,INS0006,2025-10-28,4840,24.4179,118182.64,3352.74,INR,MOCK_FEED
POS00100620251028,PORT001,INS0007,2025-10-28,4989,52.221,260530.57,-7563.51,USD,MOCK_FEED
POS00100720251028,PORT001,INS0008,2025-10-28,4623,61.2654,283229.94,10852.43,EUR,MOCK_FEED
POS00100820251028,PORT001,INS0009,2025-10-28,1098,32.4949,35679.4,93.05,GBP,MOCK_FEED
POS00100920251028,PORT001,INS0010,2025-10-28,1016,71.1559,72294.39,1430.13,EUR,MOCK_FEED
POS00101020251028,PORT001,INS0011,2025-10-28,3750,23.0246,86342.25,2337.07,GBP,MOCK_FEED
POS00100120251029,PORT001,INS0002,2025-10-29,1142,41.6643,47580.63,1694.16,INR,MOCK_FEED
POS00100220251029,PORT001,INS0003,2025-10-29,318,36.672,11661.7,406.18,INR,MOCK_FEED
POS00100320251029,PORT001,INS0004,2025-10-29,1945,39.2381,76318.1,-620.25,INR,MOCK_FEED
POS00100420251029,PORT001,INS0005,2025-10-29,686,42.9262,29447.37,1029.53,INR,MOCK_FEED
POS00100520251029,PORT001,INS0006,2025-10-29,2211,24.5182,54209.74,-482.48,EUR,MOCK_FEED
POS00100620251029,PORT001,INS0007,2025-10-29,1946,51.7689,100742.28,393.26,INR,MOCK_FEED
POS00100720251029,PORT001,INS0008,2025-10-29,3777,60.7654,229510.92,783.35,INR,MOCK_FEED
POS00100820251029,PORT001,INS0009,2025-10-29,1932,32.3909,62579.22,-213.55,EUR,MOCK_FEED
POS00100920251029,PORT001,INS0010,2025-10-29,1206,71.3154,86006.37,2850.29,INR,MOCK_FEED
POS00101020251029,PORT001,INS0011,2025-10-29,4113,22.853,93994.39,-943.68,GBP,MOCK_FEED
POS00100120251030,PORT001,INS0002,2025-10-30,4509,41.2626,186053.06,-4314.11,INR,MOCK_FEED
POS00100220251030,PORT001,INS0003,2025-10-30,1609,36.7403,59115.14,-9.3,INR,MOCK_FEED
POS00100320251030,PORT001,INS0004,2025-10-30,780,39.6312,30912.34,-234.71,INR,MOCK_FEED
POS00100420251030,PORT001,INS0005,2025-10-30,3970,43.083,171039.51,-1510.52,GBP,MOCK_FEED
POS00100520251030,PORT001,INS0006,2025-10-30,2981,24.6191,73389.54,74.86,EUR,MOCK_FEED
POS00100620251030,PORT001,INS0007,2025-10-30,2920,51.6123,150707.92,-61.02,USD,MOCK_FEED
POS00100720251030,PORT001,INS0008,2025-10-30,3851,61.7953,237973.7,1598.17,USD,MOCK_FEED
POS00100820251030,PORT001,INS0009,2025-10-30,680,33.1108,22515.34,-283.71,USD,MOCK_FEED
POS00100920251030,PORT001,INS0010,2025-10-30,4554,69.46,316320.84,10920.02,EUR,MOCK_FEED
POS00101020251030,PORT001,INS0011,2025-10-30,4906,23.0471,113069.07,-199.25,GBP,MOCK_FEED
POS00100120251031,PORT001,INS0002,2025-10-31,3714,41.3282,153492.93,2793.88,EUR,MOCK_FEED
POS00100220251031,PORT001,INS0003,2025-10-31,2754,37.5328,103365.33,-860.73,USD,MOCK_FEED
POS00100320251031,PORT001,INS0004,2025-10-31,205,40.2582,8252.93,-151.93,USD,MOCK_FEED
POS00100420251031,PORT001,INS0005,2025-10-31,443,42.5938,18869.05,-166.27,GBP,MOCK_FEED
POS00100520251031,PORT001,INS0006,2025-10-31,603,24.4863,14765.24,569.67,INR,MOCK_FEED
POS00100620251031,PORT001,INS0007,2025-10-31,2192,50.7051,111145.58,3050.12,EUR,MOCK_FEED
POS00100720251031,PORT001,INS0008,2025-10-31,3869,61.1599,236627.65,3073.03,GBP,MOCK_FEED
POS00100820251031,PORT001,INS0009,2025-10-31,4007,32.6944,131006.46,2879.68,EUR,MOCK_FEED
POS00100920251031,PORT001,INS0010,2025-10-31,3941,69.249,272910.31,1778.22,EUR,MOCK_FEED
POS00101020251031,PORT001,INS0011,2025-10-31,130,23.042,2995.46,-66.12,USD,MOCK_FEED
POS00100120251101,PORT001,INS0002,2025-11-01,3370,41.5724,140098.99,3352.82,EUR,MOCK_FEED
POS00100220251101,PORT001,INS0003,2025-11-01,2528,36.6886,92748.78,-1816.48,INR,MOCK_FEED
POS00100320251101,PORT001,INS0004,2025-11-01,1979,40.6096,80366.4,-1718.04,GBP,MOCK_FEED
POS00100420251101,PORT001,INS0005,2025-11-01,1314,42.3453,55641.72,-714.35,GBP,MOCK_FEED
POS00100520251101,PORT001,INS0006,2025-11-01,3894,24.8571,96793.55,3197.21,INR,MOCK_FEED
POS00100620251101,PORT001,INS0007,2025-11-01,2562,51.0658,130830.58,-3790.91,USD,MOCK_FEED
POS00100720251101,PORT001,INS0008,2025-11-01,3198,61.3635,196240.47,3946.97,INR,MOCK_FEED
POS00100820251101,PORT001,INS0009,2025-11-01,1726,32.8171,56642.31,1512.46,GBP,MOCK_FEED
POS00100920251101,PORT001,INS0010,2025-11-01,1446,68.754,99418.28,-656.69,EUR,MOCK_FEED
POS00101020251101,PORT001,INS0011,2025-11-01,1882,22.6088,42549.76,-102.09,EUR,MOCK_FEED
POS00100120251102,PORT001,INS0002,2025-11-02,2197,41.3248,90790.59,525.91,INR,MOCK_FEED
POS00100220251102,PORT001,INS0003,2025-11-02,108,35.8289,3869.52,-60.82,GBP,MOCK_FEED
POS00100320251102,PORT001,INS0004,2025-11-02,4510,40.5225,182756.48,5322.41,EUR,MOCK_FEED
POS00100420251102,PORT001,INS0005,2025-11-02,4490,42.7573,191980.28,-2087.9,INR,MOCK_FEED
POS00100520251102,PORT001,INS0006,2025-11-02,369,25.5523,9428.8,176.39,EUR,MOCK_FEED
POS00100620251102,PORT001,INS0007,2025-11-02,3507,50.3535,176589.72,-3274.54,GBP,MOCK_FEED
POS00100720251102,PORT001,INS0008,2025-11-02,1282,61.9702,79445.8,-1856.27,USD,MOCK_FEED
POS00100820251102,PORT001,INS0009,2025-11-02,2116,32.4235,68608.13,1386.44,USD,MOCK_FEED
POS00100920251102,PORT001,INS0010,2025-11-02,3003,69.2085,207833.13,2502.6,EUR,MOCK_FEED
POS00101020251102,PORT001,INS0011,2025-11-02,3272,21.9419,71793.9,1877.2,USD,MOCK_FEED
POS00100120251103,PORT001,INS0002,2025-11-03,3485,41.0466,143047.4,-1038.55,USD,MOCK_FEED
POS00100220251103,PORT001,INS0003,2025-11-03,1778,35.0564,62330.28,-837.32,INR,MOCK_FEED
POS00100320251103,PORT001,INS0004,2025-11-03,2181,40.5727,88489.06,-1927.92,EUR,MOCK_FEED
POS00100420251103,PORT001,INS0005,2025-11-03,2680,41.4558,111101.54,-286.12,INR,MOCK_FEED
POS00100520251103,PORT001,INS0006,2025-11-03,4390,25.5069,111975.29,4138.52,USD,MOCK_FEED
POS00100620251103,PORT001,INS0007,2025-11-03,1334,50.735,67680.49,-2007.07,USD,MOCK_FEED
POS00100720251103,PORT001,INS0008,2025-11-03,867,63.0045,54624.9,914.6,EUR,MOCK_FEED
POS00100820251103,PORT001,INS0009,2025-11-03,4871,32.4959,158287.53,5097.46,EUR,MOCK_FEED
POS00100920251103,PORT001,INS0010,2025-11-03,4135,69.622,287886.97,3429.89,USD,MOCK_FEED
POS00101020251103,PORT001,INS0011,2025-11-03,593,21.8453,12954.26,-226.84,GBP,MOCK_FEED
POS00100120251104,PORT001,INS0002,2025-11-04,953,40.7395,38824.74,1180.74,INR,MOCK_FEED
POS00100220251104,PORT001,INS0003,2025-11-04,1287,35.1311,45213.73,-254.13,GBP,MOCK_FEED
POS00100320251104,PORT001,INS0004,2025-11-04,3553,40.3025,143194.78,2889.84,GBP,MOCK_FEED
POS00100420251104,PORT001,INS0005,2025-11-04,2738,42.2281,115620.54,1239.7,GBP,MOCK_FEED
POS00100520251104,PORT001,INS0006,2025-11-04,4248,25.5023,108333.77,-1981.43,USD,MOCK_FEED
POS00100620251104,PORT001,INS0007,2025-11-04,4158,51.5818,214477.12,108.46,GBP,MOCK_FEED
POS00100720251104,PORT001,INS0008,2025-11-04,2290,62.0315,142052.14,-1241.16,GBP,MOCK_FEED
POS00100820251104,PORT001,INS0009,2025-11-04,2796,32.6771,91365.17,1016.4,USD,MOCK_FEED
POS00100920251104,PORT001,INS0010,2025-11-04,1676,69.7255,116859.94,671.53,EUR,MOCK_FEED
POS00101020251104,PORT001,INS0011,2025-11-04,621,21.6949,13472.53,-38.68,INR,MOCK_FEED
POS00100120251105,PORT001,INS0002,2025-11-05,3453,40.3329,139269.5,1985.33,EUR,MOCK_FEED
POS00100220251105,PORT001,INS0003,2025-11-05,3275,34.9751,114543.45,276.1,EUR,MOCK_FEED
POS00100320251105,PORT001,INS0004,2025-11-05,1234,40.4155,49872.73,434.08,INR,MOCK_FEED
POS00100420251105,PORT001,INS0005,2025-11-05,2098,41.4465,86954.76,-1186.32,USD,MOCK_FEED
POS00100520251105,PORT001,INS0006,2025-11-05,636,25.1317,15983.76,623.38,INR,MOCK_FEED
POS00100620251105,PORT001,INS0007,2025-11-05,506,52.4971,26563.53,991.82,USD,MOCK_FEED
POS00100720251105,PORT001,INS0008,2025-11-05,3362,61.0771,205341.21,1576.14,INR,MOCK_FEED
POS00100820251105,PORT001,INS0009,2025-11-05,1890,32.4822,61391.36,-1612.14,INR,MOCK_FEED
POS00100920251105,PORT001,INS0010,2025-11-05,2539,67.8655,172310.5,-876.63,EUR,MOCK_FEED
POS00101020251105,PORT001,INS0011,2025-11-05,1713,21.8818,37483.52,-868.03,INR,MOCK_FEED
POS00100120251106,PORT001,INS0002,2025-11-06,689,40.1025,27630.62,61.23,USD,MOCK_FEED
POS00100220251106,PORT001,INS0003,2025-11-06,842,35.2698,29697.17,-192.24,EUR,MOCK_FEED
POS00100320251106,PORT001,INS0004,2025-11-06,3524,40.0012,140964.23,4680.3,USD,MOCK_FEED
POS00100420251106,PORT001,INS0005,2025-11-06,1938,41.43,80291.34,-2036.49,INR,MOCK_FEED
POS00100520251106,PORT001,INS0006,2025-11-06,3699,24.9617,92333.33,-735.46,INR,MOCK_FEED
POS00100620251106,PORT001,INS0007,2025-11-06,1183,51.86,61350.38,1307.99,EUR,MOCK_FEED
POS00100720251106,PORT001,INS0008,2025-11-06,3972,61.0495,242488.61,-6984.48,GBP,MOCK_FEED
POS00100820251106,PORT001,INS0009,2025-11-06,4805,32.9448,158299.76,1156.08,INR,MOCK_FEED
POS00100920251106,PORT001,INS0010,2025-11-06,686,68.4717,46971.59,-344.53,USD,MOCK_FEED
POS00101020251106,PORT001,INS0011,2025-11-06,3781,21.9822,83114.7,355.13,INR,MOCK_FEED
POS00100120251107,PORT001,INS0002,2025-11-07,1113,40.7412,45344.96,228.82,INR,MOCK_FEED
POS00100220251107,PORT001,INS0003,2025-11-07,2593,36.0093,93372.11,-603.75,USD,MOCK_FEED
POS00100320251107,PORT001,INS0004,2025-11-07,1026,40.7516,41811.14,602.52,USD,MOCK_FEED
POS00100420251107,PORT001,INS0005,2025-11-07,1589,41.2603,65562.62,2189.99,GBP,MOCK_FEED
POS00100520251107,PORT001,INS0006,2025-11-07,3443,25.1313,86527.07,691.36,EUR,MOCK_FEED
POS00100620251107,PORT001,INS0007,2025-11-07,405,53.2752,21576.46,-155.24,USD,MOCK_FEED
POS00100720251107,PORT001,INS0008,2025-11-07,4178,61.0542,255084.45,7126.5,EUR,MOCK_FEED
POS00100820251107,PORT001,INS0009,2025-11-07,4770,33.9281,161837.04,-1525.01,GBP,MOCK_FEED
POS00100920251107,PORT001,INS0010,2025-11-07,3567,67.5517,240956.91,-6016.76,EUR,MOCK_FEED
POS00101020251107,PORT001,INS0011,2025-11-07,1809,21.8865,39592.68,-798.53,USD,MOCK_FEED
POS00100120251108,PORT001,INS0002,2025-11-08,1848,40.6321,75088.12,57.44,USD,MOCK_FEED
POS00100220251108,PORT001,INS0003,2025-11-08,2192,36.1821,79311.16,64.31,INR,MOCK_FEED
POS00100320251108,PORT001,INS0004,2025-11-08,3951,40.96,161832.96,4363.93,INR,MOCK_FEED
POS00100420251108,PORT001,INS0005,2025-11-08,2721,42.3697,115287.95,3726.0,INR,MOCK_FEED
POS00100520251108,PORT001,INS0006,2025-11-08,3647,25.3013,92273.84,2004.68,USD,MOCK_FEED
POS00100620251108,PORT001,INS0007,2025-11-08,4763,53.4736,254694.76,6372.89,USD,MOCK_FEED
POS00100720251108,PORT001,INS0008,2025-11-08,3813,61.2276,233460.84,71.53,INR,MOCK_FEED
POS00100820251108,PORT001,INS0009,2025-11-08,907,34.1083,30936.23,-783.59,GBP,MOCK_FEED
POS00100920251108,PORT001,INS0010,2025-11-08,4726,68.6306,324348.22,-1733.47,EUR,MOCK_FEED
POS00101020251108,PORT001,INS0011,2025-11-08,2245,22.2643,49983.35,1144.16,USD,MOCK_FEED
POS00100120251109,PORT001,INS0002,2025-11-09,1340,40.5024,54273.22,-1329.57,INR,MOCK_FEED
POS00100220251109,PORT001,INS0003,2025-11-09,2359,36.804,86820.64,-428.77,EUR,MOCK_FEED
POS00100320251109,PORT001,INS0004,2025-11-09,2791,41.1491,114847.14,1721.11,EUR,MOCK_FEED
POS00100420251109,PORT001,INS0005,2025-11-09,123,41.1464,5061.01,45.07,EUR,MOCK_FEED
POS00100520251109,PORT001,INS0006,2025-11-09,349,25.3322,8840.94,97.04,USD,MOCK_FEED
POS00100620251109,PORT001,INS0007,2025-11-09,3376,54.4894,183956.21,3401.87,INR,MOCK_FEED
POS00100720251109,PORT001,INS0008,2025-11-09,1334,61.899,82573.27,-987.56,USD,MOCK_FEED
POS00100820251109,PORT001,INS0009,2025-11-09,2579,33.6897,86885.74,-272.57,INR,MOCK_FEED
POS00100920251109,PORT001,INS0010,2025-11-09,184,68.9716,12690.77,-26.06,INR,MOCK_FEED
POS00101020251109,PORT001,INS0011,2025-11-09,2960,22.235,65815.6,1756.05,EUR,MOCK_FEED
POS00100120251110,PORT001,INS0002,2025-11-10,2923,40.6708,118880.75,520.97,EUR,MOCK_FEED
POS00100220251110,PORT001,INS0003,2025-11-10,4933,37.2961,183981.66,-2329.52,USD,MOCK_FEED
POS00100320251110,PORT001,INS0004,2025-11-10,4927,41.821,206052.07,-2172.84,USD,MOCK_FEED
POS00100420251110,PORT001,INS0005,2025-11-10,3891,41.4187,161160.16,-3534.14,GBP,MOCK_FEED
POS00100520251110,PORT001,INS0006,2025-11-10,3257,25.7588,83896.41,-2101.09,GBP,MOCK_FEED
POS00100620251110,PORT001,INS0007,2025-11-10,2364,54.5118,128865.9,2347.15,GBP,MOCK_FEED
POS00100720251110,PORT001,INS0008,2025-11-10,2524,61.135,154304.74,-3585.31,EUR,MOCK_FEED
POS00100820251110,PORT001,INS0009,2025-11-10,1423,33.2681,47340.51,828.78,GBP,MOCK_FEED
POS00100920251110,PORT001,INS0010,2025-11-10,2188,68.5753,150042.76,1023.83,USD,MOCK_FEED
POS00101020251110,PORT001,INS0011,2025-11-10,2704,22.2398,60136.42,-452.5,GBP,MOCK_FEED
POS00100120251111,PORT001,INS0002,2025-11-11,4131,41.256,170428.54,4243.5,EUR,MOCK_FEED
POS00100220251111,PORT001,INS0003,2025-11-11,1526,36.5705,55806.58,-1183.96,INR,MOCK_FEED
POS00100320251111,PORT001,INS0004,2025-11-11,4771,40.3622,192568.06,5651.73,EUR,MOCK_FEED
POS00100420251111,PORT001,INS0005,2025-11-11,311,40.2126,12506.12,-234.49,EUR,MOCK_FEED
POS00100520251111,PORT001,INS0006,2025-11-11,3970,25.7646,102285.46,232.32,GBP,MOCK_FEED
POS00100620251111,PORT001,INS0007,2025-11-11,4232,54.8712,232214.92,2291.96,GBP,MOCK_FEED
POS00100720251111,PORT001,INS0008,2025-11-11,2593,62.2863,161508.38,2702.9,INR,MOCK_FEED
POS00100820251111,PORT001,INS0009,2025-11-11,3412,33.25,113449.0,2927.97,GBP,MOCK_FEED
POS00100920251111,PORT001,INS0010,2025-11-11,1405,69.0688,97041.66,-2125.75,GBP,MOCK_FEED
POS00101020251111,PORT001,INS0011,2025-11-11,3043,22.3132,67899.07,-724.67,EUR,MOCK_FEED
POS00100120251112,PORT001,INS0002,2025-11-12,4770,41.646,198651.42,-2220.68,INR,MOCK_FEED
POS00100220251112,PORT001,INS0003,2025-11-12,4393,36.4311,160041.82,3584.3,GBP,MOCK_FEED
POS00100320251112,PORT001,INS0004,2025-11-12,2038,39.7418,80993.79,-2160.53,INR,MOCK_FEED
POS00100420251112,PORT001,INS0005,2025-11-12,2144,39.3903,84452.8,1403.06,INR,MOCK_FEED
POS00100520251112,PORT001,INS0006,2025-11-12,1912,25.7991,49327.88,-131.73,EUR,MOCK_FEED
POS00100620251112,PORT001,INS0007,2025-11-12,3088,55.7107,172034.64,-2905.13,USD,MOCK_FEED
POS00100720251112,PORT001,INS0008,2025-11-12,3496,62.8636,219771.15,5271.05,GBP,MOCK_FEED
POS00100820251112,PORT001,INS0009,2025-11-12,4333,32.8876,142501.97,580.07,INR,MOCK_FEED
POS00100920251112,PORT001,INS0010,2025-11-12,2030,69.7972,141688.32,3931.05,EUR,MOCK_FEED
POS00101020251112,PORT001,INS0011,2025-11-12,4642,22.509,104486.78,1848.53,EUR,MOCK_FEED
POS00100120251113,PORT001,INS0002,2025-11-13,4171,41.4848,173033.1,-1783.92,GBP,MOCK_FEED
POS00100220251113,PORT001,INS0003,2025-11-13,358,36.9087,13213.31,238.46,EUR,MOCK_FEED
POS00100320251113,PORT001,INS0004,2025-11-13,626,40.3599,25265.3,-608.0,GBP,MOCK_FEED
POS00100420251113,PORT001,INS0005,2025-11-13,3994,39.7401,158721.96,2162.07,EUR,MOCK_FEED
POS00100520251113,PORT001,INS0006,2025-11-13,3966,25.4418,100902.18,2845.39,GBP,MOCK_FEED
POS00100620251113,PORT001,INS0007,2025-11-13,1979,55.5008,109836.08,-73.87,EUR,MOCK_FEED
POS00100720251113,PORT001,INS0008,2025-11-13,2766,63.0834,174488.68,6348.49,INR,MOCK_FEED
POS00100820251113,PORT001,INS0009,2025-11-13,4782,32.553,155668.45,4250.12,INR,MOCK_FEED
POS00100920251113,PORT001,INS0010,2025-11-13,4054,69.3903,281308.28,-3829.39,INR,MOCK_FEED
POS00101020251113,PORT001,INS0011,2025-11-13,3390,22.5925,76588.57,-2086.97,EUR,MOCK_FEED
POS00100120251114,PORT001,INS0002,2025-11-14,4720,41.7282,196957.1,2595.12,EUR,MOCK_FEED
POS00100220251114,PORT001,INS0003,2025-11-14,3885,37.1879,144474.99,4510.75,USD,MOCK_FEED
POS00100320251114,PORT001,INS0004,2025-11-14,921,41.1407,37890.58,14.22,USD,MOCK_FEED
POS00100420251114,PORT001,INS0005,2025-11-14,428,40.0942,17160.32,186.69,USD,MOCK_FEED
POS00100520251114,PORT001,INS0006,2025-11-14,4001,25.2538,101040.45,1109.04,GBP,MOCK_FEED
POS00100620251114,PORT001,INS0007,2025-11-14,723,54.4857,39393.16,506.14,INR,MOCK_FEED
POS00100720251114,PORT001,INS0008,2025-11-14,3444,62.3066,214583.93,1005.84,USD,MOCK_FEED
POS00100820251114,PORT001,INS0009,2025-11-14,1465,32.5292,47655.28,-180.54,INR,MOCK_FEED
POS00100920251114,PORT001,INS0010,2025-11-14,3752,69.8964,262251.29,-5786.93,INR,MOCK_FEED
POS00101020251114,PORT001,INS0011,2025-11-14,1137,22.6508,25753.96,-409.01,INR,MOCK_FEED
POS00100120251115,PORT001,INS0002,2025-11-15,448,41.3091,18506.48,482.32,USD,MOCK_FEED
POS00100220251115,PORT001,INS0003,2025-11-15,1194,37.2396,44464.08,-456.06,EUR,MOCK_FEED
POS00100320251115,PORT001,INS0004,2025-11-15,2025,41.5128,84063.42,784.11,INR,MOCK_FEED
POS00100420251115,PORT001,INS0005,2025-11-15,2284,39.274,89701.82,1668.56,GBP,MOCK_FEED
POS00100520251115,PORT001,INS0006,2025-11-15,2632,25.2957,66578.28,-1819.19,GBP,MOCK_FEED
POS00100620251115,PORT001,INS0007,2025-11-15,503,55.041,27685.62,634.09,EUR,MOCK_FEED
POS00100720251115,PORT001,INS0008,2025-11-15,2913,61.484,179102.89,-1562.91,USD,MOCK_FEED
POS00100820251115,PORT001,INS0009,2025-11-15,828,32.4352,26856.35,-479.5,GBP,MOCK_FEED
POS00100920251115,PORT001,INS0010,2025-11-15,2988,70.17,209667.96,-4956.41,EUR,MOCK_FEED
POS00101020251115,PORT001,INS0011,2025-11-15,974,22.5622,21975.58,-63.57,EUR,MOCK_FEED
POS00100120251116,PORT001,INS0002,2025-11-16,3575,41.3587,147857.35,-2414.4,EUR,MOCK_FEED
POS00100220251116,PORT001,INS0003,2025-11-16,4516,37.7462,170461.84,3668.18,USD,MOCK_FEED
POS00100320251116,PORT001,INS0004,2025-11-16,4109,41.7704,171634.57,-2434.29,EUR,MOCK_FEED
POS00100420251116,PORT001,INS0005,2025-11-16,2491,38.4188,95701.23,2340.14,GBP,MOCK_FEED
POS00100520251116,PORT001,INS0006,2025-11-16,4654,25.4417,118405.67,-454.63,INR,MOCK_FEED
POS00100620251116,PORT001,INS0007,2025-11-16,105,54.1334,5684.01,-21.25,GBP,MOCK_FEED
POS00100720251116,PORT001,INS0008,2025-11-16,3766,62.1385,234013.59,-5340.19,INR,MOCK_FEED
POS00100820251116,PORT001,INS0009,2025-11-16,3303,32.0556,105879.65,-1525.41,INR,MOCK_FEED
POS00100920251116,PORT001,INS0010,2025-11-16,629,70.2333,44176.75,1755.82,GBP,MOCK_FEED
POS00101020251116,PORT001,INS0011,2025-11-16,891,22.6865,20213.67,-405.06,USD,MOCK_FEED
POS00100120251117,PORT001,INS0002,2025-11-17,4392,41.3644,181672.44,-522.45,EUR,MOCK_FEED
POS00100220251117,PORT001,INS0003,2025-11-17,4685,37.6461,176371.98,3980.82,USD,MOCK_FEED
POS00100320251117,PORT001,INS0004,2025-11-17,4211,42.3849,178482.81,1081.71,EUR,MOCK_FEED
POS00100420251117,PORT001,INS0005,2025-11-17,2926,39.0578,114283.12,2614.22,INR,MOCK_FEED
POS00100520251117,PORT001,INS0006,2025-11-17,2509,25.3747,63665.12,-358.47,INR,MOCK_FEED
POS00100620251117,PORT001,INS0007,2025-11-17,4081,54.4985,222408.38,1762.46,INR,MOCK_FEED
POS00100720251117,PORT001,INS0008,2025-11-17,4785,63.1157,302008.62,4434.01,INR,MOCK_FEED
POS00100820251117,PORT001,INS0009,2025-11-17,1138,31.9138,36317.9,221.82,EUR,MOCK_FEED
POS00100920251117,PORT001,INS0010,2025-11-17,989,70.7191,69941.19,429.18,EUR,MOCK_FEED
POS00101020251117,PORT001,INS0011,2025-11-17,4113,22.6909,93327.67,885.76,GBP,MOCK_FEED
POS00100120251118,PORT001,INS0002,2025-11-18,3175,41.2783,131058.6,-2209.79,EUR,MOCK_FEED
POS00100220251118,PORT001,INS0003,2025-11-18,2790,37.8377,105567.18,-1151.76,USD,MOCK_FEED
POS00100320251118,PORT001,INS0004,2025-11-18,4812,42.6787,205369.9,114.46,GBP,MOCK_FEED
POS00100420251118,PORT001,INS0005,2025-11-18,3975,39.1245,155519.89,-4038.06,GBP,MOCK_FEED
POS00100520251118,PORT001,INS0006,2025-11-18,4283,25.0648,107352.54,-2021.91,GBP,MOCK_FEED
POS00100620251118,PORT001,INS0007,2025-11-18,3978,54.2452,215787.41,6851.63,EUR,MOCK_FEED
POS00100720251118,PORT001,INS0008,2025-11-18,4185,62.8106,262862.36,-4112.42,INR,MOCK_FEED
POS00100820251118,PORT001,INS0009,2025-11-18,594,32.3226,19199.62,-90.18,GBP,MOCK_FEED
POS00100920251118,PORT001,INS0010,2025-11-18,4772,71.1348,339455.27,4238.52,INR,MOCK_FEED
POS00101020251118,PORT001,INS0011,2025-11-18,2918,22.2474,64917.91,649.59,USD,MOCK_FEED
POS00100120251119,PORT001,INS0002,2025-11-19,4754,41.2346,196029.29,7606.56,GBP,MOCK_FEED
POS00100220251119,PORT001,INS0003,2025-11-19,3053,38.415,117280.99,-96.11,USD,MOCK_FEED
POS00100320251119,PORT001,INS0004,2025-11-19,1907,43.4231,82807.85,720.93,GBP,MOCK_FEED
POS00100420251119,PORT001,INS0005,2025-11-19,929,38.9266,36162.81,339.38,GBP,MOCK_FEED
POS00100520251119,PORT001,INS0006,2025-11-19,912,25.5814,23330.24,-599.3,INR,MOCK_FEED
POS00100620251119,PORT001,INS0007,2025-11-19,1387,55.4903,76965.05,-1785.89,INR,MOCK_FEED
POS00100720251119,PORT001,INS0008,2025-11-19,3088,62.8866,194193.82,-5236.45,GBP,MOCK_FEED
POS00100820251119,PORT001,INS0009,2025-11-19,3850,32.5487,125312.49,-1847.06,INR,MOCK_FEED
POS00100920251119,PORT001,INS0010,2025-11-19,2630,71.5898,188281.17,2375.85,INR,MOCK_FEED
POS00101020251119,PORT001,INS0011,2025-11-19,133,22.2497,2959.21,-79.13,GBP,MOCK_FEED
POS00100120251120,PORT001,INS0002,2025-11-20,2560,40.88,104652.8,1461.93,GBP,MOCK_FEED
POS00100220251120,PORT001,INS0003,2025-11-20,3421,38.3224,131100.93,-3270.48,USD,MOCK_FEED
POS00100320251120,PORT001,INS0004,2025-11-20,4863,43.7952,212976.06,-5009.44,USD,MOCK_FEED
POS00100420251120,PORT001,INS0005,2025-11-20,1621,38.864,62998.54,-1397.89,USD,MOCK_FEED
POS00100520251120,PORT001,INS0006,2025-11-20,2483,25.667,63731.16,1945.3,EUR,MOCK_FEED
POS00100620251120,PORT001,INS0007,2025-11-20,1060,55.1992,58511.15,1467.88,USD,MOCK_FEED
POS00100720251120,PORT001,INS0008,2025-11-20,3486,63.3918,220983.81,-1584.49,INR,MOCK_FEED
POS00100820251120,PORT001,INS0009,2025-11-20,389,32.1779,12517.2,-95.38,GBP,MOCK_FEED
POS00100920251120,PORT001,INS0010,2025-11-20,3936,71.107,279877.15,-76.26,GBP,MOCK_FEED
POS00101020251120,PORT001,INS0011,2025-11-20,1721,22.1717,38157.5,-130.07,EUR,MOCK_FEED
POS00100120251121,PORT001,INS0002,2025-11-21,1995,40.7274,81251.16,2431.62,INR,MOCK_FEED
POS00100220251121,PORT001,INS0003,2025-11-21,3398,38.5228,130900.47,2738.33,GBP,MOCK_FEED
POS00100320251121,PORT001,INS0004,2025-11-21,1135,45.2634,51373.96,-1033.67,GBP,MOCK_FEED
POS00100420251121,PORT001,INS0005,2025-11-21,3472,38.4409,133466.8,-839.87,GBP,MOCK_FEED
POS00100520251121,PORT001,INS0006,2025-11-21,3219,25.0981,80790.78,-1817.95,GBP,MOCK_FEED
POS00100620251121,PORT001,INS0007,2025-11-21,3386,55.2616,187115.78,6965.26,GBP,MOCK_FEED
POS00100720251121,PORT001,INS0008,2025-11-21,2482,63.222,156917.0,-2886.74,EUR,MOCK_FEED
POS00100820251121,PORT001,INS0009,2025-11-21,2986,32.7465,97781.05,2713.54,GBP,MOCK_FEED
POS00100920251121,PORT001,INS0010,2025-11-21,2129,71.1861,151555.21,2834.02,INR,MOCK_FEED
POS00101020251121,PORT001,INS0011,2025-11-21,2676,22.242,59519.59,1235.11,GBP,MOCK_FEED
POS00100120251122,PORT001,INS0002,2025-11-22,819,40.1413,32875.72,758.88,GBP,MOCK_FEED
POS00100220251122,PORT001,INS0003,2025-11-22,3458,38.977,134782.47,4563.11,GBP,MOCK_FEED
POS00100320251122,PORT001,INS0004,2025-11-22,1426,45.1506,64384.76,1478.7,USD,MOCK_FEED
POS00100420251122,PORT001,INS0005,2025-11-22,4515,39.1583,176799.72,-447.67,INR,MOCK_FEED
POS00100520251122,PORT001,INS0006,2025-11-22,4119,25.3462,104401.0,1686.06,USD,MOCK_FEED
POS00100620251122,PORT001,INS0007,2025-11-22,4243,54.9897,233321.3,1506.04,EUR,MOCK_FEED
POS00100720251122,PORT001,INS0008,2025-11-22,4573,63.6684,291155.59,5875.07,GBP,MOCK_FEED
POS00100820251122,PORT001,INS0009,2025-11-22,383,32.3746,12399.47,248.82,INR,MOCK_FEED
POS00100920251122,PORT001,INS0010,2025-11-22,3362,71.1651,239257.07,-5821.67,GBP,MOCK_FEED
POS00101020251122,PORT001,INS0011,2025-11-22,2508,21.6772,54366.42,-698.05,EUR,MOCK_FEED
POS00100120251123,PORT001,INS0002,2025-11-23,776,39.6063,30734.49,282.58,EUR,MOCK_FEED
POS00100220251123,PORT001,INS0003,2025-11-23,3783,38.3702,145154.47,-3685.39,GBP,MOCK_FEED
POS00100320251123,PORT001,INS0004,2025-11-23,1636,46.5131,76095.43,-1706.7,INR,MOCK_FEED
POS00100420251123,PORT001,INS0005,2025-11-23,4174,38.7387,161695.33,-1733.67,GBP,MOCK_FEED
POS00100520251123,PORT001,INS0006,2025-11-23,1696,25.7153,43613.15,931.18,USD,MOCK_FEED
POS00100620251123,PORT001,INS0007,2025-11-23,4956,55.1401,273274.34,-2490.04,GBP,MOCK_FEED
POS00100720251123,PORT001,INS0008,2025-11-23,4052,64.005,259348.26,-578.95,USD,MOCK_FEED
POS00100820251123,PORT001,INS0009,2025-11-23,922,32.2008,29689.14,-173.49,INR,MOCK_FEED
POS00100920251123,PORT001,INS0010,2025-11-23,1346,70.9058,95439.21,3276.75,USD,MOCK_FEED
POS00101020251123,PORT001,INS0011,2025-11-23,741,21.8727,16207.67,117.33,EUR,MOCK_FEED
POS00100120251124,PORT001,INS0002,2025-11-24,489,39.3799,19256.77,-27.91,INR,MOCK_FEED
POS00100220251124,PORT001,INS0003,2025-11-24,1527,37.8559,57805.96,-245.38,EUR,MOCK_FEED
POS00100320251124,PORT001,INS0004,2025-11-24,4541,45.9817,208802.9,6391.87,USD,MOCK_FEED
POS00100420251124,PORT001,INS0005,2025-11-24,2003,39.3002,78718.3,1479.69,GBP,MOCK_FEED
POS00100520251124,PORT001,INS0006,2025-11-24,3212,25.7733,82783.84,-2434.79,INR,MOCK_FEED
POS00100620251124,PORT001,INS0007,2025-11-24,4014,55.3948,222354.73,3808.56,EUR,MOCK_FEED
POS00100720251124,PORT001,INS0008,2025-11-24,3215,64.0653,205969.94,5081.98,INR,MOCK_FEED
POS00100820251124,PORT001,INS0009,2025-11-24,3145,32.0101,100671.76,1659.33,USD,MOCK_FEED
POS00100920251124,PORT001,INS0010,2025-11-24,291,70.8577,20619.59,-466.51,USD,MOCK_FEED
POS00101020251124,PORT001,INS0011,2025-11-24,190,21.7775,4137.73,40.55,USD,MOCK_FEED
POS00100120251125,PORT001,INS0002,2025-11-25,1789,39.2543,70225.94,-875.78,USD,MOCK_FEED
POS00100220251125,PORT001,INS0003,2025-11-25,2720,37.9122,103121.18,1785.25,GBP,MOCK_FEED
POS00100320251125,PORT001,INS0004,2025-11-25,198,45.7034,9049.27,-184.48,GBP,MOCK_FEED
POS00100420251125,PORT001,INS0005,2025-11-25,2298,39.7033,91238.18,481.98,GBP,MOCK_FEED
POS00100520251125,PORT001,INS0006,2025-11-25,3069,25.5493,78410.8,338.3,USD,MOCK_FEED
POS00100620251125,PORT001,INS0007,2025-11-25,3940,54.6531,215333.21,-2618.88,EUR,MOCK_FEED
POS00100720251125,PORT001,INS0008,2025-11-25,3604,63.681,229506.32,477.51,GBP,MOCK_FEED
POS00100820251125,PORT001,INS0009,2025-11-25,1985,32.2709,64057.74,-454.41,EUR,MOCK_FEED
POS00100920251125,PORT001,INS0010,2025-11-25,206,69.836,14386.22,-406.52,GBP,MOCK_FEED
POS00101020251125,PORT001,INS0011,2025-11-25,3379,21.601,72989.78,168.4,EUR,MOCK_FEED
POS00100120251126,PORT001,INS0002,2025-11-26,4050,40.1476,162597.78,-3286.6,USD,MOCK_FEED
POS00100220251126,PORT001,INS0003,2025-11-26,1606,37.8033,60712.1,1854.08,GBP,MOCK_FEED
POS00100320251126,PORT001,INS0004,2025-11-26,3660,46.0627,168589.48,-3351.2,EUR,MOCK_FEED
POS00100420251126,PORT001,INS0005,2025-11-26,3905,40.1659,156847.84,3304.91,GBP,MOCK_FEED
POS00100520251126,PORT001,INS0006,2025-11-26,3913,25.3757,99295.11,-1201.48,EUR,MOCK_FEED
POS00100620251126,PORT001,INS0007,2025-11-26,946,56.0989,53069.56,972.21,EUR,MOCK_FEED
POS00100720251126,PORT001,INS0008,2025-11-26,4500,63.5944,286174.8,-4066.77,GBP,MOCK_FEED
POS00100820251126,PORT001,INS0009,2025-11-26,331,31.8104,10529.24,-193.72,INR,MOCK_FEED
POS00100920251126,PORT001,INS0010,2025-11-26,2849,69.9562,199305.21,474.27,INR,MOCK_FEED
POS00101020251126,PORT001,INS0011,2025-11-26,789,21.3056,16810.12,-264.05,EUR,MOCK_FEED
POS00100120251127,PORT001,INS0002,2025-11-27,2148,39.6474,85162.62,2418.97,INR,MOCK_FEED
POS00100220251127,PORT001,INS0003,2025-11-27,3622,37.2762,135014.4,-3417.16,INR,MOCK_FEED
POS00100320251127,PORT001,INS0004,2025-11-27,450,45.4638,20458.71,752.04,GBP,MOCK_FEED
POS00100420251127,PORT001,INS0005,2025-11-27,479,39.8502,19088.25,-219.28,EUR,MOCK_FEED
POS00100520251127,PORT001,INS0006,2025-11-27,2150,25.5378,54906.27,1733.36,INR,MOCK_FEED
POS00100620251127,PORT001,INS0007,2025-11-27,3207,56.3684,180773.46,3556.92,USD,MOCK_FEED
POS00100720251127,PORT001,INS0008,2025-11-27,4096,63.0559,258276.97,-493.11,EUR,MOCK_FEED
POS00100820251127,PORT001,INS0009,2025-11-27,1259,32.2697,40627.55,-620.5,INR,MOCK_FEED
POS00100920251127,PORT001,INS0010,2025-11-27,3492,69.5255,242783.05,7926.81,GBP,MOCK_FEED
POS00101020251127,PORT001,INS0011,2025-11-27,686,21.5323,14771.16,55.98,USD,MOCK_FEED
POS00100120251128,PORT001,INS0002,2025-11-28,3331,39.5622,131781.69,1009.72,GBP,MOCK_FEED
POS00100220251128,PORT001,INS0003,2025-11-28,2149,36.9575,79421.67,-2003.66,INR,MOCK_FEED
POS00100320251128,PORT001,INS0004,2025-11-28,3433,45.7195,156955.04,3137.63,USD,MOCK_FEED
POS00100420251128,PORT001,INS0005,2025-11-28,2251,39.4649,88835.49,-693.55,GBP,MOCK_FEED
POS00100520251128,PORT001,INS0006,2025-11-28,4061,25.8197,104853.8,-1786.79,USD,MOCK_FEED
POS00100620251128,PORT001,INS0007,2025-11-28,331,56.9419,18847.77,744.27,INR,MOCK_FEED
POS00100720251128,PORT001,INS0008,2025-11-28,2220,62.2681,138235.18,5003.08,USD,MOCK_FEED
POS00100820251128,PORT001,INS0009,2025-11-28,4835,32.1988,155681.2,17.89,INR,MOCK_FEED
POS00100920251128,PORT001,INS0010,2025-11-28,1083,69.8521,75649.82,-519.88,GBP,MOCK_FEED
POS00101020251128,PORT001,INS0011,2025-11-28,1729,21.5289,37223.47,-897.75,USD,MOCK_FEED
POS00100120251129,PORT001,INS0002,2025-11-29,428,38.7908,16602.46,-17.72,GBP,MOCK_FEED
POS00100220251129,PORT001,INS0003,2025-11-29,3322,36.8573,122439.95,-359.0,USD,MOCK_FEED
POS00100320251129,PORT001,INS0004,2025-11-29,3072,46.2281,142012.72,-538.14,EUR,MOCK_FEED
POS00100420251129,PORT001,INS0005,2025-11-29,2687,40.086,107711.08,1288.01,INR,MOCK_FEED
POS00100520251129,PORT001,INS0006,2025-11-29,1686,25.6802,43296.82,-594.72,EUR,MOCK_FEED
POS00100620251129,PORT001,INS0007,2025-11-29,3515,57.371,201659.07,7177.1,EUR,MOCK_FEED
POS00100720251129,PORT001,INS0008,2025-11-29,801,61.9815,49647.18,1275.61,EUR,MOCK_FEED
POS00100820251129,PORT001,INS0009,2025-11-29,3077,32.6374,100425.28,-323.44,USD,MOCK_FEED
POS00100920251129,PORT001,INS0010,2025-11-29,4580,68.9971,316006.72,-6134.09,GBP,MOCK_FEED
POS00101020251129,PORT001,INS0011,2025-11-29,1062,21.493,22825.57,553.56,INR,MOCK_FEED
POS00100120251130,PORT001,INS0002,2025-11-30,4762,39.0354,185886.57,-3346.94,GBP,MOCK_FEED
POS00100220251130,PORT001,INS0003,2025-11-30,4838,37.3302,180603.51,-1307.82,USD,MOCK_FEED
POS00100320251130,PORT001,INS0004,2025-11-30,4112,46.5335,191345.75,6544.6,INR,MOCK_FEED
POS00100420251130,PORT001,INS0005,2025-11-30,628,39.9077,25062.04,-157.02,INR,MOCK_FEED
POS00100520251130,PORT001,INS0006,2025-11-30,3276,25.887,84805.81,-1681.25,USD,MOCK_FEED
POS00100620251130,PORT001,INS0007,2025-11-30,1708,57.8303,98774.15,588.03,EUR,MOCK_FEED
POS00100720251130,PORT001,INS0008,2025-11-30,216,61.8025,13349.34,-191.21,GBP,MOCK_FEED
POS00100820251130,PORT001,INS0009,2025-11-30,2057,32.6194,67098.11,-105.84,INR,MOCK_FEED
POS00100920251130,PORT001,INS0010,2025-11-30,1703,70.2067,119562.01,1052.3,USD,MOCK_FEED
POS00101020251130,PORT001,INS0011,2025-11-30,3954,21.341,84382.31,-495.26,EUR,MOCK_FEED
POS00100120251201,PORT001,INS0002,2025-12-01,1549,39.534,61238.17,-1006.08,GBP,MOCK_FEED
POS00100220251201,PORT001,INS0003,2025-12-01,2087,37.7644,78814.3,2830.08,USD,MOCK_FEED
POS00100320251201,PORT001,INS0004,2025-12-01,185,47.7859,8840.39,118.91,USD,MOCK_FEED
POS00100420251201,PORT001,INS0005,2025-12-01,399,39.3339,15694.23,383.1,USD,MOCK_FEED
POS00100520251201,PORT001,INS0006,2025-12-01,888,25.4346,22585.92,362.84,GBP,MOCK_FEED
POS00100620251201,PORT001,INS0007,2025-12-01,487,58.5648,28521.06,-139.61,INR,MOCK_FEED
POS00100720251201,PORT001,INS0008,2025-12-01,3723,61.9112,230495.4,5793.17,USD,MOCK_FEED
POS00100820251201,PORT001,INS0009,2025-12-01,434,32.326,14029.48,504.2,GBP,MOCK_FEED
POS00100920251201,PORT001,INS0010,2025-12-01,1533,70.3728,107881.5,2799.29,INR,MOCK_FEED
POS00101020251201,PORT001,INS0011,2025-12-01,3401,21.5218,73195.64,2786.56,USD,MOCK_FEED
POS00100120251202,PORT001,INS0002,2025-12-02,4847,39.1072,189552.6,-1701.36,USD,MOCK_FEED
POS00100220251202,PORT001,INS0003,2025-12-02,279,37.7494,10532.08,161.82,EUR,MOCK_FEED
POS00100320251202,PORT001,INS0004,2025-12-02,2118,46.5758,98647.54,3334.6,GBP,MOCK_FEED
POS00100420251202,PORT001,INS0005,2025-12-02,1927,39.5825,76275.48,-913.97,GBP,MOCK_FEED
POS00100520251202,PORT001,INS0006,2025-12-02,4572,25.8747,118299.13,4407.94,INR,MOCK_FEED
POS00100620251202,PORT001,INS0007,2025-12-02,3573,58.9878,210763.41,-171.79,GBP,MOCK_FEED
POS00100720251202,PORT001,INS0008,2025-12-02,3079,62.3536,191986.73,7128.77,USD,MOCK_FEED
POS00100820251202,PORT001,INS0009,2025-12-02,2662,32.1093,85474.96,991.06,EUR,MOCK_FEED
POS00100920251202,PORT001,INS0010,2025-12-02,2690,71.4625,192234.13,2589.36,EUR,MOCK_FEED
POS00101020251202,PORT001,INS0011,2025-12-02,249,21.1768,5273.02,110.33,INR,MOCK_FEED
POS00100120251203,PORT001,INS0002,2025-12-03,1141,39.0499,44555.94,-86.49,GBP,MOCK_FEED
POS00100220251203,PORT001,INS0003,2025-12-03,1628,37.6767,61337.67,209.79,GBP,MOCK_FEED
POS00100320251203,PORT001,INS0004,2025-12-03,3620,46.5709,168586.66,-4100.98,USD,MOCK_FEED
POS00100420251203,PORT001,INS0005,2025-12-03,381,39.9124,15206.62,162.92,INR,MOCK_FEED
POS00100520251203,PORT001,INS0006,2025-12-03,3861,25.8158,99674.8,-2585.54,INR,MOCK_FEED
POS00100620251203,PORT001,INS0007,2025-12-03,2671,58.0369,155016.56,-3995.42,EUR,MOCK_FEED
POS00100720251203,PORT001,INS0008,2025-12-03,655,62.433,40893.61,-935.94,GBP,MOCK_FEED
POS00100820251203,PORT001,INS0009,2025-12-03,970,31.9658,31006.83,497.95,GBP,MOCK_FEED
POS00100920251203,PORT001,INS0010,2025-12-03,4310,70.8333,305291.52,8572.1,INR,MOCK_FEED
POS00101020251203,PORT001,INS0011,2025-12-03,3811,21.1262,80511.95,-2385.81,INR,MOCK_FEED
POS00100120251204,PORT001,INS0002,2025-12-04,3600,39.2186,141186.96,695.49,INR,MOCK_FEED
POS00100220251204,PORT001,INS0003,2025-12-04,651,37.2153,24227.16,-720.04,INR,MOCK_FEED
POS00100320251204,PORT001,INS0004,2025-12-04,2024,46.1714,93450.91,377.74,EUR,MOCK_FEED
POS00100420251204,PORT001,INS0005,2025-12-04,343,39.2303,13455.99,496.8,GBP,MOCK_FEED
POS00100520251204,PORT001,INS0006,2025-12-04,3042,25.7363,78289.82,1338.96,INR,MOCK_FEED
POS00100620251204,PORT001,INS0007,2025-12-04,2691,58.1637,156518.52,2336.28,GBP,MOCK_FEED
POS00100720251204,PORT001,INS0008,2025-12-04,1623,61.2948,99481.46,-560.5,INR,MOCK_FEED
POS00100820251204,PORT001,INS0009,2025-12-04,3358,31.0647,104315.26,-2041.05,GBP,MOCK_FEED
POS00100920251204,PORT001,INS0010,2025-12-04,759,70.6219,53602.02,-1430.87,INR,MOCK_FEED
POS00101020251204,PORT001,INS0011,2025-12-04,4285,21.0177,90060.84,2504.95,INR,MOCK_FEED
POS00100120251205,PORT001,INS0002,2025-12-05,3951,38.6884,152857.87,-3317.22,INR,MOCK_FEED
POS00100220251205,PORT001,INS0003,2025-12-05,3234,37.3223,120700.32,-1285.66,USD,MOCK_FEED
POS00100320251205,PORT001,INS0004,2025-12-05,3433,46.4668,159520.52,-3081.9,USD,MOCK_FEED
POS00100420251205,PORT001,INS0005,2025-12-05,1866,38.9566,72693.02,1202.55,INR,MOCK_FEED
POS00100520251205,PORT001,INS0006,2025-12-05,3570,25.4842,90978.59,-172.1,USD,MOCK_FEED
POS00100620251205,PORT001,INS0007,2025-12-05,4212,58.3262,245669.95,-6848.73,EUR,MOCK_FEED
POS00100720251205,PORT001,INS0008,2025-12-05,4981,60.5645,301671.77,10928.97,EUR,MOCK_FEED
POS00100820251205,PORT001,INS0009,2025-12-05,3905,31.1797,121756.73,633.53,USD,MOCK_FEED
POS00100920251205,PORT001,INS0010,2025-12-05,3933,70.4216,276968.15,7569.14,EUR,MOCK_FEED
POS00101020251205,PORT001,INS0011,2025-12-05,3789,20.6571,78269.75,-590.11,EUR,MOCK_FEED
POS00100120251206,PORT001,INS0002,2025-12-06,3071,38.6218,118607.55,-2890.75,USD,MOCK_FEED
POS00100220251206,PORT001,INS0003,2025-12-06,3117,38.111,118791.99,161.95,INR,MOCK_FEED
POS00100320251206,PORT001,INS0004,2025-12-06,2359,46.1169,108789.77,-2702.08,INR,MOCK_FEED
POS00100420251206,PORT001,INS0005,2025-12-06,349,38.609,13474.54,223.77,EUR,MOCK_FEED
POS00100520251206,PORT001,INS0006,2025-12-06,1255,25.3687,31837.72,499.39,EUR,MOCK_FEED
POS00100620251206,PORT001,INS0007,2025-12-06,1499,58.1284,87134.47,-449.72,GBP,MOCK_FEED
POS00100720251206,PORT001,INS0008,2025-12-06,4966,60.9065,302461.68,8868.25,GBP,MOCK_FEED
POS00100820251206,PORT001,INS0009,2025-12-06,4968,30.9582,153800.34,-1547.87,EUR,MOCK_FEED
POS00100920251206,PORT001,INS0010,2025-12-06,2903,70.8852,205779.74,2669.68,USD,MOCK_FEED
POS00101020251206,PORT001,INS0011,2025-12-06,4150,20.5234,85172.11,1890.35,USD,MOCK_FEED
POS00100120251207,PORT001,INS0002,2025-12-07,4118,38.3451,157905.12,-3768.61,EUR,MOCK_FEED
POS00100220251207,PORT001,INS0003,2025-12-07,520,37.703,19605.56,57.6,EUR,MOCK_FEED
POS00100320251207,PORT001,INS0004,2025-12-07,2178,46.374,101002.57,676.46,EUR,MOCK_FEED
POS00100420251207,PORT001,INS0005,2025-12-07,3432,38.4616,132000.21,-1455.94,INR,MOCK_FEED
POS00100520251207,PORT001,INS0006,2025-12-07,4603,25.0745,115417.92,3653.24,USD,MOCK_FEED
POS00100620251207,PORT001,INS0007,2025-12-07,873,57.4051,50114.65,677.16,USD,MOCK_FEED
POS00100720251207,PORT001,INS0008,2025-12-07,206,61.409,12650.25,-325.61,GBP,MOCK_FEED
POS00100820251207,PORT001,INS0009,2025-12-07,4785,31.1608,149104.43,2962.64,USD,MOCK_FEED
POS00100920251207,PORT001,INS0010,2025-12-07,3280,72.0511,236327.61,2235.34,INR,MOCK_FEED
POS00101020251207,PORT001,INS0011,2025-12-07,4589,20.4605,93893.23,-2792.29,EUR,MOCK_FEED
POS00100120251208,PORT001,INS0002,2025-12-08,770,38.9516,29992.73,-258.03,INR,MOCK_FEED
POS00100220251208,PORT001,INS0003,2025-12-08,2185,38.2563,83590.02,-146.25,GBP,MOCK_FEED
POS00100320251208,PORT001,INS0004,2025-12-08,2296,46.0784,105796.01,-298.2,GBP,MOCK_FEED
POS00100420251208,PORT001,INS0005,2025-12-08,252,38.9486,9815.05,-127.25,INR,MOCK_FEED
POS00100520251208,PORT001,INS0006,2025-12-08,2879,25.2118,72584.77,2408.04,EUR,MOCK_FEED
POS00100620251208,PORT001,INS0007,2025-12-08,649,57.1603,37097.03,173.12,INR,MOCK_FEED
POS00100720251208,PORT001,INS0008,2025-12-08,2905,62.3421,181103.8,-373.38,EUR,MOCK_FEED
POS00100820251208,PORT001,INS0009,2025-12-08,3452,31.2223,107779.38,50.1,INR,MOCK_FEED
POS00100920251208,PORT001,INS0010,2025-12-08,3649,72.0793,263017.37,2241.76,EUR,MOCK_FEED
POS00101020251208,PORT001,INS0011,2025-12-08,177,20.6001,3646.22,-96.37,EUR,MOCK_FEED
POS00100120251209,PORT001,INS0002,2025-12-09,4478,38.7954,173725.8,2858.15,EUR,MOCK_FEED
POS00100220251209,PORT001,INS0003,2025-12-09,1155,37.7789,43634.63,1579.51,EUR,MOCK_FEED
POS00100320251209,PORT001,INS0004,2025-12-09,2077,45.7348,94991.18,2931.19,INR,MOCK_FEED
POS00100420251209,PORT001,INS0005,2025-12-09,4864,39.6618,192915.0,-44.99,GBP,MOCK_FEED
POS00100520251209,PORT001,INS0006,2025-12-09,3017,24.9634,75314.58,1811.49,GBP,MOCK_FEED
POS00100620251209,PORT001,INS0007,2025-12-09,3002,57.3557,172181.81,4342.13,INR,MOCK_FEED
POS00100720251209,PORT001,INS0008,2025-12-09,226,63.0687,14253.53,-181.14,GBP,MOCK_FEED
POS00100820251209,PORT001,INS0009,2025-12-09,4443,31.1519,138407.89,-3849.61,INR,MOCK_FEED
POS00100920251209,PORT001,INS0010,2025-12-09,1805,72.4887,130842.1,486.46,INR,MOCK_FEED
POS00101020251209,PORT001,INS0011,2025-12-09,4391,20.4386,89745.89,526.64,GBP,MOCK_FEED
POS00100120251210,PORT001,INS0002,2025-12-10,864,38.7858,33510.93,-171.35,INR,MOCK_FEED
POS00100220251210,PORT001,INS0003,2025-12-10,1725,38.132,65777.7,1169.11,INR,MOCK_FEED
POS00100320251210,PORT001,INS0004,2025-12-10,3659,46.2546,169245.58,-2674.81,GBP,MOCK_FEED
POS00100420251210,PORT001,INS0005,2025-12-10,1194,38.942,46496.75,-227.26,USD,MOCK_FEED
POS00100520251210,PORT001,INS0006,2025-12-10,2336,25.0797,58586.18,1995.94,INR,MOCK_FEED
POS00100620251210,PORT001,INS0007,2025-12-10,4606,57.2347,263623.03,4280.43,INR,MOCK_FEED
POS00100720251210,PORT001,INS0008,2025-12-10,1572,63.2893,99490.78,1324.57,EUR,MOCK_FEED
POS00100820251210,PORT001,INS0009,2025-12-10,2057,30.8796,63519.34,-667.8,INR,MOCK_FEED
POS00100920251210,PORT001,INS0010,2025-12-10,2858,72.5208,207264.45,2631.51,EUR,MOCK_FEED
POS00101020251210,PORT001,INS0011,2025-12-10,129,20.263,2613.93,11.2,INR,MOCK_FEED
POS00100120251211,PORT001,INS0002,2025-12-11,4971,39.0203,193969.91,-4795.48,EUR,MOCK_FEED
POS00100220251211,PORT001,INS0003,2025-12-11,2935,37.5541,110221.28,3057.51,GBP,MOCK_FEED
POS00100320251211,PORT001,INS0004,2025-12-11,269,47.0458,12655.32,-150.39,INR,MOCK_FEED
POS00100420251211,PORT001,INS0005,2025-12-11,1146,38.3793,43982.68,727.08,INR,MOCK_FEED
POS00100520251211,PORT001,INS0006,2025-12-11,201,25.2881,5082.91,-27.65,GBP,MOCK_FEED
POS00100620251211,PORT001,INS0007,2025-12-11,2014,56.6574,114108.0,1840.85,GBP,MOCK_FEED
POS00100720251211,PORT001,INS0008,2025-12-11,1869,63.1876,118097.62,-516.61,USD,MOCK_FEED
POS00100820251211,PORT001,INS0009,2025-12-11,624,30.8314,19238.79,-528.96,EUR,MOCK_FEED
POS00100920251211,PORT001,INS0010,2025-12-11,2752,72.2092,198719.72,4491.27,GBP,MOCK_FEED
POS00101020251211,PORT001,INS0011,2025-12-11,2894,20.0931,58149.43,882.17,EUR,MOCK_FEED
POS00100120251212,PORT001,INS0002,2025-12-12,581,38.8114,22549.42,-548.01,GBP,MOCK_FEED
POS00100220251212,PORT001,INS0003,2025-12-12,3548,37.8366,134244.26,-2147.28,USD,MOCK_FEED
POS00100320251212,PORT001,INS0004,2025-12-12,4075,47.5349,193704.72,234.74,EUR,MOCK_FEED
POS00100420251212,PORT001,INS0005,2025-12-12,4803,38.7074,185911.64,-2598.73,INR,MOCK_FEED
POS00100520251212,PORT001,INS0006,2025-12-12,1388,25.174,34941.51,691.96,INR,MOCK_FEED
POS00100620251212,PORT001,INS0007,2025-12-12,4224,56.1425,237145.92,-4288.58,EUR,MOCK_FEED
POS00100720251212,PORT001,INS0008,2025-12-12,1306,63.0885,82393.58,292.72,INR,MOCK_FEED
POS00100820251212,PORT001,INS0009,2025-12-12,3660,30.6023,112004.42,-2033.28,GBP,MOCK_FEED
POS00100920251212,PORT001,INS0010,2025-12-12,846,71.9739,60889.92,286.03,EUR,MOCK_FEED
POS00101020251212,PORT001,INS0011,2025-12-12,1455,20.0963,29240.12,-489.51,EUR,MOCK_FEED
POS00100120251213,PORT001,INS0002,2025-12-13,2334,39.3199,91772.65,38.65,EUR,MOCK_FEED
POS00100220251213,PORT001,INS0003,2025-12-13,3857,37.0181,142778.81,4850.68,INR,MOCK_FEED
POS00100320251213,PORT001,INS0004,2025-12-13,1527,47.713,72857.75,-178.69,USD,MOCK_FEED
POS00100420251213,PORT001,INS0005,2025-12-13,3024,38.779,117267.7,3648.87,GBP,MOCK_FEED
POS00100520251213,PORT001,INS0006,2025-12-13,2271,25.2614,57368.64,1831.68,INR,MOCK_FEED
POS00100620251213,PORT001,INS0007,2025-12-13,4057,56.7997,230436.38,3306.9,USD,MOCK_FEED
POS00100720251213,PORT001,INS0008,2025-12-13,760,63.5285,48281.66,1794.73,EUR,MOCK_FEED
POS00100820251213,PORT001,INS0009,2025-12-13,397,31.2838,12419.67,-0.09,EUR,MOCK_FEED
POS00100920251213,PORT001,INS0010,2025-12-13,2629,71.4319,187794.47,646.05,USD,MOCK_FEED
POS00101020251213,PORT001,INS0011,2025-12-13,513,20.33,10429.29,-249.23,EUR,MOCK_FEED
POS00100120251214,PORT001,INS0002,2025-12-14,2799,39.6925,111099.31,4422.76,USD,MOCK_FEED
POS00100220251214,PORT001,INS0003,2025-12-14,1306,36.9643,48275.38,534.43,GBP,MOCK_FEED
POS00100320251214,PORT001,INS0004,2025-12-14,3591,48.2177,173149.76,6626.31,USD,MOCK_FEED
POS00100420251214,PORT001,INS0005,2025-12-14,3085,38.4832,118720.67,346.72,USD,MOCK_FEED
POS00100520251214,PORT001,INS0006,2025-12-14,1148,25.6662,29464.8,1056.78,USD,MOCK_FEED
POS00100620251214,PORT001,INS0007,2025-12-14,1487,56.4422,83929.55,-680.67,EUR,MOCK_FEED
POS00100720251214,PORT001,INS0008,2025-12-14,2533,64.7034,163893.71,6207.41,EUR,MOCK_FEED
POS00100820251214,PORT001,INS0009,2025-12-14,4066,31.1843,126795.36,399.62,GBP,MOCK_FEED
POS00100920251214,PORT001,INS0010,2025-12-14,928,69.532,64525.7,581.27,INR,MOCK_FEED
POS00101020251214,PORT001,INS0011,2025-12-14,2144,20.1059,43107.05,526.95,USD,MOCK_FEED
POS00100120251215,PORT001,INS0002,2025-12-15,1436,38.9777,55971.98,1646.67,GBP,MOCK_FEED
POS00100220251215,PORT001,INS0003,2025-12-15,4543,36.8037,167199.21,-3559.16,USD,MOCK_FEED
POS00100320251215,PORT001,INS0004,2025-12-15,1143,48.9046,55897.96,-1266.77,USD,MOCK_FEED
POS00100420251215,PORT001,INS0005,2025-12-15,2845,38.3179,109014.43,3874.81,USD,MOCK_FEED
POS00100520251215,PORT001,INS0006,2025-12-15,655,25.9673,17008.58,263.45,EUR,MOCK_FEED
POS00100620251215,PORT001,INS0007,2025-12-15,2799,57.6218,161283.42,1967.7,EUR,MOCK_FEED
POS00100720251215,PORT001,INS0008,2025-12-15,4595,65.7056,301917.23,89.69,USD,MOCK_FEED
POS00100820251215,PORT001,INS0009,2025-12-15,4547,31.594,143657.92,5342.52,INR,MOCK_FEED
POS00100920251215,PORT001,INS0010,2025-12-15,1648,70.4859,116160.76,-1503.09,INR,MOCK_FEED
POS00101020251215,PORT001,INS0011,2025-12-15,1352,20.0672,27130.85,-37.39,USD,MOCK_FEED
POS00100120251216,PORT001,INS0002,2025-12-16,4828,38.8758,187692.36,326.71,GBP,MOCK_FEED
POS00100220251216,PORT001,INS0003,2025-12-16,2471,36.9377,91273.06,1761.67,EUR,MOCK_FEED
POS00100320251216,PORT001,INS0004,2025-12-16,221,48.909,10808.89,-105.02,INR,MOCK_FEED
POS00100420251216,PORT001,INS0005,2025-12-16,517,38.1264,19711.35,634.34,GBP,MOCK_FEED
POS00100520251216,PORT001,INS0006,2025-12-16,2994,25.9389,77661.07,-402.92,GBP,MOCK_FEED
POS00100620251216,PORT001,INS0007,2025-12-16,4600,57.6007,264963.22,-7914.65,USD,MOCK_FEED
POS00100720251216,PORT001,INS0008,2025-12-16,921,66.0106,60795.76,-411.56,GBP,MOCK_FEED
POS00100820251216,PORT001,INS0009,2025-12-16,2448,31.6355,77443.7,1388.73,INR,MOCK_FEED
POS00100920251216,PORT001,INS0010,2025-12-16,2423,68.7011,166462.77,1678.99,INR,MOCK_FEED
POS00101020251216,PORT001,INS0011,2025-12-16,1375,19.904,27368.0,-743.8,USD,MOCK_FEED
POS00100120251217,PORT001,INS0002,2025-12-17,2714,38.4663,104397.54,-219.4,INR,MOCK_FEED
POS00100220251217,PORT001,INS0003,2025-12-17,806,37.1815,29968.29,969.11,GBP,MOCK_FEED
POS00100320251217,PORT001,INS0004,2025-12-17,2680,48.8995,131050.66,5116.54,GBP,MOCK_FEED
POS00100420251217,PORT001,INS0005,2025-12-17,2817,37.9522,106911.35,875.25,INR,MOCK_FEED
POS00100520251217,PORT001,INS0006,2025-12-17,4276,25.9006,110750.97,1384.82,USD,MOCK_FEED
POS00100620251217,PORT001,INS0007,2025-12-17,4340,57.4753,249442.8,-2421.94,GBP,MOCK_FEED
POS00100720251217,PORT001,INS0008,2025-12-17,547,67.0816,36693.64,482.81,INR,MOCK_FEED
POS00100820251217,PORT001,INS0009,2025-12-17,3895,31.7679,123735.97,3125.91,EUR,MOCK_FEED
POS00100920251217,PORT001,INS0010,2025-12-17,543,68.1287,36993.88,1464.27,INR,MOCK_FEED
POS00101020251217,PORT001,INS0011,2025-12-17,986,20.3612,20076.14,-253.8,INR,MOCK_FEED
POS00100120251218,PORT001,INS0002,2025-12-18,3439,38.9506,133951.11,-1936.87,EUR,MOCK_FEED
POS00100220251218,PORT001,INS0003,2025-12-18,4348,37.4846,162983.04,-1663.92,GBP,MOCK_FEED
POS00100320251218,PORT001,INS0004,2025-12-18,537,49.0804,26356.17,-525.33,EUR,MOCK_FEED
POS00100420251218,PORT001,INS0005,2025-12-18,2205,37.5088,82706.9,-1069.56,EUR,MOCK_FEED
POS00100520251218,PORT001,INS0006,2025-12-18,1352,25.7348,34793.45,165.44,GBP,MOCK_FEED
POS00100620251218,PORT001,INS0007,2025-12-18,3268,56.7027,185304.42,7191.55,EUR,MOCK_FEED
POS00100720251218,PORT001,INS0008,2025-12-18,3067,67.5618,207212.04,645.83,GBP,MOCK_FEED
POS00100820251218,PORT001,INS0009,2025-12-18,1847,31.3775,57954.24,-770.86,GBP,MOCK_FEED
POS00100920251218,PORT001,INS0010,2025-12-18,960,69.4478,66669.89,-1961.71,INR,MOCK_FEED
POS00101020251218,PORT001,INS0011,2025-12-18,3133,20.3611,63791.33,2354.78,EUR,MOCK_FEED
POS00100120251219,PORT001,INS0002,2025-12-19,357,39.2558,14014.32,286.09,USD,MOCK_FEED
POS00100220251219,PORT001,INS0003,2025-12-19,2720,36.4627,99178.54,1314.06,INR,MOCK_FEED
POS00100320251219,PORT001,INS0004,2025-12-19,3041,49.3492,150070.92,-2902.89,USD,MOCK_FEED
POS00100420251219,PORT001,INS0005,2025-12-19,1759,37.2475,65518.35,-1594.2,INR,MOCK_FEED
POS00100520251219,PORT001,INS0006,2025-12-19,1794,26.3742,47315.31,1808.92,GBP,MOCK_FEED
POS00100620251219,PORT001,INS0007,2025-12-19,446,57.8211,25788.21,644.91,USD,MOCK_FEED
POS00100720251219,PORT001,INS0008,2025-12-19,2614,68.8522,179979.65,-783.22,INR,MOCK_FEED
POS00100820251219,PORT001,INS0009,2025-12-19,1345,31.2818,42074.02,1588.4,USD,MOCK_FEED
POS00100920251219,PORT001,INS0010,2025-12-19,3084,70.0863,216146.15,2192.04,EUR,MOCK_FEED
POS00101020251219,PORT001,INS0011,2025-12-19,3994,20.7663,82940.6,-1410.34,INR,MOCK_FEED
POS00100120251220,PORT001,INS0002,2025-12-20,1244,39.1346,48683.44,1153.16,USD,MOCK_FEED
POS00100220251220,PORT001,INS0003,2025-12-20,2645,36.5308,96623.97,-2755.26,USD,MOCK_FEED
POS00100320251220,PORT001,INS0004,2025-12-20,818,49.694,40649.69,785.53,EUR,MOCK_FEED
POS00100420251220,PORT001,INS0005,2025-12-20,1021,37.6041,38393.79,1061.98,GBP,MOCK_FEED
POS00100520251220,PORT001,INS0006,2025-12-20,173,26.7353,4625.21,-18.63,GBP,MOCK_FEED
POS00100620251220,PORT001,INS0007,2025-12-20,1049,57.1873,59989.48,2372.35,USD,MOCK_FEED
POS00100720251220,PORT001,INS0008,2025-12-20,2035,69.7471,141935.35,-2507.48,EUR,MOCK_FEED
POS00100820251220,PORT001,INS0009,2025-12-20,4405,31.2787,137782.67,1170.59,INR,MOCK_FEED
POS00100920251220,PORT001,INS0010,2025-12-20,1567,71.1525,111495.97,-3339.73,USD,MOCK_FEED
POS00101020251220,PORT001,INS0011,2025-12-20,3489,20.7599,72431.29,204.41,USD,MOCK_FEED
POS00100120251221,PORT001,INS0002,2025-12-21,3111,38.4935,119753.28,-29.37,INR,MOCK_FEED
POS00100220251221,PORT001,INS0003,2025-12-21,1583,37.1021,58732.62,96.41,INR,MOCK_FEED
POS00100320251221,PORT001,INS0004,2025-12-21,490,50.7159,24850.79,-419.86,EUR,MOCK_FEED
POS00100420251221,PORT001,INS0005,2025-12-21,4804,37.2299,178852.44,6273.48,EUR,MOCK_FEED
POS00100520251221,PORT001,INS0006,2025-12-21,2573,26.5761,68380.31,2178.93,INR,MOCK_FEED
POS00100620251221,PORT001,INS0007,2025-12-21,4242,57.5366,244070.26,8644.55,INR,MOCK_FEED
POS00100720251221,PORT001,INS0008,2025-12-21,2326,69.7699,162284.79,-2938.32,EUR,MOCK_FEED
POS00100820251221,PORT001,INS0009,2025-12-21,4933,31.679,156272.51,1799.48,INR,MOCK_FEED
POS00100920251221,PORT001,INS0010,2025-12-21,3649,71.417,260600.63,21.05,INR,MOCK_FEED
POS00101020251221,PORT001,INS0011,2025-12-21,4913,20.9778,103063.93,3177.1,EUR,MOCK_FEED
POS00100120251222,PORT001,INS0002,2025-12-22,4980,38.6403,192428.69,-284.26,INR,MOCK_FEED
POS00100220251222,PORT001,INS0003,2025-12-22,3880,37.4236,145203.57,-2030.2,EUR,MOCK_FEED
POS00100320251222,PORT001,INS0004,2025-12-22,3414,51.159,174656.83,2149.92,GBP,MOCK_FEED
POS00100420251222,PORT001,INS0005,2025-12-22,4929,37.6753,185701.55,-2408.28,INR,MOCK_FEED
POS00100520251222,PORT001,INS0006,2025-12-22,2192,27.1943,59609.91,1211.84,GBP,MOCK_FEED
POS00100620251222,PORT001,INS0007,2025-12-22,959,57.9034,55529.36,1887.6,EUR,MOCK_FEED
POS00100720251222,PORT001,INS0008,2025-12-22,3133,68.7958,215537.24,-1003.01,EUR,MOCK_FEED
POS00100820251222,PORT001,INS0009,2025-12-22,1664,31.5302,52466.25,-1236.39,INR,MOCK_FEED
POS00100920251222,PORT001,INS0010,2025-12-22,1095,70.5585,77261.56,-83.61,GBP,MOCK_FEED
POS00101020251222,PORT001,INS0011,2025-12-22,4073,21.2103,86389.55,2308.22,INR,MOCK_FEED
POS00100120251223,PORT001,INS0002,2025-12-23,335,39.0163,13070.46,59.53,GBP,MOCK_FEED
POS00100220251223,PORT001,INS0003,2025-12-23,407,37.1514,15120.62,116.35,EUR,MOCK_FEED
POS00100320251223,PORT001,INS0004,2025-12-23,4599,51.2759,235817.86,538.98,EUR,MOCK_FEED
POS00100420251223,PORT001,INS0005,2025-12-23,2718,38.5506,104780.53,-2507.68,GBP,MOCK_FEED
POS00100520251223,PORT001,INS0006,2025-12-23,1013,27.2422,27596.35,-799.62,INR,MOCK_FEED
POS00100620251223,PORT001,INS0007,2025-12-23,2269,57.9919,131583.62,3077.7,EUR,MOCK_FEED
POS00100720251223,PORT001,INS0008,2025-12-23,4477,67.2047,300875.44,102.47,USD,MOCK_FEED
POS00100820251223,PORT001,INS0009,2025-12-23,3682,31.2043,114894.23,1686.98,INR,MOCK_FEED
POS00100920251223,PORT001,INS0010,2025-12-23,3259,71.6264,233430.44,-1418.28,EUR,MOCK_FEED
POS00101020251223,PORT001,INS0011,2025-12-23,4766,21.2226,101146.91,573.62,EUR,MOCK_FEED
POS00100120251224,PORT001,INS0002,2025-12-24,2245,38.2831,85945.56,-1903.38,EUR,MOCK_FEED
POS00100220251224,PORT001,INS0003,2025-12-24,648,37.611,24371.93,-341.2,EUR,MOCK_FEED
POS00100320251224,PORT001,INS0004,2025-12-24,4910,51.7094,253893.15,6727.61,USD,MOCK_FEED
POS00100420251224,PORT001,INS0005,2025-12-24,2171,38.3478,83253.07,-870.9,GBP,MOCK_FEED
POS00100520251224,PORT001,INS0006,2025-12-24,2668,27.5331,73458.31,329.4,EUR,MOCK_FEED
POS00100620251224,PORT001,INS0007,2025-12-24,4684,58.3421,273274.4,-947.7,GBP,MOCK_FEED
POS00100720251224,PORT001,INS0008,2025-12-24,4837,66.8432,323320.56,11378.35,INR,MOCK_FEED
POS00100820251224,PORT001,INS0009,2025-12-24,2893,30.5733,88448.56,1332.53,GBP,MOCK_FEED
POS00100920251224,PORT001,INS0010,2025-12-24,4064,71.3592,290003.79,9822.44,GBP,MOCK_FEED
POS00101020251224,PORT001,INS0011,2025-12-24,2749,21.6994,59651.65,1327.0,EUR,MOCK_FEED
POS00100120251225,PORT001,INS0002,2025-12-25,2626,37.5629,98640.18,3873.58,EUR,MOCK_FEED
POS00100220251225,PORT001,INS0003,2025-12-25,2056,36.7814,75622.56,2882.51,GBP,MOCK_FEED
POS00100320251225,PORT001,INS0004,2025-12-25,4823,51.6204,248965.19,6303.99,USD,MOCK_FEED
POS00100420251225,PORT001,INS0005,2025-12-25,2329,38.6942,90118.79,3574.6,EUR,MOCK_FEED
POS00100520251225,PORT001,INS0006,2025-12-25,4948,27.863,137866.12,-72.29,USD,MOCK_FEED
POS00100620251225,PORT001,INS0007,2025-12-25,3215,59.3563,190830.5,-4684.8,USD,MOCK_FEED
POS00100720251225,PORT001,INS0008,2025-12-25,1828,67.5437,123469.88,552.99,EUR,MOCK_FEED
POS00100820251225,PORT001,INS0009,2025-12-25,1112,30.3655,33766.44,696.75,USD,MOCK_FEED
POS00100920251225,PORT001,INS0010,2025-12-25,4501,71.1817,320388.83,4194.52,EUR,MOCK_FEED
POS00101020251225,PORT001,INS0011,2025-12-25,3730,22.0705,82322.96,2958.3,USD,MOCK_FEED
POS00100120251226,PORT001,INS0002,2025-12-26,2235,37.4448,83689.13,3161.13,USD,MOCK_FEED
POS00100220251226,PORT001,INS0003,2025-12-26,1876,36.6824,68816.18,-1779.16,USD,MOCK_FEED
POS00100320251226,PORT001,INS0004,2025-12-26,3393,52.5145,178181.7,4682.29,USD,MOCK_FEED
POS00100420251226,PORT001,INS0005,2025-12-26,2027,38.5671,78175.51,1107.85,INR,MOCK_FEED
POS00100520251226,PORT001,INS0006,2025-12-26,4988,27.5383,137361.04,1107.51,GBP,MOCK_FEED
POS00100620251226,PORT001,INS0007,2025-12-26,1018,60.0988,61180.58,1947.37,EUR,MOCK_FEED
POS00100720251226,PORT001,INS0008,2025-12-26,4055,67.534,273850.37,141.5,INR,MOCK_FEED
POS00100820251226,PORT001,INS0009,2025-12-26,3718,29.9703,111429.58,-2107.37,USD,MOCK_FEED
POS00100920251226,PORT001,INS0010,2025-12-26,3716,71.1786,264499.68,6952.31,GBP,MOCK_FEED
POS00101020251226,PORT001,INS0011,2025-12-26,1582,22.142,35028.64,394.11,USD,MOCK_FEED
POS00100120251227,PORT001,INS0002,2025-12-27,3385,38.534,130437.59,53.42,EUR,MOCK_FEED
POS00100220251227,PORT001,INS0003,2025-12-27,3686,36.8815,135945.21,4430.68,USD,MOCK_FEED
POS00100320251227,PORT001,INS0004,2025-12-27,4358,53.1179,231487.81,-5028.01,INR,MOCK_FEED
POS00100420251227,PORT001,INS0005,2025-12-27,832,39.3728,32758.17,781.99,INR,MOCK_FEED
POS00100520251227,PORT001,INS0006,2025-12-27,1588,26.7961,42552.21,1357.18,USD,MOCK_FEED
POS00100620251227,PORT001,INS0007,2025-12-27,1510,61.217,92437.67,-1507.98,USD,MOCK_FEED
POS00100720251227,PORT001,INS0008,2025-12-27,4618,67.5943,312150.48,9746.91,INR,MOCK_FEED
POS00100820251227,PORT001,INS0009,2025-12-27,746,29.3563,21899.8,399.51,GBP,MOCK_FEED
POS00100920251227,PORT001,INS0010,2025-12-27,1902,71.9207,136793.17,5462.38,GBP,MOCK_FEED
POS00101020251227,PORT001,INS0011,2025-12-27,4203,21.8531,91848.58,2396.5,GBP,MOCK_FEED
POS00100120251228,PORT001,INS0002,2025-12-28,4221,38.1483,161023.97,-1613.36,EUR,MOCK_FEED
POS00100220251228,PORT001,INS0003,2025-12-28,3832,36.4237,139575.62,-680.81,GBP,MOCK_FEED
POS00100320251228,PORT001,INS0004,2025-12-28,2667,53.413,142452.47,-1037.16,USD,MOCK_FEED
POS00100420251228,PORT001,INS0005,2025-12-28,3914,39.0635,152894.54,350.15,USD,MOCK_FEED
POS00100520251228,PORT001,INS0006,2025-12-28,2923,26.5792,77691.0,-2014.03,USD,MOCK_FEED
POS00100620251228,PORT001,INS0007,2025-12-28,705,62.0542,43748.21,489.99,EUR,MOCK_FEED
POS00100720251228,PORT001,INS0008,2025-12-28,720,67.2317,48406.82,495.6,USD,MOCK_FEED
POS00100820251228,PORT001,INS0009,2025-12-28,3527,29.6048,104416.13,2841.54,USD,MOCK_FEED
POS00100920251228,PORT001,INS0010,2025-12-28,795,72.0577,57285.87,928.87,EUR,MOCK_FEED
POS00101020251228,PORT001,INS0011,2025-12-28,184,22.187,4082.41,60.54,INR,MOCK_FEED
POS00100120251229,PORT001,INS0002,2025-12-29,1895,38.076,72154.02,-2051.28,USD,MOCK_FEED
POS00100220251229,PORT001,INS0003,2025-12-29,1473,36.2467,53391.39,-715.63,INR,MOCK_FEED
POS00100320251229,PORT001,INS0004,2025-12-29,1865,53.9742,100661.88,-1272.05,INR,MOCK_FEED
POS00100420251229,PORT001,INS0005,2025-12-29,1775,39.4869,70089.25,1178.74,GBP,MOCK_FEED
POS00100520251229,PORT001,INS0006,2025-12-29,3279,27.3986,89840.01,-741.29,INR,MOCK_FEED
POS00100620251229,PORT001,INS0007,2025-12-29,4189,60.7502,254482.59,5315.24,EUR,MOCK_FEED
POS00100720251229,PORT001,INS0008,2025-12-29,1555,66.9958,104178.47,-1663.83,EUR,MOCK_FEED
POS00100820251229,PORT001,INS0009,2025-12-29,645,29.0787,18755.76,716.92,USD,MOCK_FEED
POS00100920251229,PORT001,INS0010,2025-12-29,1812,72.1027,130650.09,2029.67,EUR,MOCK_FEED
POS00101020251229,PORT001,INS0011,2025-12-29,4465,22.1795,99031.47,1119.57,EUR,MOCK_FEED
POS00100120251230,PORT001,INS0002,2025-12-30,1119,37.5353,42002.0,-555.31,EUR,MOCK_FEED
POS00100220251230,PORT001,INS0003,2025-12-30,1391,36.3517,50565.21,-847.84,INR,MOCK_FEED
POS00100320251230,PORT001,INS0004,2025-12-30,4446,53.4242,237523.99,-40.1,EUR,MOCK_FEED
POS00100420251230,PORT001,INS0005,2025-12-30,3101,39.4783,122422.21,-3174.84,USD,MOCK_FEED
POS00100520251230,PORT001,INS0006,2025-12-30,3041,27.5,83627.5,-337.27,GBP,MOCK_FEED
POS00100620251230,PORT001,INS0007,2025-12-30,757,61.6251,46650.2,-594.43,GBP,MOCK_FEED
POS00100720251230,PORT001,INS0008,2025-12-30,2504,66.926,167582.7,455.08,INR,MOCK_FEED
POS00100820251230,PORT001,INS0009,2025-12-30,2912,29.325,85394.4,2775.71,USD,MOCK_FEED
POS00100920251230,PORT001,INS0010,2025-12-30,3285,72.478,238090.23,1904.51,EUR,MOCK_FEED
POS00101020251230,PORT001,INS0011,2025-12-30,557,21.9913,12249.15,411.72,GBP,MOCK_FEED
POS00100120251231,PORT001,INS0002,2025-12-31,2344,37.2142,87230.08,2881.79,USD,MOCK_FEED
POS00100220251231,PORT001,INS0003,2025-12-31,3098,35.6238,110362.53,1549.12,USD,MOCK_FEED
POS00100320251231,PORT001,INS0004,2025-12-31,119,53.5825,6376.32,99.91,INR,MOCK_FEED
POS00100420251231,PORT001,INS0005,2025-12-31,1953,39.0444,76253.71,-113.46,USD,MOCK_FEED
POS00100520251231,PORT001,INS0006,2025-12-31,1500,27.5483,41322.45,185.69,GBP,MOCK_FEED
POS00100620251231,PORT001,INS0007,2025-12-31,2099,62.1165,130382.53,4644.82,EUR,MOCK_FEED
POS00100720251231,PORT001,INS0008,2025-12-31,2333,66.9535,156202.52,1110.51,USD,MOCK_FEED
POS00100820251231,PORT001,INS0009,2025-12-31,1093,29.6588,32417.07,1044.75,USD,MOCK_FEED
POS00100920251231,PORT001,INS0010,2025-12-31,361,72.7442,26260.66,-589.78,EUR,MOCK_FEED
POS00101020251231,PORT001,INS0011,2025-12-31,3317,22.4929,74608.95,-94.95,GBP,MOCK_FEED
POS00100120260101,PORT001,INS0002,2026-01-01,140,37.1737,5204.32,205.8,USD,MOCK_FEED
POS00100220260101,PORT001,INS0003,2026-01-01,3754,36.1642,135760.41,-2980.28,EUR,MOCK_FEED
POS00100320260101,PORT001,INS0004,2026-01-01,1046,53.3562,55810.59,-333.42,USD,MOCK_FEED
POS00100420260101,PORT001,INS0005,2026-01-01,2292,38.2507,87670.6,1861.57,EUR,MOCK_FEED
POS00100520260101,PORT001,INS0006,2026-01-01,3104,27.3003,84740.13,-868.78,USD,MOCK_FEED
POS00100620260101,PORT001,INS0007,2026-01-01,3319,61.8773,205370.76,5676.92,EUR,MOCK_FEED
POS00100720260101,PORT001,INS0008,2026-01-01,1611,65.4495,105439.14,2645.52,GBP,MOCK_FEED
POS00100820260101,PORT001,INS0009,2026-01-01,4541,30.099,136679.56,2881.94,GBP,MOCK_FEED
POS00100920260101,PORT001,INS0010,2026-01-01,2827,71.7574,202858.17,-4781.45,INR,MOCK_FEED
POS00101020260101,PORT001,INS0011,2026-01-01,1767,22.4429,39656.6,981.91,INR,MOCK_FEED
POS00100120260102,PORT001,INS0002,2026-01-02,3266,37.17,121397.22,810.97,INR,MOCK_FEED
POS00100220260102,PORT001,INS0003,2026-01-02,2942,35.4757,104369.51,2749.26,USD,MOCK_FEED
POS00100320260102,PORT001,INS0004,2026-01-02,738,53.9008,39778.79,-5.94,INR,MOCK_FEED
POS00100420260102,PORT001,INS0005,2026-01-02,919,37.4591,34424.91,-876.68,GBP,MOCK_FEED
POS00100520260102,PORT001,INS0006,2026-01-02,3693,27.3868,101139.45,-2132.14,GBP,MOCK_FEED
POS00100620260102,PORT001,INS0007,2026-01-02,744,61.1012,45459.29,-77.51,GBP,MOCK_FEED
POS00100720260102,PORT001,INS0008,2026-01-02,4702,65.6116,308505.74,3791.48,INR,MOCK_FEED
POS00100820260102,PORT001,INS0009,2026-01-02,2441,30.1414,73575.16,509.75,USD,MOCK_FEED
POS00100920260102,PORT001,INS0010,2026-01-02,3745,71.5273,267869.74,-3703.3,EUR,MOCK_FEED
POS00101020260102,PORT001,INS0011,2026-01-02,1255,22.6239,28392.99,-705.69,GBP,MOCK_FEED
POS00100120260103,PORT001,INS0002,2026-01-03,3866,36.4246,140817.5,3768.49,GBP,MOCK_FEED
POS00100220260103,PORT001,INS0003,2026-01-03,531,35.8991,19062.42,523.07,USD,MOCK_FEED
POS00100320260103,PORT001,INS0004,2026-01-03,4533,53.7985,243868.6,-4934.4,EUR,MOCK_FEED
POS00100420260103,PORT001,INS0005,2026-01-03,2772,36.9488,102422.07,-2136.67,INR,MOCK_FEED
POS00100520260103,PORT001,INS0006,2026-01-03,825,26.9873,22264.52,-59.81,EUR,MOCK_FEED
POS00100620260103,PORT001,INS0007,2026-01-03,666,61.8644,41201.69,-943.91,INR,MOCK_FEED
POS00100720260103,PORT001,INS0008,2026-01-03,310,65.1646,20201.03,759.4,INR,MOCK_FEED
POS00100820260103,PORT001,INS0009,2026-01-03,411,29.9838,12323.34,24.13,EUR,MOCK_FEED
POS00100920260103,PORT001,INS0010,2026-01-03,2660,72.6183,193164.68,-2341.01,INR,MOCK_FEED
POS00101020260103,PORT001,INS0011,2026-01-03,416,22.9937,9565.38,-277.67,GBP,MOCK_FEED
POS00100120260104,PORT001,INS0002,2026-01-04,770,36.3036,27953.77,-331.87,EUR,MOCK_FEED
POS00100220260104,PORT001,INS0003,2026-01-04,2163,35.7078,77235.97,-2271.77,GBP,MOCK_FEED
POS00100320260104,PORT001,INS0004,2026-01-04,4588,54.5114,250098.3,-6256.63,USD,MOCK_FEED
POS00100420260104,PORT001,INS0005,2026-01-04,271,36.7834,9968.3,-255.27,EUR,MOCK_FEED
POS00100520260104,PORT001,INS0006,2026-01-04,928,27.4293,25454.39,-231.89,EUR,MOCK_FEED
POS00100620260104,PORT001,INS0007,2026-01-04,2229,61.7938,137738.38,-2048.76,EUR,MOCK_FEED
POS00100720260104,PORT001,INS0008,2026-01-04,4299,64.6128,277770.43,9031.72,EUR,MOCK_FEED
POS00100820260104,PORT001,INS0009,2026-01-04,913,29.5026,26935.87,266.73,EUR,MOCK_FEED
POS00100920260104,PORT001,INS0010,2026-01-04,3062,72.5148,222040.32,882.82,GBP,MOCK_FEED
POS00101020260104,PORT001,INS0011,2026-01-04,3999,23.1937,92751.61,-2620.06,EUR,MOCK_FEED
POS00100120260105,PORT001,INS0002,2026-01-05,2318,35.8786,83166.59,2585.99,EUR,MOCK_FEED
POS00100220260105,PORT001,INS0003,2026-01-05,1981,36.4601,72227.46,-1472.95,INR,MOCK_FEED
POS00100320260105,PORT001,INS0004,2026-01-05,3280,54.2657,177991.5,4132.78,EUR,MOCK_FEED
POS00100420260105,PORT001,INS0005,2026-01-05,3193,36.291,115877.16,-1788.42,EUR,MOCK_FEED
POS00100520260105,PORT001,INS0006,2026-01-05,4723,28.0655,132553.36,-2370.13,USD,MOCK_FEED
POS00100620260105,PORT001,INS0007,2026-01-05,4676,61.5717,287909.27,-4337.15,EUR,MOCK_FEED
POS00100720260105,PORT001,INS0008,2026-01-05,3752,63.9611,239982.05,5222.44,USD,MOCK_FEED
POS00100820260105,PORT001,INS0009,2026-01-05,2724,29.4497,80220.98,2147.07,EUR,MOCK_FEED
POS00100920260105,PORT001,INS0010,2026-01-05,2891,71.3259,206203.18,7578.74,INR,MOCK_FEED
POS00101020260105,PORT001,INS0011,2026-01-05,145,23.0374,3340.42,35.55,INR,MOCK_FEED
POS00100120260106,PORT001,INS0002,2026-01-06,3186,36.0364,114811.97,2151.76,USD,MOCK_FEED
POS00100220260106,PORT001,INS0003,2026-01-06,1286,36.3537,46750.86,1393.19,GBP,MOCK_FEED
POS00100320260106,PORT001,INS0004,2026-01-06,2861,53.6756,153565.89,625.65,EUR,MOCK_FEED
POS00100420260106,PORT001,INS0005,2026-01-06,4722,36.4799,172258.09,-4727.11,EUR,MOCK_FEED
POS00100520260106,PORT001,INS0006,2026-01-06,3057,27.9823,85541.89,431.98,GBP,MOCK_FEED
POS00100620260106,PORT001,INS0007,2026-01-06,748,62.2106,46533.53,-124.87,INR,MOCK_FEED
POS00100720260106,PORT001,INS0008,2026-01-06,3570,64.3024,229559.57,8989.69,EUR,MOCK_FEED
POS00100820260106,PORT001,INS0009,2026-01-06,2611,29.7127,77579.86,406.69,GBP,MOCK_FEED
POS00100920260106,PORT001,INS0010,2026-01-06,120,72.2343,8668.12,-136.67,USD,MOCK_FEED
POS00101020260106,PORT001,INS0011,2026-01-06,2598,23.2577,60423.5,-674.92,USD,MOCK_FEED
POS00100120260107,PORT001,INS0002,2026-01-07,1852,35.5237,65789.89,569.55,INR,MOCK_FEED
POS00100220260107,PORT001,INS0003,2026-01-07,3025,36.1048,109217.02,-2059.34,INR,MOCK_FEED
POS00100320260107,PORT001,INS0004,2026-01-07,3607,54.4803,196510.44,3653.52,GBP,MOCK_FEED
POS00100420260107,PORT001,INS0005,2026-01-07,1988,36.5758,72712.69,2584.43,EUR,MOCK_FEED
POS00100520260107,PORT001,INS0006,2026-01-07,2013,28.1769,56720.1,1458.72,USD,MOCK_FEED
POS00100620260107,PORT001,INS0007,2026-01-07,3065,62.3028,190958.08,4768.66,EUR,MOCK_FEED
POS00100720260107,PORT001,INS0008,2026-01-07,1207,62.398,75314.39,-949.47,GBP,MOCK_FEED
POS00100820260107,PORT001,INS0009,2026-01-07,739,30.4722,22518.96,649.24,INR,MOCK_FEED
POS00100920260107,PORT001,INS0010,2026-01-07,4605,72.7902,335198.87,2138.56,INR,MOCK_FEED
POS00101020260107,PORT001,INS0011,2026-01-07,597,23.3155,13919.35,-104.04,GBP,MOCK_FEED
POS00100120260108,PORT001,INS0002,2026-01-08,2629,34.974,91946.65,-387.35,GBP,MOCK_FEED
POS00100220260108,PORT001,INS0003,2026-01-08,1799,36.1072,64956.85,2022.29,INR,MOCK_FEED
POS00100320260108,PORT001,INS0004,2026-01-08,2669,53.2178,142038.31,-2598.35,INR,MOCK_FEED
POS00100420260108,PORT001,INS0005,2026-01-08,3735,36.3239,135669.77,-947.65,USD,MOCK_FEED
POS00100520260108,PORT001,INS0006,2026-01-08,729,27.4706,20026.07,657.61,USD,MOCK_FEED
POS00100620260108,PORT001,INS0007,2026-01-08,3150,62.0964,195603.66,7726.0,EUR,MOCK_FEED
POS00100720260108,PORT001,INS0008,2026-01-08,1087,63.1354,68628.18,1294.79,GBP,MOCK_FEED
POS00100820260108,PORT001,INS0009,2026-01-08,1093,30.647,33497.17,-398.33,USD,MOCK_FEED
POS00100920260108,PORT001,INS0010,2026-01-08,2549,71.7156,182803.06,6350.38,GBP,MOCK_FEED
POS00101020260108,PORT001,INS0011,2026-01-08,4094,22.9822,94089.13,1811.49,INR,MOCK_FEED
POS00100120260109,PORT001,INS0002,2026-01-09,2763,34.8679,96340.01,-2074.44,EUR,MOCK_FEED
POS00100220260109,PORT001,INS0003,2026-01-09,4663,36.3363,169436.17,-458.53,USD,MOCK_FEED
POS00100320260109,PORT001,INS0004,2026-01-09,2895,52.7341,152665.22,-988.13,EUR,MOCK_FEED
POS00100420260109,PORT001,INS0005,2026-01-09,1615,36.1603,58398.88,-255.18,USD,MOCK_FEED
POS00100520260109,PORT001,INS0006,2026-01-09,2821,27.4775,77514.03,-1595.66,INR,MOCK_FEED
POS00100620260109,PORT001,INS0007,2026-01-09,3889,62.5248,243158.95,217.81,INR,MOCK_FEED
POS00100720260109,PORT001,INS0008,2026-01-09,4733,62.9049,297728.89,5865.73,USD,MOCK_FEED
POS00100820260109,PORT001,INS0009,2026-01-09,2836,29.8926,84775.41,-2336.26,GBP,MOCK_FEED
POS00100920260109,PORT001,INS0010,2026-01-09,4677,72.6966,340002.0,6476.95,GBP,MOCK_FEED
POS00101020260109,PORT001,INS0011,2026-01-09,1600,23.087,36939.2,505.85,GBP,MOCK_FEED
POS00100120260110,PORT001,INS0002,2026-01-10,4761,33.5313,159642.52,4496.85,INR,MOCK_FEED
POS00100220260110,PORT001,INS0003,2026-01-10,3016,36.2156,109226.25,-707.29,GBP,MOCK_FEED
POS00100320260110,PORT001,INS0004,2026-01-10,3901,52.6133,205244.48,5984.81,EUR,MOCK_FEED
POS00100420260110,PORT001,INS0005,2026-01-10,1465,35.7299,52344.3,1889.81,EUR,MOCK_FEED
POS00100520260110,PORT001,INS0006,2026-01-10,406,27.6734,11235.4,-199.2,EUR,MOCK_FEED
POS00100620260110,PORT001,INS0007,2026-01-10,4189,62.9526,263708.44,-265.8,USD,MOCK_FEED
POS00100720260110,PORT001,INS0008,2026-01-10,2576,61.9314,159535.29,2080.77,GBP,MOCK_FEED
POS00100820260110,PORT001,INS0009,2026-01-10,4842,30.178,146121.88,-448.33,USD,MOCK_FEED
POS00100920260110,PORT001,INS0010,2026-01-10,2312,72.4366,167473.42,2671.87,USD,MOCK_FEED
POS00101020260110,PORT001,INS0011,2026-01-10,3000,23.4706,70411.8,-2047.95,INR,MOCK_FEED
POS00100120260111,PORT001,INS0002,2026-01-11,1938,33.122,64190.44,626.4,USD,MOCK_FEED
POS00100220260111,PORT001,INS0003,2026-01-11,706,36.2684,25605.49,392.08,EUR,MOCK_FEED
POS00100320260111,PORT001,INS0004,2026-01-11,2031,51.8166,105239.51,2575.97,USD,MOCK_FEED
POS00100420260111,PORT001,INS0005,2026-01-11,2776,35.5665,98732.6,3296.84,EUR,MOCK_FEED
POS00100520260111,PORT001,INS0006,2026-01-11,2958,28.0085,82849.14,3198.36,USD,MOCK_FEED
POS00100620260111,PORT001,INS0007,2026-01-11,2050,62.1648,127437.84,-3584.55,EUR,MOCK_FEED
POS00100720260111,PORT001,INS0008,2026-01-11,3511,61.2807,215156.54,6287.54,EUR,MOCK_FEED
POS00100820260111,PORT001,INS0009,2026-01-11,2384,30.6001,72950.64,-502.18,INR,MOCK_FEED
POS00100920260111,PORT001,INS0010,2026-01-11,3892,71.9117,279880.34,-2300.2,USD,MOCK_FEED
POS00101020260111,PORT001,INS0011,2026-01-11,3474,23.367,81176.96,-133.95,EUR,MOCK_FEED
POS00100120260112,PORT001,INS0002,2026-01-12,1853,33.1728,61469.2,-53.04,INR,MOCK_FEED
POS00100220260112,PORT001,INS0003,2026-01-12,2323,35.7732,83101.14,-1146.28,GBP,MOCK_FEED
POS00100320260112,PORT001,INS0004,2026-01-12,2201,51.242,112783.64,-3015.88,INR,MOCK_FEED
POS00100420260112,PORT001,INS0005,2026-01-12,3835,35.5208,136222.27,2139.33,GBP,MOCK_FEED
POS00100520260112,PORT001,INS0006,2026-01-12,3062,28.431,87055.72,-888.36,INR,MOCK_FEED
POS00100620260112,PORT001,INS0007,2026-01-12,4396,61.711,271281.56,-6330.36,INR,MOCK_FEED
POS00100720260112,PORT001,INS0008,2026-01-12,2459,61.1105,150270.72,-4154.37,INR,MOCK_FEED
POS00100820260112,PORT001,INS0009,2026-01-12,4440,30.6837,136235.63,4721.01,GBP,MOCK_FEED
POS00100920260112,PORT001,INS0010,2026-01-12,2473,73.2572,181165.06,4552.08,USD,MOCK_FEED
POS00101020260112,PORT001,INS0011,2026-01-12,1320,23.0716,30454.51,-458.97,USD,MOCK_FEED
POS00100120260113,PORT001,INS0002,2026-01-13,4355,32.7653,142692.88,-972.51,INR,MOCK_FEED
POS00100220260113,PORT001,INS0003,2026-01-13,503,35.554,17883.66,642.65,INR,MOCK_FEED
POS00100320260113,PORT001,INS0004,2026-01-13,4575,50.2801,230031.46,-5244.41,INR,MOCK_FEED
POS00100420260113,PORT001,INS0005,2026-01-13,2087,35.7239,74555.78,-851.82,INR,MOCK_FEED
POS00100520260113,PORT001,INS0006,2026-01-13,4107,27.9484,114784.08,-2262.28,INR,MOCK_FEED
POS00100620260113,PORT001,INS0007,2026-01-13,3790,61.1602,231797.16,-6127.73,USD,MOCK_FEED
POS00100720260113,PORT001,INS0008,2026-01-13,2693,60.8353,163829.46,-4456.77,GBP,MOCK_FEED
POS00100820260113,PORT001,INS0009,2026-01-13,457,31.0672,14197.71,57.54,INR,MOCK_FEED
POS00100920260113,PORT001,INS0010,2026-01-13,1915,74.2273,142145.28,-1740.4,EUR,MOCK_FEED
POS00101020260113,PORT001,INS0011,2026-01-13,2177,23.4398,51028.44,-860.59,EUR,MOCK_FEED
POS00100120260114,PORT001,INS0002,2026-01-14,2637,32.5268,85773.17,815.11,INR,MOCK_FEED
POS00100220260114,PORT001,INS0003,2026-01-14,134,35.2609,4724.96,-16.27,EUR,MOCK_FEED
POS00100320260114,PORT001,INS0004,2026-01-14,1944,50.6914,98544.08,2971.84,USD,MOCK_FEED
POS00100420260114,PORT001,INS0005,2026-01-14,1759,35.611,62639.75,-394.56,USD,MOCK_FEED
POS00100520260114,PORT001,INS0006,2026-01-14,1008,27.9651,28188.82,136.45,USD,MOCK_FEED
POS00100620260114,PORT001,INS0007,2026-01-14,2147,60.8977,130747.36,492.71,USD,MOCK_FEED
POS00100720260114,PORT001,INS0008,2026-01-14,3589,61.0249,219018.37,-2760.31,USD,MOCK_FEED
POS00100820260114,PORT001,INS0009,2026-01-14,752,31.1326,23411.72,297.33,INR,MOCK_FEED
POS00100920260114,PORT001,INS0010,2026-01-14,2512,76.0072,190930.09,1848.19,GBP,MOCK_FEED
POS00101020260114,PORT001,INS0011,2026-01-14,761,23.0927,17573.54,520.99,GBP,MOCK_FEED
POS00100120260115,PORT001,INS0002,2026-01-15,3784,32.4352,122734.8,-3180.66,GBP,MOCK_FEED
POS00100220260115,PORT001,INS0003,2026-01-15,4552,35.5392,161774.44,-398.86,USD,MOCK_FEED
POS00100320260115,PORT001,INS0004,2026-01-15,338,51.2582,17325.27,-392.47,USD,MOCK_FEED
POS00100420260115,PORT001,INS0005,2026-01-15,1279,35.7091,45671.94,-1046.96,EUR,MOCK_FEED
POS00100520260115,PORT001,INS0006,2026-01-15,4429,28.1844,124828.71,-569.73,EUR,MOCK_FEED
POS00100620260115,PORT001,INS0007,2026-01-15,916,60.9683,55846.96,-259.95,INR,MOCK_FEED
POS00100720260115,PORT001,INS0008,2026-01-15,1526,60.6202,92506.43,-1015.2,GBP,MOCK_FEED
POS00100820260115,PORT001,INS0009,2026-01-15,3972,31.2421,124093.62,-3481.61,GBP,MOCK_FEED
POS00100920260115,PORT001,INS0010,2026-01-15,854,75.2102,64229.51,-538.23,GBP,MOCK_FEED
POS00101020260115,PORT001,INS0011,2026-01-15,2198,22.9879,50527.4,733.41,INR,MOCK_FEED
POS00100120260116,PORT001,INS0002,2026-01-16,2908,32.8599,95556.59,951.89,USD,MOCK_FEED
POS00100220260116,PORT001,INS0003,2026-01-16,4730,35.18,166401.4,-3065.74,USD,MOCK_FEED
POS00100320260116,PORT001,INS0004,2026-01-16,1195,51.4775,61515.61,1010.12,USD,MOCK_FEED
POS00100420260116,PORT001,INS0005,2026-01-16,3112,36.0327,112133.76,-410.42,GBP,MOCK_FEED
POS00100520260116,PORT001,INS0006,2026-01-16,3906,28.4379,111078.44,1228.18,USD,MOCK_FEED
POS00100620260116,PORT001,INS0007,2026-01-16,2829,60.7826,171953.98,4521.79,GBP,MOCK_FEED
POS00100720260116,PORT001,INS0008,2026-01-16,3531,61.7516,218044.9,6803.27,EUR,MOCK_FEED
POS00100820260116,PORT001,INS0009,2026-01-16,610,31.4725,19198.22,-569.2,EUR,MOCK_FEED
POS00100920260116,PORT001,INS0010,2026-01-16,2465,74.9,184628.5,-5211.06,INR,MOCK_FEED
POS00101020260116,PORT001,INS0011,2026-01-16,1263,22.5979,28541.15,192.69,INR,MOCK_FEED
POS00100120260117,PORT001,INS0002,2026-01-17,4242,32.7705,139012.46,5381.76,INR,MOCK_FEED
POS00100220260117,PORT001,INS0003,2026-01-17,2676,35.2167,94239.89,-1978.04,GBP,MOCK_FEED
POS00100320260117,PORT001,INS0004,2026-01-17,3021,51.2696,154885.46,419.59,INR,MOCK_FEED
POS00100420260117,PORT001,INS0005,2026-01-17,2192,36.7754,80611.68,1038.24,GBP,MOCK_FEED
POS00100520260117,PORT001,INS0006,2026-01-17,361,28.8458,10413.33,97.65,USD,MOCK_FEED
POS00100620260117,PORT001,INS0007,2026-01-17,2254,60.2112,135716.04,997.66,GBP,MOCK_FEED
POS00100720260117,PORT001,INS0008,2026-01-17,1122,61.898,69449.56,2764.05,USD,MOCK_FEED
POS00100820260117,PORT001,INS0009,2026-01-17,2039,31.9446,65135.04,1403.74,INR,MOCK_FEED
POS00100920260117,PORT001,INS0010,2026-01-17,4111,75.6627,311049.36,594.89,USD,MOCK_FEED
POS00101020260117,PORT001,INS0011,2026-01-17,3561,22.9459,81710.35,-1126.15,USD,MOCK_FEED
POS00100120260118,PORT001,INS0002,2026-01-18,4249,32.6172,138590.48,-3698.41,GBP,MOCK_FEED
POS00100220260118,PORT001,INS0003,2026-01-18,631,35.9996,22715.75,-154.04,INR,MOCK_FEED
POS00100320260118,PORT001,INS0004,2026-01-18,1881,51.2378,96378.3,3127.05,USD,MOCK_FEED
POS00100420260118,PORT001,INS0005,2026-01-18,4375,37.318,163266.25,-3902.01,INR,MOCK_FEED
POS00100520260118,PORT001,INS0006,2026-01-18,113,29.0434,3281.9,14.39,EUR,MOCK_FEED
POS00100620260118,PORT001,INS0007,2026-01-18,4423,59.4587,262985.83,5114.81,EUR,MOCK_FEED
POS00100720260118,PORT001,INS0008,2026-01-18,239,62.2173,14869.93,396.93,INR,MOCK_FEED
POS00100820260118,PORT001,INS0009,2026-01-18,1485,31.6664,47024.6,488.87,GBP,MOCK_FEED
POS00100920260118,PORT001,INS0010,2026-01-18,3885,77.0615,299383.93,-710.89,EUR,MOCK_FEED
POS00101020260118,PORT001,INS0011,2026-01-18,2547,22.892,58305.92,2258.94,GBP,MOCK_FEED
POS00100120260119,PORT001,INS0002,2026-01-19,4601,31.5256,145049.29,1785.49,GBP,MOCK_FEED
POS00100220260119,PORT001,INS0003,2026-01-19,3634,35.8317,130212.4,4920.57,USD,MOCK_FEED
POS00100320260119,PORT001,INS0004,2026-01-19,1794,51.2514,91945.01,-1805.96,GBP,MOCK_FEED
POS00100420260119,PORT001,INS0005,2026-01-19,1505,37.3763,56251.33,405.87,USD,MOCK_FEED
POS00100520260119,PORT001,INS0006,2026-01-19,2264,29.0347,65734.56,-917.5,USD,MOCK_FEED
POS00100620260119,PORT001,INS0007,2026-01-19,2371,59.6645,141464.53,-1386.07,USD,MOCK_FEED
POS00100720260119,PORT001,INS0008,2026-01-19,4780,62.7295,299847.01,-3554.09,USD,MOCK_FEED
POS00100820260119,PORT001,INS0009,2026-01-19,2794,31.7341,88665.08,1646.67,GBP,MOCK_FEED
POS00100920260119,PORT001,INS0010,2026-01-19,1954,76.2676,149026.89,2977.91,USD,MOCK_FEED
POS00101020260119,PORT001,INS0011,2026-01-19,151,22.6877,3425.84,-28.41,USD,MOCK_FEED
POS00100120260120,PORT001,INS0002,2026-01-20,4604,31.8587,146677.45,4800.58,INR,MOCK_FEED
POS00100220260120,PORT001,INS0003,2026-01-20,4107,35.8403,147196.11,-1560.44,GBP,MOCK_FEED
POS00100320260120,PORT001,INS0004,2026-01-20,4782,50.6885,242392.41,-6807.18,INR,MOCK_FEED
POS00100420260120,PORT001,INS0005,2026-01-20,514,37.222,19132.11,-190.77,GBP,MOCK_FEED
POS00100520260120,PORT001,INS0006,2026-01-20,3325,28.6487,95256.93,1798.64,EUR,MOCK_FEED
POS00100620260120,PORT001,INS0007,2026-01-20,3538,58.8287,208135.94,5487.41,EUR,MOCK_FEED
POS00100720260120,PORT001,INS0008,2026-01-20,2572,62.5844,160967.08,-3860.1,GBP,MOCK_FEED
POS00100820260120,PORT001,INS0009,2026-01-20,703,31.3328,22026.96,508.96,GBP,MOCK_FEED
POS00100920260120,PORT001,INS0010,2026-01-20,864,75.588,65308.03,-1943.05,INR,MOCK_FEED
POS00101020260120,PORT001,INS0011,2026-01-20,757,22.9492,17372.54,76.85,INR,MOCK_FEED
POS00100120260121,PORT001,INS0002,2026-01-21,4246,31.858,135269.07,-3493.43,EUR,MOCK_FEED
POS00100220260121,PORT001,INS0003,2026-01-21,2899,35.4472,102761.43,2513.18,EUR,MOCK_FEED
POS00100320260121,PORT001,INS0004,2026-01-21,3646,50.0601,182519.12,4289.09,INR,MOCK_FEED
POS00100420260121,PORT001,INS0005,2026-01-21,4272,36.7626,157049.83,3224.04,EUR,MOCK_FEED
POS00100520260121,PORT001,INS0006,2026-01-21,2580,28.5881,73757.3,2609.54,INR,MOCK_FEED
POS00100620260121,PORT001,INS0007,2026-01-21,2443,58.5714,143089.93,3507.9,USD,MOCK_FEED
POS00100720260121,PORT001,INS0008,2026-01-21,670,63.4586,42517.26,-209.5,USD,MOCK_FEED
POS00100820260121,PORT001,INS0009,2026-01-21,3118,31.472,98129.7,2577.99,USD,MOCK_FEED
POS00100920260121,PORT001,INS0010,2026-01-21,4007,75.4151,302188.31,170.08,INR,MOCK_FEED
POS00101020260121,PORT001,INS0011,2026-01-21,5000,22.5086,112543.0,122.23,EUR,MOCK_FEED
POS00100120260122,PORT001,INS0002,2026-01-22,4834,31.9436,154415.36,-2571.91,GBP,MOCK_FEED
POS00100220260122,PORT001,INS0003,2026-01-22,4952,35.9445,177997.16,-4280.7,GBP,MOCK_FEED
POS00100320260122,PORT001,INS0004,2026-01-22,1716,50.4072,86498.76,-1712.68,USD,MOCK_FEED
POS00100420260122,PORT001,INS0005,2026-01-22,4315,36.9563,159466.43,-1976.69,INR,MOCK_FEED
POS00100520260122,PORT001,INS0006,2026-01-22,4335,28.894,125255.49,1879.09,EUR,MOCK_FEED
POS00100620260122,PORT001,INS0007,2026-01-22,3778,58.2198,219954.4,4958.71,INR,MOCK_FEED
POS00100720260122,PORT001,INS0008,2026-01-22,1438,62.4492,89801.95,-1185.71,GBP,MOCK_FEED
POS00100820260122,PORT001,INS0009,2026-01-22,1835,32.1098,58921.48,-1123.56,EUR,MOCK_FEED
POS00100920260122,PORT001,INS0010,2026-01-22,697,74.6789,52051.19,75.48,USD,MOCK_FEED
POS00101020260122,PORT001,INS0011,2026-01-22,756,22.6288,17107.37,214.37,USD,MOCK_FEED
POS00100120260123,PORT001,INS0002,2026-01-23,656,32.2817,21176.8,-259.84,EUR,MOCK_FEED
POS00100220260123,PORT001,INS0003,2026-01-23,2152,36.0133,77500.62,1445.66,INR,MOCK_FEED
POS00100320260123,PORT001,INS0004,2026-01-23,584,52.0765,30412.68,432.15,EUR,MOCK_FEED
POS00100420260123,PORT001,INS0005,2026-01-23,2189,36.6658,80261.44,1620.97,EUR,MOCK_FEED
POS00100520260123,PORT001,INS0006,2026-01-23,3484,28.6555,99835.76,2334.25,USD,MOCK_FEED
POS00100620260123,PORT001,INS0007,2026-01-23,547,58.5102,32005.08,1115.27,GBP,MOCK_FEED
POS00100720260123,PORT001,INS0008,2026-01-23,2818,62.6614,176579.83,-2832.3,INR,MOCK_FEED
POS00100820260123,PORT001,INS0009,2026-01-23,2631,31.8658,83838.92,1122.46,INR,MOCK_FEED
POS00100920260123,PORT001,INS0010,2026-01-23,4997,74.1372,370463.59,-5183.56,GBP,MOCK_FEED
POS00101020260123,PORT001,INS0011,2026-01-23,3578,22.0073,78742.12,-1514.99,USD,MOCK_FEED
POS00100120260124,PORT001,INS0002,2026-01-24,3656,32.6516,119374.25,-3466.61,USD,MOCK_FEED
POS00100220260124,PORT001,INS0003,2026-01-24,2457,35.7986,87957.16,1749.98,USD,MOCK_FEED
POS00100320260124,PORT001,INS0004,2026-01-24,132,51.746,6830.47,152.74,INR,MOCK_FEED
POS00100420260124,PORT001,INS0005,2026-01-24,4582,36.4652,167083.55,-3169.24,INR,MOCK_FEED
POS00100520260124,PORT001,INS0006,2026-01-24,1650,28.6713,47307.64,19.9,INR,MOCK_FEED
POS00100620260124,PORT001,INS0007,2026-01-24,2482,57.8989,143705.07,2159.69,INR,MOCK_FEED
POS00100720260124,PORT001,INS0008,2026-01-24,3267,61.8277,201991.1,-4514.49,EUR,MOCK_FEED
POS00100820260124,PORT001,INS0009,2026-01-24,1173,31.926,37449.2,-64.96,GBP,MOCK_FEED
POS00100920260124,PORT001,INS0010,2026-01-24,2200,73.8415,162451.3,-2043.49,GBP,MOCK_FEED
POS00101020260124,PORT001,INS0011,2026-01-24,2578,21.8667,56372.35,1777.27,EUR,MOCK_FEED
POS00100120260125,PORT001,INS0002,2026-01-25,869,32.9076,28596.7,577.85,INR,MOCK_FEED
POS00100220260125,PORT001,INS0003,2026-01-25,1115,36.6119,40822.27,-1150.24,EUR,MOCK_FEED
POS00100320260125,PORT001,INS0004,2026-01-25,3225,51.5099,166119.43,-579.13,INR,MOCK_FEED
POS00100420260125,PORT001,INS0005,2026-01-25,412,36.6166,15086.04,173.68,INR,MOCK_FEED
POS00100520260125,PORT001,INS0006,2026-01-25,4212,28.2639,119047.55,1351.63,USD,MOCK_FEED
POS00100620260125,PORT001,INS0007,2026-01-25,2198,57.3445,126043.21,3334.72,USD,MOCK_FEED
POS00100720260125,PORT001,INS0008,2026-01-25,3477,61.3285,213239.19,1232.55,USD,MOCK_FEED
POS00100820260125,PORT001,INS0009,2026-01-25,1890,31.7024,59917.54,1607.77,EUR,MOCK_FEED
POS00100920260125,PORT001,INS0010,2026-01-25,3781,74.2663,280800.88,-4513.73,EUR,MOCK_FEED
POS00101020260125,PORT001,INS0011,2026-01-25,2396,21.709,52014.76,923.03,INR,MOCK_FEED
POS00100120260126,PORT001,INS0002,2026-01-26,3383,32.8428,111107.19,518.66,EUR,MOCK_FEED
POS00100220260126,PORT001,INS0003,2026-01-26,1162,36.164,42022.57,201.57,GBP,MOCK_FEED
POS00100320260126,PORT001,INS0004,2026-01-26,1076,52.3285,56305.47,1198.56,EUR,MOCK_FEED
POS00100420260126,PORT001,INS0005,2026-01-26,3055,36.4676,111408.52,-1233.76,GBP,MOCK_FEED
POS00100520260126,PORT001,INS0006,2026-01-26,4318,27.8761,120369.0,1272.4,USD,MOCK_FEED
POS00100620260126,PORT001,INS0007,2026-01-26,337,57.726,19453.66,710.7,EUR,MOCK_FEED
POS00100720260126,PORT001,INS0008,2026-01-26,3936,60.8412,239470.96,-5069.26,USD,MOCK_FEED
POS00100820260126,PORT001,INS0009,2026-01-26,2396,32.3712,77561.4,-1876.73,INR,MOCK_FEED
POS00100920260126,PORT001,INS0010,2026-01-26,1587,73.2649,116271.4,-559.54,INR,MOCK_FEED
POS00101020260126,PORT001,INS0011,2026-01-26,242,22.1272,5354.78,153.73,GBP,MOCK_FEED
POS00100120260127,PORT001,INS0002,2026-01-27,2681,33.6797,90295.28,-504.21,EUR,MOCK_FEED
POS00100220260127,PORT001,INS0003,2026-01-27,1490,35.4822,52868.48,-508.64,INR,MOCK_FEED
POS00100320260127,PORT001,INS0004,2026-01-27,2145,52.2039,111977.37,1257.42,GBP,MOCK_FEED
POS00100420260127,PORT001,INS0005,2026-01-27,4161,35.9555,149610.84,5427.03,EUR,MOCK_FEED
POS00100520260127,PORT001,INS0006,2026-01-27,2447,27.8794,68220.89,-404.82,USD,MOCK_FEED
POS00100620260127,PORT001,INS0007,2026-01-27,4073,57.8688,235699.62,-1737.75,INR,MOCK_FEED
POS00100720260127,PORT001,INS0008,2026-01-27,1547,60.1509,93053.44,733.96,USD,MOCK_FEED
POS00100820260127,PORT001,INS0009,2026-01-27,1484,33.1242,49156.31,-1119.91,GBP,MOCK_FEED
POS00100920260127,PORT001,INS0010,2026-01-27,1246,74.2829,92556.49,3135.55,INR,MOCK_FEED
POS00101020260127,PORT001,INS0011,2026-01-27,958,22.0437,21117.86,688.93,INR,MOCK_FEED
POS00100120260128,PORT001,INS0002,2026-01-28,714,33.6798,24047.38,809.06,GBP,MOCK_FEED
POS00100220260128,PORT001,INS0003,2026-01-28,4711,35.7542,168438.04,4440.64,GBP,MOCK_FEED
POS00100320260128,PORT001,INS0004,2026-01-28,196,52.269,10244.72,-55.73,INR,MOCK_FEED
POS00100420260128,PORT001,INS0005,2026-01-28,363,35.6451,12939.17,273.71,GBP,MOCK_FEED
POS00100520260128,PORT001,INS0006,2026-01-28,4934,28.8607,142398.69,1127.62,EUR,MOCK_FEED
POS00100620260128,PORT001,INS0007,2026-01-28,3282,58.4499,191832.57,-1625.19,USD,MOCK_FEED
POS00100720260128,PORT001,INS0008,2026-01-28,2485,60.1617,149501.82,885.92,USD,MOCK_FEED
POS00100820260128,PORT001,INS0009,2026-01-28,2545,33.2528,84628.38,778.12,INR,MOCK_FEED
POS00100920260128,PORT001,INS0010,2026-01-28,1188,73.7323,87593.97,245.8,INR,MOCK_FEED
POS00101020260128,PORT001,INS0011,2026-01-28,4682,21.2273,99386.22,2519.19,USD,MOCK_FEED
POS00100120260129,PORT001,INS0002,2026-01-29,2068,34.0346,70383.55,300.58,GBP,MOCK_FEED
POS00100220260129,PORT001,INS0003,2026-01-29,2447,35.5394,86964.91,1361.4,INR,MOCK_FEED
POS00100320260129,PORT001,INS0004,2026-01-29,3706,52.1855,193399.46,261.96,USD,MOCK_FEED
POS00100420260129,PORT001,INS0005,2026-01-29,2174,35.6546,77513.1,439.97,EUR,MOCK_FEED
POS00100520260129,PORT001,INS0006,2026-01-29,1883,29.3714,55306.35,-407.41,GBP,MOCK_FEED
POS00100620260129,PORT001,INS0007,2026-01-29,1188,57.9259,68815.97,2310.41,GBP,MOCK_FEED
POS00100720260129,PORT001,INS0008,2026-01-29,4546,60.0416,272949.11,4951.84,USD,MOCK_FEED
POS00100820260129,PORT001,INS0009,2026-01-29,4491,33.5819,150816.31,1969.3,GBP,MOCK_FEED
POS00100920260129,PORT001,INS0010,2026-01-29,2218,74.0767,164302.12,-1049.49,EUR,MOCK_FEED
POS00101020260129,PORT001,INS0011,2026-01-29,2599,21.3457,55477.47,1319.61,INR,MOCK_FEED
POS00100120260130,PORT001,INS0002,2026-01-30,3050,33.9835,103649.68,3440.81,USD,MOCK_FEED
POS00100220260130,PORT001,INS0003,2026-01-30,647,35.921,23240.89,540.6,EUR,MOCK_FEED
POS00100320260130,PORT001,INS0004,2026-01-30,2198,51.9227,114126.09,1716.42,INR,MOCK_FEED
POS00100420260130,PORT001,INS0005,2026-01-30,1029,36.1063,37153.38,-669.85,INR,MOCK_FEED
POS00100520260130,PORT001,INS0006,2026-01-30,3029,29.0951,88129.06,-116.47,USD,MOCK_FEED
POS00100620260130,PORT001,INS0007,2026-01-30,3801,58.018,220526.42,-4967.75,INR,MOCK_FEED
POS00100720260130,PORT001,INS0008,2026-01-30,1505,59.9347,90201.72,-606.06,GBP,MOCK_FEED
POS00100820260130,PORT001,INS0009,2026-01-30,3833,33.1187,126943.98,-953.79,USD,MOCK_FEED
POS00100920260130,PORT001,INS0010,2026-01-30,2346,72.8072,170805.69,-969.3,EUR,MOCK_FEED
POS00101020260130,PORT001,INS0011,2026-01-30,3594,21.2307,76303.14,-1251.28,EUR,MOCK_FEED
POS00100120260131,PORT001,INS0002,2026-01-31,2684,33.3464,89501.74,2601.2,EUR,MOCK_FEED
POS00100220260131,PORT001,INS0003,2026-01-31,1717,36.6092,62858.0,-211.2,GBP,MOCK_FEED
POS00100320260131,PORT001,INS0004,2026-01-31,1912,51.0873,97678.92,1376.15,GBP,MOCK_FEED
POS00100420260131,PORT001,INS0005,2026-01-31,3178,35.858,113956.72,-1755.35,EUR,MOCK_FEED
POS00100520260131,PORT001,INS0006,2026-01-31,1117,28.8871,32266.89,366.67,USD,MOCK_FEED
POS00100620260131,PORT001,INS0007,2026-01-31,883,58.0983,51300.8,7.13,INR,MOCK_FEED
POS00100720260131,PORT001,INS0008,2026-01-31,4805,60.0281,288435.02,4831.15,GBP,MOCK_FEED
POS00100820260131,PORT001,INS0009,2026-01-31,4806,33.4215,160623.73,4033.52,USD,MOCK_FEED
POS00100920260131,PORT001,INS0010,2026-01-31,235,74.1747,17431.05,357.8,EUR,MOCK_FEED
POS00101020260131,PORT001,INS0011,2026-01-31,2988,21.1828,63294.21,2046.37,GBP,MOCK_FEED
POS00100120260201,PORT001,INS0002,2026-02-01,3195,32.5051,103853.79,-541.12,GBP,MOCK_FEED
POS00100220260201,PORT001,INS0003,2026-02-01,1363,36.903,50298.79,-644.86,GBP,MOCK_FEED
POS00100320260201,PORT001,INS0004,2026-02-01,4882,50.6247,247149.79,6067.85,USD,MOCK_FEED
POS00100420260201,PORT001,INS0005,2026-02-01,1689,35.5905,60112.35,1236.31,GBP,MOCK_FEED
POS00100520260201,PORT001,INS0006,2026-02-01,3123,28.6875,89591.06,-1829.52,INR,MOCK_FEED
POS00100620260201,PORT001,INS0007,2026-02-01,1125,57.3765,64548.56,1990.86,USD,MOCK_FEED
POS00100720260201,PORT001,INS0008,2026-02-01,435,60.6677,26390.45,424.08,INR,MOCK_FEED
POS00100820260201,PORT001,INS0009,2026-02-01,3189,32.8907,104888.44,2853.65,EUR,MOCK_FEED
POS00100920260201,PORT001,INS0010,2026-02-01,709,73.8028,52326.19,1416.34,USD,MOCK_FEED
POS00101020260201,PORT001,INS0011,2026-02-01,4746,21.3288,101226.48,-75.29,EUR,MOCK_FEED
POS00100120260202,PORT001,INS0002,2026-02-02,1357,32.5796,44210.52,-1265.39,GBP,MOCK_FEED
POS00100220260202,PORT001,INS0003,2026-02-02,4837,38.1448,184506.4,-4950.06,INR,MOCK_FEED
POS00100320260202,PORT001,INS0004,2026-02-02,4148,50.9471,211328.57,462.24,INR,MOCK_FEED
POS00100420260202,PORT001,INS0005,2026-02-02,186,35.9485,6686.42,-147.19,USD,MOCK_FEED
POS00100520260202,PORT001,INS0006,2026-02-02,3434,28.9124,99285.18,-2482.25,EUR,MOCK_FEED
POS00100620260202,PORT001,INS0007,2026-02-02,1401,56.0827,78571.86,2318.68,GBP,MOCK_FEED
POS00100720260202,PORT001,INS0008,2026-02-02,2959,60.9491,180348.39,2484.27,INR,MOCK_FEED
POS00100820260202,PORT001,INS0009,2026-02-02,372,32.6008,12127.5,210.81,INR,MOCK_FEED
POS00100920260202,PORT001,INS0010,2026-02-02,2961,74.705,221201.51,-4592.79,EUR,MOCK_FEED
POS00101020260202,PORT001,INS0011,2026-02-02,631,21.3308,13459.73,-129.89,INR,MOCK_FEED
POS00100120260203,PORT001,INS0002,2026-02-03,1707,33.2838,56815.45,1700.13,GBP,MOCK_FEED
POS00100220260203,PORT001,INS0003,2026-02-03,1631,37.9814,61947.66,1095.38,GBP,MOCK_FEED
POS00100320260203,PORT001,INS0004,2026-02-03,4363,51.2552,223626.44,-33.68,INR,MOCK_FEED
POS00100420260203,PORT001,INS0005,2026-02-03,4232,35.8535,151732.01,622.69,INR,MOCK_FEED
POS00100520260203,PORT001,INS0006,2026-02-03,2840,29.0526,82509.38,165.6,INR,MOCK_FEED
POS00100620260203,PORT001,INS0007,2026-02-03,3036,55.3671,168094.52,3108.06,USD,MOCK_FEED
POS00100720260203,PORT001,INS0008,2026-02-03,2792,60.5084,168939.45,4713.96,INR,MOCK_FEED
POS00100820260203,PORT001,INS0009,2026-02-03,1113,32.2116,35851.51,938.64,EUR,MOCK_FEED
POS00100920260203,PORT001,INS0010,2026-02-03,4622,73.7341,340799.01,-1742.98,USD,MOCK_FEED
POS00101020260203,PORT001,INS0011,2026-02-03,391,21.1488,8269.18,-82.6,INR,MOCK_FEED
POS00100120260204,PORT001,INS0002,2026-02-04,1933,33.466,64689.78,271.38,INR,MOCK_FEED
POS00100220260204,PORT001,INS0003,2026-02-04,467,37.4343,17481.82,10.95,INR,MOCK_FEED
POS00100320260204,PORT001,INS0004,2026-02-04,1679,51.5257,86511.65,-1510.26,USD,MOCK_FEED
POS00100420260204,PORT001,INS0005,2026-02-04,1673,35.7805,59860.78,2321.09,INR,MOCK_FEED
POS00100520260204,PORT001,INS0006,2026-02-04,3500,29.6524,103783.4,-1270.04,USD,MOCK_FEED
POS00100620260204,PORT001,INS0007,2026-02-04,763,56.5169,43122.39,129.64,EUR,MOCK_FEED
POS00100720260204,PORT001,INS0008,2026-02-04,1328,60.4165,80233.11,598.97,USD,MOCK_FEED
POS00100820260204,PORT001,INS0009,2026-02-04,881,32.0532,28238.87,161.06,INR,MOCK_FEED
POS00100920260204,PORT001,INS0010,2026-02-04,2038,74.3208,151465.79,4323.13,EUR,MOCK_FEED
POS00101020260204,PORT001,INS0011,2026-02-04,2082,21.2987,44343.89,-323.5,USD,MOCK_FEED
POS00100120260205,PORT001,INS0002,2026-02-05,2196,33.65,73895.4,-1052.9,INR,MOCK_FEED
POS00100220260205,PORT001,INS0003,2026-02-05,4849,37.8413,183492.46,5995.65,USD,MOCK_FEED
POS00100320260205,PORT001,INS0004,2026-02-05,927,51.9148,48125.02,-1346.68,GBP,MOCK_FEED
POS00100420260205,PORT001,INS0005,2026-02-05,4271,36.339,155203.87,965.24,GBP,MOCK_FEED
POS00100520260205,PORT001,INS0006,2026-02-05,4096,30.0809,123211.37,1356.74,INR,MOCK_FEED
POS00100620260205,PORT001,INS0007,2026-02-05,1624,57.0549,92657.16,1116.74,USD,MOCK_FEED
POS00100720260205,PORT001,INS0008,2026-02-05,3246,60.4851,196334.63,-1242.9,INR,MOCK_FEED
POS00100820260205,PORT001,INS0009,2026-02-05,4641,31.6866,147057.51,3827.53,USD,MOCK_FEED
POS00100920260205,PORT001,INS0010,2026-02-05,2910,74.7512,217525.99,7660.12,EUR,MOCK_FEED
POS00101020260205,PORT001,INS0011,2026-02-05,1267,21.5797,27341.48,-431.84,GBP,MOCK_FEED
POS00100120260206,PORT001,INS0002,2026-02-06,4349,32.7679,142507.6,5118.17,GBP,MOCK_FEED
POS00100220260206,PORT001,INS0003,2026-02-06,3983,37.9046,150974.02,-357.09,INR,MOCK_FEED
POS00100320260206,PORT001,INS0004,2026-02-06,4767,52.6863,251155.59,3410.51,EUR,MOCK_FEED
POS00100420260206,PORT001,INS0005,2026-02-06,3745,36.914,138242.93,3361.64,GBP,MOCK_FEED
POS00100520260206,PORT001,INS0006,2026-02-06,4734,29.6147,140195.99,-1294.38,EUR,MOCK_FEED
POS00100620260206,PORT001,INS0007,2026-02-06,2114,58.0661,122751.74,2823.03,EUR,MOCK_FEED
POS00100720260206,PORT001,INS0008,2026-02-06,4225,60.4636,255458.71,-6130.53,USD,MOCK_FEED
POS00100820260206,PORT001,INS0009,2026-02-06,2772,31.8979,88420.98,-1530.78,INR,MOCK_FEED
POS00100920260206,PORT001,INS0010,2026-02-06,2456,75.2683,184858.94,-4086.28,USD,MOCK_FEED
POS00101020260206,PORT001,INS0011,2026-02-06,799,21.7672,17391.99,305.92,EUR,MOCK_FEED
POS00100120260207,PORT001,INS0002,2026-02-07,4653,33.0866,153951.95,-4074.15,INR,MOCK_FEED
POS00100220260207,PORT001,INS0003,2026-02-07,1406,37.8889,53271.79,643.28,EUR,MOCK_FEED
POS00100320260207,PORT001,INS0004,2026-02-07,2819,52.5047,148010.75,-3176.09,INR,MOCK_FEED
POS00100420260207,PORT001,INS0005,2026-02-07,678,37.4088,25363.17,-422.91,INR,MOCK_FEED
POS00100520260207,PORT001,INS0006,2026-02-07,1788,29.4699,52692.18,807.93,GBP,MOCK_FEED
POS00100620260207,PORT001,INS0007,2026-02-07,4725,57.1847,270197.71,-5428.06,USD,MOCK_FEED
POS00100720260207,PORT001,INS0008,2026-02-07,170,60.6985,10318.75,231.12,INR,MOCK_FEED
POS00100820260207,PORT001,INS0009,2026-02-07,4457,32.6143,145361.94,-2290.1,USD,MOCK_FEED
POS00100920260207,PORT001,INS0010,2026-02-07,3402,75.7932,257848.47,7976.34,USD,MOCK_FEED
POS00101020260207,PORT001,INS0011,2026-02-07,2477,21.6526,53633.49,-238.78,INR,MOCK_FEED
POS00100120260208,PORT001,INS0002,2026-02-08,373,32.8093,12237.87,10.93,GBP,MOCK_FEED
POS00100220260208,PORT001,INS0003,2026-02-08,4680,37.7521,176679.83,-1382.75,EUR,MOCK_FEED
POS00100320260208,PORT001,INS0004,2026-02-08,1958,53.4284,104612.81,1870.68,INR,MOCK_FEED
POS00100420260208,PORT001,INS0005,2026-02-08,4097,38.3727,157212.95,-1341.78,INR,MOCK_FEED
POS00100520260208,PORT001,INS0006,2026-02-08,4719,29.6005,139684.76,744.1,EUR,MOCK_FEED
POS00100620260208,PORT001,INS0007,2026-02-08,3509,57.2569,200914.46,7937.43,EUR,MOCK_FEED
POS00100720260208,PORT001,INS0008,2026-02-08,191,60.1848,11495.3,457.49,INR,MOCK_FEED
POS00100820260208,PORT001,INS0009,2026-02-08,2131,32.6693,69618.28,2628.45,INR,MOCK_FEED
POS00100920260208,PORT001,INS0010,2026-02-08,2199,77.1928,169746.97,-663.42,USD,MOCK_FEED
POS00101020260208,PORT001,INS0011,2026-02-08,1756,21.643,38005.11,-191.71,INR,MOCK_FEED
POS00100120260209,PORT001,INS0002,2026-02-09,1970,32.8113,64638.26,-1104.52,GBP,MOCK_FEED
POS00100220260209,PORT001,INS0003,2026-02-09,3804,37.2986,141883.87,3913.29,EUR,MOCK_FEED
POS00100320260209,PORT001,INS0004,2026-02-09,421,53.0016,22313.67,-342.68,USD,MOCK_FEED
POS00100420260209,PORT001,INS0005,2026-02-09,2153,38.428,82735.48,209.77,GBP,MOCK_FEED
POS00100520260209,PORT001,INS0006,2026-02-09,561,29.6058,16608.85,117.95,USD,MOCK_FEED
POS00100620260209,PORT001,INS0007,2026-02-09,1855,57.4965,106656.01,-1289.89,GBP,MOCK_FEED
POS00100720260209,PORT001,INS0008,2026-02-09,1017,61.0509,62088.77,2431.94,GBP,MOCK_FEED
POS00100820260209,PORT001,INS0009,2026-02-09,3606,32.1692,116002.14,3219.91,INR,MOCK_FEED
POS00100920260209,PORT001,INS0010,2026-02-09,150,77.0013,11550.19,-44.22,EUR,MOCK_FEED
POS00101020260209,PORT001,INS0011,2026-02-09,3276,21.5416,70570.28,2610.49,INR,MOCK_FEED
POS00100120260210,PORT001,INS0002,2026-02-10,226,32.0582,7245.15,-33.51,USD,MOCK_FEED
POS00100220260210,PORT001,INS0003,2026-02-10,1296,37.0102,47965.22,1795.86,EUR,MOCK_FEED
POS00100320260210,PORT001,INS0004,2026-02-10,3129,51.5908,161427.61,-1014.7,USD,MOCK_FEED
POS00100420260210,PORT001,INS0005,2026-02-10,732,38.5315,28205.06,1064.6,INR,MOCK_FEED
POS00100520260210,PORT001,INS0006,2026-02-10,137,29.9762,4106.74,126.04,EUR,MOCK_FEED
POS00100620260210,PORT001,INS0007,2026-02-10,3242,58.0783,188289.85,-2732.79,USD,MOCK_FEED
POS00100720260210,PORT001,INS0008,2026-02-10,821,60.7077,49841.02,828.5,INR,MOCK_FEED
POS00100820260210,PORT001,INS0009,2026-02-10,2140,32.434,69408.76,-1295.59,GBP,MOCK_FEED
POS00100920260210,PORT001,INS0010,2026-02-10,1802,77.7824,140163.88,-678.35,EUR,MOCK_FEED
POS00101020260210,PORT001,INS0011,2026-02-10,4647,21.3672,99293.38,3229.05,GBP,MOCK_FEED
POS00100120260211,PORT001,INS0002,2026-02-11,4591,32.5132,149268.1,-1505.55,EUR,MOCK_FEED
POS00100220260211,PORT001,INS0003,2026-02-11,3990,36.1464,144224.14,4677.58,INR,MOCK_FEED
POS00100320260211,PORT001,INS0004,2026-02-11,3675,51.7112,190038.66,4908.19,INR,MOCK_FEED
POS00100420260211,PORT001,INS0005,2026-02-11,2568,38.6924,99362.08,-2207.18,USD,MOCK_FEED
POS00100520260211,PORT001,INS0006,2026-02-11,4572,30.2848,138462.11,-1830.33,GBP,MOCK_FEED
POS00100620260211,PORT001,INS0007,2026-02-11,4344,58.5433,254312.1,-3742.94,EUR,MOCK_FEED
POS00100720260211,PORT001,INS0008,2026-02-11,1812,61.285,111048.42,-358.96,EUR,MOCK_FEED
POS00100820260211,PORT001,INS0009,2026-02-11,2710,33.1088,89724.85,461.44,EUR,MOCK_FEED
POS00100920260211,PORT001,INS0010,2026-02-11,3112,76.9672,239521.93,-5159.84,GBP,MOCK_FEED
POS00101020260211,PORT001,INS0011,2026-02-11,1920,21.6947,41653.82,-716.65,EUR,MOCK_FEED
POS00100120260212,PORT001,INS0002,2026-02-12,1884,32.6849,61578.35,221.98,USD,MOCK_FEED
POS00100220260212,PORT001,INS0003,2026-02-12,3425,36.2943,124307.98,2085.68,GBP,MOCK_FEED
POS00100320260212,PORT001,INS0004,2026-02-12,715,51.4591,36793.26,99.45,USD,MOCK_FEED
POS00100420260212,PORT001,INS0005,2026-02-12,410,39.4737,16184.22,-370.34,GBP,MOCK_FEED
POS00100520260212,PORT001,INS0006,2026-02-12,2145,30.0238,64401.05,452.88,GBP,MOCK_FEED
POS00100620260212,PORT001,INS0007,2026-02-12,4248,57.8638,245805.42,-2228.62,EUR,MOCK_FEED
POS00100720260212,PORT001,INS0008,2026-02-12,286,60.459,17291.27,236.13,GBP,MOCK_FEED
POS00100820260212,PORT001,INS0009,2026-02-12,1558,32.8827,51231.25,1895.98,EUR,MOCK_FEED
POS00100920260212,PORT001,INS0010,2026-02-12,2198,78.691,172962.82,1141.87,GBP,MOCK_FEED
POS00101020260212,PORT001,INS0011,2026-02-12,260,22.0775,5740.15,149.89,INR,MOCK_FEED
POS00100120260213,PORT001,INS0002,2026-02-13,3048,32.4163,98804.88,3850.38,GBP,MOCK_FEED
POS00100220260213,PORT001,INS0003,2026-02-13,2606,36.1845,94296.81,2622.21,USD,MOCK_FEED
POS00100320260213,PORT001,INS0004,2026-02-13,444,52.2973,23220.0,-464.41,EUR,MOCK_FEED
POS00100420260213,PORT001,INS0005,2026-02-13,4052,40.0173,162150.1,3017.56,EUR,MOCK_FEED
POS00100520260213,PORT001,INS0006,2026-02-13,1067,30.0417,32054.49,1237.19,EUR,MOCK_FEED
POS00100620260213,PORT001,INS0007,2026-02-13,3064,57.1394,175075.12,866.68,USD,MOCK_FEED
POS00100720260213,PORT001,INS0008,2026-02-13,4071,59.6286,242748.03,5078.63,EUR,MOCK_FEED
POS00100820260213,PORT001,INS0009,2026-02-13,2470,32.4443,80137.42,-7.74,EUR,MOCK_FEED
POS00100920260213,PORT001,INS0010,2026-02-13,1686,78.4058,132192.18,-404.62,GBP,MOCK_FEED
POS00101020260213,PORT001,INS0011,2026-02-13,4918,21.5552,106008.47,-1977.9,GBP,MOCK_FEED
POS00100120260214,PORT001,INS0002,2026-02-14,1926,32.9622,63485.2,898.72,GBP,MOCK_FEED
POS00100220260214,PORT001,INS0003,2026-02-14,4430,36.0879,159869.4,1761.32,GBP,MOCK_FEED
POS00100320260214,PORT001,INS0004,2026-02-14,3941,52.9518,208683.04,-3841.89,EUR,MOCK_FEED
POS00100420260214,PORT001,INS0005,2026-02-14,2522,40.1132,101165.49,2082.49,INR,MOCK_FEED
POS00100520260214,PORT001,INS0006,2026-02-14,1347,30.2558,40754.56,-959.11,EUR,MOCK_FEED
POS00100620260214,PORT001,INS0007,2026-02-14,1108,58.0279,64294.91,1022.73,EUR,MOCK_FEED
POS00100720260214,PORT001,INS0008,2026-02-14,933,59.9199,55905.27,1927.44,INR,MOCK_FEED
POS00100820260214,PORT001,INS0009,2026-02-14,105,32.6214,3425.25,121.89,USD,MOCK_FEED
POS00100920260214,PORT001,INS0010,2026-02-14,1931,77.8149,150260.57,5655.1,USD,MOCK_FEED
POS00101020260214,PORT001,INS0011,2026-02-14,4501,21.6512,97452.05,2052.62,EUR,MOCK_FEED
POS00100120260215,PORT001,INS0002,2026-02-15,801,32.3461,25909.23,272.63,USD,MOCK_FEED
POS00100220260215,PORT001,INS0003,2026-02-15,4373,35.4002,154805.07,-2992.26,USD,MOCK_FEED
POS00100320260215,PORT001,INS0004,2026-02-15,378,51.8227,19588.98,539.62,EUR,MOCK_FEED
POS00100420260215,PORT001,INS0005,2026-02-15,3545,40.3458,143025.86,-4232.42,INR,MOCK_FEED
POS00100520260215,PORT001,INS0006,2026-02-15,4444,30.0309,133457.32,370.02,GBP,MOCK_FEED
POS00100620260215,PORT001,INS0007,2026-02-15,1372,56.835,77977.62,-1698.91,EUR,MOCK_FEED
POS00100720260215,PORT001,INS0008,2026-02-15,170,60.4763,10280.97,42.12,GBP,MOCK_FEED
POS00100820260215,PORT001,INS0009,2026-02-15,537,32.7894,17607.91,-164.64,EUR,MOCK_FEED
POS00100920260215,PORT001,INS0010,2026-02-15,4363,78.209,341225.87,-10028.53,USD,MOCK_FEED
POS00101020260215,PORT001,INS0011,2026-02-15,3794,21.6819,82261.13,-1720.14,GBP,MOCK_FEED
POS00100120260216,PORT001,INS0002,2026-02-16,3827,31.1723,119296.39,-869.23,EUR,MOCK_FEED
POS00100220260216,PORT001,INS0003,2026-02-16,969,35.5292,34427.79,25.75,INR,MOCK_FEED
POS00100320260216,PORT001,INS0004,2026-02-16,938,51.8196,48606.78,1570.05,INR,MOCK_FEED
POS00100420260216,PORT001,INS0005,2026-02-16,4913,40.2166,197584.16,5476.54,INR,MOCK_FEED
POS00100520260216,PORT001,INS0006,2026-02-16,3477,30.2811,105287.38,270.12,GBP,MOCK_FEED
POS00100620260216,PORT001,INS0007,2026-02-16,1548,56.1345,86896.21,-1782.91,EUR,MOCK_FEED
POS00100720260216,PORT001,INS0008,2026-02-16,1243,59.4059,73841.53,860.11,USD,MOCK_FEED
POS00100820260216,PORT001,INS0009,2026-02-16,2046,32.8431,67196.98,2277.11,INR,MOCK_FEED
POS00100920260216,PORT001,INS0010,2026-02-16,4346,78.9467,343102.36,3313.37,USD,MOCK_FEED
POS00101020260216,PORT001,INS0011,2026-02-16,4563,21.9705,100251.39,2751.21,EUR,MOCK_FEED
POS00100120260217,PORT001,INS0002,2026-02-17,1778,31.2387,55542.41,934.08,GBP,MOCK_FEED
POS00100220260217,PORT001,INS0003,2026-02-17,589,36.0407,21227.97,32.99,USD,MOCK_FEED
POS00100320260217,PORT001,INS0004,2026-02-17,4140,52.0959,215677.03,-5843.0,INR,MOCK_FEED
POS00100420260217,PORT001,INS0005,2026-02-17,1534,40.6184,62308.63,-819.02,INR,MOCK_FEED
POS00100520260217,PORT001,INS0006,2026-02-17,4510,30.5606,137828.31,27.37,INR,MOCK_FEED
POS00100620260217,PORT001,INS0007,2026-02-17,128,56.9236,7286.22,103.88,USD,MOCK_FEED
POS00100720260217,PORT001,INS0008,2026-02-17,4655,59.8302,278509.58,6819.4,EUR,MOCK_FEED
POS00100820260217,PORT001,INS0009,2026-02-17,2257,32.5718,73514.55,-1829.69,USD,MOCK_FEED
POS00100920260217,PORT001,INS0010,2026-02-17,3303,78.8222,260349.73,-5026.91,USD,MOCK_FEED
POS00101020260217,PORT001,INS0011,2026-02-17,1985,21.9977,43665.43,-580.56,USD,MOCK_FEED
POS00100120260218,PORT001,INS0002,2026-02-18,2232,31.5566,70434.33,2052.7,GBP,MOCK_FEED
POS00100220260218,PORT001,INS0003,2026-02-18,1778,36.0664,64126.06,1637.63,GBP,MOCK_FEED
POS00100320260218,PORT001,INS0004,2026-02-18,287,53.1686,15259.39,369.61,GBP,MOCK_FEED
POS00100420260218,PORT001,INS0005,2026-02-18,1174,40.1895,47182.47,867.71,USD,MOCK_FEED
POS00100520260218,PORT001,INS0006,2026-02-18,2462,30.717,75625.25,-1966.92,USD,MOCK_FEED
POS00100620260218,PORT001,INS0007,2026-02-18,462,57.1744,26414.57,-555.86,INR,MOCK_FEED
POS00100720260218,PORT001,INS0008,2026-02-18,687,60.675,41683.72,1187.27,INR,MOCK_FEED
POS00100820260218,PORT001,INS0009,2026-02-18,1829,32.5158,59471.4,1782.89,GBP,MOCK_FEED
POS00100920260218,PORT001,INS0010,2026-02-18,3998,79.8831,319372.63,11.61,INR,MOCK_FEED
POS00101020260218,PORT001,INS0011,2026-02-18,2699,22.2934,60169.89,457.53,GBP,MOCK_FEED
POS00100120260219,PORT001,INS0002,2026-02-19,850,31.6752,26923.92,241.42,USD,MOCK_FEED
POS00100220260219,PORT001,INS0003,2026-02-19,4160,35.8255,149034.08,2558.08,EUR,MOCK_FEED
POS00100320260219,PORT001,INS0004,2026-02-19,3368,53.4309,179955.27,1158.56,INR,MOCK_FEED
POS00100420260219,PORT001,INS0005,2026-02-19,1859,39.1921,72858.11,-397.85,EUR,MOCK_FEED
POS00100520260219,PORT001,INS0006,2026-02-19,847,31.409,26603.42,373.65,GBP,MOCK_FEED
POS00100620260219,PORT001,INS0007,2026-02-19,2935,57.0252,167368.96,3153.07,USD,MOCK_FEED
POS00100720260219,PORT001,INS0008,2026-02-19,840,59.9995,50399.58,487.16,INR,MOCK_FEED
POS00100820260219,PORT001,INS0009,2026-02-19,1623,31.65,51367.95,-842.14,INR,MOCK_FEED
POS00100920260219,PORT001,INS0010,2026-02-19,2986,80.5752,240597.55,5080.04,GBP,MOCK_FEED
POS00101020260219,PORT001,INS0011,2026-02-19,1278,22.0729,28209.17,221.53,USD,MOCK_FEED
POS00100120260220,PORT001,INS0002,2026-02-20,2938,31.8044,93441.33,2790.76,INR,MOCK_FEED
POS00100220260220,PORT001,INS0003,2026-02-20,4375,35.8802,156975.88,4691.19,EUR,MOCK_FEED
POS00100320260220,PORT001,INS0004,2026-02-20,2125,54.1325,115031.56,-1699.83,EUR,MOCK_FEED
POS00100420260220,PORT001,INS0005,2026-02-20,4820,39.0705,188319.81,667.95,EUR,MOCK_FEED
POS00100520260220,PORT001,INS0006,2026-02-20,1917,31.1155,59648.41,-583.59,EUR,MOCK_FEED
POS00100620260220,PORT001,INS0007,2026-02-20,3877,56.9466,220781.97,5072.71,USD,MOCK_FEED
POS00100720260220,PORT001,INS0008,2026-02-20,1914,58.7031,112357.73,831.58,INR,MOCK_FEED
POS00100820260220,PORT001,INS0009,2026-02-20,3206,31.4838,100937.06,2392.86,GBP,MOCK_FEED
POS00100920260220,PORT001,INS0010,2026-02-20,4945,81.1626,401349.06,12056.81,INR,MOCK_FEED
POS00101020260220,PORT001,INS0011,2026-02-20,2389,21.9119,52347.53,1799.51,USD,MOCK_FEED
POS00100120260221,PORT001,INS0002,2026-02-21,3928,31.7868,124858.55,2086.11,USD,MOCK_FEED
POS00100220260221,PORT001,INS0003,2026-02-21,4717,36.6362,172812.96,-1858.54,INR,MOCK_FEED
POS00100320260221,PORT001,INS0004,2026-02-21,4762,55.5635,264593.39,6106.11,USD,MOCK_FEED
POS00100420260221,PORT001,INS0005,2026-02-21,2929,39.3599,115285.15,399.24,INR,MOCK_FEED
POS00100520260221,PORT001,INS0006,2026-02-21,1508,30.9809,46719.2,1621.9,GBP,MOCK_FEED
POS00100620260221,PORT001,INS0007,2026-02-21,1752,56.1268,98334.15,-2132.04,EUR,MOCK_FEED
POS00100720260221,PORT001,INS0008,2026-02-21,3168,59.0109,186946.53,3255.79,EUR,MOCK_FEED
POS00100820260221,PORT001,INS0009,2026-02-21,137,31.3478,4294.65,118.02,EUR,MOCK_FEED
POS00100920260221,PORT001,INS0010,2026-02-21,707,80.4942,56909.4,-614.51,GBP,MOCK_FEED
POS00101020260221,PORT001,INS0011,2026-02-21,282,21.7741,6140.3,14.03,GBP,MOCK_FEED
POS00100120260222,PORT001,INS0002,2026-02-22,4296,32.1829,138257.74,2432.99,GBP,MOCK_FEED
POS00100220260222,PORT001,INS0003,2026-02-22,706,36.5555,25808.18,-339.56,EUR,MOCK_FEED
POS00100320260222,PORT001,INS0004,2026-02-22,2514,55.2872,138992.02,4428.28,USD,MOCK_FEED
POS00100420260222,PORT001,INS0005,2026-02-22,3118,39.7644,123985.4,2833.82,GBP,MOCK_FEED
POS00100520260222,PORT001,INS0006,2026-02-22,1906,31.1883,59444.9,770.24,GBP,MOCK_FEED
POS00100620260222,PORT001,INS0007,2026-02-22,3021,56.674,171212.15,2616.44,EUR,MOCK_FEED
POS00100720260222,PORT001,INS0008,2026-02-22,1522,58.3688,88837.31,1419.87,USD,MOCK_FEED
POS00100820260222,PORT001,INS0009,2026-02-22,1095,31.9481,34983.17,-366.08,INR,MOCK_FEED
POS00100920260222,PORT001,INS0010,2026-02-22,4046,80.019,323756.87,10488.31,INR,MOCK_FEED
POS00101020260222,PORT001,INS0011,2026-02-22,3098,21.3689,66200.85,571.79,EUR,MOCK_FEED
POS00100120260223,PORT001,INS0002,2026-02-23,1669,32.2292,53790.53,-216.49,INR,MOCK_FEED
POS00100220260223,PORT001,INS0003,2026-02-23,3577,35.7334,127818.37,-3664.41,USD,MOCK_FEED
POS00100320260223,PORT001,INS0004,2026-02-23,3507,55.9515,196221.91,3332.05,USD,MOCK_FEED
POS00100420260223,PORT001,INS0005,2026-02-23,1581,39.2563,62064.21,2327.58,USD,MOCK_FEED
POS00100520260223,PORT001,INS0006,2026-02-23,2318,31.4107,72810.0,60.12,GBP,MOCK_FEED
POS00100620260223,PORT001,INS0007,2026-02-23,4982,55.4789,276395.88,7730.34,USD,MOCK_FEED
POS00100720260223,PORT001,INS0008,2026-02-23,4406,57.4321,253045.83,-1541.08,EUR,MOCK_FEED
POS00100820260223,PORT001,INS0009,2026-02-23,3829,32.0759,122818.62,4404.86,INR,MOCK_FEED
POS00100920260223,PORT001,INS0010,2026-02-23,860,78.2567,67300.76,741.37,EUR,MOCK_FEED
POS00101020260223,PORT001,INS0011,2026-02-23,805,21.491,17300.26,-264.73,INR,MOCK_FEED
POS00100120260224,PORT001,INS0002,2026-02-24,2910,31.8005,92539.46,1273.52,USD,MOCK_FEED
POS00100220260224,PORT001,INS0003,2026-02-24,1027,36.2612,37240.25,1382.79,EUR,MOCK_FEED
POS00100320260224,PORT001,INS0004,2026-02-24,3112,56.0049,174287.25,-4995.36,GBP,MOCK_FEED
POS00100420260224,PORT001,INS0005,2026-02-24,166,40.5508,6731.43,-17.96,GBP,MOCK_FEED
POS00100520260224,PORT001,INS0006,2026-02-24,2990,31.4128,93924.27,2529.23,INR,MOCK_FEED
POS00100620260224,PORT001,INS0007,2026-02-24,714,55.38,39541.32,-712.76,EUR,MOCK_FEED
POS00100720260224,PORT001,INS0008,2026-02-24,4886,56.3836,275490.27,9479.44,USD,MOCK_FEED
POS00100820260224,PORT001,INS0009,2026-02-24,4495,31.9594,143657.5,1208.21,USD,MOCK_FEED
POS00100920260224,PORT001,INS0010,2026-02-24,1146,78.7558,90254.15,-1227.31,GBP,MOCK_FEED
POS00101020260224,PORT001,INS0011,2026-02-24,4304,21.4986,92529.97,904.67,USD,MOCK_FEED
POS00100120260225,PORT001,INS0002,2026-02-25,1721,31.4201,54073.99,-215.39,USD,MOCK_FEED
POS00100220260225,PORT001,INS0003,2026-02-25,2070,36.7891,76153.44,954.67,INR,MOCK_FEED
POS00100320260225,PORT001,INS0004,2026-02-25,3010,55.9185,168314.68,1323.95,USD,MOCK_FEED
POS00100420260225,PORT001,INS0005,2026-02-25,2845,40.1985,114364.73,-1380.89,GBP,MOCK_FEED
POS00100520260225,PORT001,INS0006,2026-02-25,4685,31.687,148453.6,1307.35,INR,MOCK_FEED
POS00100620260225,PORT001,INS0007,2026-02-25,4338,55.7439,241817.04,-6028.92,USD,MOCK_FEED
POS00100720260225,PORT001,INS0008,2026-02-25,4136,56.1514,232242.19,-5581.67,GBP,MOCK_FEED
POS00100820260225,PORT001,INS0009,2026-02-25,3509,31.721,111308.99,-104.09,INR,MOCK_FEED
POS00100920260225,PORT001,INS0010,2026-02-25,1921,79.2972,152329.92,-3987.52,USD,MOCK_FEED
POS00101020260225,PORT001,INS0011,2026-02-25,163,21.287,3469.78,-56.59,EUR,MOCK_FEED
POS00100120260226,PORT001,INS0002,2026-02-26,674,31.7327,21387.84,703.26,GBP,MOCK_FEED
POS00100220260226,PORT001,INS0003,2026-02-26,3391,36.5897,124075.67,1211.87,EUR,MOCK_FEED
POS00100320260226,PORT001,INS0004,2026-02-26,4616,56.9187,262736.72,-2021.07,GBP,MOCK_FEED
POS00100420260226,PORT001,INS0005,2026-02-26,3697,40.2648,148858.97,2064.15,USD,MOCK_FEED
POS00100520260226,PORT001,INS0006,2026-02-26,2429,31.741,77098.89,1964.86,GBP,MOCK_FEED
POS00100620260226,PORT001,INS0007,2026-02-26,2699,57.0764,154049.2,3748.85,EUR,MOCK_FEED
POS00100720260226,PORT001,INS0008,2026-02-26,2077,56.364,117068.03,-2805.86,GBP,MOCK_FEED
POS00100820260226,PORT001,INS0009,2026-02-26,3127,31.5242,98576.17,-408.71,INR,MOCK_FEED
POS00100920260226,PORT001,INS0010,2026-02-26,2665,80.3229,214060.53,4783.82,INR,MOCK_FEED
POS00101020260226,PORT001,INS0011,2026-02-26,4526,21.3823,96776.29,-890.77,INR,MOCK_FEED
POS00100120260227,PORT001,INS0002,2026-02-27,1327,32.3391,42913.99,543.42,INR,MOCK_FEED
POS00100220260227,PORT001,INS0003,2026-02-27,229,37.2895,8539.3,-166.15,USD,MOCK_FEED
POS00100320260227,PORT001,INS0004,2026-02-27,2789,56.9126,158729.24,-3322.38,USD,MOCK_FEED
POS00100420260227,PORT001,INS0005,2026-02-27,3028,40.6549,123103.04,1872.52,INR,MOCK_FEED
POS00100520260227,PORT001,INS0006,2026-02-27,4202,31.4281,132060.88,-1302.08,INR,MOCK_FEED
POS00100620260227,PORT001,INS0007,2026-02-27,358,56.6333,20274.72,-109.7,GBP,MOCK_FEED
POS00100720260227,PORT001,INS0008,2026-02-27,164,56.7032,9299.32,94.45,USD,MOCK_FEED
POS00100820260227,PORT001,INS0009,2026-02-27,669,31.0379,20764.36,147.36,EUR,MOCK_FEED
POS00100920260227,PORT001,INS0010,2026-02-27,4907,80.6581,395789.3,-9621.88,GBP,MOCK_FEED
POS00101020260227,PORT001,INS0011,2026-02-27,1623,20.9775,34046.48,1134.25,INR,MOCK_FEED
POS00100120260228,PORT001,INS0002,2026-02-28,4565,32.6445,149022.14,-3911.06,USD,MOCK_FEED
POS00100220260228,PORT001,INS0003,2026-02-28,3978,38.1093,151598.8,667.98,EUR,MOCK_FEED
POS00100320260228,PORT001,INS0004,2026-02-28,782,56.8801,44480.24,1373.92,INR,MOCK_FEED
POS00100420260228,PORT001,INS0005,2026-02-28,1011,40.9407,41391.05,1397.68,USD,MOCK_FEED
POS00100520260228,PORT001,INS0006,2026-02-28,573,31.5491,18077.63,302.74,INR,MOCK_FEED
POS00100620260228,PORT001,INS0007,2026-02-28,3744,57.3038,214545.43,1209.14,GBP,MOCK_FEED
POS00100720260228,PORT001,INS0008,2026-02-28,1441,56.655,81639.85,-2372.47,EUR,MOCK_FEED
POS00100820260228,PORT001,INS0009,2026-02-28,3365,30.9208,104048.49,-45.3,EUR,MOCK_FEED
POS00100920260228,PORT001,INS0010,2026-02-28,3623,81.1846,294131.81,-127.79,INR,MOCK_FEED
POS00101020260228,PORT001,INS0011,2026-02-28,1659,21.3612,35438.23,-550.58,GBP,MOCK_FEED
POS00100120260301,PORT001,INS0002,2026-03-01,1016,32.9653,33492.74,8.16,INR,MOCK_FEED
POS00100220260301,PORT001,INS0003,2026-03-01,3233,38.0361,122970.71,-1613.49,GBP,MOCK_FEED
POS00100320260301,PORT001,INS0004,2026-03-01,1106,57.2949,63368.16,1210.94,GBP,MOCK_FEED
POS00100420260301,PORT001,INS0005,2026-03-01,3224,41.3069,133173.45,-2199.26,EUR,MOCK_FEED
POS00100520260301,PORT001,INS0006,2026-03-01,1721,31.3381,53932.87,203.73,USD,MOCK_FEED
POS00100620260301,PORT001,INS0007,2026-03-01,2874,57.2124,164428.44,-633.16,USD,MOCK_FEED
POS00100720260301,PORT001,INS0008,2026-03-01,3393,57.1311,193845.82,-5362.28,INR,MOCK_FEED
POS00100820260301,PORT001,INS0009,2026-03-01,3970,31.561,125297.17,-2887.64,INR,MOCK_FEED
POS00100920260301,PORT001,INS0010,2026-03-01,1286,81.3295,104589.74,-1719.41,GBP,MOCK_FEED
POS00101020260301,PORT001,INS0011,2026-03-01,4139,21.8399,90395.35,-511.71,INR,MOCK_FEED
POS00100120260302,PORT001,INS0002,2026-03-02,1167,33.2439,38795.63,1466.45,INR,MOCK_FEED
POS00100220260302,PORT001,INS0003,2026-03-02,1994,37.8454,75463.73,1818.4,EUR,MOCK_FEED
POS00100320260302,PORT001,INS0004,2026-03-02,4596,57.3565,263610.47,8088.25,EUR,MOCK_FEED
POS00100420260302,PORT001,INS0005,2026-03-02,3901,40.8275,159268.08,-884.62,EUR,MOCK_FEED
POS00100520260302,PORT001,INS0006,2026-03-02,3797,31.1373,118228.33,-680.17,EUR,MOCK_FEED
POS00100620260302,PORT001,INS0007,2026-03-02,1642,57.3803,94218.45,2216.56,GBP,MOCK_FEED
POS00100720260302,PORT001,INS0008,2026-03-02,1172,57.8274,67773.71,2200.89,INR,MOCK_FEED
POS00100820260302,PORT001,INS0009,2026-03-02,4077,31.9389,130214.9,2523.52,USD,MOCK_FEED
POS00100920260302,PORT001,INS0010,2026-03-02,203,83.014,16851.84,-114.37,INR,MOCK_FEED
POS00101020260302,PORT001,INS0011,2026-03-02,595,22.0049,13092.92,-231.77,EUR,MOCK_FEED
POS00100120260303,PORT001,INS0002,2026-03-03,115,33.3912,3839.99,137.48,INR,MOCK_FEED
POS00100220260303,PORT001,INS0003,2026-03-03,3937,38.502,151582.37,-3184.8,USD,MOCK_FEED
POS00100320260303,PORT001,INS0004,2026-03-03,1066,56.4925,60221.0,749.24,GBP,MOCK_FEED
POS00100420260303,PORT001,INS0005,2026-03-03,4853,41.0041,198992.9,-344.1,USD,MOCK_FEED
POS00100520260303,PORT001,INS0006,2026-03-03,3494,31.6184,110474.69,2471.98,EUR,MOCK_FEED
POS00100620260303,PORT001,INS0007,2026-03-03,4841,57.4626,278176.45,-6823.31,GBP,MOCK_FEED
POS00100720260303,PORT001,INS0008,2026-03-03,1241,58.7427,72899.69,2114.27,EUR,MOCK_FEED
POS00100820260303,PORT001,INS0009,2026-03-03,4645,32.0145,148707.35,-409.51,USD,MOCK_FEED
POS00100920260303,PORT001,INS0010,2026-03-03,3754,82.39,309292.06,454.87,INR,MOCK_FEED
POS00101020260303,PORT001,INS0011,2026-03-03,4444,22.2383,98827.01,-2048.28,INR,MOCK_FEED
POS00100120260304,PORT001,INS0002,2026-03-04,2867,33.7474,96753.8,520.4,EUR,MOCK_FEED
POS00100220260304,PORT001,INS0003,2026-03-04,4514,38.1716,172306.6,6866.08,USD,MOCK_FEED
POS00100320260304,PORT001,INS0004,2026-03-04,1179,57.9903,68370.56,849.13,USD,MOCK_FEED
POS00100420260304,PORT001,INS0005,2026-03-04,4657,42.1869,196464.39,4916.63,INR,MOCK_FEED
POS00100520260304,PORT001,INS0006,2026-03-04,4949,31.2036,154426.62,-498.35,GBP,MOCK_FEED
POS00100620260304,PORT001,INS0007,2026-03-04,247,56.715,14008.61,-291.3,EUR,MOCK_FEED
POS00100720260304,PORT001,INS0008,2026-03-04,2668,58.1083,155032.94,-1479.17,USD,MOCK_FEED
POS00100820260304,PORT001,INS0009,2026-03-04,375,31.4998,11812.42,399.25,USD,MOCK_FEED
POS00100920260304,PORT001,INS0010,2026-03-04,801,81.8059,65526.53,552.31,INR,MOCK_FEED
POS00101020260304,PORT001,INS0011,2026-03-04,762,22.9524,17489.73,296.96,EUR,MOCK_FEED
POS00100120260305,PORT001,INS0002,2026-03-05,3061,33.9434,103900.75,-797.96,INR,MOCK_FEED
POS00100220260305,PORT001,INS0003,2026-03-05,2994,38.1442,114203.73,-2606.67,USD,MOCK_FEED
POS00100320260305,PORT001,INS0004,2026-03-05,4050,57.3621,232316.51,6693.12,GBP,MOCK_FEED
POS00100420260305,PORT001,INS0005,2026-03-05,1560,42.2465,65904.54,356.06,GBP,MOCK_FEED
POS00100520260305,PORT001,INS0006,2026-03-05,419,30.9793,12980.33,378.75,INR,MOCK_FEED
POS00100620260305,PORT001,INS0007,2026-03-05,543,56.8615,30875.79,-611.89,USD,MOCK_FEED
POS00100720260305,PORT001,INS0008,2026-03-05,1458,57.5009,83836.31,626.94,USD,MOCK_FEED
POS00100820260305,PORT001,INS0009,2026-03-05,3051,31.0435,94713.72,3612.7,USD,MOCK_FEED
POS00100920260305,PORT001,INS0010,2026-03-05,2691,82.1299,221011.56,5509.49,INR,MOCK_FEED
POS00101020260305,PORT001,INS0011,2026-03-05,2807,23.067,64749.07,1279.32,INR,MOCK_FEED
POS00100120260306,PORT001,INS0002,2026-03-06,1623,34.2873,55648.29,-1515.11,USD,MOCK_FEED
POS00100220260306,PORT001,INS0003,2026-03-06,1161,38.351,44525.51,776.08,INR,MOCK_FEED
POS00100320260306,PORT001,INS0004,2026-03-06,2157,57.1497,123271.9,2513.26,USD,MOCK_FEED
POS00100420260306,PORT001,INS0005,2026-03-06,3460,41.7076,144308.3,2873.85,USD,MOCK_FEED
POS00100520260306,PORT001,INS0006,2026-03-06,3448,30.5865,105462.25,3160.26,EUR,MOCK_FEED
POS00100620260306,PORT001,INS0007,2026-03-06,4342,57.2494,248576.89,2349.04,GBP,MOCK_FEED
POS00100720260306,PORT001,INS0008,2026-03-06,1088,56.3358,61293.35,809.87,USD,MOCK_FEED
POS00100820260306,PORT001,INS0009,2026-03-06,2077,31.344,65101.49,-1087.94,USD,MOCK_FEED
POS00100920260306,PORT001,INS0010,2026-03-06,1025,82.7974,84867.33,1680.83,USD,MOCK_FEED
POS00101020260306,PORT001,INS0011,2026-03-06,1834,23.0312,42239.22,-841.51,GBP,MOCK_FEED
POS00100120260307,PORT001,INS0002,2026-03-07,3622,33.431,121087.08,2183.76,USD,MOCK_FEED
POS00100220260307,PORT001,INS0003,2026-03-07,3069,37.9755,116546.81,3904.47,USD,MOCK_FEED
POS00100320260307,PORT001,INS0004,2026-03-07,914,57.4581,52516.7,-1499.99,GBP,MOCK_FEED
POS00100420260307,PORT001,INS0005,2026-03-07,2777,42.4446,117868.65,-146.93,USD,MOCK_FEED
POS00100520260307,PORT001,INS0006,2026-03-07,1210,30.9251,37419.37,1225.49,EUR,MOCK_FEED
POS00100620260307,PORT001,INS0007,2026-03-07,2307,56.7097,130829.28,4554.02,USD,MOCK_FEED
POS00100720260307,PORT001,INS0008,2026-03-07,2378,56.96,135450.88,5331.58,GBP,MOCK_FEED
POS00100820260307,PORT001,INS0009,2026-03-07,902,31.3601,28286.81,805.6,INR,MOCK_FEED
POS00100920260307,PORT001,INS0010,2026-03-07,4061,81.4017,330572.3,-4266.01,EUR,MOCK_FEED
POS00101020260307,PORT001,INS0011,2026-03-07,3676,22.9267,84278.55,-2028.18,INR,MOCK_FEED
POS00100120260308,PORT001,INS0002,2026-03-08,4958,33.7774,167468.35,1448.89,GBP,MOCK_FEED
POS00100220260308,PORT001,INS0003,2026-03-08,1374,37.7864,51918.51,1484.36,USD,MOCK_FEED
POS00100320260308,PORT001,INS0004,2026-03-08,252,56.6222,14268.79,-387.95,EUR,MOCK_FEED
POS00100420260308,PORT001,INS0005,2026-03-08,234,43.2508,10120.69,324.55,EUR,MOCK_FEED
POS00100520260308,PORT001,INS0006,2026-03-08,4246,30.7896,130732.64,-2463.51,EUR,MOCK_FEED
POS00100620260308,PORT001,INS0007,2026-03-08,4567,56.4865,257973.85,-2630.17,USD,MOCK_FEED
POS00100720260308,PORT001,INS0008,2026-03-08,3899,56.5273,220399.94,8036.1,GBP,MOCK_FEED
POS00100820260308,PORT001,INS0009,2026-03-08,3355,31.4664,105569.77,-1529.09,GBP,MOCK_FEED
POS00100920260308,PORT001,INS0010,2026-03-08,2132,79.7355,169996.09,3293.52,EUR,MOCK_FEED
POS00101020260308,PORT001,INS0011,2026-03-08,176,23.0476,4056.38,84.13,EUR,MOCK_FEED
POS00100120260309,PORT001,INS0002,2026-03-09,1014,33.6976,34169.37,-123.39,GBP,MOCK_FEED
POS00100220260309,PORT001,INS0003,2026-03-09,4606,36.9747,170305.47,5386.12,USD,MOCK_FEED
POS00100320260309,PORT001,INS0004,2026-03-09,917,57.0604,52324.39,524.81,GBP,MOCK_FEED
POS00100420260309,PORT001,INS0005,2026-03-09,2005,43.367,86950.83,240.32,INR,MOCK_FEED
POS00100520260309,PORT001,INS0006,2026-03-09,1567,31.1889,48873.01,1801.85,EUR,MOCK_FEED
POS00100620260309,PORT001,INS0007,2026-03-09,399,56.3412,22480.14,820.52,EUR,MOCK_FEED
POS00100720260309,PORT001,INS0008,2026-03-09,2054,55.8206,114655.51,859.4,USD,MOCK_FEED
POS00100820260309,PORT001,INS0009,2026-03-09,740,32.3071,23907.25,677.13,EUR,MOCK_FEED
POS00100920260309,PORT001,INS0010,2026-03-09,4241,79.882,338779.56,1339.57,GBP,MOCK_FEED
POS00101020260309,PORT001,INS0011,2026-03-09,3892,23.234,90426.73,1656.35,INR,MOCK_FEED
POS00100120260310,PORT001,INS0002,2026-03-10,2524,33.4947,84540.62,-371.76,EUR,MOCK_FEED
POS00100220260310,PORT001,INS0003,2026-03-10,2238,37.8488,84705.61,-2526.51,USD,MOCK_FEED
POS00100320260310,PORT001,INS0004,2026-03-10,4765,57.0232,271715.55,7519.48,INR,MOCK_FEED
POS00100420260310,PORT001,INS0005,2026-03-10,2865,43.2445,123895.49,-1625.02,EUR,MOCK_FEED
POS00100520260310,PORT001,INS0006,2026-03-10,2099,31.7,66538.3,-1295.05,EUR,MOCK_FEED
POS00100620260310,PORT001,INS0007,2026-03-10,557,55.5699,30952.43,1040.49,GBP,MOCK_FEED
POS00100720260310,PORT001,INS0008,2026-03-10,3011,57.2483,172374.63,702.33,INR,MOCK_FEED
POS00100820260310,PORT001,INS0009,2026-03-10,582,32.5467,18942.18,538.62,INR,MOCK_FEED
POS00100920260310,PORT001,INS0010,2026-03-10,4821,80.6817,388966.48,15057.26,GBP,MOCK_FEED
POS00101020260310,PORT001,INS0011,2026-03-10,2256,22.9607,51799.34,-1508.4,INR,MOCK_FEED
POS00100120260311,PORT001,INS0002,2026-03-11,2484,33.4885,83185.43,1134.89,USD,MOCK_FEED
POS00100220260311,PORT001,INS0003,2026-03-11,283,38.2264,10818.07,144.81,EUR,MOCK_FEED
POS00100320260311,PORT001,INS0004,2026-03-11,2385,56.7565,135364.25,-3406.04,USD,MOCK_FEED
POS00100420260311,PORT001,INS0005,2026-03-11,2088,43.7439,91337.26,259.5,USD,MOCK_FEED
POS00100520260311,PORT001,INS0006,2026-03-11,3934,31.4858,123865.14,-468.0,INR,MOCK_FEED
POS00100620260311,PORT001,INS0007,2026-03-11,1681,55.5384,93360.05,-1478.72,INR,MOCK_FEED
POS00100720260311,PORT001,INS0008,2026-03-11,857,58.0249,49727.34,-1139.62,EUR,MOCK_FEED
POS00100820260311,PORT001,INS0009,2026-03-11,624,32.0007,19968.44,590.66,INR,MOCK_FEED
POS00100920260311,PORT001,INS0010,2026-03-11,2195,79.0767,173573.36,-3031.4,USD,MOCK_FEED
POS00101020260311,PORT001,INS0011,2026-03-11,1307,22.9065,29938.8,556.63,EUR,MOCK_FEED
POS00100120260312,PORT001,INS0002,2026-03-12,311,33.2027,10326.04,269.91,GBP,MOCK_FEED
POS00100220260312,PORT001,INS0003,2026-03-12,1882,37.8262,71188.91,-1698.66,USD,MOCK_FEED
POS00100320260312,PORT001,INS0004,2026-03-12,4063,56.8988,231179.82,5665.28,EUR,MOCK_FEED
POS00100420260312,PORT001,INS0005,2026-03-12,416,43.8799,18254.04,150.45,EUR,MOCK_FEED
POS00100520260312,PORT001,INS0006,2026-03-12,860,31.295,26913.7,916.16,GBP,MOCK_FEED
POS00100620260312,PORT001,INS0007,2026-03-12,2013,54.9945,110703.93,-308.79,USD,MOCK_FEED
POS00100720260312,PORT001,INS0008,2026-03-12,2354,57.814,136094.16,3893.81,INR,MOCK_FEED
POS00100820260312,PORT001,INS0009,2026-03-12,2971,31.9839,95024.17,-405.42,EUR,MOCK_FEED
POS00100920260312,PORT001,INS0010,2026-03-12,242,80.3971,19456.1,-368.47,INR,MOCK_FEED
POS00101020260312,PORT001,INS0011,2026-03-12,667,22.7656,15184.66,-333.28,EUR,MOCK_FEED
POS00100120260313,PORT001,INS0002,2026-03-13,2523,33.8267,85344.76,-2381.75,EUR,MOCK_FEED
POS00100220260313,PORT001,INS0003,2026-03-13,2154,37.9859,81821.63,3074.66,GBP,MOCK_FEED
POS00100320260313,PORT001,INS0004,2026-03-13,3171,56.1109,177927.66,-1142.26,INR,MOCK_FEED
POS00100420260313,PORT001,INS0005,2026-03-13,428,43.4454,18594.63,292.41,EUR,MOCK_FEED
POS00100520260313,PORT001,INS0006,2026-03-13,1566,31.364,49116.02,-878.82,EUR,MOCK_FEED
POS00100620260313,PORT001,INS0007,2026-03-13,4119,54.6097,224937.35,181.45,GBP,MOCK_FEED
POS00100720260313,PORT001,INS0008,2026-03-13,1147,57.4122,65851.79,-1811.39,GBP,MOCK_FEED
POS00100820260313,PORT001,INS0009,2026-03-13,2468,31.8123,78512.76,2682.96,EUR,MOCK_FEED
POS00100920260313,PORT001,INS0010,2026-03-13,277,81.0372,22447.3,169.65,GBP,MOCK_FEED
POS00101020260313,PORT001,INS0011,2026-03-13,1653,22.4179,37056.79,792.76,GBP,MOCK_FEED
POS00100120260314,PORT001,INS0002,2026-03-14,1876,33.894,63585.14,-344.16,INR,MOCK_FEED
POS00100220260314,PORT001,INS0003,2026-03-14,352,38.4201,13523.88,323.56,INR,MOCK_FEED
POS00100320260314,PORT001,INS0004,2026-03-14,2352,55.2663,129986.34,2750.16,GBP,MOCK_FEED
POS00100420260314,PORT001,INS0005,2026-03-14,3280,43.0476,141196.13,518.37,USD,MOCK_FEED
POS00100520260314,PORT001,INS0006,2026-03-14,4265,31.3926,133889.44,-2378.47,USD,MOCK_FEED
POS00100620260314,PORT001,INS0007,2026-03-14,1443,54.5342,78692.85,1620.82,INR,MOCK_FEED
POS00100720260314,PORT001,INS0008,2026-03-14,297,56.8494,16884.27,32.24,GBP,MOCK_FEED
POS00100820260314,PORT001,INS0009,2026-03-14,3654,31.5444,115263.24,2186.71,INR,MOCK_FEED
POS00100920260314,PORT001,INS0010,2026-03-14,4750,82.0082,389538.95,15461.17,GBP,MOCK_FEED
POS00101020260314,PORT001,INS0011,2026-03-14,2347,22.6722,53211.65,2107.95,USD,MOCK_FEED
POS00100120260315,PORT001,INS0002,2026-03-15,2070,33.8246,70016.92,1128.12,GBP,MOCK_FEED
POS00100220260315,PORT001,INS0003,2026-03-15,2181,37.9955,82868.19,-36.17,GBP,MOCK_FEED
POS00100320260315,PORT001,INS0004,2026-03-15,3352,55.7131,186750.31,-3981.39,USD,MOCK_FEED
POS00100420260315,PORT001,INS0005,2026-03-15,2874,42.6902,122691.63,-1884.34,USD,MOCK_FEED
POS00100520260315,PORT001,INS0006,2026-03-15,4051,31.1897,126349.47,1930.34,EUR,MOCK_FEED
POS00100620260315,PORT001,INS0007,2026-03-15,3671,53.9104,197905.08,6938.59,GBP,MOCK_FEED
POS00100720260315,PORT001,INS0008,2026-03-15,2165,58.3313,126287.26,-3003.35,GBP,MOCK_FEED
POS00100820260315,PORT001,INS0009,2026-03-15,4843,31.7981,153998.2,2255.28,GBP,MOCK_FEED
POS00100920260315,PORT001,INS0010,2026-03-15,3905,82.1498,320794.97,6648.39,USD,MOCK_FEED
POS00101020260315,PORT001,INS0011,2026-03-15,1109,22.5604,25019.48,-20.1,EUR,MOCK_FEED
POS00100120260316,PORT001,INS0002,2026-03-16,914,33.865,30952.61,-38.13,USD,MOCK_FEED
POS00100220260316,PORT001,INS0003,2026-03-16,3862,37.5965,145197.68,2861.55,EUR,MOCK_FEED
POS00100320260316,PORT001,INS0004,2026-03-16,2956,55.5924,164331.13,6501.15,INR,MOCK_FEED
POS00100420260316,PORT001,INS0005,2026-03-16,2622,42.9777,112687.53,-2818.61,USD,MOCK_FEED
POS00100520260316,PORT001,INS0006,2026-03-16,2224,31.3227,69661.68,1314.96,GBP,MOCK_FEED
POS00100620260316,PORT001,INS0007,2026-03-16,2778,53.8392,149565.3,215.71,EUR,MOCK_FEED
POS00100720260316,PORT001,INS0008,2026-03-16,4360,58.4137,254683.73,9246.34,GBP,MOCK_FEED
POS00100820260316,PORT001,INS0009,2026-03-16,4835,31.6573,153063.05,-2349.33,INR,MOCK_FEED
POS00100920260316,PORT001,INS0010,2026-03-16,1017,81.9821,83375.8,1378.08,INR,MOCK_FEED
POS00101020260316,PORT001,INS0011,2026-03-16,3908,22.6341,88454.06,546.08,INR,MOCK_FEED
POS00100120260317,PORT001,INS0002,2026-03-17,3129,34.0201,106448.89,-906.59,EUR,MOCK_FEED
POS00100220260317,PORT001,INS0003,2026-03-17,3165,36.5946,115821.91,-1895.01,EUR,MOCK_FEED
POS00100320260317,PORT001,INS0004,2026-03-17,1168,54.747,63944.5,1817.71,GBP,MOCK_FEED
POS00100420260317,PORT001,INS0005,2026-03-17,2562,43.1324,110505.21,2699.45,USD,MOCK_FEED
POS00100520260317,PORT001,INS0006,2026-03-17,520,31.0593,16150.84,87.84,EUR,MOCK_FEED
POS00100620260317,PORT001,INS0007,2026-03-17,2552,54.7172,139638.29,-2993.64,EUR,MOCK_FEED
POS00100720260317,PORT001,INS0008,2026-03-17,2069,58.4417,120915.88,-2733.66,INR,MOCK_FEED
POS00100820260317,PORT001,INS0009,2026-03-17,4871,31.3566,152738.0,-2021.61,EUR,MOCK_FEED
POS00100920260317,PORT001,INS0010,2026-03-17,1894,79.8178,151174.91,4662.31,EUR,MOCK_FEED
POS00101020260317,PORT001,INS0011,2026-03-17,372,22.6241,8416.17,56.22,USD,MOCK_FEED
POS00100120260318,PORT001,INS0002,2026-03-18,3737,34.5098,128963.12,2781.94,GBP,MOCK_FEED
POS00100220260318,PORT001,INS0003,2026-03-18,1416,36.7503,52038.42,832.53,INR,MOCK_FEED
POS00100320260318,PORT001,INS0004,2026-03-18,1698,55.1233,93599.36,819.24,EUR,MOCK_FEED
POS00100420260318,PORT001,INS0005,2026-03-18,1075,44.3465,47672.49,-1044.43,GBP,MOCK_FEED
POS00100520260318,PORT001,INS0006,2026-03-18,1391,30.9883,43104.73,1131.55,USD,MOCK_FEED
POS00100620260318,PORT001,INS0007,2026-03-18,4043,54.676,221055.07,4440.87,INR,MOCK_FEED
POS00100720260318,PORT001,INS0008,2026-03-18,2109,58.742,123886.88,-76.79,USD,MOCK_FEED
POS00100820260318,PORT001,INS0009,2026-03-18,3250,30.8352,100214.4,3206.26,INR,MOCK_FEED
POS00100920260318,PORT001,INS0010,2026-03-18,3730,80.3419,299675.29,1651.33,EUR,MOCK_FEED
POS00101020260318,PORT001,INS0011,2026-03-18,2555,22.1465,56584.31,-1072.25,EUR,MOCK_FEED
POS00100120260319,PORT001,INS0002,2026-03-19,2758,33.5989,92665.77,-2433.79,EUR,MOCK_FEED
POS00100220260319,PORT001,INS0003,2026-03-19,3093,36.9461,114274.29,4407.68,INR,MOCK_FEED
POS00100320260319,PORT001,INS0004,2026-03-19,2462,54.5346,134264.19,4932.74,GBP,MOCK_FEED
POS00100420260319,PORT001,INS0005,2026-03-19,4659,43.9818,204911.21,-3356.51,EUR,MOCK_FEED
POS00100520260319,PORT001,INS0006,2026-03-19,3101,31.2225,96820.97,-1744.33,USD,MOCK_FEED
POS00100620260319,PORT001,INS0007,2026-03-19,4355,55.8561,243253.32,-1000.09,GBP,MOCK_FEED
POS00100720260319,PORT001,INS0008,2026-03-19,3098,57.3824,177770.68,4300.12,EUR,MOCK_FEED
POS00100820260319,PORT001,INS0009,2026-03-19,2551,31.343,79955.99,-740.86,USD,MOCK_FEED
POS00100920260319,PORT001,INS0010,2026-03-19,1177,79.9208,94066.78,-2438.47,INR,MOCK_FEED
POS00101020260319,PORT001,INS0011,2026-03-19,2264,22.1656,50182.92,-881.63,EUR,MOCK_FEED
POS00100120260320,PORT001,INS0002,2026-03-20,4040,32.7339,132244.96,3806.51,EUR,MOCK_FEED
POS00100220260320,PORT001,INS0003,2026-03-20,225,37.4822,8433.49,-154.19,INR,MOCK_FEED
POS00100320260320,PORT001,INS0004,2026-03-20,852,54.0025,46010.13,-21.44,GBP,MOCK_FEED
POS00100420260320,PORT001,INS0005,2026-03-20,1329,44.0009,58477.2,2217.1,USD,MOCK_FEED
POS00100520260320,PORT001,INS0006,2026-03-20,878,31.2224,27413.27,-98.12,USD,MOCK_FEED
POS00100620260320,PORT001,INS0007,2026-03-20,161,55.7556,8976.65,193.23,INR,MOCK_FEED
POS00100720260320,PORT001,INS0008,2026-03-20,2805,56.334,158016.87,1154.05,EUR,MOCK_FEED
POS00100820260320,PORT001,INS0009,2026-03-20,3123,31.2366,97551.9,-1332.14,GBP,MOCK_FEED
POS00100920260320,PORT001,INS0010,2026-03-20,2460,80.5035,198038.61,7172.65,INR,MOCK_FEED
POS00101020260320,PORT001,INS0011,2026-03-20,1914,22.5186,43100.6,1247.31,INR,MOCK_FEED
POS00100120260321,PORT001,INS0002,2026-03-21,708,32.2443,22828.96,-423.14,INR,MOCK_FEED
POS00100220260321,PORT001,INS0003,2026-03-21,4667,37.3895,174496.8,4373.68,INR,MOCK_FEED
POS00100320260321,PORT001,INS0004,2026-03-21,2121,55.0657,116794.35,-3277.72,EUR,MOCK_FEED
POS00100420260321,PORT001,INS0005,2026-03-21,4925,45.5737,224450.47,-4678.36,INR,MOCK_FEED
POS00100520260321,PORT001,INS0006,2026-03-21,4699,31.1409,146331.09,5315.77,INR,MOCK_FEED
POS00100620260321,PORT001,INS0007,2026-03-21,1378,55.9368,77080.91,1422.58,INR,MOCK_FEED
POS00100720260321,PORT001,INS0008,2026-03-21,4056,57.2635,232260.76,-6902.45,INR,MOCK_FEED
POS00100820260321,PORT001,INS0009,2026-03-21,2395,31.4694,75369.21,2353.93,EUR,MOCK_FEED
POS00100920260321,PORT001,INS0010,2026-03-21,948,80.0453,75882.94,-1892.7,USD,MOCK_FEED
POS00101020260321,PORT001,INS0011,2026-03-21,4807,22.5521,108407.94,3496.44,EUR,MOCK_FEED
POS00100120260322,PORT001,INS0002,2026-03-22,4885,31.9726,156186.15,4287.78,GBP,MOCK_FEED
POS00100220260322,PORT001,INS0003,2026-03-22,1511,37.2934,56350.33,1951.14,EUR,MOCK_FEED
POS00100320260322,PORT001,INS0004,2026-03-22,3463,55.2579,191358.11,-1788.11,EUR,MOCK_FEED
POS00100420260322,PORT001,INS0005,2026-03-22,4402,46.2199,203460.0,-5184.64,INR,MOCK_FEED
POS00100520260322,PORT001,INS0006,2026-03-22,2253,30.5029,68723.03,-414.18,EUR,MOCK_FEED
POS00100620260322,PORT001,INS0007,2026-03-22,1584,54.957,87051.89,-1340.0,GBP,MOCK_FEED
POS00100720260322,PORT001,INS0008,2026-03-22,559,56.766,31732.19,-932.41,USD,MOCK_FEED
POS00100820260322,PORT001,INS0009,2026-03-22,4464,31.577,140959.73,439.58,EUR,MOCK_FEED
POS00100920260322,PORT001,INS0010,2026-03-22,2774,80.5213,223366.09,4785.57,EUR,MOCK_FEED
POS00101020260322,PORT001,INS0011,2026-03-22,2700,22.1044,59681.88,-270.83,GBP,MOCK_FEED
POS00100120260323,PORT001,INS0002,2026-03-23,3256,32.136,104634.82,-269.39,GBP,MOCK_FEED
POS00100220260323,PORT001,INS0003,2026-03-23,2884,37.3402,107689.14,-3017.83,USD,MOCK_FEED
POS00100320260323,PORT001,INS0004,2026-03-23,3111,55.6542,173140.22,4707.62,EUR,MOCK_FEED
POS00100420260323,PORT001,INS0005,2026-03-23,418,46.7099,19524.74,92.82,EUR,MOCK_FEED
POS00100520260323,PORT001,INS0006,2026-03-23,4294,30.7048,131846.41,3923.6,INR,MOCK_FEED
POS00100620260323,PORT001,INS0007,2026-03-23,4057,55.0565,223364.22,-117.31,INR,MOCK_FEED
POS00100720260323,PORT001,INS0008,2026-03-23,4695,56.0507,263158.04,9047.38,GBP,MOCK_FEED
POS00100820260323,PORT001,INS0009,2026-03-23,418,31.6732,13239.4,-113.42,USD,MOCK_FEED
POS00100920260323,PORT001,INS0010,2026-03-23,2682,80.6435,216285.87,-5211.62,EUR,MOCK_FEED
POS00101020260323,PORT001,INS0011,2026-03-23,2800,22.135,61978.0,1714.37,INR,MOCK_FEED
POS00100120260324,PORT001,INS0002,2026-03-24,1505,32.4254,48800.23,-285.36,USD,MOCK_FEED
POS00100220260324,PORT001,INS0003,2026-03-24,1667,37.5537,62602.02,607.67,EUR,MOCK_FEED
POS00100320260324,PORT001,INS0004,2026-03-24,2575,56.5714,145671.35,3104.31,EUR,MOCK_FEED
POS00100420260324,PORT001,INS0005,2026-03-24,4868,46.3044,225409.82,-4284.08,USD,MOCK_FEED
POS00100520260324,PORT001,INS0006,2026-03-24,4361,30.6044,133465.79,-2808.14,GBP,MOCK_FEED
POS00100620260324,PORT001,INS0007,2026-03-24,3885,54.9737,213572.82,1523.8,USD,MOCK_FEED
POS00100720260324,PORT001,INS0008,2026-03-24,2797,55.6752,155723.53,-1392.53,INR,MOCK_FEED
POS00100820260324,PORT001,INS0009,2026-03-24,3725,31.6095,117745.39,-388.52,GBP,MOCK_FEED
POS00100920260324,PORT001,INS0010,2026-03-24,1093,81.1703,88719.14,-2653.84,INR,MOCK_FEED
POS00101020260324,PORT001,INS0011,2026-03-24,4340,22.0989,95909.23,-1691.71,GBP,MOCK_FEED
POS00100120260325,PORT001,INS0002,2026-03-25,2954,31.5233,93119.83,238.03,INR,MOCK_FEED
POS00100220260325,PORT001,INS0003,2026-03-25,1522,37.4617,57016.71,604.13,USD,MOCK_FEED
POS00100320260325,PORT001,INS0004,2026-03-25,3185,57.0436,181683.87,-5278.34,USD,MOCK_FEED
POS00100420260325,PORT001,INS0005,2026-03-25,2109,46.4952,98058.38,2552.01,EUR,MOCK_FEED
POS00100520260325,PORT001,INS0006,2026-03-25,490,30.9737,15177.11,-290.21,EUR,MOCK_FEED
POS00100620260325,PORT001,INS0007,2026-03-25,2585,54.3879,140592.72,1515.92,EUR,MOCK_FEED
POS00100720260325,PORT001,INS0008,2026-03-25,4861,55.237,268507.06,-4717.95,GBP,MOCK_FEED
POS00100820260325,PORT001,INS0009,2026-03-25,518,31.5403,16337.88,-148.9,INR,MOCK_FEED
POS00100920260325,PORT001,INS0010,2026-03-25,3489,81.6896,285015.01,-3980.58,INR,MOCK_FEED
POS00101020260325,PORT001,INS0011,2026-03-25,2362,21.9589,51866.92,352.3,EUR,MOCK_FEED
POS00100120260326,PORT001,INS0002,2026-03-26,4299,31.735,136428.76,2552.46,USD,MOCK_FEED
POS00100220260326,PORT001,INS0003,2026-03-26,4230,37.9013,160322.5,1627.69,USD,MOCK_FEED
POS00100320260326,PORT001,INS0004,2026-03-26,1291,58.2971,75261.56,1394.75,GBP,MOCK_FEED
POS00100420260326,PORT001,INS0005,2026-03-26,3376,46.674,157571.42,1847.11,GBP,MOCK_FEED
POS00100520260326,PORT001,INS0006,2026-03-26,2730,31.1847,85134.23,-1206.78,GBP,MOCK_FEED
POS00100620260326,PORT001,INS0007,2026-03-26,1005,54.7977,55071.69,1932.15,GBP,MOCK_FEED
POS00100720260326,PORT001,INS0008,2026-03-26,3694,55.8883,206451.38,7165.99,USD,MOCK_FEED
POS00100820260326,PORT001,INS0009,2026-03-26,4479,32.0758,143667.51,4828.99,USD,MOCK_FEED
POS00100920260326,PORT001,INS0010,2026-03-26,4319,81.6326,352571.2,-3330.28,USD,MOCK_FEED
POS00101020260326,PORT001,INS0011,2026-03-26,4873,22.3432,108878.41,2313.01,EUR,MOCK_FEED
POS00100120260327,PORT001,INS0002,2026-03-27,1355,31.4478,42611.77,448.27,USD,MOCK_FEED
POS00100220260327,PORT001,INS0003,2026-03-27,2304,38.3243,88299.19,-2371.08,USD,MOCK_FEED
POS00100320260327,PORT001,INS0004,2026-03-27,2437,58.0176,141388.89,-455.23,EUR,MOCK_FEED
POS00100420260327,PORT001,INS0005,2026-03-27,344,46.5432,16010.86,393.01,INR,MOCK_FEED
POS00100520260327,PORT001,INS0006,2026-03-27,1696,31.7491,53846.47,-1228.53,INR,MOCK_FEED
POS00100620260327,PORT001,INS0007,2026-03-27,1293,55.6744,71987.0,2637.63,INR,MOCK_FEED
POS00100720260327,PORT001,INS0008,2026-03-27,4158,55.715,231662.97,-4056.04,EUR,MOCK_FEED
POS00100820260327,PORT001,INS0009,2026-03-27,3183,32.1939,102473.18,-14.84,INR,MOCK_FEED
POS00100920260327,PORT001,INS0010,2026-03-27,4781,80.8344,386469.27,-9444.11,GBP,MOCK_FEED
POS00101020260327,PORT001,INS0011,2026-03-27,4057,22.2544,90286.1,3189.84,EUR,MOCK_FEED
POS00100120260328,PORT001,INS0002,2026-03-28,2241,30.9898,69448.14,187.49,INR,MOCK_FEED
POS00100220260328,PORT001,INS0003,2026-03-28,3715,38.6293,143507.85,331.83,USD,MOCK_FEED
POS00100320260328,PORT001,INS0004,2026-03-28,848,57.5708,48820.04,124.17,EUR,MOCK_FEED
POS00100420260328,PORT001,INS0005,2026-03-28,3496,47.0856,164611.26,-3103.87,EUR,MOCK_FEED
POS00100520260328,PORT001,INS0006,2026-03-28,2932,30.9944,90875.58,3560.27,GBP,MOCK_FEED
POS00100620260328,PORT001,INS0007,2026-03-28,2952,56.0274,165392.88,-2674.23,EUR,MOCK_FEED
POS00100720260328,PORT001,INS0008,2026-03-28,4778,55.1169,263348.55,-4526.68,INR,MOCK_FEED
POS00100820260328,PORT001,INS0009,2026-03-28,2098,31.831,66781.44,-1181.11,USD,MOCK_FEED
POS00100920260328,PORT001,INS0010,2026-03-28,1969,80.8662,159225.55,4251.03,GBP,MOCK_FEED
POS00101020260328,PORT001,INS0011,2026-03-28,4402,21.9381,96571.52,3382.79,GBP,MOCK_FEED
POS00100120260329,PORT001,INS0002,2026-03-29,2173,31.7444,68980.58,494.26,GBP,MOCK_FEED
POS00100220260329,PORT001,INS0003,2026-03-29,3924,38.9113,152687.94,-458.75,GBP,MOCK_FEED
POS00100320260329,PORT001,INS0004,2026-03-29,4875,57.0073,277910.59,4541.44,INR,MOCK_FEED
POS00100420260329,PORT001,INS0005,2026-03-29,4730,46.5675,220264.28,1027.51,INR,MOCK_FEED
POS00100520260329,PORT001,INS0006,2026-03-29,1720,30.7827,52946.24,-515.41,EUR,MOCK_FEED
POS00100620260329,PORT001,INS0007,2026-03-29,3750,55.4877,208078.88,-4041.7,INR,MOCK_FEED
POS00100720260329,PORT001,INS0008,2026-03-29,1094,55.2173,60407.73,251.64,INR,MOCK_FEED
POS00100820260329,PORT001,INS0009,2026-03-29,1441,31.9535,46044.99,66.07,GBP,MOCK_FEED
POS00100920260329,PORT001,INS0010,2026-03-29,211,81.0157,17094.31,-183.37,INR,MOCK_FEED
POS00101020260329,PORT001,INS0011,2026-03-29,3626,21.6618,78545.69,851.55,GBP,MOCK_FEED
POS00100120260330,PORT001,INS0002,2026-03-30,2839,31.8486,90418.18,257.02,GBP,MOCK_FEED
POS00100220260330,PORT001,INS0003,2026-03-30,3133,38.8965,121862.73,-1779.74,GBP,MOCK_FEED
POS00100320260330,PORT001,INS0004,2026-03-30,3298,56.3423,185816.91,-5265.0,EUR,MOCK_FEED
POS00100420260330,PORT001,INS0005,2026-03-30,570,46.1251,26291.31,344.74,EUR,MOCK_FEED
POS00100520260330,PORT001,INS0006,2026-03-30,4888,30.5535,149345.51,1687.76,INR,MOCK_FEED
POS00100620260330,PORT001,INS0007,2026-03-30,1334,56.1581,74914.91,2151.98,INR,MOCK_FEED
POS00100720260330,PORT001,INS0008,2026-03-30,2677,54.3314,145445.16,-3857.26,EUR,MOCK_FEED
POS00100820260330,PORT001,INS0009,2026-03-30,4246,31.4372,133482.35,-3330.06,GBP,MOCK_FEED
POS00100920260330,PORT001,INS0010,2026-03-30,1152,81.3191,93679.6,-1479.37,EUR,MOCK_FEED
POS00101020260330,PORT001,INS0011,2026-03-30,4578,21.0935,96566.04,677.09,GBP,MOCK_FEED
POS00100120260331,PORT001,INS0002,2026-03-31,4879,32.3133,157656.59,3991.22,EUR,MOCK_FEED
POS00100220260331,PORT001,INS0003,2026-03-31,2777,39.0191,108356.04,-1187.38,EUR,MOCK_FEED
POS00100320260331,PORT001,INS0004,2026-03-31,1961,55.4845,108805.1,-2152.14,INR,MOCK_FEED
POS00100420260331,PORT001,INS0005,2026-03-31,3264,46.3301,151221.45,-857.47,USD,MOCK_FEED
POS00100520260331,PORT001,INS0006,2026-03-31,2444,30.7857,75240.25,1675.61,EUR,MOCK_FEED
POS00100620260331,PORT001,INS0007,2026-03-31,2774,55.8994,155064.94,-906.5,EUR,MOCK_FEED
POS00100720260331,PORT001,INS0008,2026-03-31,2978,54.812,163230.14,3760.33,INR,MOCK_FEED
POS00100820260331,PORT001,INS0009,2026-03-31,1388,31.2797,43416.22,498.74,GBP,MOCK_FEED
POS00100920260331,PORT001,INS0010,2026-03-31,2459,81.9185,201437.59,312.84,EUR,MOCK_FEED
POS00101020260331,PORT001,INS0011,2026-03-31,2180,20.8937,45548.27,-1306.49,EUR,MOCK_FEED
POS00100120260401,PORT001,INS0002,2026-04-01,1042,32.2677,33622.94,-326.31,EUR,MOCK_FEED
POS00100220260401,PORT001,INS0003,2026-04-01,1225,39.138,47944.05,522.56,INR,MOCK_FEED
POS00100320260401,PORT001,INS0004,2026-04-01,3530,55.7343,196742.08,-125.98,USD,MOCK_FEED
POS00100420260401,PORT001,INS0005,2026-04-01,272,46.2353,12576.0,426.99,INR,MOCK_FEED
POS00100520260401,PORT001,INS0006,2026-04-01,4102,30.1964,123865.63,1898.94,INR,MOCK_FEED
POS00100620260401,PORT001,INS0007,2026-04-01,2242,55.538,124516.2,1906.92,GBP,MOCK_FEED
POS00100720260401,PORT001,INS0008,2026-04-01,2757,55.3818,152687.62,-3028.58,GBP,MOCK_FEED
POS00100820260401,PORT001,INS0009,2026-04-01,775,31.4753,24393.36,861.11,EUR,MOCK_FEED
POS00100920260401,PORT001,INS0010,2026-04-01,706,82.4014,58175.39,-29.64,INR,MOCK_FEED
POS00101020260401,PORT001,INS0011,2026-04-01,2391,21.0944,50436.71,723.7,EUR,MOCK_FEED
POS00100120260402,PORT001,INS0002,2026-04-02,986,31.7609,31316.25,798.41,GBP,MOCK_FEED
POS00100220260402,PORT001,INS0003,2026-04-02,1131,38.6731,43739.28,1567.14,EUR,MOCK_FEED
POS00100320260402,PORT001,INS0004,2026-04-02,4876,55.4692,270467.82,7480.87,USD,MOCK_FEED
POS00100420260402,PORT001,INS0005,2026-04-02,4312,45.9703,198223.93,-4526.73,INR,MOCK_FEED
POS00100520260402,PORT001,INS0006,2026-04-02,3955,30.3618,120080.92,203.93,EUR,MOCK_FEED
POS00100620260402,PORT001,INS0007,2026-04-02,4267,55.5322,236955.9,2838.04,USD,MOCK_FEED
POS00100720260402,PORT001,INS0008,2026-04-02,1043,55.1422,57513.31,2167.84,INR,MOCK_FEED
POS00100820260402,PORT001,INS0009,2026-04-02,4836,31.2073,150918.5,-575.05,INR,MOCK_FEED
POS00100920260402,PORT001,INS0010,2026-04-02,4402,81.9385,360693.28,-9989.5,USD,MOCK_FEED
POS00101020260402,PORT001,INS0011,2026-04-02,2696,21.2233,57218.02,1682.0,GBP,MOCK_FEED
POS00100120260403,PORT001,INS0002,2026-04-03,3158,31.823,100497.03,-1826.03,USD,MOCK_FEED
POS00100220260403,PORT001,INS0003,2026-04-03,1551,38.8727,60291.56,-1218.47,EUR,MOCK_FEED
POS00100320260403,PORT001,INS0004,2026-04-03,696,56.8742,39584.44,-468.64,INR,MOCK_FEED
POS00100420260403,PORT001,INS0005,2026-04-03,1940,46.4922,90194.87,1184.64,GBP,MOCK_FEED
POS00100520260403,PORT001,INS0006,2026-04-03,2982,30.0172,89511.29,-124.82,USD,MOCK_FEED
POS00100620260403,PORT001,INS0007,2026-04-03,3894,55.901,217678.49,-1798.07,INR,MOCK_FEED
POS00100720260403,PORT001,INS0008,2026-04-03,3390,55.5561,188335.18,1158.41,EUR,MOCK_FEED
POS00100820260403,PORT001,INS0009,2026-04-03,2902,30.7843,89336.04,-1234.43,EUR,MOCK_FEED
POS00100920260403,PORT001,INS0010,2026-04-03,1960,82.4727,161646.49,4999.97,EUR,MOCK_FEED
POS00101020260403,PORT001,INS0011,2026-04-03,2042,21.0966,43079.26,-690.14,GBP,MOCK_FEED
POS00100120260404,PORT001,INS0002,2026-04-04,1125,32.1504,36169.2,-494.16,GBP,MOCK_FEED
POS00100220260404,PORT001,INS0003,2026-04-04,364,39.7308,14462.01,-307.63,EUR,MOCK_FEED
POS00100320260404,PORT001,INS0004,2026-04-04,3378,56.251,190015.88,-4812.26,GBP,MOCK_FEED
POS00100420260404,PORT001,INS0005,2026-04-04,444,46.3704,20588.46,-546.85,USD,MOCK_FEED
POS00100520260404,PORT001,INS0006,2026-04-04,4720,30.3123,143074.06,485.74,USD,MOCK_FEED
POS00100620260404,PORT001,INS0007,2026-04-04,4571,56.4229,257909.08,6121.24,USD,MOCK_FEED
POS00100720260404,PORT001,INS0008,2026-04-04,1400,55.5161,77722.54,2824.64,GBP,MOCK_FEED
POS00100820260404,PORT001,INS0009,2026-04-04,4489,30.9137,138771.6,-4160.45,USD,MOCK_FEED
POS00100920260404,PORT001,INS0010,2026-04-04,483,82.4551,39825.81,-729.43,EUR,MOCK_FEED
POS00101020260404,PORT001,INS0011,2026-04-04,4822,20.8333,100458.17,2679.68,GBP,MOCK_FEED
POS00100120260405,PORT001,INS0002,2026-04-05,588,33.1185,19473.68,180.39,EUR,MOCK_FEED
POS00100220260405,PORT001,INS0003,2026-04-05,3880,40.0641,155448.71,2395.23,INR,MOCK_FEED
POS00100320260405,PORT001,INS0004,2026-04-05,2514,56.2966,141529.65,4451.6,INR,MOCK_FEED
POS00100420260405,PORT001,INS0005,2026-04-05,4082,46.6405,190386.52,4414.12,GBP,MOCK_FEED
POS00100520260405,PORT001,INS0006,2026-04-05,4458,30.2111,134681.08,418.57,EUR,MOCK_FEED
POS00100620260405,PORT001,INS0007,2026-04-05,4310,57.2916,246926.8,8804.31,GBP,MOCK_FEED
POS00100720260405,PORT001,INS0008,2026-04-05,1734,55.4736,96191.22,2771.08,GBP,MOCK_FEED
POS00100820260405,PORT001,INS0009,2026-04-05,4635,30.664,142127.64,4947.44,USD,MOCK_FEED
POS00100920260405,PORT001,INS0010,2026-04-05,4931,82.4495,406558.48,2410.32,USD,MOCK_FEED
POS00101020260405,PORT001,INS0011,2026-04-05,4301,21.3615,91875.81,1934.59,EUR,MOCK_FEED
POS00100120260406,PORT001,INS0002,2026-04-06,1364,33.1398,45202.69,391.79,INR,MOCK_FEED
POS00100220260406,PORT001,INS0003,2026-04-06,2036,40.3895,82233.02,1058.63,USD,MOCK_FEED
POS00100320260406,PORT001,INS0004,2026-04-06,1215,57.2898,69607.11,-1273.18,EUR,MOCK_FEED
POS00100420260406,PORT001,INS0005,2026-04-06,2440,47.2351,115253.64,486.63,USD,MOCK_FEED
POS00100520260406,PORT001,INS0006,2026-04-06,662,30.5158,20201.46,-0.53,EUR,MOCK_FEED
POS00100620260406,PORT001,INS0007,2026-04-06,4842,58.6647,284054.48,-2925.17,EUR,MOCK_FEED
POS00100720260406,PORT001,INS0008,2026-04-06,1947,56.1587,109340.99,-1620.62,GBP,MOCK_FEED
POS00100820260406,PORT001,INS0009,2026-04-06,4792,30.3557,145464.51,-341.56,EUR,MOCK_FEED
POS00100920260406,PORT001,INS0010,2026-04-06,4439,82.1159,364512.48,-1787.83,EUR,MOCK_FEED
POS00101020260406,PORT001,INS0011,2026-04-06,4273,21.0481,89938.53,1035.86,USD,MOCK_FEED
POS00100120260407,PORT001,INS0002,2026-04-07,3895,33.6413,131032.86,-682.4,GBP,MOCK_FEED
POS00100220260407,PORT001,INS0003,2026-04-07,2554,39.9913,102137.78,1940.49,GBP,MOCK_FEED
POS00100320260407,PORT001,INS0004,2026-04-07,3578,58.0368,207655.67,-2142.47,EUR,MOCK_FEED
POS00100420260407,PORT001,INS0005,2026-04-07,2942,46.8291,137771.21,-454.91,INR,MOCK_FEED
POS00100520260407,PORT001,INS0006,2026-04-07,4087,30.4363,124393.16,3869.39,GBP,MOCK_FEED
POS00100620260407,PORT001,INS0007,2026-04-07,963,58.5484,56382.11,828.24,INR,MOCK_FEED
POS00100720260407,PORT001,INS0008,2026-04-07,3403,55.6013,189211.22,-3789.47,USD,MOCK_FEED
POS00100820260407,PORT001,INS0009,2026-04-07,3950,30.7718,121548.61,107.66,EUR,MOCK_FEED
POS00100920260407,PORT001,INS0010,2026-04-07,543,80.7723,43859.36,1644.24,USD,MOCK_FEED
POS00101020260407,PORT001,INS0011,2026-04-07,4996,21.0826,105328.67,-1035.35,USD,MOCK_FEED
POS00100120260408,PORT001,INS0002,2026-04-08,217,33.4697,7262.92,-0.41,INR,MOCK_FEED
POS00100220260408,PORT001,INS0003,2026-04-08,630,40.0561,25235.34,459.82,INR,MOCK_FEED
POS00100320260408,PORT001,INS0004,2026-04-08,3728,57.0872,212821.08,1093.78,INR,MOCK_FEED
POS00100420260408,PORT001,INS0005,2026-04-08,716,47.581,34068.0,-852.22,USD,MOCK_FEED
POS00100520260408,PORT001,INS0006,2026-04-08,2409,30.6571,73852.95,225.62,INR,MOCK_FEED
POS00100620260408,PORT001,INS0007,2026-04-08,3636,59.4446,216140.57,-1964.25,INR,MOCK_FEED
POS00100720260408,PORT001,INS0008,2026-04-08,4355,55.5375,241865.81,-2382.59,GBP,MOCK_FEED
POS00100820260408,PORT001,INS0009,2026-04-08,1640,30.9937,50829.67,1435.17,INR,MOCK_FEED
POS00100920260408,PORT001,INS0010,2026-04-08,916,80.3624,73611.96,2575.08,USD,MOCK_FEED
POS00101020260408,PORT001,INS0011,2026-04-08,523,21.0199,10993.41,227.89,EUR,MOCK_FEED
POS00100120260409,PORT001,INS0002,2026-04-09,4928,33.6289,165723.22,460.66,EUR,MOCK_FEED
POS00100220260409,PORT001,INS0003,2026-04-09,1609,40.1789,64647.85,1383.86,USD,MOCK_FEED
POS00100320260409,PORT001,INS0004,2026-04-09,3163,57.1913,180896.08,2702.63,EUR,MOCK_FEED
POS00100420260409,PORT001,INS0005,2026-04-09,4539,46.5449,211267.3,4167.62,INR,MOCK_FEED
POS00100520260409,PORT001,INS0006,2026-04-09,3527,30.251,106695.28,3098.57,GBP,MOCK_FEED
POS00100620260409,PORT001,INS0007,2026-04-09,2432,59.3963,144451.8,4992.87,INR,MOCK_FEED
POS00100720260409,PORT001,INS0008,2026-04-09,791,56.3116,44542.48,867.72,GBP,MOCK_FEED
POS00100820260409,PORT001,INS0009,2026-04-09,3125,30.8576,96430.0,-2066.31,GBP,MOCK_FEED
POS00100920260409,PORT001,INS0010,2026-04-09,4306,80.8248,348031.59,-5813.03,EUR,MOCK_FEED
POS00101020260409,PORT001,INS0011,2026-04-09,2399,21.1505,50740.05,497.65,INR,MOCK_FEED
POS00100120260410,PORT001,INS0002,2026-04-10,2196,33.4318,73416.23,-879.76,GBP,MOCK_FEED
POS00100220260410,PORT001,INS0003,2026-04-10,3224,39.6581,127857.71,4583.58,EUR,MOCK_FEED
POS00100320260410,PORT001,INS0004,2026-04-10,4998,56.7925,283848.91,1533.36,GBP,MOCK_FEED
POS00100420260410,PORT001,INS0005,2026-04-10,2189,45.7772,100206.29,3781.42,INR,MOCK_FEED
POS00100520260410,PORT001,INS0006,2026-04-10,136,30.0589,4088.01,72.28,INR,MOCK_FEED
POS00100620260410,PORT001,INS0007,2026-04-10,4808,60.1371,289139.18,5889.16,GBP,MOCK_FEED
POS00100720260410,PORT001,INS0008,2026-04-10,4483,54.3906,243833.06,9386.94,GBP,MOCK_FEED
POS00100820260410,PORT001,INS0009,2026-04-10,675,30.1148,20327.49,269.55,USD,MOCK_FEED
POS00100920260410,PORT001,INS0010,2026-04-10,4232,80.5439,340861.78,8625.62,GBP,MOCK_FEED
POS00101020260410,PORT001,INS0011,2026-04-10,3184,20.6958,65895.43,-566.47,EUR,MOCK_FEED
POS00100120260411,PORT001,INS0002,2026-04-11,4910,33.7137,165534.27,3635.87,USD,MOCK_FEED
POS00100220260411,PORT001,INS0003,2026-04-11,1048,39.1451,41024.06,1134.78,INR,MOCK_FEED
POS00100320260411,PORT001,INS0004,2026-04-11,2443,57.2326,139819.24,5530.6,GBP,MOCK_FEED
POS00100420260411,PORT001,INS0005,2026-04-11,1733,45.4321,78733.83,-2347.28,INR,MOCK_FEED
POS00100520260411,PORT001,INS0006,2026-04-11,4158,30.1171,125226.9,2968.71,GBP,MOCK_FEED
POS00100620260411,PORT001,INS0007,2026-04-11,4422,60.4478,267300.17,1809.5,USD,MOCK_FEED
POS00100720260411,PORT001,INS0008,2026-04-11,648,53.2166,34484.36,1369.11,USD,MOCK_FEED
POS00100820260411,PORT001,INS0009,2026-04-11,2091,30.3204,63399.96,-126.32,GBP,MOCK_FEED
POS00100920260411,PORT001,INS0010,2026-04-11,2557,79.1569,202404.19,4771.99,EUR,MOCK_FEED
POS00101020260411,PORT001,INS0011,2026-04-11,790,20.5,16195.0,-379.43,GBP,MOCK_FEED
POS00100120260412,PORT001,INS0002,2026-04-12,1368,33.1425,45338.94,-1037.8,INR,MOCK_FEED
POS00100220260412,PORT001,INS0003,2026-04-12,600,39.1451,23487.06,-529.52,INR,MOCK_FEED
POS00100320260412,PORT001,INS0004,2026-04-12,1896,57.2973,108635.68,3320.36,EUR,MOCK_FEED
POS00100420260412,PORT001,INS0005,2026-04-12,2037,45.0016,91668.26,-2531.75,GBP,MOCK_FEED
POS00100520260412,PORT001,INS0006,2026-04-12,3555,29.8176,106001.57,1642.75,INR,MOCK_FEED
POS00100620260412,PORT001,INS0007,2026-04-12,2254,60.2025,135696.43,-1437.38,INR,MOCK_FEED
POS00100720260412,PORT001,INS0008,2026-04-12,2979,52.6645,156887.55,-1135.38,EUR,MOCK_FEED
POS00100820260412,PORT001,INS0009,2026-04-12,4441,30.6948,136315.61,902.46,INR,MOCK_FEED
POS00100920260412,PORT001,INS0010,2026-04-12,2430,78.2815,190224.04,1139.38,EUR,MOCK_FEED
POS00101020260412,PORT001,INS0011,2026-04-12,3595,20.6218,74135.37,59.4,INR,MOCK_FEED
POS00100120260413,PORT001,INS0002,2026-04-13,4137,32.5753,134764.02,-3562.62,GBP,MOCK_FEED
POS00100220260413,PORT001,INS0003,2026-04-13,3445,39.6102,136457.14,-2955.39,INR,MOCK_FEED
POS00100320260413,PORT001,INS0004,2026-04-13,3598,57.409,206557.58,422.74,EUR,MOCK_FEED
POS00100420260413,PORT001,INS0005,2026-04-13,3553,45.1131,160286.84,1230.84,INR,MOCK_FEED
POS00100520260413,PORT001,INS0006,2026-04-13,373,30.0182,11196.79,380.94,GBP,MOCK_FEED
POS00100620260413,PORT001,INS0007,2026-04-13,4837,58.0378,280728.84,-7480.56,EUR,MOCK_FEED
POS00100720260413,PORT001,INS0008,2026-04-13,2687,52.4005,140800.14,2915.07,GBP,MOCK_FEED
POS00100820260413,PORT001,INS0009,2026-04-13,3565,30.8022,109809.84,1931.78,USD,MOCK_FEED
POS00100920260413,PORT001,INS0010,2026-04-13,1375,78.233,107570.38,949.96,EUR,MOCK_FEED
POS00101020260413,PORT001,INS0011,2026-04-13,2256,20.578,46423.97,436.27,EUR,MOCK_FEED
POS00100120260414,PORT001,INS0002,2026-04-14,4102,32.6429,133901.18,439.68,EUR,MOCK_FEED
POS00100220260414,PORT001,INS0003,2026-04-14,1452,40.2435,58433.56,802.43,USD,MOCK_FEED
POS00100320260414,PORT001,INS0004,2026-04-14,1821,57.8996,105435.17,-1267.29,GBP,MOCK_FEED
POS00100420260414,PORT001,INS0005,2026-04-14,2994,44.9648,134624.61,2196.96,INR,MOCK_FEED
POS00100520260414,PORT001,INS0006,2026-04-14,4749,30.2174,143502.43,-2920.67,USD,MOCK_FEED
POS00100620260414,PORT001,INS0007,2026-04-14,4574,58.334,266819.72,8053.21,USD,MOCK_FEED
POS00100720260414,PORT001,INS0008,2026-04-14,3459,51.6226,178562.57,-699.05,USD,MOCK_FEED
POS00100820260414,PORT001,INS0009,2026-04-14,3400,30.8239,104801.26,-786.08,USD,MOCK_FEED
POS00100920260414,PORT001,INS0010,2026-04-14,2344,78.0871,183036.16,6197.88,GBP,MOCK_FEED
POS00101020260414,PORT001,INS0011,2026-04-14,2819,21.1981,59757.44,-951.56,USD,MOCK_FEED
POS00100120260415,PORT001,INS0002,2026-04-15,2336,33.0101,77111.59,-818.69,EUR,MOCK_FEED
POS00100220260415,PORT001,INS0003,2026-04-15,4622,39.4723,182440.97,6311.75,GBP,MOCK_FEED
POS00100320260415,PORT001,INS0004,2026-04-15,345,58.3504,20130.89,739.36,EUR,MOCK_FEED
POS00100420260415,PORT001,INS0005,2026-04-15,4102,43.3528,177833.19,3973.6,INR,MOCK_FEED
POS00100520260415,PORT001,INS0006,2026-04-15,1414,30.3349,42893.55,-345.85,USD,MOCK_FEED
POS00100620260415,PORT001,INS0007,2026-04-15,741,57.4861,42597.2,654.46,USD,MOCK_FEED
POS00100720260415,PORT001,INS0008,2026-04-15,3166,51.3697,162636.47,-138.63,USD,MOCK_FEED
POS00100820260415,PORT001,INS0009,2026-04-15,2999,30.8478,92512.55,188.62,GBP,MOCK_FEED
POS00100920260415,PORT001,INS0010,2026-04-15,2329,76.8978,179094.98,-4643.57,INR,MOCK_FEED
POS00101020260415,PORT001,INS0011,2026-04-15,4410,21.5301,94947.74,684.14,INR,MOCK_FEED
POS00100120260416,PORT001,INS0002,2026-04-16,239,33.3544,7971.7,142.43,INR,MOCK_FEED
POS00100220260416,PORT001,INS0003,2026-04-16,3243,40.1499,130206.13,-872.8,EUR,MOCK_FEED
POS00100320260416,PORT001,INS0004,2026-04-16,393,59.3211,23313.19,853.52,INR,MOCK_FEED
POS00100420260416,PORT001,INS0005,2026-04-16,226,42.6817,9646.06,-9.02,INR,MOCK_FEED
POS00100520260416,PORT001,INS0006,2026-04-16,4786,30.4768,145861.96,5088.47,USD,MOCK_FEED
POS00100620260416,PORT001,INS0007,2026-04-16,2055,57.9472,119081.5,-1753.57,GBP,MOCK_FEED
POS00100720260416,PORT001,INS0008,2026-04-16,3131,51.3725,160847.3,-2892.66,USD,MOCK_FEED
POS00100820260416,PORT001,INS0009,2026-04-16,4273,31.047,132663.83,1859.3,USD,MOCK_FEED
POS00100920260416,PORT001,INS0010,2026-04-16,2072,78.5687,162794.35,2440.89,EUR,MOCK_FEED
POS00101020260416,PORT001,INS0011,2026-04-16,1567,21.6267,33889.04,967.14,INR,MOCK_FEED
POS00100120260417,PORT001,INS0002,2026-04-17,1609,33.5736,54019.92,129.06,USD,MOCK_FEED
POS00100220260417,PORT001,INS0003,2026-04-17,361,41.1434,14852.77,249.82,GBP,MOCK_FEED
POS00100320260417,PORT001,INS0004,2026-04-17,4675,59.3141,277293.42,9439.25,EUR,MOCK_FEED
POS00100420260417,PORT001,INS0005,2026-04-17,547,42.6047,23304.77,-341.59,USD,MOCK_FEED
POS00100520260417,PORT001,INS0006,2026-04-17,3421,29.6644,101481.91,3739.75,EUR,MOCK_FEED
POS00100620260417,PORT001,INS0007,2026-04-17,329,57.8213,19023.21,-335.48,GBP,MOCK_FEED
POS00100720260417,PORT001,INS0008,2026-04-17,744,51.967,38663.45,-1141.09,GBP,MOCK_FEED
POS00100820260417,PORT001,INS0009,2026-04-17,2380,31.4488,74848.14,100.21,EUR,MOCK_FEED
POS00100920260417,PORT001,INS0010,2026-04-17,2391,78.6051,187944.79,-232.97,INR,MOCK_FEED
POS00101020260417,PORT001,INS0011,2026-04-17,4127,21.1748,87388.4,-1479.04,EUR,MOCK_FEED
POS00100120260418,PORT001,INS0002,2026-04-18,3531,33.601,118645.13,-1984.64,INR,MOCK_FEED
POS00100220260418,PORT001,INS0003,2026-04-18,2354,40.8897,96254.35,-1975.75,EUR,MOCK_FEED
POS00100320260418,PORT001,INS0004,2026-04-18,4471,58.7974,262883.18,1623.32,EUR,MOCK_FEED
POS00100420260418,PORT001,INS0005,2026-04-18,2701,43.0729,116339.9,4300.21,EUR,MOCK_FEED
POS00100520260418,PORT001,INS0006,2026-04-18,3819,29.3618,112132.71,1662.61,USD,MOCK_FEED
POS00100620260418,PORT001,INS0007,2026-04-18,1027,58.303,59877.18,-135.99,EUR,MOCK_FEED
POS00100720260418,PORT001,INS0008,2026-04-18,2210,51.7383,114341.64,-2225.96,EUR,MOCK_FEED
POS00100820260418,PORT001,INS0009,2026-04-18,4685,31.4472,147330.13,3408.01,GBP,MOCK_FEED
POS00100920260418,PORT001,INS0010,2026-04-18,2739,79.0868,216618.75,2899.06,INR,MOCK_FEED
POS00101020260418,PORT001,INS0011,2026-04-18,1305,20.6747,26980.48,971.99,EUR,MOCK_FEED
POS00100120260419,PORT001,INS0002,2026-04-19,2815,33.8462,95277.05,-892.32,EUR,MOCK_FEED
POS00100220260419,PORT001,INS0003,2026-04-19,2469,41.4181,102261.29,-2265.83,USD,MOCK_FEED
POS00100320260419,PORT001,INS0004,2026-04-19,2261,58.7472,132827.42,-627.03,USD,MOCK_FEED
POS00100420260419,PORT001,INS0005,2026-04-19,590,41.808,24666.72,835.5,EUR,MOCK_FEED
POS00100520260419,PORT001,INS0006,2026-04-19,2005,29.5825,59312.91,255.58,GBP,MOCK_FEED
POS00100620260419,PORT001,INS0007,2026-04-19,4211,57.5907,242514.44,-6751.96,INR,MOCK_FEED
POS00100720260419,PORT001,INS0008,2026-04-19,1183,53.2775,63027.28,1436.28,INR,MOCK_FEED
POS00100820260419,PORT001,INS0009,2026-04-19,3006,31.4192,94446.12,1805.33,EUR,MOCK_FEED
POS00100920260419,PORT001,INS0010,2026-04-19,1161,79.6435,92466.1,-1104.67,GBP,MOCK_FEED
POS00101020260419,PORT001,INS0011,2026-04-19,326,20.3881,6646.52,88.98,USD,MOCK_FEED
POS00200120250419,PORT002,INS0005,2025-04-19,3117,51.6642,161037.31,1273.77,EUR,MOCK_FEED
POS00200220250419,PORT002,INS0006,2025-04-19,2304,28.7993,66353.59,2189.5,EUR,MOCK_FEED
POS00200320250419,PORT002,INS0007,2025-04-19,3862,41.2784,159417.18,1254.2,EUR,MOCK_FEED
POS00200420250419,PORT002,INS0008,2025-04-19,139,57.5731,8002.66,287.78,INR,MOCK_FEED
POS00200520250419,PORT002,INS0009,2025-04-19,2306,26.3593,60784.55,1822.55,GBP,MOCK_FEED
POS00200620250419,PORT002,INS0010,2025-04-19,2460,48.4578,119206.19,19.92,EUR,MOCK_FEED
POS00200720250419,PORT002,INS0011,2025-04-19,2722,24.5692,66877.36,1810.96,USD,MOCK_FEED
POS00200820250419,PORT002,INS0012,2025-04-19,2246,9.4276,21174.39,-368.09,GBP,MOCK_FEED
POS00200920250419,PORT002,INS0013,2025-04-19,4634,31.5391,146152.19,-252.17,GBP,MOCK_FEED
POS00201020250419,PORT002,INS0014,2025-04-19,3179,16.6603,52963.09,-848.74,USD,MOCK_FEED
POS00200120250420,PORT002,INS0005,2025-04-20,2159,52.4666,113275.39,1714.62,GBP,MOCK_FEED
POS00200220250420,PORT002,INS0006,2025-04-20,3630,29.2565,106201.1,962.18,INR,MOCK_FEED
POS00200320250420,PORT002,INS0007,2025-04-20,2413,41.2978,99651.59,3977.12,INR,MOCK_FEED
POS00200420250420,PORT002,INS0008,2025-04-20,3621,57.2648,207355.84,8106.59,GBP,MOCK_FEED
POS00200520250420,PORT002,INS0009,2025-04-20,379,26.6092,10084.89,40.97,EUR,MOCK_FEED
POS00200620250420,PORT002,INS0010,2025-04-20,4697,48.4147,227403.85,-3072.78,GBP,MOCK_FEED
POS00200720250420,PORT002,INS0011,2025-04-20,4380,24.4326,107014.79,3183.17,GBP,MOCK_FEED
POS00200820250420,PORT002,INS0012,2025-04-20,3473,9.4766,32912.23,-526.14,INR,MOCK_FEED
POS00200920250420,PORT002,INS0013,2025-04-20,985,30.9901,30525.25,-430.46,EUR,MOCK_FEED
POS00201020250420,PORT002,INS0014,2025-04-20,1129,16.5869,18726.61,302.21,GBP,MOCK_FEED
POS00200120250421,PORT002,INS0005,2025-04-21,2489,52.2278,129994.99,-2316.59,EUR,MOCK_FEED
POS00200220250421,PORT002,INS0006,2025-04-21,1113,28.9716,32245.39,-190.09,USD,MOCK_FEED
POS00200320250421,PORT002,INS0007,2025-04-21,2864,41.2568,118159.48,-2388.01,USD,MOCK_FEED
POS00200420250421,PORT002,INS0008,2025-04-21,3560,56.6204,201568.62,7843.98,USD,MOCK_FEED
POS00200520250421,PORT002,INS0009,2025-04-21,1491,27.1759,40519.27,1027.89,GBP,MOCK_FEED
POS00200620250421,PORT002,INS0010,2025-04-21,3701,48.8431,180768.31,5501.48,GBP,MOCK_FEED
POS00200720250421,PORT002,INS0011,2025-04-21,1894,24.8418,47050.37,-1009.24,GBP,MOCK_FEED
POS00200820250421,PORT002,INS0012,2025-04-21,4474,9.481,42417.99,-1091.49,GBP,MOCK_FEED
POS00200920250421,PORT002,INS0013,2025-04-21,885,30.447,26945.59,-178.67,GBP,MOCK_FEED
POS00201020250421,PORT002,INS0014,2025-04-21,4991,16.9581,84637.88,2343.9,INR,MOCK_FEED
POS00200120250422,PORT002,INS0005,2025-04-22,4913,52.9167,259979.75,-1403.24,USD,MOCK_FEED
POS00200220250422,PORT002,INS0006,2025-04-22,430,28.8212,12393.12,400.12,INR,MOCK_FEED
POS00200320250422,PORT002,INS0007,2025-04-22,1862,41.3292,76954.97,-562.85,EUR,MOCK_FEED
POS00200420250422,PORT002,INS0008,2025-04-22,1622,56.7,91967.4,2357.41,INR,MOCK_FEED
POS00200520250422,PORT002,INS0009,2025-04-22,3940,27.4615,108198.31,-731.66,INR,MOCK_FEED
POS00200620250422,PORT002,INS0010,2025-04-22,526,48.2856,25398.23,-277.94,USD,MOCK_FEED
POS00200720250422,PORT002,INS0011,2025-04-22,2945,25.1946,74198.1,-2164.99,EUR,MOCK_FEED
POS00200820250422,PORT002,INS0012,2025-04-22,4434,9.565,42411.21,493.93,USD,MOCK_FEED
POS00200920250422,PORT002,INS0013,2025-04-22,4163,30.3165,126207.59,3944.63,USD,MOCK_FEED
POS00201020250422,PORT002,INS0014,2025-04-22,828,16.4684,13635.84,296.96,USD,MOCK_FEED
POS00200120250423,PORT002,INS0005,2025-04-23,4090,52.9113,216407.22,5608.67,EUR,MOCK_FEED
POS00200220250423,PORT002,INS0006,2025-04-23,1077,29.1427,31386.69,18.25,GBP,MOCK_FEED
POS00200320250423,PORT002,INS0007,2025-04-23,2475,41.9391,103799.27,2710.24,USD,MOCK_FEED
POS00200420250423,PORT002,INS0008,2025-04-23,4908,56.893,279230.84,2050.3,INR,MOCK_FEED
POS00200520250423,PORT002,INS0009,2025-04-23,2927,27.3126,79943.98,-466.65,GBP,MOCK_FEED
POS00200620250423,PORT002,INS0010,2025-04-23,3000,48.5865,145759.5,4674.58,INR,MOCK_FEED
POS00200720250423,PORT002,INS0011,2025-04-23,3550,25.4379,90304.54,1532.06,USD,MOCK_FEED
POS00200820250423,PORT002,INS0012,2025-04-23,1244,9.6147,11960.69,-255.39,INR,MOCK_FEED
POS00200920250423,PORT002,INS0013,2025-04-23,1721,29.7176,51143.99,1582.2,USD,MOCK_FEED
POS00201020250423,PORT002,INS0014,2025-04-23,3967,16.3002,64662.89,1135.42,GBP,MOCK_FEED
POS00200120250424,PORT002,INS0005,2025-04-24,3215,52.0186,167239.8,271.95,GBP,MOCK_FEED
POS00200220250424,PORT002,INS0006,2025-04-24,544,29.5726,16087.49,-281.65,GBP,MOCK_FEED
POS00200320250424,PORT002,INS0007,2025-04-24,4683,42.0981,197145.4,1130.56,USD,MOCK_FEED
POS00200420250424,PORT002,INS0008,2025-04-24,1325,56.3845,74709.46,619.36,INR,MOCK_FEED
POS00200520250424,PORT002,INS0009,2025-04-24,4287,27.5538,118123.14,-2646.64,EUR,MOCK_FEED
POS00200620250424,PORT002,INS0010,2025-04-24,4812,48.2304,232084.68,-6399.71,GBP,MOCK_FEED
POS00200720250424,PORT002,INS0011,2025-04-24,1721,24.8754,42810.56,1583.0,USD,MOCK_FEED
POS00200820250424,PORT002,INS0012,2025-04-24,1875,9.6273,18051.19,75.56,USD,MOCK_FEED
POS00200920250424,PORT002,INS0013,2025-04-24,410,29.1981,11971.22,93.6,GBP,MOCK_FEED
POS00201020250424,PORT002,INS0014,2025-04-24,4801,16.2165,77855.42,551.71,EUR,MOCK_FEED
POS00200120250425,PORT002,INS0005,2025-04-25,1998,53.4131,106719.37,1480.04,GBP,MOCK_FEED
POS00200220250425,PORT002,INS0006,2025-04-25,3186,29.3433,93487.75,2078.97,INR,MOCK_FEED
POS00200320250425,PORT002,INS0007,2025-04-25,4524,42.3489,191586.42,-444.28,GBP,MOCK_FEED
POS00200420250425,PORT002,INS0008,2025-04-25,3556,57.1142,203098.1,-1251.69,USD,MOCK_FEED
POS00200520250425,PORT002,INS0009,2025-04-25,1233,27.2946,33654.24,818.51,GBP,MOCK_FEED
POS00200620250425,PORT002,INS0010,2025-04-25,2983,48.4284,144461.92,-1642.51,INR,MOCK_FEED
POS00200720250425,PORT002,INS0011,2025-04-25,3709,25.232,93585.49,-1112.61,GBP,MOCK_FEED
POS00200820250425,PORT002,INS0012,2025-04-25,360,9.6855,3486.78,35.96,USD,MOCK_FEED
POS00200920250425,PORT002,INS0013,2025-04-25,4081,29.2645,119428.42,1464.56,USD,MOCK_FEED
POS00201020250425,PORT002,INS0014,2025-04-25,1548,15.9497,24690.14,779.54,EUR,MOCK_FEED
POS00200120250426,PORT002,INS0005,2025-04-26,1064,52.9951,56386.79,-1205.03,USD,MOCK_FEED
POS00200220250426,PORT002,INS0006,2025-04-26,246,29.643,7292.18,195.35,GBP,MOCK_FEED
POS00200320250426,PORT002,INS0007,2025-04-26,4429,41.27,182784.83,3735.02,EUR,MOCK_FEED
POS00200420250426,PORT002,INS0008,2025-04-26,1337,57.1424,76399.39,102.72,INR,MOCK_FEED
POS00200520250426,PORT002,INS0009,2025-04-26,4672,27.083,126531.78,5008.41,USD,MOCK_FEED
POS00200620250426,PORT002,INS0010,2025-04-26,4751,50.0368,237724.84,5489.76,EUR,MOCK_FEED
POS00200720250426,PORT002,INS0011,2025-04-26,4364,25.0041,109117.89,1277.12,GBP,MOCK_FEED
POS00200820250426,PORT002,INS0012,2025-04-26,4742,9.7726,46341.67,738.73,EUR,MOCK_FEED
POS00200920250426,PORT002,INS0013,2025-04-26,2958,29.6029,87565.38,-2223.43,USD,MOCK_FEED
POS00201020250426,PORT002,INS0014,2025-04-26,1707,15.8907,27125.42,20.13,INR,MOCK_FEED
POS00200120250427,PORT002,INS0005,2025-04-27,715,52.9798,37880.56,1257.68,GBP,MOCK_FEED
POS00200220250427,PORT002,INS0006,2025-04-27,1694,29.4882,49953.01,1233.72,INR,MOCK_FEED
POS00200320250427,PORT002,INS0007,2025-04-27,1854,41.9083,77697.99,-2214.88,INR,MOCK_FEED
POS00200420250427,PORT002,INS0008,2025-04-27,2107,56.8679,119820.67,3199.73,EUR,MOCK_FEED
POS00200520250427,PORT002,INS0009,2025-04-27,2963,27.1923,80570.78,-1176.61,USD,MOCK_FEED
POS00200620250427,PORT002,INS0010,2025-04-27,1631,49.9616,81487.37,2776.12,INR,MOCK_FEED
POS00200720250427,PORT002,INS0011,2025-04-27,4469,25.1181,112252.79,-2452.48,GBP,MOCK_FEED
POS00200820250427,PORT002,INS0012,2025-04-27,2358,9.4607,22308.33,401.93,USD,MOCK_FEED
POS00200920250427,PORT002,INS0013,2025-04-27,4284,29.2124,125145.92,3203.05,INR,MOCK_FEED
POS00201020250427,PORT002,INS0014,2025-04-27,1408,15.7219,22136.44,675.72,INR,MOCK_FEED
POS00200120250428,PORT002,INS0005,2025-04-28,1152,52.9033,60944.6,-1808.6,USD,MOCK_FEED
POS00200220250428,PORT002,INS0006,2025-04-28,2431,29.7894,72418.03,-1130.86,EUR,MOCK_FEED
POS00200320250428,PORT002,INS0007,2025-04-28,2496,41.53,103658.88,782.97,USD,MOCK_FEED
POS00200420250428,PORT002,INS0008,2025-04-28,3891,57.694,224487.35,6852.28,INR,MOCK_FEED
POS00200520250428,PORT002,INS0009,2025-04-28,1960,27.2842,53477.03,-44.72,INR,MOCK_FEED
POS00200620250428,PORT002,INS0010,2025-04-28,1208,49.8212,60184.01,-847.56,EUR,MOCK_FEED
POS00200720250428,PORT002,INS0011,2025-04-28,1473,25.2356,37172.04,-219.59,EUR,MOCK_FEED
POS00200820250428,PORT002,INS0012,2025-04-28,1862,9.4804,17652.5,471.41,USD,MOCK_FEED
POS00200920250428,PORT002,INS0013,2025-04-28,1927,29.4068,56666.9,-1059.99,USD,MOCK_FEED
POS00201020250428,PORT002,INS0014,2025-04-28,1799,15.4814,27851.04,942.69,EUR,MOCK_FEED
POS00200120250429,PORT002,INS0005,2025-04-29,2178,54.3548,118384.75,4095.48,USD,MOCK_FEED
POS00200220250429,PORT002,INS0006,2025-04-29,279,29.8179,8319.19,-108.78,GBP,MOCK_FEED
POS00200320250429,PORT002,INS0007,2025-04-29,133,41.4489,5512.7,117.18,GBP,MOCK_FEED
POS00200420250429,PORT002,INS0008,2025-04-29,3840,56.9839,218818.18,7054.15,INR,MOCK_FEED
POS00200520250429,PORT002,INS0009,2025-04-29,1377,27.2731,37555.06,400.98,INR,MOCK_FEED
POS00200620250429,PORT002,INS0010,2025-04-29,3906,49.6905,194091.09,-4498.14,GBP,MOCK_FEED
POS00200720250429,PORT002,INS0011,2025-04-29,2920,25.1582,73461.94,-1954.98,USD,MOCK_FEED
POS00200820250429,PORT002,INS0012,2025-04-29,3769,9.3479,35232.24,746.35,EUR,MOCK_FEED
POS00200920250429,PORT002,INS0013,2025-04-29,2791,29.4761,82267.8,-1946.61,INR,MOCK_FEED
POS00201020250429,PORT002,INS0014,2025-04-29,3070,15.1877,46626.24,910.1,INR,MOCK_FEED
POS00200120250430,PORT002,INS0005,2025-04-30,2082,54.9301,114364.47,314.11,USD,MOCK_FEED
POS00200220250430,PORT002,INS0006,2025-04-30,4566,29.1181,132953.24,4263.29,GBP,MOCK_FEED
POS00200320250430,PORT002,INS0007,2025-04-30,3173,41.0142,130138.06,2750.91,GBP,MOCK_FEED
POS00200420250430,PORT002,INS0008,2025-04-30,2406,57.5265,138408.76,2863.25,GBP,MOCK_FEED
POS00200520250430,PORT002,INS0009,2025-04-30,4881,27.2719,133114.14,-3220.25,INR,MOCK_FEED
POS00200620250430,PORT002,INS0010,2025-04-30,740,49.4893,36622.08,-345.58,USD,MOCK_FEED
POS00200720250430,PORT002,INS0011,2025-04-30,2769,25.1389,69609.61,-1174.37,GBP,MOCK_FEED
POS00200820250430,PORT002,INS0012,2025-04-30,1685,9.4071,15850.96,-404.06,GBP,MOCK_FEED
POS00200920250430,PORT002,INS0013,2025-04-30,3740,29.4294,110065.96,1870.57,INR,MOCK_FEED
POS00201020250430,PORT002,INS0014,2025-04-30,339,15.0297,5095.07,69.48,USD,MOCK_FEED
POS00200120250501,PORT002,INS0005,2025-05-01,4391,55.6267,244256.84,-5248.23,INR,MOCK_FEED
POS00200220250501,PORT002,INS0006,2025-05-01,2549,28.6965,73147.38,-255.29,GBP,MOCK_FEED
POS00200320250501,PORT002,INS0007,2025-05-01,403,41.0511,16543.59,-288.06,INR,MOCK_FEED
POS00200420250501,PORT002,INS0008,2025-05-01,3378,57.7729,195156.86,2876.24,USD,MOCK_FEED
POS00200520250501,PORT002,INS0009,2025-05-01,3716,27.4732,102090.41,78.17,GBP,MOCK_FEED
POS00200620250501,PORT002,INS0010,2025-05-01,586,49.815,29191.59,-118.1,EUR,MOCK_FEED
POS00200720250501,PORT002,INS0011,2025-05-01,2287,25.4003,58090.49,654.72,INR,MOCK_FEED
POS00200820250501,PORT002,INS0012,2025-05-01,4885,9.5272,46540.37,828.25,EUR,MOCK_FEED
POS00200920250501,PORT002,INS0013,2025-05-01,2860,29.8267,85304.36,-2541.92,USD,MOCK_FEED
POS00201020250501,PORT002,INS0014,2025-05-01,2547,15.0673,38376.41,1242.94,EUR,MOCK_FEED
POS00200120250502,PORT002,INS0005,2025-05-02,340,54.8664,18654.58,-227.4,INR,MOCK_FEED
POS00200220250502,PORT002,INS0006,2025-05-02,2996,29.3496,87931.4,2515.4,USD,MOCK_FEED
POS00200320250502,PORT002,INS0007,2025-05-02,3066,40.6339,124583.54,3097.56,GBP,MOCK_FEED
POS00200420250502,PORT002,INS0008,2025-05-02,559,57.5978,32197.17,576.85,GBP,MOCK_FEED
POS00200520250502,PORT002,INS0009,2025-05-02,909,27.832,25299.29,277.75,EUR,MOCK_FEED
POS00200620250502,PORT002,INS0010,2025-05-02,2138,50.1025,107119.15,3604.34,GBP,MOCK_FEED
POS00200720250502,PORT002,INS0011,2025-05-02,214,25.1909,5390.85,110.28,USD,MOCK_FEED
POS00200820250502,PORT002,INS0012,2025-05-02,2898,9.5239,27600.26,408.4,GBP,MOCK_FEED
POS00200920250502,PORT002,INS0013,2025-05-02,3260,29.9925,97775.55,-1744.87,GBP,MOCK_FEED
POS00201020250502,PORT002,INS0014,2025-05-02,1449,14.5742,21118.02,-517.51,USD,MOCK_FEED
POS00200120250503,PORT002,INS0005,2025-05-03,321,53.7002,17237.76,140.8,INR,MOCK_FEED
POS00200220250503,PORT002,INS0006,2025-05-03,4317,28.7172,123972.15,742.46,USD,MOCK_FEED
POS00200320250503,PORT002,INS0007,2025-05-03,2144,40.5361,86909.4,-864.71,GBP,MOCK_FEED
POS00200420250503,PORT002,INS0008,2025-05-03,3225,58.184,187643.4,-935.84,EUR,MOCK_FEED
POS00200520250503,PORT002,INS0009,2025-05-03,3092,28.13,86977.96,1264.47,GBP,MOCK_FEED
POS00200620250503,PORT002,INS0010,2025-05-03,1203,50.1683,60352.46,2237.1,GBP,MOCK_FEED
POS00200720250503,PORT002,INS0011,2025-05-03,1979,24.8083,49095.63,-1249.76,GBP,MOCK_FEED
POS00200820250503,PORT002,INS0012,2025-05-03,1305,9.3942,12259.43,-287.17,GBP,MOCK_FEED
POS00200920250503,PORT002,INS0013,2025-05-03,3656,29.7141,108634.75,2847.07,INR,MOCK_FEED
POS00201020250503,PORT002,INS0014,2025-05-03,1185,14.7155,17437.87,323.7,INR,MOCK_FEED
POS00200120250504,PORT002,INS0005,2025-05-04,985,52.8286,52036.17,855.16,EUR,MOCK_FEED
POS00200220250504,PORT002,INS0006,2025-05-04,4865,28.566,138973.59,2309.17,USD,MOCK_FEED
POS00200320250504,PORT002,INS0007,2025-05-04,4776,40.675,194263.8,1043.66,USD,MOCK_FEED
POS00200420250504,PORT002,INS0008,2025-05-04,3002,57.7398,173334.88,-2972.71,EUR,MOCK_FEED
POS00200520250504,PORT002,INS0009,2025-05-04,3540,27.9489,98939.11,-1258.31,INR,MOCK_FEED
POS00200620250504,PORT002,INS0010,2025-05-04,2347,50.4624,118435.25,1714.6,GBP,MOCK_FEED
POS00200720250504,PORT002,INS0011,2025-05-04,4976,24.8373,123590.4,-1883.04,USD,MOCK_FEED
POS00200820250504,PORT002,INS0012,2025-05-04,2104,9.388,19752.35,88.87,GBP,MOCK_FEED
POS00200920250504,PORT002,INS0013,2025-05-04,3414,30.0925,102735.79,2141.46,GBP,MOCK_FEED
POS00201020250504,PORT002,INS0014,2025-05-04,3919,14.8519,58204.6,-624.15,EUR,MOCK_FEED
POS00200120250505,PORT002,INS0005,2025-05-05,3645,51.9203,189249.49,-148.19,INR,MOCK_FEED
POS00200220250505,PORT002,INS0006,2025-05-05,1629,29.179,47532.59,1182.68,EUR,MOCK_FEED
POS00200320250505,PORT002,INS0007,2025-05-05,4038,40.2829,162662.35,-2164.6,EUR,MOCK_FEED
POS00200420250505,PORT002,INS0008,2025-05-05,4443,57.8755,257140.85,-496.02,INR,MOCK_FEED
POS00200520250505,PORT002,INS0009,2025-05-05,1243,28.0065,34812.08,-951.04,USD,MOCK_FEED
POS00200620250505,PORT002,INS0010,2025-05-05,3128,50.0043,156413.45,-3090.63,INR,MOCK_FEED
POS00200720250505,PORT002,INS0011,2025-05-05,4460,25.4144,113348.22,3929.59,USD,MOCK_FEED
POS00200820250505,PORT002,INS0012,2025-05-05,1123,9.5163,10686.8,-171.73,USD,MOCK_FEED
POS00200920250505,PORT002,INS0013,2025-05-05,1658,29.484,48884.47,929.66,EUR,MOCK_FEED
POS00201020250505,PORT002,INS0014,2025-05-05,1002,15.0978,15128.0,-134.45,INR,MOCK_FEED
POS00200120250506,PORT002,INS0005,2025-05-06,1588,51.4458,81695.93,1574.43,EUR,MOCK_FEED
POS00200220250506,PORT002,INS0006,2025-05-06,3610,29.1021,105058.58,1313.65,INR,MOCK_FEED
POS00200320250506,PORT002,INS0007,2025-05-06,3528,39.8871,140721.69,3941.14,INR,MOCK_FEED
POS00200420250506,PORT002,INS0008,2025-05-06,3965,57.7585,229012.45,2615.96,GBP,MOCK_FEED
POS00200520250506,PORT002,INS0009,2025-05-06,1926,27.8791,53695.15,299.12,EUR,MOCK_FEED
POS00200620250506,PORT002,INS0010,2025-05-06,691,50.5714,34944.84,-71.73,EUR,MOCK_FEED
POS00200720250506,PORT002,INS0011,2025-05-06,3094,25.3402,78402.58,221.24,USD,MOCK_FEED
POS00200820250506,PORT002,INS0012,2025-05-06,1808,9.6115,17377.59,75.71,GBP,MOCK_FEED
POS00200920250506,PORT002,INS0013,2025-05-06,838,29.301,24554.24,-550.68,USD,MOCK_FEED
POS00201020250506,PORT002,INS0014,2025-05-06,439,15.1447,6648.52,-146.45,EUR,MOCK_FEED
POS00200120250507,PORT002,INS0005,2025-05-07,2302,51.7305,119083.61,-2583.44,USD,MOCK_FEED
POS00200220250507,PORT002,INS0006,2025-05-07,682,29.4344,20074.26,-541.65,GBP,MOCK_FEED
POS00200320250507,PORT002,INS0007,2025-05-07,2560,39.8978,102138.37,1056.05,INR,MOCK_FEED
POS00200420250507,PORT002,INS0008,2025-05-07,3033,57.134,173287.42,-4547.53,GBP,MOCK_FEED
POS00200520250507,PORT002,INS0009,2025-05-07,4694,27.8539,130746.21,1207.02,GBP,MOCK_FEED
POS00200620250507,PORT002,INS0010,2025-05-07,1176,51.1288,60127.47,2280.63,GBP,MOCK_FEED
POS00200720250507,PORT002,INS0011,2025-05-07,737,25.1035,18501.28,-141.93,GBP,MOCK_FEED
POS00200820250507,PORT002,INS0012,2025-05-07,3600,9.6563,34762.68,-1029.18,EUR,MOCK_FEED
POS00200920250507,PORT002,INS0013,2025-05-07,1372,28.9321,39694.84,367.39,INR,MOCK_FEED
POS00201020250507,PORT002,INS0014,2025-05-07,3267,15.2784,49914.53,1347.3,EUR,MOCK_FEED
POS00200120250508,PORT002,INS0005,2025-05-08,626,52.205,32680.33,-974.38,INR,MOCK_FEED
POS00200220250508,PORT002,INS0006,2025-05-08,638,28.794,18370.57,69.55,EUR,MOCK_FEED
POS00200320250508,PORT002,INS0007,2025-05-08,3265,40.1072,130950.01,3603.97,GBP,MOCK_FEED
POS00200420250508,PORT002,INS0008,2025-05-08,1921,58.0044,111426.45,-2624.25,USD,MOCK_FEED
POS00200520250508,PORT002,INS0009,2025-05-08,2680,27.9495,74904.66,-547.17,EUR,MOCK_FEED
POS00200620250508,PORT002,INS0010,2025-05-08,2428,51.9854,126220.55,842.39,GBP,MOCK_FEED
POS00200720250508,PORT002,INS0011,2025-05-08,3585,24.9006,89268.65,1434.4,GBP,MOCK_FEED
POS00200820250508,PORT002,INS0012,2025-05-08,4059,9.7134,39426.69,-603.36,INR,MOCK_FEED
POS00200920250508,PORT002,INS0013,2025-05-08,3072,29.6853,91193.24,3153.86,EUR,MOCK_FEED
POS00201020250508,PORT002,INS0014,2025-05-08,4760,15.0772,71767.47,1150.08,INR,MOCK_FEED
POS00200120250509,PORT002,INS0005,2025-05-09,4045,51.9478,210128.85,-3962.08,GBP,MOCK_FEED
POS00200220250509,PORT002,INS0006,2025-05-09,1861,28.5698,53168.4,331.45,GBP,MOCK_FEED
POS00200320250509,PORT002,INS0007,2025-05-09,1206,39.6531,47821.64,-1005.59,USD,MOCK_FEED
POS00200420250509,PORT002,INS0008,2025-05-09,120,59.1369,7096.43,-22.72,GBP,MOCK_FEED
POS00200520250509,PORT002,INS0009,2025-05-09,243,28.4407,6911.09,130.28,EUR,MOCK_FEED
POS00200620250509,PORT002,INS0010,2025-05-09,4019,52.3242,210290.96,4431.47,EUR,MOCK_FEED
POS00200720250509,PORT002,INS0011,2025-05-09,4896,24.2384,118671.21,-2219.87,GBP,MOCK_FEED
POS00200820250509,PORT002,INS0012,2025-05-09,1603,9.7832,15682.47,508.77,USD,MOCK_FEED
POS00200920250509,PORT002,INS0013,2025-05-09,4142,29.3528,121579.3,-571.59,EUR,MOCK_FEED
POS00201020250509,PORT002,INS0014,2025-05-09,1599,15.0916,24131.47,226.97,EUR,MOCK_FEED
POS00200120250510,PORT002,INS0005,2025-05-10,3223,51.9772,167522.52,631.9,GBP,MOCK_FEED
POS00200220250510,PORT002,INS0006,2025-05-10,3621,28.4612,103058.01,-1872.79,GBP,MOCK_FEED
POS00200320250510,PORT002,INS0007,2025-05-10,3320,40.2781,133723.29,3421.51,INR,MOCK_FEED
POS00200420250510,PORT002,INS0008,2025-05-10,3602,59.4331,214078.03,-1359.16,USD,MOCK_FEED
POS00200520250510,PORT002,INS0009,2025-05-10,4684,29.0506,136073.01,179.42,GBP,MOCK_FEED
POS00200620250510,PORT002,INS0010,2025-05-10,1583,51.7831,81972.65,-2351.02,GBP,MOCK_FEED
POS00200720250510,PORT002,INS0011,2025-05-10,122,23.8012,2903.75,-30.92,EUR,MOCK_FEED
POS00200820250510,PORT002,INS0012,2025-05-10,2914,9.8114,28590.42,-69.01,GBP,MOCK_FEED
POS00200920250510,PORT002,INS0013,2025-05-10,3161,29.6373,93683.51,1399.02,USD,MOCK_FEED
POS00201020250510,PORT002,INS0014,2025-05-10,2550,15.0851,38467.01,-328.47,GBP,MOCK_FEED
POS00200120250511,PORT002,INS0005,2025-05-11,2811,51.3274,144281.32,5336.13,EUR,MOCK_FEED
POS00200220250511,PORT002,INS0006,2025-05-11,1459,28.2303,41188.01,-44.18,GBP,MOCK_FEED
POS00200320250511,PORT002,INS0007,2025-05-11,2278,41.006,93411.67,-1679.39,GBP,MOCK_FEED
POS00200420250511,PORT002,INS0008,2025-05-11,1016,58.095,59024.52,162.98,INR,MOCK_FEED
POS00200520250511,PORT002,INS0009,2025-05-11,1053,29.3021,30855.11,1124.69,GBP,MOCK_FEED
POS00200620250511,PORT002,INS0010,2025-05-11,3912,52.1752,204109.38,2474.74,USD,MOCK_FEED
POS00200720250511,PORT002,INS0011,2025-05-11,1426,23.1439,33003.2,982.32,GBP,MOCK_FEED
POS00200820250511,PORT002,INS0012,2025-05-11,4921,9.9874,49148.0,806.21,EUR,MOCK_FEED
POS00200920250511,PORT002,INS0013,2025-05-11,3578,29.895,106964.31,2842.33,GBP,MOCK_FEED
POS00201020250511,PORT002,INS0014,2025-05-11,4156,15.4412,64173.63,1295.43,INR,MOCK_FEED
POS00200120250512,PORT002,INS0005,2025-05-12,2953,51.2647,151384.66,-2568.32,USD,MOCK_FEED
POS00200220250512,PORT002,INS0006,2025-05-12,4205,27.6957,116460.42,-1230.41,INR,MOCK_FEED
POS00200320250512,PORT002,INS0007,2025-05-12,1834,41.2572,75665.7,1389.31,USD,MOCK_FEED
POS00200420250512,PORT002,INS0008,2025-05-12,1377,56.9227,78382.56,795.99,INR,MOCK_FEED
POS00200520250512,PORT002,INS0009,2025-05-12,4177,29.0645,121402.42,-2431.79,EUR,MOCK_FEED
POS00200620250512,PORT002,INS0010,2025-05-12,1049,52.5761,55152.33,1205.73,INR,MOCK_FEED
POS00200720250512,PORT002,INS0011,2025-05-12,316,23.6529,7474.32,200.75,USD,MOCK_FEED
POS00200820250512,PORT002,INS0012,2025-05-12,2151,10.1772,21891.16,-653.64,GBP,MOCK_FEED
POS00200920250512,PORT002,INS0013,2025-05-12,3769,30.1598,113672.29,-1834.62,USD,MOCK_FEED
POS00201020250512,PORT002,INS0014,2025-05-12,4012,15.5612,62431.53,259.68,INR,MOCK_FEED
POS00200120250513,PORT002,INS0005,2025-05-13,4483,50.5933,226809.76,-5006.1,USD,MOCK_FEED
POS00200220250513,PORT002,INS0006,2025-05-13,2187,27.4179,59962.95,1132.15,INR,MOCK_FEED
POS00200320250513,PORT002,INS0007,2025-05-13,872,41.6256,36297.52,57.95,GBP,MOCK_FEED
POS00200420250513,PORT002,INS0008,2025-05-13,1167,57.693,67327.73,1837.26,GBP,MOCK_FEED
POS00200520250513,PORT002,INS0009,2025-05-13,2573,29.2676,75305.53,538.13,INR,MOCK_FEED
POS00200620250513,PORT002,INS0010,2025-05-13,1306,52.672,68789.63,208.52,EUR,MOCK_FEED
POS00200720250513,PORT002,INS0011,2025-05-13,2969,23.6882,70330.27,1251.05,EUR,MOCK_FEED
POS00200820250513,PORT002,INS0012,2025-05-13,4448,10.0412,44663.26,571.5,INR,MOCK_FEED
POS00200920250513,PORT002,INS0013,2025-05-13,1860,30.0577,55907.32,1839.06,GBP,MOCK_FEED
POS00201020250513,PORT002,INS0014,2025-05-13,2747,15.466,42485.1,-1046.49,GBP,MOCK_FEED
POS00200120250514,PORT002,INS0005,2025-05-14,742,50.4765,37453.56,682.24,GBP,MOCK_FEED
POS00200220250514,PORT002,INS0006,2025-05-14,4438,27.9859,124201.42,2263.84,USD,MOCK_FEED
POS00200320250514,PORT002,INS0007,2025-05-14,3242,41.9715,136071.6,3796.14,INR,MOCK_FEED
POS00200420250514,PORT002,INS0008,2025-05-14,2248,58.3422,131153.27,-2784.44,INR,MOCK_FEED
POS00200520250514,PORT002,INS0009,2025-05-14,630,29.5698,18628.97,-16.79,GBP,MOCK_FEED
POS00200620250514,PORT002,INS0010,2025-05-14,4021,52.1667,209762.3,-1158.86,EUR,MOCK_FEED
POS00200720250514,PORT002,INS0011,2025-05-14,4832,23.6019,114044.38,-1246.74,USD,MOCK_FEED
POS00200820250514,PORT002,INS0012,2025-05-14,1422,10.1882,14487.62,551.98,EUR,MOCK_FEED
POS00200920250514,PORT002,INS0013,2025-05-14,1819,31.4246,57161.35,1299.13,EUR,MOCK_FEED
POS00201020250514,PORT002,INS0014,2025-05-14,1058,15.2162,16098.74,250.03,INR,MOCK_FEED
POS00200120250515,PORT002,INS0005,2025-05-15,3845,49.6871,191046.9,4410.35,EUR,MOCK_FEED
POS00200220250515,PORT002,INS0006,2025-05-15,993,27.3824,27190.72,713.91,USD,MOCK_FEED
POS00200320250515,PORT002,INS0007,2025-05-15,1932,42.1516,81436.89,-773.74,EUR,MOCK_FEED
POS00200420250515,PORT002,INS0008,2025-05-15,953,57.7447,55030.7,1194.59,INR,MOCK_FEED
POS00200520250515,PORT002,INS0009,2025-05-15,1095,29.2402,32018.02,734.72,EUR,MOCK_FEED
POS00200620250515,PORT002,INS0010,2025-05-15,2833,52.2908,148139.84,-954.43,EUR,MOCK_FEED
POS00200720250515,PORT002,INS0011,2025-05-15,4775,23.8571,113917.65,126.24,USD,MOCK_FEED
POS00200820250515,PORT002,INS0012,2025-05-15,1786,10.2121,18238.81,-370.96,EUR,MOCK_FEED
POS00200920250515,PORT002,INS0013,2025-05-15,4069,31.147,126737.14,3856.41,GBP,MOCK_FEED
POS00201020250515,PORT002,INS0014,2025-05-15,3259,15.5189,50576.1,-1347.68,GBP,MOCK_FEED
POS00200120250516,PORT002,INS0005,2025-05-16,834,49.2156,41045.81,-998.4,GBP,MOCK_FEED
POS00200220250516,PORT002,INS0006,2025-05-16,3638,27.3053,99336.68,3567.42,USD,MOCK_FEED
POS00200320250516,PORT002,INS0007,2025-05-16,171,42.2983,7233.01,237.45,INR,MOCK_FEED
POS00200420250516,PORT002,INS0008,2025-05-16,2708,57.4819,155660.99,-4192.9,INR,MOCK_FEED
POS00200520250516,PORT002,INS0009,2025-05-16,1225,29.7145,36400.26,-194.91,USD,MOCK_FEED
POS00200620250516,PORT002,INS0010,2025-05-16,1356,51.9387,70428.88,1257.15,INR,MOCK_FEED
POS00200720250516,PORT002,INS0011,2025-05-16,244,23.6205,5763.4,-109.43,GBP,MOCK_FEED
POS00200820250516,PORT002,INS0012,2025-05-16,4836,10.2617,49625.58,-1178.13,GBP,MOCK_FEED
POS00200920250516,PORT002,INS0013,2025-05-16,1172,31.1809,36544.01,629.25,INR,MOCK_FEED
POS00201020250516,PORT002,INS0014,2025-05-16,4968,15.3806,76410.82,-101.71,USD,MOCK_FEED
POS00200120250517,PORT002,INS0005,2025-05-17,285,50.7277,14457.39,-321.41,EUR,MOCK_FEED
POS00200220250517,PORT002,INS0006,2025-05-17,219,27.3157,5982.14,69.85,INR,MOCK_FEED
POS00200320250517,PORT002,INS0007,2025-05-17,4750,42.1738,200325.55,7785.76,GBP,MOCK_FEED
POS00200420250517,PORT002,INS0008,2025-05-17,2677,58.1371,155633.02,5556.36,USD,MOCK_FEED
POS00200520250517,PORT002,INS0009,2025-05-17,1998,29.6587,59258.08,-0.2,GBP,MOCK_FEED
POS00200620250517,PORT002,INS0010,2025-05-17,3177,52.0937,165501.68,-2388.23,USD,MOCK_FEED
POS00200720250517,PORT002,INS0011,2025-05-17,926,23.6805,21928.14,347.0,GBP,MOCK_FEED
POS00200820250517,PORT002,INS0012,2025-05-17,1993,10.2921,20512.16,-136.5,USD,MOCK_FEED
POS00200920250517,PORT002,INS0013,2025-05-17,1656,30.7801,50971.85,-516.41,EUR,MOCK_FEED
POS00201020250517,PORT002,INS0014,2025-05-17,470,15.5468,7307.0,-118.49,INR,MOCK_FEED
POS00200120250518,PORT002,INS0005,2025-05-18,254,49.8248,12655.5,335.73,EUR,MOCK_FEED
POS00200220250518,PORT002,INS0006,2025-05-18,2661,26.8265,71385.32,1837.28,INR,MOCK_FEED
POS00200320250518,PORT002,INS0007,2025-05-18,1107,42.1196,46626.4,617.91,USD,MOCK_FEED
POS00200420250518,PORT002,INS0008,2025-05-18,3284,58.3662,191674.6,1626.32,INR,MOCK_FEED
POS00200520250518,PORT002,INS0009,2025-05-18,4132,30.2345,124928.95,1097.85,INR,MOCK_FEED
POS00200620250518,PORT002,INS0010,2025-05-18,240,52.4767,12594.41,-365.38,INR,MOCK_FEED
POS00200720250518,PORT002,INS0011,2025-05-18,185,24.147,4467.19,-111.41,INR,MOCK_FEED
POS00200820250518,PORT002,INS0012,2025-05-18,3735,10.2453,38266.2,-114.59,INR,MOCK_FEED
POS00200920250518,PORT002,INS0013,2025-05-18,392,30.756,12056.35,-121.03,INR,MOCK_FEED
POS00201020250518,PORT002,INS0014,2025-05-18,1642,15.2268,25002.41,-712.61,GBP,MOCK_FEED
POS00200120250519,PORT002,INS0005,2025-05-19,1700,50.3359,85571.03,505.18,USD,MOCK_FEED
POS00200220250519,PORT002,INS0006,2025-05-19,3796,26.6124,101020.67,-2698.06,GBP,MOCK_FEED
POS00200320250519,PORT002,INS0007,2025-05-19,1136,42.2484,47994.18,-801.99,GBP,MOCK_FEED
POS00200420250519,PORT002,INS0008,2025-05-19,2839,58.669,166561.29,5216.42,INR,MOCK_FEED
POS00200520250519,PORT002,INS0009,2025-05-19,4710,30.3317,142862.31,5646.74,EUR,MOCK_FEED
POS00200620250519,PORT002,INS0010,2025-05-19,1824,52.5141,95785.72,-2350.22,INR,MOCK_FEED
POS00200720250519,PORT002,INS0011,2025-05-19,2798,23.4096,65500.06,2504.54,EUR,MOCK_FEED
POS00200820250519,PORT002,INS0012,2025-05-19,498,10.1835,5071.38,84.49,EUR,MOCK_FEED
POS00200920250519,PORT002,INS0013,2025-05-19,2019,30.4575,61493.69,1323.62,EUR,MOCK_FEED
POS00201020250519,PORT002,INS0014,2025-05-19,4747,15.191,72111.68,2331.36,GBP,MOCK_FEED
POS00200120250520,PORT002,INS0005,2025-05-20,1051,50.5435,53121.22,518.4,INR,MOCK_FEED
POS00200220250520,PORT002,INS0006,2025-05-20,1645,26.3518,43348.71,1286.92,GBP,MOCK_FEED
POS00200320250520,PORT002,INS0007,2025-05-20,101,41.9631,4238.27,37.25,GBP,MOCK_FEED
POS00200420250520,PORT002,INS0008,2025-05-20,1238,59.2822,73391.36,-564.56,INR,MOCK_FEED
POS00200520250520,PORT002,INS0009,2025-05-20,3475,30.4967,105976.03,331.85,USD,MOCK_FEED
POS00200620250520,PORT002,INS0010,2025-05-20,4474,53.5848,239738.4,8724.7,EUR,MOCK_FEED
POS00200720250520,PORT002,INS0011,2025-05-20,805,23.3349,18784.59,70.57,GBP,MOCK_FEED
POS00200820250520,PORT002,INS0012,2025-05-20,1641,10.2954,16894.75,-136.35,INR,MOCK_FEED
POS00200920250520,PORT002,INS0013,2025-05-20,3910,31.1178,121670.6,-589.83,EUR,MOCK_FEED
POS00201020250520,PORT002,INS0014,2025-05-20,2377,15.4364,36692.32,1409.3,USD,MOCK_FEED
POS00200120250521,PORT002,INS0005,2025-05-21,163,50.8775,8293.03,311.5,INR,MOCK_FEED
POS00200220250521,PORT002,INS0006,2025-05-21,2093,27.0159,56544.28,-1122.69,GBP,MOCK_FEED
POS00200320250521,PORT002,INS0007,2025-05-21,514,41.8707,21521.54,450.14,INR,MOCK_FEED
POS00200420250521,PORT002,INS0008,2025-05-21,1297,58.2693,75575.28,168.49,INR,MOCK_FEED
POS00200520250521,PORT002,INS0009,2025-05-21,4368,30.1601,131739.32,3746.48,INR,MOCK_FEED
POS00200620250521,PORT002,INS0010,2025-05-21,244,53.466,13045.7,291.8,INR,MOCK_FEED
POS00200720250521,PORT002,INS0011,2025-05-21,1175,23.4176,27515.68,463.93,GBP,MOCK_FEED
POS00200820250521,PORT002,INS0012,2025-05-21,2806,10.2438,28744.1,-497.61,INR,MOCK_FEED
POS00200920250521,PORT002,INS0013,2025-05-21,4666,30.9586,144452.83,-163.12,EUR,MOCK_FEED
POS00201020250521,PORT002,INS0014,2025-05-21,3611,15.0608,54384.55,874.23,GBP,MOCK_FEED
POS00200120250522,PORT002,INS0005,2025-05-22,3233,51.6524,166992.21,6271.11,EUR,MOCK_FEED
POS00200220250522,PORT002,INS0006,2025-05-22,1597,26.4946,42311.88,412.61,USD,MOCK_FEED
POS00200320250522,PORT002,INS0007,2025-05-22,3337,41.5654,138703.74,454.81,INR,MOCK_FEED
POS00200420250522,PORT002,INS0008,2025-05-22,993,58.5361,58126.35,-888.33,GBP,MOCK_FEED
POS00200520250522,PORT002,INS0009,2025-05-22,4872,30.1877,147074.47,4987.66,GBP,MOCK_FEED
POS00200620250522,PORT002,INS0010,2025-05-22,4267,54.3125,231751.44,-5182.63,GBP,MOCK_FEED
POS00200720250522,PORT002,INS0011,2025-05-22,1781,23.2738,41450.64,1028.58,USD,MOCK_FEED
POS00200820250522,PORT002,INS0012,2025-05-22,2834,10.0341,28436.64,263.19,USD,MOCK_FEED
POS00200920250522,PORT002,INS0013,2025-05-22,1682,31.0693,52258.56,594.78,INR,MOCK_FEED
POS00201020250522,PORT002,INS0014,2025-05-22,4603,15.0515,69282.05,-61.51,INR,MOCK_FEED
POS00200120250523,PORT002,INS0005,2025-05-23,1089,51.4321,56009.56,576.57,INR,MOCK_FEED
POS00200220250523,PORT002,INS0006,2025-05-23,1500,26.5811,39871.65,1008.8,USD,MOCK_FEED
POS00200320250523,PORT002,INS0007,2025-05-23,399,42.5015,16958.1,-370.32,GBP,MOCK_FEED
POS00200420250523,PORT002,INS0008,2025-05-23,845,58.5866,49505.68,1256.93,EUR,MOCK_FEED
POS00200520250523,PORT002,INS0009,2025-05-23,4451,29.4987,131298.71,856.11,INR,MOCK_FEED
POS00200620250523,PORT002,INS0010,2025-05-23,4735,53.449,253081.01,1443.6,INR,MOCK_FEED
POS00200720250523,PORT002,INS0011,2025-05-23,187,23.0918,4318.17,8.47,GBP,MOCK_FEED
POS00200820250523,PORT002,INS0012,2025-05-23,609,9.9157,6038.66,180.87,EUR,MOCK_FEED
POS00200920250523,PORT002,INS0013,2025-05-23,4791,32.8596,157430.34,1503.66,GBP,MOCK_FEED
POS00201020250523,PORT002,INS0014,2025-05-23,497,14.8818,7396.25,197.49,INR,MOCK_FEED
POS00200120250524,PORT002,INS0005,2025-05-24,591,50.8894,30075.64,-54.3,INR,MOCK_FEED
POS00200220250524,PORT002,INS0006,2025-05-24,2717,26.689,72514.01,2900.03,INR,MOCK_FEED
POS00200320250524,PORT002,INS0007,2025-05-24,4074,41.0944,167418.59,5117.03,INR,MOCK_FEED
POS00200420250524,PORT002,INS0008,2025-05-24,1194,58.8927,70317.88,-75.22,EUR,MOCK_FEED
POS00200520250524,PORT002,INS0009,2025-05-24,3489,29.5593,103132.4,4046.38,USD,MOCK_FEED
POS00200620250524,PORT002,INS0010,2025-05-24,4397,52.6332,231428.18,-6565.21,GBP,MOCK_FEED
POS00200720250524,PORT002,INS0011,2025-05-24,3243,23.2534,75410.78,1931.35,INR,MOCK_FEED
POS00200820250524,PORT002,INS0012,2025-05-24,319,9.854,3143.43,-9.63,USD,MOCK_FEED
POS00200920250524,PORT002,INS0013,2025-05-24,3301,32.1716,106198.45,1975.19,USD,MOCK_FEED
POS00201020250524,PORT002,INS0014,2025-05-24,929,14.8149,13763.04,-4.47,GBP,MOCK_FEED
POS00200120250525,PORT002,INS0005,2025-05-25,3513,49.9887,175610.3,5585.66,GBP,MOCK_FEED
POS00200220250525,PORT002,INS0006,2025-05-25,2477,26.7096,66159.68,2616.61,EUR,MOCK_FEED
POS00200320250525,PORT002,INS0007,2025-05-25,1531,40.2797,61668.22,2232.82,INR,MOCK_FEED
POS00200420250525,PORT002,INS0008,2025-05-25,3462,59.767,206913.35,7853.24,USD,MOCK_FEED
POS00200520250525,PORT002,INS0009,2025-05-25,4504,29.5851,133251.29,4636.5,EUR,MOCK_FEED
POS00200620250525,PORT002,INS0010,2025-05-25,2788,52.7954,147193.58,-561.93,EUR,MOCK_FEED
POS00200720250525,PORT002,INS0011,2025-05-25,1878,23.5956,44312.54,-875.65,GBP,MOCK_FEED
POS00200820250525,PORT002,INS0012,2025-05-25,1379,9.6954,13369.96,-241.93,EUR,MOCK_FEED
POS00200920250525,PORT002,INS0013,2025-05-25,4793,31.9148,152967.64,-397.96,EUR,MOCK_FEED
POS00201020250525,PORT002,INS0014,2025-05-25,3783,14.401,54478.98,1802.87,GBP,MOCK_FEED
POS00200120250526,PORT002,INS0005,2025-05-26,1368,49.6368,67903.14,2057.82,EUR,MOCK_FEED
POS00200220250526,PORT002,INS0006,2025-05-26,1146,26.4482,30309.64,-192.24,EUR,MOCK_FEED
POS00200320250526,PORT002,INS0007,2025-05-26,1585,39.3537,62375.61,769.45,INR,MOCK_FEED
POS00200420250526,PORT002,INS0008,2025-05-26,2493,59.2888,147806.98,-3213.61,GBP,MOCK_FEED
POS00200520250526,PORT002,INS0009,2025-05-26,2630,29.4201,77374.86,907.75,EUR,MOCK_FEED
POS00200620250526,PORT002,INS0010,2025-05-26,756,52.5766,39747.91,-331.13,GBP,MOCK_FEED
POS00200720250526,PORT002,INS0011,2025-05-26,4603,23.4884,108117.11,3931.07,GBP,MOCK_FEED
POS00200820250526,PORT002,INS0012,2025-05-26,3990,9.7135,38756.86,764.15,EUR,MOCK_FEED
POS00200920250526,PORT002,INS0013,2025-05-26,1047,32.3581,33878.93,226.25,EUR,MOCK_FEED
POS00201020250526,PORT002,INS0014,2025-05-26,4217,14.5864,61510.85,161.29,EUR,MOCK_FEED
POS00200120250527,PORT002,INS0005,2025-05-27,107,50.602,5414.41,171.88,EUR,MOCK_FEED
POS00200220250527,PORT002,INS0006,2025-05-27,1382,26.6559,36838.45,722.91,INR,MOCK_FEED
POS00200320250527,PORT002,INS0007,2025-05-27,891,39.3719,35080.36,341.42,GBP,MOCK_FEED
POS00200420250527,PORT002,INS0008,2025-05-27,667,58.9763,39337.19,-1117.25,USD,MOCK_FEED
POS00200520250527,PORT002,INS0009,2025-05-27,1580,29.3123,46313.43,1757.32,USD,MOCK_FEED
POS00200620250527,PORT002,INS0010,2025-05-27,671,53.2356,35721.09,-492.41,INR,MOCK_FEED
POS00200720250527,PORT002,INS0011,2025-05-27,2927,23.3674,68396.38,-332.46,EUR,MOCK_FEED
POS00200820250527,PORT002,INS0012,2025-05-27,2026,9.6277,19505.72,-271.79,USD,MOCK_FEED
POS00200920250527,PORT002,INS0013,2025-05-27,4105,32.384,132936.32,3618.95,EUR,MOCK_FEED
POS00201020250527,PORT002,INS0014,2025-05-27,427,14.2981,6105.29,-124.22,EUR,MOCK_FEED
POS00200120250528,PORT002,INS0005,2025-05-28,3463,50.0866,173449.9,5163.64,GBP,MOCK_FEED
POS00200220250528,PORT002,INS0006,2025-05-28,4701,26.6041,125065.87,2169.91,INR,MOCK_FEED
POS00200320250528,PORT002,INS0007,2025-05-28,4881,38.749,189133.87,7493.33,EUR,MOCK_FEED
POS00200420250528,PORT002,INS0008,2025-05-28,3488,59.4684,207425.78,5465.25,GBP,MOCK_FEED
POS00200520250528,PORT002,INS0009,2025-05-28,4796,29.4649,141313.66,-1525.27,EUR,MOCK_FEED
POS00200620250528,PORT002,INS0010,2025-05-28,2427,53.1829,129074.9,-714.68,EUR,MOCK_FEED
POS00200720250528,PORT002,INS0011,2025-05-28,4287,23.3045,99906.39,-2538.39,USD,MOCK_FEED
POS00200820250528,PORT002,INS0012,2025-05-28,460,9.6831,4454.23,120.91,GBP,MOCK_FEED
POS00200920250528,PORT002,INS0013,2025-05-28,4105,32.268,132460.14,-2028.67,INR,MOCK_FEED
POS00201020250528,PORT002,INS0014,2025-05-28,2102,13.9736,29372.51,979.09,INR,MOCK_FEED
POS00200120250529,PORT002,INS0005,2025-05-29,268,50.5126,13537.38,164.56,GBP,MOCK_FEED
POS00200220250529,PORT002,INS0006,2025-05-29,4175,26.5531,110859.19,675.08,INR,MOCK_FEED
POS00200320250529,PORT002,INS0007,2025-05-29,1626,38.9731,63370.26,1589.31,INR,MOCK_FEED
POS00200420250529,PORT002,INS0008,2025-05-29,1136,59.3003,67365.14,1948.3,GBP,MOCK_FEED
POS00200520250529,PORT002,INS0009,2025-05-29,1435,28.6383,41095.96,6.56,EUR,MOCK_FEED
POS00200620250529,PORT002,INS0010,2025-05-29,1923,53.085,102082.46,3978.91,USD,MOCK_FEED
POS00200720250529,PORT002,INS0011,2025-05-29,1594,23.0249,36701.69,274.3,GBP,MOCK_FEED
POS00200820250529,PORT002,INS0012,2025-05-29,2631,9.52,25047.12,928.82,GBP,MOCK_FEED
POS00200920250529,PORT002,INS0013,2025-05-29,1577,32.4816,51223.48,-1214.82,USD,MOCK_FEED
POS00201020250529,PORT002,INS0014,2025-05-29,4921,13.9066,68434.38,1535.77,EUR,MOCK_FEED
POS00200120250530,PORT002,INS0005,2025-05-30,529,50.9134,26933.19,206.04,GBP,MOCK_FEED
POS00200220250530,PORT002,INS0006,2025-05-30,4532,26.7718,121329.8,241.98,INR,MOCK_FEED
POS00200320250530,PORT002,INS0007,2025-05-30,627,38.823,24342.02,800.38,INR,MOCK_FEED
POS00200420250530,PORT002,INS0008,2025-05-30,4340,59.9319,260104.45,4548.72,EUR,MOCK_FEED
POS00200520250530,PORT002,INS0009,2025-05-30,4902,28.5706,140053.08,-388.59,EUR,MOCK_FEED
POS00200620250530,PORT002,INS0010,2025-05-30,2607,54.1823,141253.26,-891.89,USD,MOCK_FEED
POS00200720250530,PORT002,INS0011,2025-05-30,3549,23.0911,81950.31,-1402.52,USD,MOCK_FEED
POS00200820250530,PORT002,INS0012,2025-05-30,1019,9.3854,9563.72,334.0,GBP,MOCK_FEED
POS00200920250530,PORT002,INS0013,2025-05-30,4548,32.9778,149983.03,4361.26,EUR,MOCK_FEED
POS00201020250530,PORT002,INS0014,2025-05-30,4434,13.71,60790.14,-637.12,GBP,MOCK_FEED
POS00200120250531,PORT002,INS0005,2025-05-31,2803,50.5867,141794.52,5418.2,GBP,MOCK_FEED
POS00200220250531,PORT002,INS0006,2025-05-31,562,26.7655,15042.21,218.39,EUR,MOCK_FEED
POS00200320250531,PORT002,INS0007,2025-05-31,3343,38.6308,129142.76,3424.37,INR,MOCK_FEED
POS00200420250531,PORT002,INS0008,2025-05-31,3377,59.9378,202409.95,7058.58,EUR,MOCK_FEED
POS00200520250531,PORT002,INS0009,2025-05-31,3150,29.0033,91360.4,444.51,GBP,MOCK_FEED
POS00200620250531,PORT002,INS0010,2025-05-31,4459,53.8699,240205.88,4085.17,GBP,MOCK_FEED
POS00200720250531,PORT002,INS0011,2025-05-31,4519,22.7449,102784.2,1825.09,EUR,MOCK_FEED
POS00200820250531,PORT002,INS0012,2025-05-31,969,9.3828,9091.93,26.44,USD,MOCK_FEED
POS00200920250531,PORT002,INS0013,2025-05-31,1075,33.2876,35784.17,328.27,EUR,MOCK_FEED
POS00201020250531,PORT002,INS0014,2025-05-31,1631,13.8064,22518.24,-438.93,EUR,MOCK_FEED
POS00200120250601,PORT002,INS0005,2025-06-01,3956,50.6424,200341.33,-4687.98,USD,MOCK_FEED
POS00200220250601,PORT002,INS0006,2025-06-01,1307,27.5649,36027.32,-579.41,USD,MOCK_FEED
POS00200320250601,PORT002,INS0007,2025-06-01,2828,38.2739,108238.59,544.07,USD,MOCK_FEED
POS00200420250601,PORT002,INS0008,2025-06-01,3232,59.3456,191804.98,5344.8,USD,MOCK_FEED
POS00200520250601,PORT002,INS0009,2025-06-01,1585,29.1091,46137.92,-1342.92,USD,MOCK_FEED
POS00200620250601,PORT002,INS0010,2025-06-01,4135,54.2464,224308.86,8971.82,USD,MOCK_FEED
POS00200720250601,PORT002,INS0011,2025-06-01,2030,22.6366,45952.3,1201.16,USD,MOCK_FEED
POS00200820250601,PORT002,INS0012,2025-06-01,1552,9.4049,14596.4,491.85,USD,MOCK_FEED
POS00200920250601,PORT002,INS0013,2025-06-01,3835,33.3136,127757.66,2527.59,USD,MOCK_FEED
POS00201020250601,PORT002,INS0014,2025-06-01,1631,13.9369,22731.08,369.66,GBP,MOCK_FEED
POS00200120250602,PORT002,INS0005,2025-06-02,653,51.0709,33349.3,917.92,GBP,MOCK_FEED
POS00200220250602,PORT002,INS0006,2025-06-02,4353,27.5505,119927.33,-2488.37,GBP,MOCK_FEED
POS00200320250602,PORT002,INS0007,2025-06-02,3297,38.7008,127596.54,-1154.2,USD,MOCK_FEED
POS00200420250602,PORT002,INS0008,2025-06-02,4513,59.5268,268644.45,6799.25,USD,MOCK_FEED
POS00200520250602,PORT002,INS0009,2025-06-02,4216,29.3016,123535.55,2071.01,GBP,MOCK_FEED
POS00200620250602,PORT002,INS0010,2025-06-02,4252,54.0024,229618.2,5342.44,GBP,MOCK_FEED
POS00200720250602,PORT002,INS0011,2025-06-02,1619,22.6177,36618.06,624.02,INR,MOCK_FEED
POS00200820250602,PORT002,INS0012,2025-06-02,904,9.3866,8485.49,337.39,INR,MOCK_FEED
POS00200920250602,PORT002,INS0013,2025-06-02,652,32.919,21463.19,604.64,INR,MOCK_FEED
POS00201020250602,PORT002,INS0014,2025-06-02,3978,13.8585,55129.11,-618.65,USD,MOCK_FEED
POS00200120250603,PORT002,INS0005,2025-06-03,110,51.5334,5668.67,140.89,EUR,MOCK_FEED
POS00200220250603,PORT002,INS0006,2025-06-03,3508,27.5206,96542.26,3337.37,EUR,MOCK_FEED
POS00200320250603,PORT002,INS0007,2025-06-03,2877,38.4483,110615.76,235.07,EUR,MOCK_FEED
POS00200420250603,PORT002,INS0008,2025-06-03,2658,58.9617,156720.2,-2258.18,EUR,MOCK_FEED
POS00200520250603,PORT002,INS0009,2025-06-03,3958,29.3243,116065.58,-2703.54,USD,MOCK_FEED
POS00200620250603,PORT002,INS0010,2025-06-03,2223,54.1771,120435.69,-1292.23,INR,MOCK_FEED
POS00200720250603,PORT002,INS0011,2025-06-03,3450,22.8198,78728.31,2153.77,EUR,MOCK_FEED
POS00200820250603,PORT002,INS0012,2025-06-03,4937,9.3303,46063.69,432.84,INR,MOCK_FEED
POS00200920250603,PORT002,INS0013,2025-06-03,2835,32.7268,92780.48,1952.48,GBP,MOCK_FEED
POS00201020250603,PORT002,INS0014,2025-06-03,2255,13.9547,31467.85,-801.34,EUR,MOCK_FEED
POS00200120250604,PORT002,INS0005,2025-06-04,2514,52.2027,131237.59,5249.36,INR,MOCK_FEED
POS00200220250604,PORT002,INS0006,2025-06-04,3031,27.3597,82927.25,-929.77,EUR,MOCK_FEED
POS00200320250604,PORT002,INS0007,2025-06-04,864,39.5601,34179.93,-898.69,USD,MOCK_FEED
POS00200420250604,PORT002,INS0008,2025-06-04,2822,58.1129,163994.6,-1787.11,EUR,MOCK_FEED
POS00200520250604,PORT002,INS0009,2025-06-04,3152,29.3749,92589.68,992.75,USD,MOCK_FEED
POS00200620250604,PORT002,INS0010,2025-06-04,1679,54.3261,91213.52,1263.36,INR,MOCK_FEED
POS00200720250604,PORT002,INS0011,2025-06-04,2865,22.4985,64458.2,-865.95,GBP,MOCK_FEED
POS00200820250604,PORT002,INS0012,2025-06-04,3594,9.3205,33497.88,-11.69,INR,MOCK_FEED
POS00200920250604,PORT002,INS0013,2025-06-04,1825,32.3905,59112.66,1245.75,INR,MOCK_FEED
POS00201020250604,PORT002,INS0014,2025-06-04,3178,13.9248,44253.01,-509.26,EUR,MOCK_FEED
POS00200120250605,PORT002,INS0005,2025-06-05,2098,51.6535,108369.04,-1878.12,GBP,MOCK_FEED
POS00200220250605,PORT002,INS0006,2025-06-05,4365,27.5161,120107.78,-753.6,USD,MOCK_FEED
POS00200320250605,PORT002,INS0007,2025-06-05,646,39.6756,25630.44,633.12,USD,MOCK_FEED
POS00200420250605,PORT002,INS0008,2025-06-05,4753,57.7356,274417.31,-4779.62,INR,MOCK_FEED
POS00200520250605,PORT002,INS0009,2025-06-05,775,29.323,22725.33,73.13,USD,MOCK_FEED
POS00200620250605,PORT002,INS0010,2025-06-05,1519,54.999,83543.48,636.23,USD,MOCK_FEED
POS00200720250605,PORT002,INS0011,2025-06-05,529,22.7534,12036.55,116.16,USD,MOCK_FEED
POS00200820250605,PORT002,INS0012,2025-06-05,470,9.2416,4343.55,-127.77,EUR,MOCK_FEED
POS00200920250605,PORT002,INS0013,2025-06-05,1799,32.0481,57654.53,1515.33,GBP,MOCK_FEED
POS00201020250605,PORT002,INS0014,2025-06-05,2542,13.6407,34674.66,-122.47,USD,MOCK_FEED
POS00200120250606,PORT002,INS0005,2025-06-06,2305,51.755,119295.28,2126.86,INR,MOCK_FEED
POS00200220250606,PORT002,INS0006,2025-06-06,845,27.2347,23013.32,-95.19,INR,MOCK_FEED
POS00200320250606,PORT002,INS0007,2025-06-06,3003,39.4157,118365.35,-3339.39,GBP,MOCK_FEED
POS00200420250606,PORT002,INS0008,2025-06-06,4146,58.5965,242941.09,1676.0,EUR,MOCK_FEED
POS00200520250606,PORT002,INS0009,2025-06-06,751,29.414,22089.91,665.91,USD,MOCK_FEED
POS00200620250606,PORT002,INS0010,2025-06-06,2140,54.8502,117379.43,-3140.67,INR,MOCK_FEED
POS00200720250606,PORT002,INS0011,2025-06-06,2755,22.3466,61564.88,-1063.13,GBP,MOCK_FEED
POS00200820250606,PORT002,INS0012,2025-06-06,1486,9.1542,13603.14,411.62,INR,MOCK_FEED
POS00200920250606,PORT002,INS0013,2025-06-06,2600,31.9679,83116.54,32.19,EUR,MOCK_FEED
POS00201020250606,PORT002,INS0014,2025-06-06,759,13.8302,10497.12,-126.79,USD,MOCK_FEED
POS00200120250607,PORT002,INS0005,2025-06-07,3966,51.3418,203621.58,-254.61,USD,MOCK_FEED
POS00200220250607,PORT002,INS0006,2025-06-07,2823,26.9163,75984.71,-618.07,INR,MOCK_FEED
POS00200320250607,PORT002,INS0007,2025-06-07,890,39.4939,35149.57,-983.46,GBP,MOCK_FEED
POS00200420250607,PORT002,INS0008,2025-06-07,1695,57.1568,96880.78,1868.26,INR,MOCK_FEED
POS00200520250607,PORT002,INS0009,2025-06-07,3683,28.896,106423.97,1286.16,EUR,MOCK_FEED
POS00200620250607,PORT002,INS0010,2025-06-07,1412,55.5618,78453.26,851.15,EUR,MOCK_FEED
POS00200720250607,PORT002,INS0011,2025-06-07,3146,22.2835,70103.89,2743.15,USD,MOCK_FEED
POS00200820250607,PORT002,INS0012,2025-06-07,3563,9.1798,32707.63,957.84,INR,MOCK_FEED
POS00200920250607,PORT002,INS0013,2025-06-07,1269,32.244,40917.64,-213.11,EUR,MOCK_FEED
POS00201020250607,PORT002,INS0014,2025-06-07,4603,13.8898,63934.75,-999.45,INR,MOCK_FEED
POS00200120250608,PORT002,INS0005,2025-06-08,1855,50.0712,92882.08,2348.87,EUR,MOCK_FEED
POS00200220250608,PORT002,INS0006,2025-06-08,176,26.6265,4686.26,-69.3,USD,MOCK_FEED
POS00200320250608,PORT002,INS0007,2025-06-08,2805,39.6687,111270.7,1567.41,INR,MOCK_FEED
POS00200420250608,PORT002,INS0008,2025-06-08,3831,56.6844,217157.94,7605.62,INR,MOCK_FEED
POS00200520250608,PORT002,INS0009,2025-06-08,1307,29.6832,38795.94,-644.47,USD,MOCK_FEED
POS00200620250608,PORT002,INS0010,2025-06-08,3748,55.05,206327.4,-2255.49,GBP,MOCK_FEED
POS00200720250608,PORT002,INS0011,2025-06-08,1797,22.6631,40725.59,-873.5,INR,MOCK_FEED
POS00200820250608,PORT002,INS0012,2025-06-08,1896,9.3802,17784.86,-450.61,INR,MOCK_FEED
POS00200920250608,PORT002,INS0013,2025-06-08,1046,31.7661,33227.34,-471.89,INR,MOCK_FEED
POS00201020250608,PORT002,INS0014,2025-06-08,1039,13.7671,14304.02,-46.59,GBP,MOCK_FEED
POS00200120250609,PORT002,INS0005,2025-06-09,4408,49.8143,219581.43,8131.73,USD,MOCK_FEED
POS00200220250609,PORT002,INS0006,2025-06-09,309,26.6371,8230.86,-106.39,USD,MOCK_FEED
POS00200320250609,PORT002,INS0007,2025-06-09,4336,40.1801,174220.91,2672.45,GBP,MOCK_FEED
POS00200420250609,PORT002,INS0008,2025-06-09,4314,56.4438,243498.55,-3362.04,EUR,MOCK_FEED
POS00200520250609,PORT002,INS0009,2025-06-09,4361,29.9854,130766.33,3229.13,GBP,MOCK_FEED
POS00200620250609,PORT002,INS0010,2025-06-09,4282,55.3037,236810.44,3018.62,GBP,MOCK_FEED
POS00200720250609,PORT002,INS0011,2025-06-09,4973,22.9581,114170.63,-2708.33,INR,MOCK_FEED
POS00200820250609,PORT002,INS0012,2025-06-09,1542,9.3088,14354.17,453.81,USD,MOCK_FEED
POS00200920250609,PORT002,INS0013,2025-06-09,2008,32.0802,64417.04,240.03,EUR,MOCK_FEED
POS00201020250609,PORT002,INS0014,2025-06-09,3789,13.7994,52285.93,1572.63,INR,MOCK_FEED
POS00200120250610,PORT002,INS0005,2025-06-10,888,48.8579,43385.82,1419.4,USD,MOCK_FEED
POS00200220250610,PORT002,INS0006,2025-06-10,288,26.85,7732.8,-106.88,GBP,MOCK_FEED
POS00200320250610,PORT002,INS0007,2025-06-10,3465,39.7168,137618.71,5438.55,EUR,MOCK_FEED
POS00200420250610,PORT002,INS0008,2025-06-10,884,56.3947,49852.91,85.02,USD,MOCK_FEED
POS00200520250610,PORT002,INS0009,2025-06-10,1525,29.9776,45715.84,375.09,EUR,MOCK_FEED
POS00200620250610,PORT002,INS0010,2025-06-10,1494,55.552,82994.69,2566.46,GBP,MOCK_FEED
POS00200720250610,PORT002,INS0011,2025-06-10,3147,22.9713,72290.68,877.3,EUR,MOCK_FEED
POS00200820250610,PORT002,INS0012,2025-06-10,3598,9.2758,33374.33,889.63,INR,MOCK_FEED
POS00200920250610,PORT002,INS0013,2025-06-10,3479,32.2206,112095.47,393.74,USD,MOCK_FEED
POS00201020250610,PORT002,INS0014,2025-06-10,2328,13.8821,32317.53,-862.82,INR,MOCK_FEED
POS00200120250611,PORT002,INS0005,2025-06-11,2118,49.5653,104979.31,1197.68,USD,MOCK_FEED
POS00200220250611,PORT002,INS0006,2025-06-11,4384,26.618,116693.31,-404.86,USD,MOCK_FEED
POS00200320250611,PORT002,INS0007,2025-06-11,710,40.4601,28726.67,825.03,GBP,MOCK_FEED
POS00200420250611,PORT002,INS0008,2025-06-11,4927,57.2409,282025.91,785.98,EUR,MOCK_FEED
POS00200520250611,PORT002,INS0009,2025-06-11,4431,30.2811,134175.55,-642.31,EUR,MOCK_FEED
POS00200620250611,PORT002,INS0010,2025-06-11,4560,56.4231,257289.34,-4123.23,GBP,MOCK_FEED
POS00200720250611,PORT002,INS0011,2025-06-11,2338,22.9578,53675.34,1563.74,EUR,MOCK_FEED
POS00200820250611,PORT002,INS0012,2025-06-11,4977,9.1769,45673.43,-1309.66,USD,MOCK_FEED
POS00200920250611,PORT002,INS0013,2025-06-11,2380,32.2356,76720.73,-1102.45,INR,MOCK_FEED
POS00201020250611,PORT002,INS0014,2025-06-11,1331,14.0806,18741.28,-256.47,GBP,MOCK_FEED
POS00200120250612,PORT002,INS0005,2025-06-12,3340,50.3144,168050.1,-4669.77,USD,MOCK_FEED
POS00200220250612,PORT002,INS0006,2025-06-12,4030,26.4614,106639.44,-1658.17,GBP,MOCK_FEED
POS00200320250612,PORT002,INS0007,2025-06-12,4085,40.7642,166521.76,1407.93,EUR,MOCK_FEED
POS00200420250612,PORT002,INS0008,2025-06-12,1875,57.4106,107644.88,3175.21,GBP,MOCK_FEED
POS00200520250612,PORT002,INS0009,2025-06-12,2455,29.9152,73441.82,-1417.93,USD,MOCK_FEED
POS00200620250612,PORT002,INS0010,2025-06-12,1980,56.5499,111968.8,-2225.85,GBP,MOCK_FEED
POS00200720250612,PORT002,INS0011,2025-06-12,312,23.1451,7221.27,220.99,USD,MOCK_FEED
POS00200820250612,PORT002,INS0012,2025-06-12,3088,9.3506,28874.65,-259.74,USD,MOCK_FEED
POS00200920250612,PORT002,INS0013,2025-06-12,1558,32.23,50214.34,1267.79,USD,MOCK_FEED
POS00201020250612,PORT002,INS0014,2025-06-12,3734,13.8886,51860.03,-13.82,INR,MOCK_FEED
POS00200120250613,PORT002,INS0005,2025-06-13,1932,50.5224,97609.28,2314.56,EUR,MOCK_FEED
POS00200220250613,PORT002,INS0006,2025-06-13,725,26.0626,18895.38,129.92,EUR,MOCK_FEED
POS00200320250613,PORT002,INS0007,2025-06-13,1920,40.2916,77359.87,-1143.1,INR,MOCK_FEED
POS00200420250613,PORT002,INS0008,2025-06-13,1794,58.3459,104672.54,-3103.32,GBP,MOCK_FEED
POS00200520250613,PORT002,INS0009,2025-06-13,4080,29.4981,120352.25,298.5,GBP,MOCK_FEED
POS00200620250613,PORT002,INS0010,2025-06-13,3186,55.1771,175794.24,257.36,INR,MOCK_FEED
POS00200720250613,PORT002,INS0011,2025-06-13,3649,23.359,85236.99,1051.7,GBP,MOCK_FEED
POS00200820250613,PORT002,INS0012,2025-06-13,1483,9.2592,13731.39,194.81,GBP,MOCK_FEED
POS00200920250613,PORT002,INS0013,2025-06-13,3989,31.9811,127572.61,-2854.78,INR,MOCK_FEED
POS00201020250613,PORT002,INS0014,2025-06-13,2339,13.9064,32527.07,628.53,EUR,MOCK_FEED
POS00200120250614,PORT002,INS0005,2025-06-14,3450,49.2609,169950.11,-5051.62,USD,MOCK_FEED
POS00200220250614,PORT002,INS0006,2025-06-14,2503,26.3786,66025.64,1245.2,EUR,MOCK_FEED
POS00200320250614,PORT002,INS0007,2025-06-14,914,40.592,37101.09,-23.71,USD,MOCK_FEED
POS00200420250614,PORT002,INS0008,2025-06-14,3357,57.7407,193835.53,-1589.24,USD,MOCK_FEED
POS00200520250614,PORT002,INS0009,2025-06-14,3765,29.0933,109536.27,-2548.27,EUR,MOCK_FEED
POS00200620250614,PORT002,INS0010,2025-06-14,4099,55.4517,227296.52,-2559.24,INR,MOCK_FEED
POS00200720250614,PORT002,INS0011,2025-06-14,972,23.3045,22651.97,-51.33,INR,MOCK_FEED
POS00200820250614,PORT002,INS0012,2025-06-14,3749,9.3098,34902.44,-392.03,INR,MOCK_FEED
POS00200920250614,PORT002,INS0013,2025-06-14,1695,31.415,53248.42,1643.04,USD,MOCK_FEED
POS00201020250614,PORT002,INS0014,2025-06-14,2687,13.6838,36768.37,669.4,EUR,MOCK_FEED
POS00200120250615,PORT002,INS0005,2025-06-15,1504,48.7475,73316.24,-166.22,EUR,MOCK_FEED
POS00200220250615,PORT002,INS0006,2025-06-15,2647,26.3787,69824.42,-30.01,USD,MOCK_FEED
POS00200320250615,PORT002,INS0007,2025-06-15,3775,40.2706,152021.52,2168.02,GBP,MOCK_FEED
POS00200420250615,PORT002,INS0008,2025-06-15,3779,57.2786,216455.83,-2475.11,EUR,MOCK_FEED
POS00200520250615,PORT002,INS0009,2025-06-15,3877,29.3114,113640.3,-1977.04,INR,MOCK_FEED
POS00200620250615,PORT002,INS0010,2025-06-15,1503,55.8427,83931.58,1376.73,USD,MOCK_FEED
POS00200720250615,PORT002,INS0011,2025-06-15,2726,23.8749,65082.98,2018.45,GBP,MOCK_FEED
POS00200820250615,PORT002,INS0012,2025-06-15,4479,9.3154,41723.68,1518.99,GBP,MOCK_FEED
POS00200920250615,PORT002,INS0013,2025-06-15,1733,30.7775,53337.41,437.46,USD,MOCK_FEED
POS00201020250615,PORT002,INS0014,2025-06-15,4626,13.6905,63332.25,819.65,GBP,MOCK_FEED
POS00200120250616,PORT002,INS0005,2025-06-16,1519,48.6521,73902.54,2196.52,USD,MOCK_FEED
POS00200220250616,PORT002,INS0006,2025-06-16,2798,25.9977,72741.56,-1695.72,USD,MOCK_FEED
POS00200320250616,PORT002,INS0007,2025-06-16,3648,40.7796,148763.98,3530.78,USD,MOCK_FEED
POS00200420250616,PORT002,INS0008,2025-06-16,358,57.6276,20630.68,685.04,EUR,MOCK_FEED
POS00200520250616,PORT002,INS0009,2025-06-16,2656,29.1155,77330.77,2887.64,GBP,MOCK_FEED
POS00200620250616,PORT002,INS0010,2025-06-16,1429,56.205,80316.94,-530.94,INR,MOCK_FEED
POS00200720250616,PORT002,INS0011,2025-06-16,2730,24.3162,66383.23,-584.73,USD,MOCK_FEED
POS00200820250616,PORT002,INS0012,2025-06-16,4290,9.4977,40745.13,1177.35,USD,MOCK_FEED
POS00200920250616,PORT002,INS0013,2025-06-16,3985,31.01,123574.85,3239.75,INR,MOCK_FEED
POS00201020250616,PORT002,INS0014,2025-06-16,1265,13.6166,17225.0,-0.64,EUR,MOCK_FEED
POS00200120250617,PORT002,INS0005,2025-06-17,4118,48.9468,201562.92,7374.75,EUR,MOCK_FEED
POS00200220250617,PORT002,INS0006,2025-06-17,1439,26.0695,37514.01,572.75,GBP,MOCK_FEED
POS00200320250617,PORT002,INS0007,2025-06-17,2127,40.5884,86331.53,2976.8,INR,MOCK_FEED
POS00200420250617,PORT002,INS0008,2025-06-17,3925,57.8883,227211.58,7783.04,EUR,MOCK_FEED
POS00200520250617,PORT002,INS0009,2025-06-17,858,29.536,25341.89,-23.16,USD,MOCK_FEED
POS00200620250617,PORT002,INS0010,2025-06-17,2218,56.0498,124318.46,664.67,USD,MOCK_FEED
POS00200720250617,PORT002,INS0011,2025-06-17,4063,24.5088,99579.25,756.21,EUR,MOCK_FEED
POS00200820250617,PORT002,INS0012,2025-06-17,3208,9.4168,30209.09,175.16,USD,MOCK_FEED
POS00200920250617,PORT002,INS0013,2025-06-17,392,30.5834,11988.69,-216.36,USD,MOCK_FEED
POS00201020250617,PORT002,INS0014,2025-06-17,4558,13.5065,61562.63,-686.68,INR,MOCK_FEED
POS00200120250618,PORT002,INS0005,2025-06-18,4124,48.7241,200938.19,3567.59,EUR,MOCK_FEED
POS00200220250618,PORT002,INS0006,2025-06-18,1425,26.0001,37050.14,-847.09,INR,MOCK_FEED
POS00200320250618,PORT002,INS0007,2025-06-18,3785,40.5803,153596.44,1239.31,GBP,MOCK_FEED
POS00200420250618,PORT002,INS0008,2025-06-18,906,58.6449,53132.28,1912.41,EUR,MOCK_FEED
POS00200520250618,PORT002,INS0009,2025-06-18,4060,29.3168,119026.21,4526.65,GBP,MOCK_FEED
POS00200620250618,PORT002,INS0010,2025-06-18,2107,55.6845,117327.24,4603.18,GBP,MOCK_FEED
POS00200720250618,PORT002,INS0011,2025-06-18,3154,24.3891,76923.22,-2180.23,GBP,MOCK_FEED
POS00200820250618,PORT002,INS0012,2025-06-18,3388,9.5011,32189.73,662.55,USD,MOCK_FEED
POS00200920250618,PORT002,INS0013,2025-06-18,1748,30.5194,53347.91,1178.41,USD,MOCK_FEED
POS00201020250618,PORT002,INS0014,2025-06-18,3748,13.3507,50038.42,711.43,EUR,MOCK_FEED
POS00200120250619,PORT002,INS0005,2025-06-19,4836,48.2963,233560.91,4146.62,INR,MOCK_FEED
POS00200220250619,PORT002,INS0006,2025-06-19,1130,25.5222,28840.09,-447.23,INR,MOCK_FEED
POS00200320250619,PORT002,INS0007,2025-06-19,4352,40.8367,177721.32,4903.48,INR,MOCK_FEED
POS00200420250619,PORT002,INS0008,2025-06-19,162,59.4507,9631.01,-162.34,GBP,MOCK_FEED
POS00200520250619,PORT002,INS0009,2025-06-19,511,29.3596,15002.76,116.05,GBP,MOCK_FEED
POS00200620250619,PORT002,INS0010,2025-06-19,493,55.7682,27493.72,-301.64,EUR,MOCK_FEED
POS00200720250619,PORT002,INS0011,2025-06-19,1571,24.4441,38401.68,772.07,EUR,MOCK_FEED
POS00200820250619,PORT002,INS0012,2025-06-19,1860,9.3157,17327.2,-441.15,USD,MOCK_FEED
POS00200920250619,PORT002,INS0013,2025-06-19,317,30.5395,9681.02,-170.62,EUR,MOCK_FEED
POS00201020250619,PORT002,INS0014,2025-06-19,3025,13.4937,40818.44,-427.28,INR,MOCK_FEED
POS00200120250620,PORT002,INS0005,2025-06-20,4436,48.8362,216637.38,5673.65,EUR,MOCK_FEED
POS00200220250620,PORT002,INS0006,2025-06-20,1345,25.33,34068.85,539.64,GBP,MOCK_FEED
POS00200320250620,PORT002,INS0007,2025-06-20,3625,39.8299,144383.39,2999.89,INR,MOCK_FEED
POS00200420250620,PORT002,INS0008,2025-06-20,4448,59.5342,264808.12,-2288.36,GBP,MOCK_FEED
POS00200520250620,PORT002,INS0009,2025-06-20,4761,29.2955,139475.88,3276.09,INR,MOCK_FEED
POS00200620250620,PORT002,INS0010,2025-06-20,4828,56.8446,274445.73,1985.03,EUR,MOCK_FEED
POS00200720250620,PORT002,INS0011,2025-06-20,2133,24.1795,51574.87,-857.62,USD,MOCK_FEED
POS00200820250620,PORT002,INS0012,2025-06-20,4840,9.3818,45407.91,-558.73,EUR,MOCK_FEED
POS00200920250620,PORT002,INS0013,2025-06-20,1866,29.6845,55391.28,-471.07,GBP,MOCK_FEED
POS00201020250620,PORT002,INS0014,2025-06-20,1578,13.5389,21364.38,40.74,USD,MOCK_FEED
POS00200120250621,PORT002,INS0005,2025-06-21,3806,49.5811,188705.67,4702.53,INR,MOCK_FEED
POS00200220250621,PORT002,INS0006,2025-06-21,4093,25.5291,104490.61,-3132.24,INR,MOCK_FEED
POS00200320250621,PORT002,INS0007,2025-06-21,2657,39.5047,104963.99,-2051.66,EUR,MOCK_FEED
POS00200420250621,PORT002,INS0008,2025-06-21,4753,58.7445,279212.61,-3004.62,EUR,MOCK_FEED
POS00200520250621,PORT002,INS0009,2025-06-21,3865,29.948,115749.02,4548.56,GBP,MOCK_FEED
POS00200620250621,PORT002,INS0010,2025-06-21,959,56.5249,54207.38,-1613.93,GBP,MOCK_FEED
POS00200720250621,PORT002,INS0011,2025-06-21,3658,24.0892,88118.29,1779.4,EUR,MOCK_FEED
POS00200820250621,PORT002,INS0012,2025-06-21,4142,9.2956,38502.38,-12.33,GBP,MOCK_FEED
POS00200920250621,PORT002,INS0013,2025-06-21,2037,30.3192,61760.21,-1174.13,GBP,MOCK_FEED
POS00201020250621,PORT002,INS0014,2025-06-21,1571,13.6259,21406.29,405.72,GBP,MOCK_FEED
POS00200120250622,PORT002,INS0005,2025-06-22,4541,49.1628,223248.27,-1338.13,EUR,MOCK_FEED
POS00200220250622,PORT002,INS0006,2025-06-22,704,25.3676,17858.79,-22.67,INR,MOCK_FEED
POS00200320250622,PORT002,INS0007,2025-06-22,2480,40.2297,99769.66,-2715.56,USD,MOCK_FEED
POS00200420250622,PORT002,INS0008,2025-06-22,1350,59.1182,79809.57,-1646.92,USD,MOCK_FEED
POS00200520250622,PORT002,INS0009,2025-06-22,2074,30.6261,63518.53,1184.77,GBP,MOCK_FEED
POS00200620250622,PORT002,INS0010,2025-06-22,1702,56.3312,95875.7,580.15,INR,MOCK_FEED
POS00200720250622,PORT002,INS0011,2025-06-22,2248,24.5541,55197.62,-1255.53,GBP,MOCK_FEED
POS00200820250622,PORT002,INS0012,2025-06-22,3385,9.2823,31420.59,759.71,GBP,MOCK_FEED
POS00200920250622,PORT002,INS0013,2025-06-22,1624,30.4801,49499.68,687.53,EUR,MOCK_FEED
POS00201020250622,PORT002,INS0014,2025-06-22,4259,13.5868,57866.18,-1260.29,EUR,MOCK_FEED
POS00200120250623,PORT002,INS0005,2025-06-23,2122,49.3369,104692.9,231.86,GBP,MOCK_FEED
POS00200220250623,PORT002,INS0006,2025-06-23,2396,25.7241,61634.94,-1652.06,INR,MOCK_FEED
POS00200320250623,PORT002,INS0007,2025-06-23,1497,39.7771,59546.32,727.61,USD,MOCK_FEED
POS00200420250623,PORT002,INS0008,2025-06-23,877,60.0785,52688.84,1814.12,GBP,MOCK_FEED
POS00200520250623,PORT002,INS0009,2025-06-23,4868,31.2758,152250.59,4964.32,EUR,MOCK_FEED
POS00200620250623,PORT002,INS0010,2025-06-23,3275,57.9435,189764.96,923.63,INR,MOCK_FEED
POS00200720250623,PORT002,INS0011,2025-06-23,2124,25.2292,53586.82,1087.11,INR,MOCK_FEED
POS00200820250623,PORT002,INS0012,2025-06-23,4833,9.173,44333.11,-1100.92,USD,MOCK_FEED
POS00200920250623,PORT002,INS0013,2025-06-23,1130,30.4505,34409.07,-215.47,EUR,MOCK_FEED
POS00201020250623,PORT002,INS0014,2025-06-23,4552,13.5547,61700.99,-24.11,USD,MOCK_FEED
POS00200120250624,PORT002,INS0005,2025-06-24,1401,49.7339,69677.19,1627.0,INR,MOCK_FEED
POS00200220250624,PORT002,INS0006,2025-06-24,4714,25.6302,120820.76,-1573.96,USD,MOCK_FEED
POS00200320250624,PORT002,INS0007,2025-06-24,794,39.8402,31633.12,275.8,INR,MOCK_FEED
POS00200420250624,PORT002,INS0008,2025-06-24,1864,59.4321,110781.43,4272.11,GBP,MOCK_FEED
POS00200520250624,PORT002,INS0009,2025-06-24,1159,31.7041,36745.05,-341.98,USD,MOCK_FEED
POS00200620250624,PORT002,INS0010,2025-06-24,4501,57.1856,257392.39,-2887.55,GBP,MOCK_FEED
POS00200720250624,PORT002,INS0011,2025-06-24,3399,24.9872,84931.49,-1253.9,GBP,MOCK_FEED
POS00200820250624,PORT002,INS0012,2025-06-24,2785,9.2075,25642.89,-551.38,EUR,MOCK_FEED
POS00200920250624,PORT002,INS0013,2025-06-24,4676,30.7504,143788.87,4650.71,EUR,MOCK_FEED
POS00201020250624,PORT002,INS0014,2025-06-24,3733,13.3693,49907.6,1780.65,GBP,MOCK_FEED
POS00200120250625,PORT002,INS0005,2025-06-25,3613,49.2898,178084.05,3724.76,GBP,MOCK_FEED
POS00200220250625,PORT002,INS0006,2025-06-25,2111,25.5504,53936.89,-706.95,USD,MOCK_FEED
POS00200320250625,PORT002,INS0007,2025-06-25,4846,39.9862,193773.13,3244.06,USD,MOCK_FEED
POS00200420250625,PORT002,INS0008,2025-06-25,1397,60.5509,84589.61,110.89,EUR,MOCK_FEED
POS00200520250625,PORT002,INS0009,2025-06-25,1106,31.836,35210.62,-1021.09,USD,MOCK_FEED
POS00200620250625,PORT002,INS0010,2025-06-25,2303,56.9658,131192.24,-395.84,USD,MOCK_FEED
POS00200720250625,PORT002,INS0011,2025-06-25,271,25.2326,6838.03,179.35,GBP,MOCK_FEED
POS00200820250625,PORT002,INS0012,2025-06-25,4181,9.2243,38566.8,-649.12,INR,MOCK_FEED
POS00200920250625,PORT002,INS0013,2025-06-25,4369,30.4487,133030.37,-2591.11,EUR,MOCK_FEED
POS00201020250625,PORT002,INS0014,2025-06-25,3639,13.4694,49015.15,175.49,INR,MOCK_FEED
POS00200120250626,PORT002,INS0005,2025-06-26,1795,50.0383,89818.75,-1344.74,EUR,MOCK_FEED
POS00200220250626,PORT002,INS0006,2025-06-26,2854,25.8662,73822.13,-2178.93,USD,MOCK_FEED
POS00200320250626,PORT002,INS0007,2025-06-26,2977,40.165,119571.21,-2622.26,USD,MOCK_FEED
POS00200420250626,PORT002,INS0008,2025-06-26,2696,60.6761,163582.77,-3328.9,INR,MOCK_FEED
POS00200520250626,PORT002,INS0009,2025-06-26,4050,31.2227,126451.93,878.13,INR,MOCK_FEED
POS00200620250626,PORT002,INS0010,2025-06-26,4334,56.9117,246655.31,-811.58,USD,MOCK_FEED
POS00200720250626,PORT002,INS0011,2025-06-26,3691,25.2739,93285.96,-2496.54,EUR,MOCK_FEED
POS00200820250626,PORT002,INS0012,2025-06-26,4891,9.2138,45064.7,886.19,EUR,MOCK_FEED
POS00200920250626,PORT002,INS0013,2025-06-26,2575,30.477,78478.27,-1595.16,GBP,MOCK_FEED
POS00201020250626,PORT002,INS0014,2025-06-26,1482,13.5037,20012.48,488.02,GBP,MOCK_FEED
POS00200120250627,PORT002,INS0005,2025-06-27,3665,49.9289,182989.42,6892.87,USD,MOCK_FEED
POS00200220250627,PORT002,INS0006,2025-06-27,2338,25.7439,60189.24,-681.39,INR,MOCK_FEED
POS00200320250627,PORT002,INS0007,2025-06-27,3845,40.6757,156398.07,2471.87,GBP,MOCK_FEED
POS00200420250627,PORT002,INS0008,2025-06-27,1767,60.7245,107300.19,2648.77,EUR,MOCK_FEED
POS00200520250627,PORT002,INS0009,2025-06-27,4812,31.6663,152378.24,-2573.3,INR,MOCK_FEED
POS00200620250627,PORT002,INS0010,2025-06-27,4022,56.7974,228439.14,1371.99,GBP,MOCK_FEED
POS00200720250627,PORT002,INS0011,2025-06-27,3697,25.0365,92559.94,2242.89,USD,MOCK_FEED
POS00200820250627,PORT002,INS0012,2025-06-27,4210,9.2895,39108.79,596.78,USD,MOCK_FEED
POS00200920250627,PORT002,INS0013,2025-06-27,2013,30.6974,61793.87,2210.96,USD,MOCK_FEED
POS00201020250627,PORT002,INS0014,2025-06-27,271,13.4356,3641.05,-35.66,GBP,MOCK_FEED
POS00200120250628,PORT002,INS0005,2025-06-28,2853,50.5272,144154.1,1864.35,GBP,MOCK_FEED
POS00200220250628,PORT002,INS0006,2025-06-28,2147,25.6925,55161.8,-898.7,EUR,MOCK_FEED
POS00200320250628,PORT002,INS0007,2025-06-28,3351,40.3264,135133.77,3939.2,INR,MOCK_FEED
POS00200420250628,PORT002,INS0008,2025-06-28,4404,59.4561,261844.66,-954.14,GBP,MOCK_FEED
POS00200520250628,PORT002,INS0009,2025-06-28,502,31.3924,15758.98,-207.17,INR,MOCK_FEED
POS00200620250628,PORT002,INS0010,2025-06-28,560,56.7736,31793.22,-745.96,INR,MOCK_FEED
POS00200720250628,PORT002,INS0011,2025-06-28,4958,24.9165,123536.01,120.65,GBP,MOCK_FEED
POS00200820250628,PORT002,INS0012,2025-06-28,2371,9.4621,22434.64,179.2,GBP,MOCK_FEED
POS00200920250628,PORT002,INS0013,2025-06-28,4032,30.6172,123448.55,-188.31,USD,MOCK_FEED
POS00201020250628,PORT002,INS0014,2025-06-28,4150,13.6461,56631.32,1331.94,USD,MOCK_FEED
POS00200120250629,PORT002,INS0005,2025-06-29,2340,50.443,118036.62,-687.35,INR,MOCK_FEED
POS00200220250629,PORT002,INS0006,2025-06-29,4559,26.0958,118970.75,-804.9,USD,MOCK_FEED
POS00200320250629,PORT002,INS0007,2025-06-29,3106,41.2644,128167.23,92.79,USD,MOCK_FEED
POS00200420250629,PORT002,INS0008,2025-06-29,1938,58.9162,114179.6,-1293.7,USD,MOCK_FEED
POS00200520250629,PORT002,INS0009,2025-06-29,3280,31.6123,103688.34,1454.58,USD,MOCK_FEED
POS00200620250629,PORT002,INS0010,2025-06-29,247,56.4148,13934.46,-405.74,USD,MOCK_FEED
POS00200720250629,PORT002,INS0011,2025-06-29,433,25.4152,11004.78,-142.32,GBP,MOCK_FEED
POS00200820250629,PORT002,INS0012,2025-06-29,1714,9.6098,16471.2,589.65,GBP,MOCK_FEED
POS00200920250629,PORT002,INS0013,2025-06-29,120,31.0178,3722.14,11.78,GBP,MOCK_FEED
POS00201020250629,PORT002,INS0014,2025-06-29,4012,13.6011,54567.61,568.07,EUR,MOCK_FEED
POS00200120250630,PORT002,INS0005,2025-06-30,3681,51.9671,191290.9,6681.78,GBP,MOCK_FEED
POS00200220250630,PORT002,INS0006,2025-06-30,3241,25.69,83261.29,1598.53,INR,MOCK_FEED
POS00200320250630,PORT002,INS0007,2025-06-30,3035,41.6079,126279.98,1678.63,GBP,MOCK_FEED
POS00200420250630,PORT002,INS0008,2025-06-30,2214,59.5188,131774.62,3491.94,INR,MOCK_FEED
POS00200520250630,PORT002,INS0009,2025-06-30,532,31.8158,16926.01,418.65,USD,MOCK_FEED
POS00200620250630,PORT002,INS0010,2025-06-30,2512,55.5936,139651.12,2818.32,EUR,MOCK_FEED
POS00200720250630,PORT002,INS0011,2025-06-30,173,24.9521,4316.71,36.67,GBP,MOCK_FEED
POS00200820250630,PORT002,INS0012,2025-06-30,3153,9.9429,31349.96,-807.69,GBP,MOCK_FEED
POS00200920250630,PORT002,INS0013,2025-06-30,240,31.1839,7484.14,248.2,INR,MOCK_FEED
POS00201020250630,PORT002,INS0014,2025-06-30,645,13.6096,8778.19,154.18,INR,MOCK_FEED
POS00200120250701,PORT002,INS0005,2025-07-01,4874,51.3839,250445.13,-4159.0,GBP,MOCK_FEED
POS00200220250701,PORT002,INS0006,2025-07-01,2045,25.4557,52056.91,1749.29,INR,MOCK_FEED
POS00200320250701,PORT002,INS0007,2025-07-01,523,41.435,21670.51,608.35,EUR,MOCK_FEED
POS00200420250701,PORT002,INS0008,2025-07-01,265,60.3306,15987.61,487.37,INR,MOCK_FEED
POS00200520250701,PORT002,INS0009,2025-07-01,1683,31.9687,53803.32,478.83,GBP,MOCK_FEED
POS00200620250701,PORT002,INS0010,2025-07-01,246,54.8743,13499.08,232.39,GBP,MOCK_FEED
POS00200720250701,PORT002,INS0011,2025-07-01,2895,24.4699,70840.36,-1428.09,USD,MOCK_FEED
POS00200820250701,PORT002,INS0012,2025-07-01,1138,9.9677,11343.24,-53.12,INR,MOCK_FEED
POS00200920250701,PORT002,INS0013,2025-07-01,698,31.339,21874.62,-583.44,GBP,MOCK_FEED
POS00201020250701,PORT002,INS0014,2025-07-01,4604,13.6602,62891.56,-348.6,INR,MOCK_FEED
POS00200120250702,PORT002,INS0005,2025-07-02,3268,51.8487,169441.55,-3205.12,GBP,MOCK_FEED
POS00200220250702,PORT002,INS0006,2025-07-02,1575,25.6739,40436.39,227.04,EUR,MOCK_FEED
POS00200320250702,PORT002,INS0007,2025-07-02,493,41.207,20315.05,-442.9,EUR,MOCK_FEED
POS00200420250702,PORT002,INS0008,2025-07-02,3235,61.1011,197662.06,-5180.05,EUR,MOCK_FEED
POS00200520250702,PORT002,INS0009,2025-07-02,2734,32.3977,88575.31,1271.59,EUR,MOCK_FEED
POS00200620250702,PORT002,INS0010,2025-07-02,391,55.9716,21884.9,94.6,EUR,MOCK_FEED
POS00200720250702,PORT002,INS0011,2025-07-02,1571,24.2551,38104.76,213.9,INR,MOCK_FEED
POS00200820250702,PORT002,INS0012,2025-07-02,2297,10.0659,23121.37,289.99,INR,MOCK_FEED
POS00200920250702,PORT002,INS0013,2025-07-02,409,31.0029,12680.19,-293.23,EUR,MOCK_FEED
POS00201020250702,PORT002,INS0014,2025-07-02,111,13.6828,1518.79,50.89,EUR,MOCK_FEED
POS00200120250703,PORT002,INS0005,2025-07-03,4511,52.0679,234878.3,2719.28,GBP,MOCK_FEED
POS00200220250703,PORT002,INS0006,2025-07-03,4377,25.5363,111772.39,-924.06,GBP,MOCK_FEED
POS00200320250703,PORT002,INS0007,2025-07-03,1733,41.501,71921.23,-913.1,GBP,MOCK_FEED
POS00200420250703,PORT002,INS0008,2025-07-03,4235,62.0561,262807.58,474.01,INR,MOCK_FEED
POS00200520250703,PORT002,INS0009,2025-07-03,2364,32.3858,76560.03,2791.52,EUR,MOCK_FEED
POS00200620250703,PORT002,INS0010,2025-07-03,3258,56.7514,184896.06,-2033.22,EUR,MOCK_FEED
POS00200720250703,PORT002,INS0011,2025-07-03,2629,24.1456,63478.78,1470.81,USD,MOCK_FEED
POS00200820250703,PORT002,INS0012,2025-07-03,3690,10.2129,37685.6,-1047.21,EUR,MOCK_FEED
POS00200920250703,PORT002,INS0013,2025-07-03,1161,30.6807,35620.29,113.01,USD,MOCK_FEED
POS00201020250703,PORT002,INS0014,2025-07-03,4969,13.5018,67090.44,1836.67,EUR,MOCK_FEED
POS00200120250704,PORT002,INS0005,2025-07-04,1162,51.5482,59899.01,-147.42,INR,MOCK_FEED
POS00200220250704,PORT002,INS0006,2025-07-04,2633,25.4776,67082.52,2512.94,USD,MOCK_FEED
POS00200320250704,PORT002,INS0007,2025-07-04,2116,42.3479,89608.16,-755.29,INR,MOCK_FEED
POS00200420250704,PORT002,INS0008,2025-07-04,530,62.3217,33030.5,-421.03,EUR,MOCK_FEED
POS00200520250704,PORT002,INS0009,2025-07-04,4593,32.5397,149454.84,2484.79,GBP,MOCK_FEED
POS00200620250704,PORT002,INS0010,2025-07-04,1065,55.8416,59471.3,-418.98,USD,MOCK_FEED
POS00200720250704,PORT002,INS0011,2025-07-04,4702,24.3819,114643.69,-644.79,INR,MOCK_FEED
POS00200820250704,PORT002,INS0012,2025-07-04,2821,10.1679,28683.65,-528.3,EUR,MOCK_FEED
POS00200920250704,PORT002,INS0013,2025-07-04,4554,30.8563,140519.59,-2686.29,USD,MOCK_FEED
POS00201020250704,PORT002,INS0014,2025-07-04,1340,13.4373,18005.98,35.18,GBP,MOCK_FEED
POS00200120250705,PORT002,INS0005,2025-07-05,3412,51.6009,176062.27,3414.62,USD,MOCK_FEED
POS00200220250705,PORT002,INS0006,2025-07-05,2063,25.7534,53129.26,928.27,GBP,MOCK_FEED
POS00200320250705,PORT002,INS0007,2025-07-05,116,43.4821,5043.92,172.1,GBP,MOCK_FEED
POS00200420250705,PORT002,INS0008,2025-07-05,3103,62.6258,194327.86,2207.79,GBP,MOCK_FEED
POS00200520250705,PORT002,INS0009,2025-07-05,3967,32.8311,130240.97,27.4,GBP,MOCK_FEED
POS00200620250705,PORT002,INS0010,2025-07-05,2339,56.5882,132359.8,-3687.29,INR,MOCK_FEED
POS00200720250705,PORT002,INS0011,2025-07-05,211,24.3184,5131.18,-31.96,INR,MOCK_FEED
POS00200820250705,PORT002,INS0012,2025-07-05,4330,10.2962,44582.55,-414.14,INR,MOCK_FEED
POS00200920250705,PORT002,INS0013,2025-07-05,842,30.9334,26045.92,687.52,GBP,MOCK_FEED
POS00201020250705,PORT002,INS0014,2025-07-05,1077,13.5882,14634.49,469.14,GBP,MOCK_FEED
POS00200120250706,PORT002,INS0005,2025-07-06,3097,51.5298,159587.79,-3653.74,EUR,MOCK_FEED
POS00200220250706,PORT002,INS0006,2025-07-06,4542,25.8849,117569.22,1739.56,GBP,MOCK_FEED
POS00200320250706,PORT002,INS0007,2025-07-06,1409,43.1794,60839.77,1930.8,USD,MOCK_FEED
POS00200420250706,PORT002,INS0008,2025-07-06,533,63.5971,33897.25,74.22,INR,MOCK_FEED
POS00200520250706,PORT002,INS0009,2025-07-06,3285,33.4639,109928.91,1063.84,GBP,MOCK_FEED
POS00200620250706,PORT002,INS0010,2025-07-06,4406,57.0433,251332.78,8754.63,GBP,MOCK_FEED
POS00200720250706,PORT002,INS0011,2025-07-06,1010,24.3779,24621.68,-413.1,EUR,MOCK_FEED
POS00200820250706,PORT002,INS0012,2025-07-06,1820,10.5045,19118.19,406.03,INR,MOCK_FEED
POS00200920250706,PORT002,INS0013,2025-07-06,983,30.5073,29988.68,1124.45,GBP,MOCK_FEED
POS00201020250706,PORT002,INS0014,2025-07-06,4603,13.5097,62185.15,1280.12,USD,MOCK_FEED
POS00200120250707,PORT002,INS0005,2025-07-07,3662,51.0075,186789.46,-3459.59,GBP,MOCK_FEED
POS00200220250707,PORT002,INS0006,2025-07-07,1622,25.8708,41962.44,31.4,EUR,MOCK_FEED
POS00200320250707,PORT002,INS0007,2025-07-07,4706,43.5144,204778.77,4105.83,USD,MOCK_FEED
POS00200420250707,PORT002,INS0008,2025-07-07,1253,62.438,78234.81,757.47,USD,MOCK_FEED
POS00200520250707,PORT002,INS0009,2025-07-07,2995,32.6865,97896.07,-1635.91,INR,MOCK_FEED
POS00200620250707,PORT002,INS0010,2025-07-07,470,57.3366,26948.2,-75.21,USD,MOCK_FEED
POS00200720250707,PORT002,INS0011,2025-07-07,1201,24.5031,29428.22,399.27,GBP,MOCK_FEED
POS00200820250707,PORT002,INS0012,2025-07-07,983,10.5105,10331.82,-134.46,USD,MOCK_FEED
POS00200920250707,PORT002,INS0013,2025-07-07,1229,30.8108,37866.47,479.08,USD,MOCK_FEED
POS00201020250707,PORT002,INS0014,2025-07-07,3383,13.5997,46007.79,1148.98,USD,MOCK_FEED
POS00200120250708,PORT002,INS0005,2025-07-08,1246,50.7555,63241.35,-625.32,EUR,MOCK_FEED
POS00200220250708,PORT002,INS0006,2025-07-08,2663,25.883,68926.43,2286.02,USD,MOCK_FEED
POS00200320250708,PORT002,INS0007,2025-07-08,2680,44.137,118287.16,-1705.21,GBP,MOCK_FEED
POS00200420250708,PORT002,INS0008,2025-07-08,2274,62.1326,141289.53,-774.17,EUR,MOCK_FEED
POS00200520250708,PORT002,INS0009,2025-07-08,2664,32.3574,86200.11,-2541.84,INR,MOCK_FEED
POS00200620250708,PORT002,INS0010,2025-07-08,3171,56.6962,179783.65,-617.5,GBP,MOCK_FEED
POS00200720250708,PORT002,INS0011,2025-07-08,1003,24.1744,24246.92,887.45,GBP,MOCK_FEED
POS00200820250708,PORT002,INS0012,2025-07-08,3431,10.4135,35728.72,-144.04,GBP,MOCK_FEED
POS00200920250708,PORT002,INS0013,2025-07-08,2128,30.8193,65583.47,-70.12,USD,MOCK_FEED
POS00201020250708,PORT002,INS0014,2025-07-08,2594,13.5163,35061.28,577.99,EUR,MOCK_FEED
POS00200120250709,PORT002,INS0005,2025-07-09,1917,49.2367,94386.75,-188.77,USD,MOCK_FEED
POS00200220250709,PORT002,INS0006,2025-07-09,3867,26.2008,101318.49,-1359.07,GBP,MOCK_FEED
POS00200320250709,PORT002,INS0007,2025-07-09,1035,45.1261,46705.51,-857.17,GBP,MOCK_FEED
POS00200420250709,PORT002,INS0008,2025-07-09,993,62.7486,62309.36,-1843.16,USD,MOCK_FEED
POS00200520250709,PORT002,INS0009,2025-07-09,4774,32.16,153531.84,912.93,GBP,MOCK_FEED
POS00200620250709,PORT002,INS0010,2025-07-09,3520,56.8271,200031.39,4783.6,EUR,MOCK_FEED
POS00200720250709,PORT002,INS0011,2025-07-09,2364,24.2233,57263.88,526.03,USD,MOCK_FEED
POS00200820250709,PORT002,INS0012,2025-07-09,2109,10.448,22034.83,795.72,EUR,MOCK_FEED
POS00200920250709,PORT002,INS0013,2025-07-09,3709,31.6615,117432.5,4080.58,EUR,MOCK_FEED
POS00201020250709,PORT002,INS0014,2025-07-09,1211,13.5677,16430.48,290.12,INR,MOCK_FEED
POS00200120250710,PORT002,INS0005,2025-07-10,525,49.3868,25928.07,449.48,USD,MOCK_FEED
POS00200220250710,PORT002,INS0006,2025-07-10,1971,26.4035,52041.3,1703.12,INR,MOCK_FEED
POS00200320250710,PORT002,INS0007,2025-07-10,1621,44.2296,71696.18,1975.64,USD,MOCK_FEED
POS00200420250710,PORT002,INS0008,2025-07-10,4905,62.0229,304222.32,-3653.85,INR,MOCK_FEED
POS00200520250710,PORT002,INS0009,2025-07-10,1492,32.0476,47815.02,1223.66,GBP,MOCK_FEED
POS00200620250710,PORT002,INS0010,2025-07-10,4517,57.0337,257621.22,8081.35,EUR,MOCK_FEED
POS00200720250710,PORT002,INS0011,2025-07-10,1967,23.7144,46646.22,-600.8,INR,MOCK_FEED
POS00200820250710,PORT002,INS0012,2025-07-10,383,10.5277,4032.11,153.52,EUR,MOCK_FEED
POS00200920250710,PORT002,INS0013,2025-07-10,3372,31.6929,106868.46,1441.51,EUR,MOCK_FEED
POS00201020250710,PORT002,INS0014,2025-07-10,2547,13.6382,34736.5,875.34,GBP,MOCK_FEED
POS00200120250711,PORT002,INS0005,2025-07-11,1586,49.4739,78465.61,1192.69,USD,MOCK_FEED
POS00200220250711,PORT002,INS0006,2025-07-11,732,26.4688,19375.16,447.41,EUR,MOCK_FEED
POS00200320250711,PORT002,INS0007,2025-07-11,690,43.8598,30263.26,-601.8,EUR,MOCK_FEED
POS00200420250711,PORT002,INS0008,2025-07-11,249,61.7785,15382.85,-233.33,EUR,MOCK_FEED
POS00200520250711,PORT002,INS0009,2025-07-11,3976,32.009,127267.78,1456.78,USD,MOCK_FEED
POS00200620250711,PORT002,INS0010,2025-07-11,2317,55.892,129501.76,1808.09,INR,MOCK_FEED
POS00200720250711,PORT002,INS0011,2025-07-11,3152,23.946,75477.79,489.06,GBP,MOCK_FEED
POS00200820250711,PORT002,INS0012,2025-07-11,488,10.5673,5156.84,119.16,USD,MOCK_FEED
POS00200920250711,PORT002,INS0013,2025-07-11,2221,31.4775,69911.53,-677.2,USD,MOCK_FEED
POS00201020250711,PORT002,INS0014,2025-07-11,4024,13.2397,53276.55,-926.86,INR,MOCK_FEED
POS00200120250712,PORT002,INS0005,2025-07-12,1248,48.9939,61144.39,2148.77,EUR,MOCK_FEED
POS00200220250712,PORT002,INS0006,2025-07-12,1895,26.5253,50265.44,742.62,USD,MOCK_FEED
POS00200320250712,PORT002,INS0007,2025-07-12,4326,43.2944,187291.57,-4480.03,USD,MOCK_FEED
POS00200420250712,PORT002,INS0008,2025-07-12,1661,62.3451,103555.21,1424.78,USD,MOCK_FEED
POS00200520250712,PORT002,INS0009,2025-07-12,510,31.8532,16245.13,-444.87,INR,MOCK_FEED
POS00200620250712,PORT002,INS0010,2025-07-12,4857,55.2285,268244.82,6703.83,GBP,MOCK_FEED
POS00200720250712,PORT002,INS0011,2025-07-12,4355,24.2145,105454.15,3077.82,INR,MOCK_FEED
POS00200820250712,PORT002,INS0012,2025-07-12,132,10.5817,1396.78,15.45,EUR,MOCK_FEED
POS00200920250712,PORT002,INS0013,2025-07-12,1158,32.0915,37161.96,-574.61,INR,MOCK_FEED
POS00201020250712,PORT002,INS0014,2025-07-12,4495,13.167,59185.67,-1632.0,USD,MOCK_FEED
POS00200120250713,PORT002,INS0005,2025-07-13,2203,48.1713,106121.37,3927.81,EUR,MOCK_FEED
POS00200220250713,PORT002,INS0006,2025-07-13,256,26.8781,6880.79,222.81,INR,MOCK_FEED
POS00200320250713,PORT002,INS0007,2025-07-13,4933,43.0381,212306.95,-3470.26,EUR,MOCK_FEED
POS00200420250713,PORT002,INS0008,2025-07-13,3047,62.1708,189434.43,3198.34,INR,MOCK_FEED
POS00200520250713,PORT002,INS0009,2025-07-13,2153,31.8316,68533.43,629.5,GBP,MOCK_FEED
POS00200620250713,PORT002,INS0010,2025-07-13,1216,55.0933,66993.45,2576.69,EUR,MOCK_FEED
POS00200720250713,PORT002,INS0011,2025-07-13,4829,25.0022,120735.62,-222.13,INR,MOCK_FEED
POS00200820250713,PORT002,INS0012,2025-07-13,1535,10.4602,16056.41,57.26,GBP,MOCK_FEED
POS00200920250713,PORT002,INS0013,2025-07-13,229,32.5142,7445.75,261.31,GBP,MOCK_FEED
POS00201020250713,PORT002,INS0014,2025-07-13,3639,13.1702,47926.36,1743.7,INR,MOCK_FEED
POS00200120250714,PORT002,INS0005,2025-07-14,1078,47.5596,51269.25,65.55,GBP,MOCK_FEED
POS00200220250714,PORT002,INS0006,2025-07-14,156,26.9767,4208.37,79.47,USD,MOCK_FEED
POS00200320250714,PORT002,INS0007,2025-07-14,4499,42.961,193281.54,4925.2,EUR,MOCK_FEED
POS00200420250714,PORT002,INS0008,2025-07-14,4264,62.625,267033.0,2331.3,USD,MOCK_FEED
POS00200520250714,PORT002,INS0009,2025-07-14,4119,31.6473,130355.23,1898.82,USD,MOCK_FEED
POS00200620250714,PORT002,INS0010,2025-07-14,3855,54.7745,211155.7,-2151.81,GBP,MOCK_FEED
POS00200720250714,PORT002,INS0011,2025-07-14,4801,24.6619,118401.78,1415.49,GBP,MOCK_FEED
POS00200820250714,PORT002,INS0012,2025-07-14,1125,10.6152,11942.1,440.0,GBP,MOCK_FEED
POS00200920250714,PORT002,INS0013,2025-07-14,2181,33.502,73067.86,2056.43,USD,MOCK_FEED
POS00201020250714,PORT002,INS0014,2025-07-14,4368,12.979,56692.27,1186.94,GBP,MOCK_FEED
POS00200120250715,PORT002,INS0005,2025-07-15,3121,47.7529,149036.8,-2512.01,GBP,MOCK_FEED
POS00200220250715,PORT002,INS0006,2025-07-15,2933,27.1354,79588.13,243.32,EUR,MOCK_FEED
POS00200320250715,PORT002,INS0007,2025-07-15,3900,42.52,165828.0,1473.33,EUR,MOCK_FEED
POS00200420250715,PORT002,INS0008,2025-07-15,1279,63.7257,81505.17,218.88,USD,MOCK_FEED
POS00200520250715,PORT002,INS0009,2025-07-15,3819,31.4456,120090.75,1242.27,INR,MOCK_FEED
POS00200620250715,PORT002,INS0010,2025-07-15,3717,54.6721,203216.2,4616.24,INR,MOCK_FEED
POS00200720250715,PORT002,INS0011,2025-07-15,2274,24.3579,55389.86,-69.11,GBP,MOCK_FEED
POS00200820250715,PORT002,INS0012,2025-07-15,575,10.7728,6194.36,240.43,USD,MOCK_FEED
POS00200920250715,PORT002,INS0013,2025-07-15,4704,33.7094,158569.02,1215.3,EUR,MOCK_FEED
POS00201020250715,PORT002,INS0014,2025-07-15,1667,12.8597,21437.12,45.34,INR,MOCK_FEED
POS00200120250716,PORT002,INS0005,2025-07-16,1567,46.885,73468.79,-1908.25,INR,MOCK_FEED
POS00200220250716,PORT002,INS0006,2025-07-16,1162,26.5673,30871.2,-800.89,INR,MOCK_FEED
POS00200320250716,PORT002,INS0007,2025-07-16,4220,41.8846,176753.01,1684.93,INR,MOCK_FEED
POS00200420250716,PORT002,INS0008,2025-07-16,3254,63.8044,207619.52,2178.56,INR,MOCK_FEED
POS00200520250716,PORT002,INS0009,2025-07-16,2997,31.494,94387.52,3252.03,GBP,MOCK_FEED
POS00200620250716,PORT002,INS0010,2025-07-16,2116,56.0421,118585.08,-2701.68,GBP,MOCK_FEED
POS00200720250716,PORT002,INS0011,2025-07-16,2769,24.3357,67385.55,193.96,USD,MOCK_FEED
POS00200820250716,PORT002,INS0012,2025-07-16,3943,10.6998,42189.31,-1081.94,INR,MOCK_FEED
POS00200920250716,PORT002,INS0013,2025-07-16,2386,33.7978,80641.55,2385.42,USD,MOCK_FEED
POS00201020250716,PORT002,INS0014,2025-07-16,1661,12.8629,21365.28,240.77,INR,MOCK_FEED
POS00200120250717,PORT002,INS0005,2025-07-17,2999,47.2534,141712.95,-1001.8,USD,MOCK_FEED
POS00200220250717,PORT002,INS0006,2025-07-17,4131,26.5917,109850.31,-838.22,EUR,MOCK_FEED
POS00200320250717,PORT002,INS0007,2025-07-17,2925,41.3928,121073.94,-147.73,USD,MOCK_FEED
POS00200420250717,PORT002,INS0008,2025-07-17,4960,64.1221,318045.62,4878.85,GBP,MOCK_FEED
POS00200520250717,PORT002,INS0009,2025-07-17,554,30.9082,17123.14,184.75,EUR,MOCK_FEED
POS00200620250717,PORT002,INS0010,2025-07-17,1014,57.3271,58129.68,-1204.12,EUR,MOCK_FEED
POS00200720250717,PORT002,INS0011,2025-07-17,3594,24.057,86460.86,2036.33,USD,MOCK_FEED
POS00200820250717,PORT002,INS0012,2025-07-17,2332,10.5808,24674.43,252.32,EUR,MOCK_FEED
POS00200920250717,PORT002,INS0013,2025-07-17,2646,33.2459,87968.65,-2014.58,EUR,MOCK_FEED
POS00201020250717,PORT002,INS0014,2025-07-17,2505,12.7893,32037.2,-146.02,EUR,MOCK_FEED
POS00200120250718,PORT002,INS0005,2025-07-18,1743,45.7182,79686.82,797.0,USD,MOCK_FEED
POS00200220250718,PORT002,INS0006,2025-07-18,1546,26.4263,40855.06,613.67,INR,MOCK_FEED
POS00200320250718,PORT002,INS0007,2025-07-18,4245,42.4739,180301.71,-3240.3,USD,MOCK_FEED
POS00200420250718,PORT002,INS0008,2025-07-18,953,64.632,61594.3,1599.3,USD,MOCK_FEED
POS00200520250718,PORT002,INS0009,2025-07-18,3801,31.451,119545.25,4448.05,INR,MOCK_FEED
POS00200620250718,PORT002,INS0010,2025-07-18,1715,57.5439,98687.79,906.24,USD,MOCK_FEED
POS00200720250718,PORT002,INS0011,2025-07-18,2454,24.1456,59253.3,824.45,EUR,MOCK_FEED
POS00200820250718,PORT002,INS0012,2025-07-18,1407,10.4888,14757.74,-49.58,GBP,MOCK_FEED
POS00200920250718,PORT002,INS0013,2025-07-18,3856,34.0742,131390.12,4684.77,GBP,MOCK_FEED
POS00201020250718,PORT002,INS0014,2025-07-18,2935,12.8205,37628.17,1328.1,GBP,MOCK_FEED
POS00200120250719,PORT002,INS0005,2025-07-19,3090,46.0279,142226.21,2786.34,INR,MOCK_FEED
POS00200220250719,PORT002,INS0006,2025-07-19,2944,25.7827,75904.27,524.01,EUR,MOCK_FEED
POS00200320250719,PORT002,INS0007,2025-07-19,3681,43.0801,158577.85,-1310.78,USD,MOCK_FEED
POS00200420250719,PORT002,INS0008,2025-07-19,2532,64.2277,162624.54,3536.27,USD,MOCK_FEED
POS00200520250719,PORT002,INS0009,2025-07-19,1406,31.7704,44669.18,-1124.79,GBP,MOCK_FEED
POS00200620250719,PORT002,INS0010,2025-07-19,2855,56.6629,161772.58,6406.44,EUR,MOCK_FEED
POS00200720250719,PORT002,INS0011,2025-07-19,1802,23.9802,43212.32,1337.31,INR,MOCK_FEED
POS00200820250719,PORT002,INS0012,2025-07-19,926,10.5207,9742.17,-39.91,USD,MOCK_FEED
POS00200920250719,PORT002,INS0013,2025-07-19,199,34.0977,6785.44,0.5,USD,MOCK_FEED
POS00201020250719,PORT002,INS0014,2025-07-19,1776,12.7462,22637.25,417.4,INR,MOCK_FEED
POS00200120250720,PORT002,INS0005,2025-07-20,2273,46.4522,105585.85,1962.35,EUR,MOCK_FEED
POS00200220250720,PORT002,INS0006,2025-07-20,4474,25.7226,115082.91,-3257.75,USD,MOCK_FEED
POS00200320250720,PORT002,INS0007,2025-07-20,295,43.6739,12883.8,-80.02,GBP,MOCK_FEED
POS00200420250720,PORT002,INS0008,2025-07-20,2201,64.4678,141893.63,-3318.08,USD,MOCK_FEED
POS00200520250720,PORT002,INS0009,2025-07-20,2304,31.5278,72640.05,-892.88,INR,MOCK_FEED
POS00200620250720,PORT002,INS0010,2025-07-20,3084,56.2064,173340.54,2495.35,USD,MOCK_FEED
POS00200720250720,PORT002,INS0011,2025-07-20,503,23.4515,11796.1,236.18,EUR,MOCK_FEED
POS00200820250720,PORT002,INS0012,2025-07-20,4037,10.7113,43241.52,-51.05,GBP,MOCK_FEED
POS00200920250720,PORT002,INS0013,2025-07-20,4684,34.1689,160047.13,-2182.01,INR,MOCK_FEED
POS00201020250720,PORT002,INS0014,2025-07-20,3458,12.5932,43547.29,872.98,GBP,MOCK_FEED
POS00200120250721,PORT002,INS0005,2025-07-21,3622,45.7045,165541.7,-3907.58,USD,MOCK_FEED
POS00200220250721,PORT002,INS0006,2025-07-21,1590,25.7723,40977.96,952.62,INR,MOCK_FEED
POS00200320250721,PORT002,INS0007,2025-07-21,3696,43.8765,162167.54,-2793.33,INR,MOCK_FEED
POS00200420250721,PORT002,INS0008,2025-07-21,1957,64.095,125433.91,-3058.52,EUR,MOCK_FEED
POS00200520250721,PORT002,INS0009,2025-07-21,4789,32.0259,153372.04,-551.04,INR,MOCK_FEED
POS00200620250721,PORT002,INS0010,2025-07-21,1571,56.5887,88900.85,238.62,GBP,MOCK_FEED
POS00200720250721,PORT002,INS0011,2025-07-21,903,23.3585,21092.73,-191.88,USD,MOCK_FEED
POS00200820250721,PORT002,INS0012,2025-07-21,3803,10.4799,39855.06,-839.19,INR,MOCK_FEED
POS00200920250721,PORT002,INS0013,2025-07-21,4011,34.1992,137172.99,-3026.73,GBP,MOCK_FEED
POS00201020250721,PORT002,INS0014,2025-07-21,3271,12.6595,41409.22,-163.55,INR,MOCK_FEED
POS00200120250722,PORT002,INS0005,2025-07-22,1803,45.652,82310.56,-861.22,USD,MOCK_FEED
POS00200220250722,PORT002,INS0006,2025-07-22,792,25.9032,20515.33,-379.87,INR,MOCK_FEED
POS00200320250722,PORT002,INS0007,2025-07-22,3074,44.8327,137815.72,-299.54,USD,MOCK_FEED
POS00200420250722,PORT002,INS0008,2025-07-22,1487,64.4385,95820.05,-1027.22,USD,MOCK_FEED
POS00200520250722,PORT002,INS0009,2025-07-22,901,32.1215,28941.47,-711.38,GBP,MOCK_FEED
POS00200620250722,PORT002,INS0010,2025-07-22,4591,56.5938,259822.14,-7182.6,EUR,MOCK_FEED
POS00200720250722,PORT002,INS0011,2025-07-22,3936,23.3082,91741.08,1575.66,EUR,MOCK_FEED
POS00200820250722,PORT002,INS0012,2025-07-22,361,10.3619,3740.65,148.35,USD,MOCK_FEED
POS00200920250722,PORT002,INS0013,2025-07-22,3242,33.453,108454.63,3513.86,GBP,MOCK_FEED
POS00201020250722,PORT002,INS0014,2025-07-22,4523,12.6806,57354.35,-977.52,INR,MOCK_FEED
POS00200120250723,PORT002,INS0005,2025-07-23,1123,46.0953,51765.02,-1109.14,INR,MOCK_FEED
POS00200220250723,PORT002,INS0006,2025-07-23,3533,25.9678,91744.24,-1356.93,USD,MOCK_FEED
POS00200320250723,PORT002,INS0007,2025-07-23,3246,45.5045,147707.61,-3721.04,GBP,MOCK_FEED
POS00200420250723,PORT002,INS0008,2025-07-23,2618,64.0678,167729.5,-3633.32,GBP,MOCK_FEED
POS00200520250723,PORT002,INS0009,2025-07-23,3272,32.0506,104869.56,-2497.73,EUR,MOCK_FEED
POS00200620250723,PORT002,INS0010,2025-07-23,1508,54.5195,82215.41,-281.06,USD,MOCK_FEED
POS00200720250723,PORT002,INS0011,2025-07-23,166,23.4138,3886.69,100.79,EUR,MOCK_FEED
POS00200820250723,PORT002,INS0012,2025-07-23,3579,10.2552,36703.36,-342.63,INR,MOCK_FEED
POS00200920250723,PORT002,INS0013,2025-07-23,3830,33.4909,128270.15,4221.75,INR,MOCK_FEED
POS00201020250723,PORT002,INS0014,2025-07-23,220,12.6748,2788.46,74.37,EUR,MOCK_FEED
POS00200120250724,PORT002,INS0005,2025-07-24,1505,46.2489,69604.59,1591.3,EUR,MOCK_FEED
POS00200220250724,PORT002,INS0006,2025-07-24,4819,25.4092,122446.93,1996.14,EUR,MOCK_FEED
POS00200320250724,PORT002,INS0007,2025-07-24,3956,45.2691,179084.56,-4304.17,INR,MOCK_FEED
POS00200420250724,PORT002,INS0008,2025-07-24,354,64.4139,22802.52,-344.82,EUR,MOCK_FEED
POS00200520250724,PORT002,INS0009,2025-07-24,1912,32.2551,61671.75,541.94,EUR,MOCK_FEED
POS00200620250724,PORT002,INS0010,2025-07-24,4711,54.8424,258362.55,-2901.75,GBP,MOCK_FEED
POS00200720250724,PORT002,INS0011,2025-07-24,4888,23.3602,114184.66,-2496.87,EUR,MOCK_FEED
POS00200820250724,PORT002,INS0012,2025-07-24,2320,10.1888,23638.02,-366.94,EUR,MOCK_FEED
POS00200920250724,PORT002,INS0013,2025-07-24,3774,33.6735,127083.79,3470.2,GBP,MOCK_FEED
POS00201020250724,PORT002,INS0014,2025-07-24,4571,12.5707,57460.67,-1239.35,GBP,MOCK_FEED
POS00200120250725,PORT002,INS0005,2025-07-25,449,46.095,20696.65,444.47,INR,MOCK_FEED
POS00200220250725,PORT002,INS0006,2025-07-25,3565,25.8168,92036.89,501.83,EUR,MOCK_FEED
POS00200320250725,PORT002,INS0007,2025-07-25,1285,44.1001,56668.63,-918.38,USD,MOCK_FEED
POS00200420250725,PORT002,INS0008,2025-07-25,4501,65.1606,293287.86,5057.15,USD,MOCK_FEED
POS00200520250725,PORT002,INS0009,2025-07-25,2392,32.3601,77405.36,-1553.71,INR,MOCK_FEED
POS00200620250725,PORT002,INS0010,2025-07-25,2143,54.4029,116585.41,-2202.05,GBP,MOCK_FEED
POS00200720250725,PORT002,INS0011,2025-07-25,4520,23.5663,106519.68,3510.28,INR,MOCK_FEED
POS00200820250725,PORT002,INS0012,2025-07-25,2763,10.1391,28014.33,46.25,GBP,MOCK_FEED
POS00200920250725,PORT002,INS0013,2025-07-25,1513,33.4934,50675.51,1587.58,USD,MOCK_FEED
POS00201020250725,PORT002,INS0014,2025-07-25,340,12.3225,4189.65,-10.22,INR,MOCK_FEED
POS00200120250726,PORT002,INS0005,2025-07-26,4739,46.1573,218739.44,5812.16,INR,MOCK_FEED
POS00200220250726,PORT002,INS0006,2025-07-26,3894,25.9573,101077.73,2282.87,GBP,MOCK_FEED
POS00200320250726,PORT002,INS0007,2025-07-26,2776,43.5044,120768.21,1170.21,GBP,MOCK_FEED
POS00200420250726,PORT002,INS0008,2025-07-26,3981,64.8215,258054.39,9141.23,GBP,MOCK_FEED
POS00200520250726,PORT002,INS0009,2025-07-26,1413,32.5319,45967.57,-844.12,INR,MOCK_FEED
POS00200620250726,PORT002,INS0010,2025-07-26,1274,54.7937,69807.17,1976.22,GBP,MOCK_FEED
POS00200720250726,PORT002,INS0011,2025-07-26,1167,22.91,26735.97,880.23,GBP,MOCK_FEED
POS00200820250726,PORT002,INS0012,2025-07-26,1806,9.8912,17863.51,26.24,INR,MOCK_FEED
POS00200920250726,PORT002,INS0013,2025-07-26,660,33.2511,21945.73,194.26,INR,MOCK_FEED
POS00201020250726,PORT002,INS0014,2025-07-26,4298,12.4374,53455.95,916.97,EUR,MOCK_FEED
POS00200120250727,PORT002,INS0005,2025-07-27,1701,45.4342,77283.57,2235.52,INR,MOCK_FEED
POS00200220250727,PORT002,INS0006,2025-07-27,3617,25.9877,93997.51,3383.47,EUR,MOCK_FEED
POS00200320250727,PORT002,INS0007,2025-07-27,4217,43.7622,184545.2,-932.45,GBP,MOCK_FEED
POS00200420250727,PORT002,INS0008,2025-07-27,1669,65.9362,110047.52,-857.63,USD,MOCK_FEED
POS00200520250727,PORT002,INS0009,2025-07-27,3146,32.7779,103119.27,1570.56,INR,MOCK_FEED
POS00200620250727,PORT002,INS0010,2025-07-27,605,54.6026,33034.57,420.46,USD,MOCK_FEED
POS00200720250727,PORT002,INS0011,2025-07-27,2521,22.7561,57368.13,1498.15,EUR,MOCK_FEED
POS00200820250727,PORT002,INS0012,2025-07-27,4639,10.0903,46808.9,-1299.37,GBP,MOCK_FEED
POS00200920250727,PORT002,INS0013,2025-07-27,3632,33.1249,120309.64,2979.66,USD,MOCK_FEED
POS00201020250727,PORT002,INS0014,2025-07-27,469,12.2587,5749.33,136.71,EUR,MOCK_FEED
POS00200120250728,PORT002,INS0005,2025-07-28,1100,45.8202,50402.22,-227.4,INR,MOCK_FEED
POS00200220250728,PORT002,INS0006,2025-07-28,3007,25.0084,75200.26,-2081.76,INR,MOCK_FEED
POS00200320250728,PORT002,INS0007,2025-07-28,3714,44.2975,164520.92,5060.46,INR,MOCK_FEED
POS00200420250728,PORT002,INS0008,2025-07-28,4501,66.1561,297768.61,7624.83,GBP,MOCK_FEED
POS00200520250728,PORT002,INS0009,2025-07-28,1772,32.5074,57603.11,1878.37,EUR,MOCK_FEED
POS00200620250728,PORT002,INS0010,2025-07-28,3297,55.5991,183310.23,-3565.41,EUR,MOCK_FEED
POS00200720250728,PORT002,INS0011,2025-07-28,3364,23.0324,77480.99,2681.56,GBP,MOCK_FEED
POS00200820250728,PORT002,INS0012,2025-07-28,930,10.1614,9450.1,17.26,INR,MOCK_FEED
POS00200920250728,PORT002,INS0013,2025-07-28,3369,33.2897,112153.0,-657.97,USD,MOCK_FEED
POS00201020250728,PORT002,INS0014,2025-07-28,1531,12.1863,18657.23,170.39,USD,MOCK_FEED
POS00200120250729,PORT002,INS0005,2025-07-29,4907,46.0623,226027.71,1705.27,USD,MOCK_FEED
POS00200220250729,PORT002,INS0006,2025-07-29,1514,25.3538,38385.65,-1040.12,USD,MOCK_FEED
POS00200320250729,PORT002,INS0007,2025-07-29,3110,44.4425,138216.18,4145.65,EUR,MOCK_FEED
POS00200420250729,PORT002,INS0008,2025-07-29,3664,65.2121,238937.13,9178.18,GBP,MOCK_FEED
POS00200520250729,PORT002,INS0009,2025-07-29,3041,32.4389,98646.69,-159.45,GBP,MOCK_FEED
POS00200620250729,PORT002,INS0010,2025-07-29,2663,56.8012,151261.6,2042.67,INR,MOCK_FEED
POS00200720250729,PORT002,INS0011,2025-07-29,1627,22.8182,37125.21,-510.67,GBP,MOCK_FEED
POS00200820250729,PORT002,INS0012,2025-07-29,2141,10.3236,22102.83,94.05,INR,MOCK_FEED
POS00200920250729,PORT002,INS0013,2025-07-29,2379,33.336,79306.34,1033.7,GBP,MOCK_FEED
POS00201020250729,PORT002,INS0014,2025-07-29,3127,12.3404,38588.43,-141.53,INR,MOCK_FEED
POS00200120250730,PORT002,INS0005,2025-07-30,2295,46.5488,106829.5,2782.09,USD,MOCK_FEED
POS00200220250730,PORT002,INS0006,2025-07-30,1847,24.5627,45367.31,-240.67,GBP,MOCK_FEED
POS00200320250730,PORT002,INS0007,2025-07-30,2821,44.7647,126281.22,527.63,EUR,MOCK_FEED
POS00200420250730,PORT002,INS0008,2025-07-30,3227,63.6427,205374.99,226.57,INR,MOCK_FEED
POS00200520250730,PORT002,INS0009,2025-07-30,1671,33.0675,55255.79,1002.49,GBP,MOCK_FEED
POS00200620250730,PORT002,INS0010,2025-07-30,4968,57.0978,283661.87,-4911.39,USD,MOCK_FEED
POS00200720250730,PORT002,INS0011,2025-07-30,4140,22.9279,94921.51,3410.76,INR,MOCK_FEED
POS00200820250730,PORT002,INS0012,2025-07-30,316,10.4499,3302.17,12.54,EUR,MOCK_FEED
POS00200920250730,PORT002,INS0013,2025-07-30,2057,32.8272,67525.55,-1938.21,EUR,MOCK_FEED
POS00201020250730,PORT002,INS0014,2025-07-30,2359,12.3822,29209.61,-723.42,USD,MOCK_FEED
POS00200120250731,PORT002,INS0005,2025-07-31,1439,46.2086,66494.18,-1638.19,GBP,MOCK_FEED
POS00200220250731,PORT002,INS0006,2025-07-31,3287,24.6811,81126.78,-1010.11,INR,MOCK_FEED
POS00200320250731,PORT002,INS0007,2025-07-31,4191,45.1624,189275.62,-4346.73,GBP,MOCK_FEED
POS00200420250731,PORT002,INS0008,2025-07-31,498,63.1386,31443.02,-844.66,INR,MOCK_FEED
POS00200520250731,PORT002,INS0009,2025-07-31,2362,32.9179,77752.08,-483.18,GBP,MOCK_FEED
POS00200620250731,PORT002,INS0010,2025-07-31,2440,58.3607,142400.11,3775.55,GBP,MOCK_FEED
POS00200720250731,PORT002,INS0011,2025-07-31,1352,22.6224,30585.48,981.24,USD,MOCK_FEED
POS00200820250731,PORT002,INS0012,2025-07-31,343,10.4574,3586.89,136.25,USD,MOCK_FEED
POS00200920250731,PORT002,INS0013,2025-07-31,245,32.7711,8028.92,-155.71,GBP,MOCK_FEED
POS00201020250731,PORT002,INS0014,2025-07-31,1284,12.1997,15664.41,-376.4,INR,MOCK_FEED
POS00200120250801,PORT002,INS0005,2025-08-01,563,46.9303,26421.76,-321.62,GBP,MOCK_FEED
POS00200220250801,PORT002,INS0006,2025-08-01,3650,24.754,90352.1,192.54,INR,MOCK_FEED
POS00200320250801,PORT002,INS0007,2025-08-01,2277,45.3197,103192.96,-2785.02,INR,MOCK_FEED
POS00200420250801,PORT002,INS0008,2025-08-01,1818,62.606,113817.71,-876.13,GBP,MOCK_FEED
POS00200520250801,PORT002,INS0009,2025-08-01,3977,32.8395,130602.69,3298.76,INR,MOCK_FEED
POS00200620250801,PORT002,INS0010,2025-08-01,2952,58.7216,173346.16,4032.78,USD,MOCK_FEED
POS00200720250801,PORT002,INS0011,2025-08-01,3688,22.5459,83149.28,-2235.95,EUR,MOCK_FEED
POS00200820250801,PORT002,INS0012,2025-08-01,3194,10.2571,32761.18,-448.52,EUR,MOCK_FEED
POS00200920250801,PORT002,INS0013,2025-08-01,2113,32.4204,68504.31,-41.6,GBP,MOCK_FEED
POS00201020250801,PORT002,INS0014,2025-08-01,1507,12.2974,18532.18,199.26,EUR,MOCK_FEED
POS00200120250802,PORT002,INS0005,2025-08-02,1664,46.8704,77992.35,-350.93,USD,MOCK_FEED
POS00200220250802,PORT002,INS0006,2025-08-02,3461,24.8202,85902.71,-722.13,EUR,MOCK_FEED
POS00200320250802,PORT002,INS0007,2025-08-02,3033,45.2642,137286.32,-2255.7,GBP,MOCK_FEED
POS00200420250802,PORT002,INS0008,2025-08-02,2410,62.3747,150323.03,1311.84,GBP,MOCK_FEED
POS00200520250802,PORT002,INS0009,2025-08-02,573,32.4298,18582.28,53.17,GBP,MOCK_FEED
POS00200620250802,PORT002,INS0010,2025-08-02,3126,58.7311,183593.42,6911.09,EUR,MOCK_FEED
POS00200720250802,PORT002,INS0011,2025-08-02,3480,22.257,77454.36,-1810.6,GBP,MOCK_FEED
POS00200820250802,PORT002,INS0012,2025-08-02,326,10.3608,3377.62,68.83,GBP,MOCK_FEED
POS00200920250802,PORT002,INS0013,2025-08-02,1836,32.3226,59344.29,-1734.38,INR,MOCK_FEED
POS00201020250802,PORT002,INS0014,2025-08-02,3112,12.6161,39261.3,398.83,EUR,MOCK_FEED
POS00200120250803,PORT002,INS0005,2025-08-03,2218,46.2012,102474.26,-1127.5,GBP,MOCK_FEED
POS00200220250803,PORT002,INS0006,2025-08-03,2705,24.6766,66750.2,118.16,INR,MOCK_FEED
POS00200320250803,PORT002,INS0007,2025-08-03,4291,44.9123,192718.68,7461.26,GBP,MOCK_FEED
POS00200420250803,PORT002,INS0008,2025-08-03,4727,63.2225,298852.76,7877.23,EUR,MOCK_FEED
POS00200520250803,PORT002,INS0009,2025-08-03,4940,32.3969,160040.69,-4107.38,INR,MOCK_FEED
POS00200620250803,PORT002,INS0010,2025-08-03,4053,58.5759,237408.12,5095.44,EUR,MOCK_FEED
POS00200720250803,PORT002,INS0011,2025-08-03,2606,22.5273,58706.14,1206.87,INR,MOCK_FEED
POS00200820250803,PORT002,INS0012,2025-08-03,1679,10.5452,17705.39,90.07,GBP,MOCK_FEED
POS00200920250803,PORT002,INS0013,2025-08-03,4678,31.6827,148211.67,-4226.42,INR,MOCK_FEED
POS00201020250803,PORT002,INS0014,2025-08-03,1970,12.5786,24779.84,620.59,INR,MOCK_FEED
POS00200120250804,PORT002,INS0005,2025-08-04,2424,46.5303,112789.45,-2199.13,GBP,MOCK_FEED
POS00200220250804,PORT002,INS0006,2025-08-04,3095,25.1528,77847.92,1506.2,GBP,MOCK_FEED
POS00200320250804,PORT002,INS0007,2025-08-04,3189,44.3256,141354.34,2997.17,USD,MOCK_FEED
POS00200420250804,PORT002,INS0008,2025-08-04,1684,62.5228,105288.4,-71.26,INR,MOCK_FEED
POS00200520250804,PORT002,INS0009,2025-08-04,837,32.3734,27096.54,127.92,EUR,MOCK_FEED
POS00200620250804,PORT002,INS0010,2025-08-04,3544,57.7073,204514.67,550.55,INR,MOCK_FEED
POS00200720250804,PORT002,INS0011,2025-08-04,2545,22.6539,57654.18,-392.86,GBP,MOCK_FEED
POS00200820250804,PORT002,INS0012,2025-08-04,1922,10.4772,20137.18,-271.98,GBP,MOCK_FEED
POS00200920250804,PORT002,INS0013,2025-08-04,3859,31.9619,123340.97,4525.97,GBP,MOCK_FEED
POS00201020250804,PORT002,INS0014,2025-08-04,2125,12.7091,27006.84,25.2,INR,MOCK_FEED
POS00200120250805,PORT002,INS0005,2025-08-05,4370,47.165,206111.05,-1764.53,EUR,MOCK_FEED
POS00200220250805,PORT002,INS0006,2025-08-05,740,24.9129,18435.55,208.8,USD,MOCK_FEED
POS00200320250805,PORT002,INS0007,2025-08-05,2225,44.0174,97938.72,-694.76,EUR,MOCK_FEED
POS00200420250805,PORT002,INS0008,2025-08-05,3371,62.758,211557.22,7282.37,USD,MOCK_FEED
POS00200520250805,PORT002,INS0009,2025-08-05,720,32.915,23698.8,-170.64,USD,MOCK_FEED
POS00200620250805,PORT002,INS0010,2025-08-05,2603,56.7437,147703.85,1884.59,USD,MOCK_FEED
POS00200720250805,PORT002,INS0011,2025-08-05,547,23.0644,12616.23,24.98,USD,MOCK_FEED
POS00200820250805,PORT002,INS0012,2025-08-05,3115,10.1765,31699.8,964.23,EUR,MOCK_FEED
POS00200920250805,PORT002,INS0013,2025-08-05,2829,32.2836,91330.3,2479.23,GBP,MOCK_FEED
POS00201020250805,PORT002,INS0014,2025-08-05,1821,12.479,22724.26,-76.28,EUR,MOCK_FEED
POS00200120250806,PORT002,INS0005,2025-08-06,3854,46.7805,180292.05,3187.8,EUR,MOCK_FEED
POS00200220250806,PORT002,INS0006,2025-08-06,644,25.1804,16216.18,42.16,GBP,MOCK_FEED
POS00200320250806,PORT002,INS0007,2025-08-06,4780,44.6066,213219.55,6630.95,USD,MOCK_FEED
POS00200420250806,PORT002,INS0008,2025-08-06,107,62.6069,6698.94,106.25,INR,MOCK_FEED
POS00200520250806,PORT002,INS0009,2025-08-06,4287,32.8218,140707.06,717.74,USD,MOCK_FEED
POS00200620250806,PORT002,INS0010,2025-08-06,4298,57.0716,245293.74,-4683.2,INR,MOCK_FEED
POS00200720250806,PORT002,INS0011,2025-08-06,2118,22.8542,48405.2,-88.56,USD,MOCK_FEED
POS00200820250806,PORT002,INS0012,2025-08-06,3191,10.2012,32552.03,-790.37,EUR,MOCK_FEED
POS00200920250806,PORT002,INS0013,2025-08-06,2702,32.6247,88151.94,3115.92,GBP,MOCK_FEED
POS00201020250806,PORT002,INS0014,2025-08-06,2145,12.4798,26769.17,-778.89,EUR,MOCK_FEED
POS00200120250807,PORT002,INS0005,2025-08-07,4170,46.3571,193309.11,4338.15,EUR,MOCK_FEED
POS00200220250807,PORT002,INS0006,2025-08-07,3782,24.9557,94382.46,-1599.74,INR,MOCK_FEED
POS00200320250807,PORT002,INS0007,2025-08-07,4688,45.4139,212900.36,-267.39,USD,MOCK_FEED
POS00200420250807,PORT002,INS0008,2025-08-07,3253,63.2687,205813.08,5550.21,INR,MOCK_FEED
POS00200520250807,PORT002,INS0009,2025-08-07,1658,32.5546,53975.53,2033.74,GBP,MOCK_FEED
POS00200620250807,PORT002,INS0010,2025-08-07,2858,57.1896,163447.88,1684.17,EUR,MOCK_FEED
POS00200720250807,PORT002,INS0011,2025-08-07,1659,22.7518,37745.24,116.11,GBP,MOCK_FEED
POS00200820250807,PORT002,INS0012,2025-08-07,953,10.1922,9713.17,-215.75,USD,MOCK_FEED
POS00200920250807,PORT002,INS0013,2025-08-07,3497,32.9888,115361.83,3726.45,INR,MOCK_FEED
POS00201020250807,PORT002,INS0014,2025-08-07,4524,12.4468,56309.32,-1500.64,USD,MOCK_FEED
POS00200120250808,PORT002,INS0005,2025-08-08,2109,47.2126,99571.37,2268.14,USD,MOCK_FEED
POS00200220250808,PORT002,INS0006,2025-08-08,2375,24.9295,59207.56,1264.61,EUR,MOCK_FEED
POS00200320250808,PORT002,INS0007,2025-08-08,559,45.5791,25478.72,62.8,USD,MOCK_FEED
POS00200420250808,PORT002,INS0008,2025-08-08,166,63.2679,10502.47,125.26,USD,MOCK_FEED
POS00200520250808,PORT002,INS0009,2025-08-08,462,33.021,15255.7,-285.12,INR,MOCK_FEED
POS00200620250808,PORT002,INS0010,2025-08-08,4628,57.6876,266978.21,-3672.43,INR,MOCK_FEED
POS00200720250808,PORT002,INS0011,2025-08-08,134,22.7638,3050.35,-84.87,INR,MOCK_FEED
POS00200820250808,PORT002,INS0012,2025-08-08,4309,10.1657,43804.0,1458.09,USD,MOCK_FEED
POS00200920250808,PORT002,INS0013,2025-08-08,4064,33.5186,136219.59,2029.49,EUR,MOCK_FEED
POS00201020250808,PORT002,INS0014,2025-08-08,3253,12.453,40509.61,-764.63,GBP,MOCK_FEED
POS00200120250809,PORT002,INS0005,2025-08-09,2237,47.0792,105316.17,2275.76,USD,MOCK_FEED
POS00200220250809,PORT002,INS0006,2025-08-09,4431,25.0582,111032.88,-1395.0,GBP,MOCK_FEED
POS00200320250809,PORT002,INS0007,2025-08-09,3722,45.0673,167740.49,-2188.2,EUR,MOCK_FEED
POS00200420250809,PORT002,INS0008,2025-08-09,1851,63.8216,118133.78,-1066.39,EUR,MOCK_FEED
POS00200520250809,PORT002,INS0009,2025-08-09,830,32.9487,27347.42,-25.83,INR,MOCK_FEED
POS00200620250809,PORT002,INS0010,2025-08-09,1321,58.2546,76954.33,-920.25,GBP,MOCK_FEED
POS00200720250809,PORT002,INS0011,2025-08-09,2361,22.723,53649.0,1920.59,EUR,MOCK_FEED
POS00200820250809,PORT002,INS0012,2025-08-09,2606,10.1067,26338.06,308.55,EUR,MOCK_FEED
POS00200920250809,PORT002,INS0013,2025-08-09,3239,34.3516,111264.83,1518.22,EUR,MOCK_FEED
POS00201020250809,PORT002,INS0014,2025-08-09,2837,12.5714,35665.06,1158.95,EUR,MOCK_FEED
POS00200120250810,PORT002,INS0005,2025-08-10,4998,47.5841,237825.33,-1619.09,INR,MOCK_FEED
POS00200220250810,PORT002,INS0006,2025-08-10,1532,24.9567,38233.66,317.92,INR,MOCK_FEED
POS00200320250810,PORT002,INS0007,2025-08-10,2754,45.6051,125596.45,843.82,GBP,MOCK_FEED
POS00200420250810,PORT002,INS0008,2025-08-10,1108,64.6333,71613.7,799.36,GBP,MOCK_FEED
POS00200520250810,PORT002,INS0009,2025-08-10,2873,32.5512,93519.6,655.52,INR,MOCK_FEED
POS00200620250810,PORT002,INS0010,2025-08-10,409,58.7032,24009.61,389.46,EUR,MOCK_FEED
POS00200720250810,PORT002,INS0011,2025-08-10,1134,22.3733,25371.32,257.33,INR,MOCK_FEED
POS00200820250810,PORT002,INS0012,2025-08-10,2876,10.031,28849.16,966.37,EUR,MOCK_FEED
POS00200920250810,PORT002,INS0013,2025-08-10,4769,34.8278,166093.78,4138.18,INR,MOCK_FEED
POS00201020250810,PORT002,INS0014,2025-08-10,2770,12.7519,35322.76,1077.21,EUR,MOCK_FEED
POS00200120250811,PORT002,INS0005,2025-08-11,3423,47.7314,163384.58,-789.97,EUR,MOCK_FEED
POS00200220250811,PORT002,INS0006,2025-08-11,3022,25.028,75634.62,-1679.91,GBP,MOCK_FEED
POS00200320250811,PORT002,INS0007,2025-08-11,2941,46.6286,137134.71,4911.02,INR,MOCK_FEED
POS00200420250811,PORT002,INS0008,2025-08-11,4236,65.397,277021.69,7216.9,USD,MOCK_FEED
POS00200520250811,PORT002,INS0009,2025-08-11,799,32.1414,25680.98,936.45,INR,MOCK_FEED
POS00200620250811,PORT002,INS0010,2025-08-11,2466,58.9282,145316.94,-2321.87,INR,MOCK_FEED
POS00200720250811,PORT002,INS0011,2025-08-11,1159,22.611,26206.15,-224.63,USD,MOCK_FEED
POS00200820250811,PORT002,INS0012,2025-08-11,4242,9.9821,42344.07,-1083.79,USD,MOCK_FEED
POS00200920250811,PORT002,INS0013,2025-08-11,1048,35.4071,37106.64,-680.09,GBP,MOCK_FEED
POS00201020250811,PORT002,INS0014,2025-08-11,2556,12.5829,32161.89,-343.8,GBP,MOCK_FEED
POS00200120250812,PORT002,INS0005,2025-08-12,1922,47.0401,90411.07,2518.34,INR,MOCK_FEED
POS00200220250812,PORT002,INS0006,2025-08-12,1969,24.8537,48936.94,1696.11,GBP,MOCK_FEED
POS00200320250812,PORT002,INS0007,2025-08-12,3402,45.6074,155156.37,3668.13,INR,MOCK_FEED
POS00200420250812,PORT002,INS0008,2025-08-12,4389,66.6566,292555.82,-8636.66,INR,MOCK_FEED
POS00200520250812,PORT002,INS0009,2025-08-12,4149,32.0646,133036.03,-3234.26,GBP,MOCK_FEED
POS00200620250812,PORT002,INS0010,2025-08-12,3116,58.054,180896.26,4073.58,GBP,MOCK_FEED
POS00200720250812,PORT002,INS0011,2025-08-12,1065,22.5743,24041.63,598.68,USD,MOCK_FEED
POS00200820250812,PORT002,INS0012,2025-08-12,432,10.0942,4360.69,-97.01,USD,MOCK_FEED
POS00200920250812,PORT002,INS0013,2025-08-12,3027,35.2961,106841.29,3462.3,GBP,MOCK_FEED
POS00201020250812,PORT002,INS0014,2025-08-12,1844,12.7482,23507.68,508.55,EUR,MOCK_FEED
POS00200120250813,PORT002,INS0005,2025-08-13,1835,46.4846,85299.24,3161.07,USD,MOCK_FEED
POS00200220250813,PORT002,INS0006,2025-08-13,4051,24.7287,100175.96,2084.5,EUR,MOCK_FEED
POS00200320250813,PORT002,INS0007,2025-08-13,4684,44.8205,209939.22,2453.74,INR,MOCK_FEED
POS00200420250813,PORT002,INS0008,2025-08-13,3414,66.2919,226320.55,5974.96,USD,MOCK_FEED
POS00200520250813,PORT002,INS0009,2025-08-13,160,31.0666,4970.66,155.4,GBP,MOCK_FEED
POS00200620250813,PORT002,INS0010,2025-08-13,506,58.1627,29430.33,-12.82,USD,MOCK_FEED
POS00200720250813,PORT002,INS0011,2025-08-13,4310,22.6523,97631.41,3711.65,GBP,MOCK_FEED
POS00200820250813,PORT002,INS0012,2025-08-13,3053,10.1957,31127.47,-856.37,EUR,MOCK_FEED
POS00200920250813,PORT002,INS0013,2025-08-13,2482,35.0686,87040.27,3191.38,INR,MOCK_FEED
POS00201020250813,PORT002,INS0014,2025-08-13,3203,12.4595,39907.78,1452.13,INR,MOCK_FEED
POS00200120250814,PORT002,INS0005,2025-08-14,4875,45.6092,222344.85,-147.13,EUR,MOCK_FEED
POS00200220250814,PORT002,INS0006,2025-08-14,2295,24.7566,56816.4,1094.04,GBP,MOCK_FEED
POS00200320250814,PORT002,INS0007,2025-08-14,2668,44.6223,119052.3,1626.66,GBP,MOCK_FEED
POS00200420250814,PORT002,INS0008,2025-08-14,1665,66.637,110950.6,-1352.15,USD,MOCK_FEED
POS00200520250814,PORT002,INS0009,2025-08-14,3826,30.6833,117394.31,4477.86,GBP,MOCK_FEED
POS00200620250814,PORT002,INS0010,2025-08-14,2686,57.6674,154894.64,-4157.5,INR,MOCK_FEED
POS00200720250814,PORT002,INS0011,2025-08-14,2958,22.743,67273.79,2385.22,GBP,MOCK_FEED
POS00200820250814,PORT002,INS0012,2025-08-14,1689,10.2131,17249.93,107.86,EUR,MOCK_FEED
POS00200920250814,PORT002,INS0013,2025-08-14,4370,35.8307,156580.16,25.02,USD,MOCK_FEED
POS00201020250814,PORT002,INS0014,2025-08-14,1555,12.1006,18816.43,200.69,GBP,MOCK_FEED
POS00200120250815,PORT002,INS0005,2025-08-15,3453,45.5577,157310.74,-2993.38,EUR,MOCK_FEED
POS00200220250815,PORT002,INS0006,2025-08-15,3718,24.8605,92431.34,685.13,GBP,MOCK_FEED
POS00200320250815,PORT002,INS0007,2025-08-15,2053,44.939,92259.77,1783.14,EUR,MOCK_FEED
POS00200420250815,PORT002,INS0008,2025-08-15,4543,66.7985,303465.59,-7740.03,GBP,MOCK_FEED
POS00200520250815,PORT002,INS0009,2025-08-15,2658,30.7137,81637.01,1930.43,INR,MOCK_FEED
POS00200620250815,PORT002,INS0010,2025-08-15,1226,57.7109,70753.56,-114.1,GBP,MOCK_FEED
POS00200720250815,PORT002,INS0011,2025-08-15,2687,22.4725,60383.61,-1155.11,GBP,MOCK_FEED
POS00200820250815,PORT002,INS0012,2025-08-15,1561,10.1163,15791.54,488.3,USD,MOCK_FEED
POS00200920250815,PORT002,INS0013,2025-08-15,4387,36.0176,158009.21,767.1,USD,MOCK_FEED
POS00201020250815,PORT002,INS0014,2025-08-15,1470,12.1676,17886.37,17.58,INR,MOCK_FEED
POS00200120250816,PORT002,INS0005,2025-08-16,432,45.4731,19644.38,-530.12,USD,MOCK_FEED
POS00200220250816,PORT002,INS0006,2025-08-16,4708,24.994,117671.75,144.9,GBP,MOCK_FEED
POS00200320250816,PORT002,INS0007,2025-08-16,736,45.2636,33314.01,774.42,USD,MOCK_FEED
POS00200420250816,PORT002,INS0008,2025-08-16,3403,67.2325,228792.2,-966.67,INR,MOCK_FEED
POS00200520250816,PORT002,INS0009,2025-08-16,170,31.4639,5348.86,126.98,INR,MOCK_FEED
POS00200620250816,PORT002,INS0010,2025-08-16,502,57.4495,28839.65,-342.37,EUR,MOCK_FEED
POS00200720250816,PORT002,INS0011,2025-08-16,1780,22.8729,40713.76,-532.19,EUR,MOCK_FEED
POS00200820250816,PORT002,INS0012,2025-08-16,4963,10.1434,50341.69,-547.78,INR,MOCK_FEED
POS00200920250816,PORT002,INS0013,2025-08-16,4929,36.6955,180872.12,1023.39,INR,MOCK_FEED
POS00201020250816,PORT002,INS0014,2025-08-16,689,12.3534,8511.49,-86.74,GBP,MOCK_FEED
POS00200120250817,PORT002,INS0005,2025-08-17,2741,45.5456,124840.49,1962.04,EUR,MOCK_FEED
POS00200220250817,PORT002,INS0006,2025-08-17,2578,24.104,62140.11,-633.6,INR,MOCK_FEED
POS00200320250817,PORT002,INS0007,2025-08-17,3394,45.9911,156093.79,699.27,INR,MOCK_FEED
POS00200420250817,PORT002,INS0008,2025-08-17,1800,67.4051,121329.18,-1591.76,INR,MOCK_FEED
POS00200520250817,PORT002,INS0009,2025-08-17,212,31.2907,6633.63,249.35,USD,MOCK_FEED
POS00200620250817,PORT002,INS0010,2025-08-17,3060,57.3963,175632.68,1073.02,GBP,MOCK_FEED
POS00200720250817,PORT002,INS0011,2025-08-17,1406,22.5907,31762.52,218.26,INR,MOCK_FEED
POS00200820250817,PORT002,INS0012,2025-08-17,1517,10.0009,15171.37,512.18,INR,MOCK_FEED
POS00200920250817,PORT002,INS0013,2025-08-17,4540,36.7395,166797.33,-1090.73,USD,MOCK_FEED
POS00201020250817,PORT002,INS0014,2025-08-17,4848,12.5604,60892.82,-256.52,INR,MOCK_FEED
POS00200120250818,PORT002,INS0005,2025-08-18,2964,45.8662,135947.42,-3729.27,EUR,MOCK_FEED
POS00200220250818,PORT002,INS0006,2025-08-18,3025,24.2361,73314.2,1510.76,EUR,MOCK_FEED
POS00200320250818,PORT002,INS0007,2025-08-18,3270,46.3854,151680.26,-1751.44,GBP,MOCK_FEED
POS00200420250818,PORT002,INS0008,2025-08-18,3929,67.4407,264974.51,2224.35,EUR,MOCK_FEED
POS00200520250818,PORT002,INS0009,2025-08-18,1235,31.0878,38393.43,610.62,USD,MOCK_FEED
POS00200620250818,PORT002,INS0010,2025-08-18,3958,57.9626,229415.97,7927.69,INR,MOCK_FEED
POS00200720250818,PORT002,INS0011,2025-08-18,1856,23.1054,42883.62,-325.11,USD,MOCK_FEED
POS00200820250818,PORT002,INS0012,2025-08-18,1872,9.9969,18714.2,540.17,GBP,MOCK_FEED
POS00200920250818,PORT002,INS0013,2025-08-18,4405,36.5658,161072.35,1698.0,EUR,MOCK_FEED
POS00201020250818,PORT002,INS0014,2025-08-18,4774,12.3953,59175.16,2271.48,USD,MOCK_FEED
POS00200120250819,PORT002,INS0005,2025-08-19,1690,45.383,76697.27,-1509.9,GBP,MOCK_FEED
POS00200220250819,PORT002,INS0006,2025-08-19,3010,24.2547,73006.65,-469.84,GBP,MOCK_FEED
POS00200320250819,PORT002,INS0007,2025-08-19,3673,45.2034,166032.09,2715.81,USD,MOCK_FEED
POS00200420250819,PORT002,INS0008,2025-08-19,4931,67.1217,330977.1,-66.4,INR,MOCK_FEED
POS00200520250819,PORT002,INS0009,2025-08-19,1435,31.3787,45028.43,1551.51,USD,MOCK_FEED
POS00200620250819,PORT002,INS0010,2025-08-19,1098,58.4938,64226.19,-1256.96,GBP,MOCK_FEED
POS00200720250819,PORT002,INS0011,2025-08-19,3999,22.9783,91890.22,-2245.1,EUR,MOCK_FEED
POS00200820250819,PORT002,INS0012,2025-08-19,2156,10.0733,21718.03,183.02,EUR,MOCK_FEED
POS00200920250819,PORT002,INS0013,2025-08-19,378,36.3045,13723.1,-368.62,EUR,MOCK_FEED
POS00201020250819,PORT002,INS0014,2025-08-19,3722,12.3324,45901.19,1132.89,EUR,MOCK_FEED
POS00200120250820,PORT002,INS0005,2025-08-20,4823,43.8038,211265.73,7942.91,GBP,MOCK_FEED
POS00200220250820,PORT002,INS0006,2025-08-20,4841,24.7514,119821.53,-2604.29,GBP,MOCK_FEED
POS00200320250820,PORT002,INS0007,2025-08-20,2105,46.7112,98327.08,780.36,INR,MOCK_FEED
POS00200420250820,PORT002,INS0008,2025-08-20,853,66.9769,57131.3,1724.01,EUR,MOCK_FEED
POS00200520250820,PORT002,INS0009,2025-08-20,4103,31.07,127480.21,3478.06,INR,MOCK_FEED
POS00200620250820,PORT002,INS0010,2025-08-20,2325,57.6279,133984.87,74.81,USD,MOCK_FEED
POS00200720250820,PORT002,INS0011,2025-08-20,2824,23.402,66087.25,391.74,EUR,MOCK_FEED
POS00200820250820,PORT002,INS0012,2025-08-20,1879,10.023,18833.22,-358.92,EUR,MOCK_FEED
POS00200920250820,PORT002,INS0013,2025-08-20,4842,36.3162,175843.04,5095.84,EUR,MOCK_FEED
POS00201020250820,PORT002,INS0014,2025-08-20,1506,12.4708,18781.02,-62.84,USD,MOCK_FEED
POS00200120250821,PORT002,INS0005,2025-08-21,1098,43.0852,47307.55,-25.23,USD,MOCK_FEED
POS00200220250821,PORT002,INS0006,2025-08-21,178,24.904,4432.91,52.67,EUR,MOCK_FEED
POS00200320250821,PORT002,INS0007,2025-08-21,2311,46.8983,108381.97,2512.06,GBP,MOCK_FEED
POS00200420250821,PORT002,INS0008,2025-08-21,3194,67.0756,214239.47,-371.06,USD,MOCK_FEED
POS00200520250821,PORT002,INS0009,2025-08-21,658,31.5816,20780.69,273.86,EUR,MOCK_FEED
POS00200620250821,PORT002,INS0010,2025-08-21,1101,57.3398,63131.12,329.99,GBP,MOCK_FEED
POS00200720250821,PORT002,INS0011,2025-08-21,1793,23.3589,41882.51,887.51,USD,MOCK_FEED
POS00200820250821,PORT002,INS0012,2025-08-21,3072,10.2976,31634.23,362.75,USD,MOCK_FEED
POS00200920250821,PORT002,INS0013,2025-08-21,2119,36.2656,76846.81,-140.11,EUR,MOCK_FEED
POS00201020250821,PORT002,INS0014,2025-08-21,1302,12.5054,16282.03,112.33,USD,MOCK_FEED
POS00200120250822,PORT002,INS0005,2025-08-22,1561,42.6907,66640.18,52.27,GBP,MOCK_FEED
POS00200220250822,PORT002,INS0006,2025-08-22,175,24.6447,4312.82,-123.22,GBP,MOCK_FEED
POS00200320250822,PORT002,INS0007,2025-08-22,4076,46.2858,188660.92,6510.92,INR,MOCK_FEED
POS00200420250822,PORT002,INS0008,2025-08-22,2615,67.6644,176942.41,1166.17,INR,MOCK_FEED
POS00200520250822,PORT002,INS0009,2025-08-22,2833,31.4716,89159.04,-2123.04,USD,MOCK_FEED
POS00200620250822,PORT002,INS0010,2025-08-22,3505,57.2967,200824.93,2548.5,USD,MOCK_FEED
POS00200720250822,PORT002,INS0011,2025-08-22,2553,24.0872,61494.62,-1087.32,INR,MOCK_FEED
POS00200820250822,PORT002,INS0012,2025-08-22,4627,10.2811,47570.65,-254.67,INR,MOCK_FEED
POS00200920250822,PORT002,INS0013,2025-08-22,840,36.3576,30540.38,-821.75,INR,MOCK_FEED
POS00201020250822,PORT002,INS0014,2025-08-22,3456,12.3152,42561.33,158.29,GBP,MOCK_FEED
POS00200120250823,PORT002,INS0005,2025-08-23,3980,43.1197,171616.41,-1371.07,USD,MOCK_FEED
POS00200220250823,PORT002,INS0006,2025-08-23,1453,25.0088,36337.79,-1047.59,INR,MOCK_FEED
POS00200320250823,PORT002,INS0007,2025-08-23,748,45.4969,34031.68,102.89,EUR,MOCK_FEED
POS00200420250823,PORT002,INS0008,2025-08-23,3710,67.3933,250029.14,-1356.0,INR,MOCK_FEED
POS00200520250823,PORT002,INS0009,2025-08-23,2572,32.2576,82966.55,-2005.86,USD,MOCK_FEED
POS00200620250823,PORT002,INS0010,2025-08-23,4073,57.5286,234313.99,1458.98,USD,MOCK_FEED
POS00200720250823,PORT002,INS0011,2025-08-23,1697,23.3201,39574.21,953.03,INR,MOCK_FEED
POS00200820250823,PORT002,INS0012,2025-08-23,2752,10.3328,28435.87,-788.5,USD,MOCK_FEED
POS00200920250823,PORT002,INS0013,2025-08-23,2445,37.107,90726.62,1578.8,INR,MOCK_FEED
POS00201020250823,PORT002,INS0014,2025-08-23,3214,12.3368,39650.48,-570.17,GBP,MOCK_FEED
POS00200120250824,PORT002,INS0005,2025-08-24,2282,43.1193,98398.24,-1982.15,EUR,MOCK_FEED
POS00200220250824,PORT002,INS0006,2025-08-24,1299,24.6392,32006.32,228.35,INR,MOCK_FEED
POS00200320250824,PORT002,INS0007,2025-08-24,1331,45.0268,59930.67,-745.91,USD,MOCK_FEED
POS00200420250824,PORT002,INS0008,2025-08-24,2158,67.48,145621.84,2439.09,USD,MOCK_FEED
POS00200520250824,PORT002,INS0009,2025-08-24,1185,32.2264,38188.28,572.52,GBP,MOCK_FEED
POS00200620250824,PORT002,INS0010,2025-08-24,4481,57.6822,258473.94,-6781.5,EUR,MOCK_FEED
POS00200720250824,PORT002,INS0011,2025-08-24,4473,23.3494,104441.87,-2605.49,GBP,MOCK_FEED
POS00200820250824,PORT002,INS0012,2025-08-24,2689,10.3381,27799.15,343.19,GBP,MOCK_FEED
POS00200920250824,PORT002,INS0013,2025-08-24,3870,36.7052,142049.12,5605.23,GBP,MOCK_FEED
POS00201020250824,PORT002,INS0014,2025-08-24,4304,12.2922,52905.63,-1000.29,USD,MOCK_FEED
POS00200120250825,PORT002,INS0005,2025-08-25,1006,42.2385,42491.93,1456.14,INR,MOCK_FEED
POS00200220250825,PORT002,INS0006,2025-08-25,3187,24.3261,77527.28,-2084.92,GBP,MOCK_FEED
POS00200320250825,PORT002,INS0007,2025-08-25,4723,45.1682,213329.41,7745.08,USD,MOCK_FEED
POS00200420250825,PORT002,INS0008,2025-08-25,2542,67.6674,172010.53,5107.8,GBP,MOCK_FEED
POS00200520250825,PORT002,INS0009,2025-08-25,4315,31.7659,137069.86,1314.36,USD,MOCK_FEED
POS00200620250825,PORT002,INS0010,2025-08-25,3164,57.2221,181050.72,-4032.15,INR,MOCK_FEED
POS00200720250825,PORT002,INS0011,2025-08-25,1130,22.7882,25750.67,347.06,USD,MOCK_FEED
POS00200820250825,PORT002,INS0012,2025-08-25,2899,10.2812,29805.2,312.51,GBP,MOCK_FEED
POS00200920250825,PORT002,INS0013,2025-08-25,3776,36.6322,138323.19,4215.35,USD,MOCK_FEED
POS00201020250825,PORT002,INS0014,2025-08-25,2365,12.2073,28870.26,97.43,EUR,MOCK_FEED
POS00200120250826,PORT002,INS0005,2025-08-26,3523,41.3754,145765.53,-1228.18,USD,MOCK_FEED
POS00200220250826,PORT002,INS0006,2025-08-26,4625,23.7413,109803.51,2895.83,EUR,MOCK_FEED
POS00200320250826,PORT002,INS0007,2025-08-26,3863,45.6751,176442.91,-4733.33,USD,MOCK_FEED
POS00200420250826,PORT002,INS0008,2025-08-26,1653,66.9372,110647.19,3452.05,USD,MOCK_FEED
POS00200520250826,PORT002,INS0009,2025-08-26,1543,31.5912,48745.22,540.35,USD,MOCK_FEED
POS00200620250826,PORT002,INS0010,2025-08-26,3633,57.2642,208040.84,272.5,GBP,MOCK_FEED
POS00200720250826,PORT002,INS0011,2025-08-26,776,22.479,17443.7,-62.96,EUR,MOCK_FEED
POS00200820250826,PORT002,INS0012,2025-08-26,4339,10.1973,44246.08,872.65,INR,MOCK_FEED
POS00200920250826,PORT002,INS0013,2025-08-26,1491,36.323,54157.59,1479.8,GBP,MOCK_FEED
POS00201020250826,PORT002,INS0014,2025-08-26,997,12.4876,12450.14,353.99,USD,MOCK_FEED
POS00200120250827,PORT002,INS0005,2025-08-27,159,40.7266,6475.53,-58.37,USD,MOCK_FEED
POS00200220250827,PORT002,INS0006,2025-08-27,907,23.3019,21134.82,385.14,INR,MOCK_FEED
POS00200320250827,PORT002,INS0007,2025-08-27,1019,45.1801,46038.52,-52.97,INR,MOCK_FEED
POS00200420250827,PORT002,INS0008,2025-08-27,4331,67.2384,291209.51,7968.93,EUR,MOCK_FEED
POS00200520250827,PORT002,INS0009,2025-08-27,1617,31.0367,50186.34,-891.18,USD,MOCK_FEED
POS00200620250827,PORT002,INS0010,2025-08-27,409,57.5395,23533.66,-273.42,INR,MOCK_FEED
POS00200720250827,PORT002,INS0011,2025-08-27,4192,22.1571,92882.56,136.97,GBP,MOCK_FEED
POS00200820250827,PORT002,INS0012,2025-08-27,1132,10.2828,11640.13,311.21,USD,MOCK_FEED
POS00200920250827,PORT002,INS0013,2025-08-27,4043,36.7254,148480.79,4422.66,USD,MOCK_FEED
POS00201020250827,PORT002,INS0014,2025-08-27,3304,12.3928,40945.81,44.17,USD,MOCK_FEED
POS00200120250828,PORT002,INS0005,2025-08-28,3286,41.0757,134974.75,-2037.79,GBP,MOCK_FEED
POS00200220250828,PORT002,INS0006,2025-08-28,705,22.963,16188.92,-114.9,GBP,MOCK_FEED
POS00200320250828,PORT002,INS0007,2025-08-28,1812,45.3389,82154.09,-75.45,EUR,MOCK_FEED
POS00200420250828,PORT002,INS0008,2025-08-28,1068,66.914,71464.15,-985.86,EUR,MOCK_FEED
POS00200520250828,PORT002,INS0009,2025-08-28,2083,30.8603,64282.0,-63.5,GBP,MOCK_FEED
POS00200620250828,PORT002,INS0010,2025-08-28,4371,57.3987,250889.72,1619.2,INR,MOCK_FEED
POS00200720250828,PORT002,INS0011,2025-08-28,4057,21.7639,88296.14,-562.38,USD,MOCK_FEED
POS00200820250828,PORT002,INS0012,2025-08-28,4477,10.0753,45107.12,-950.69,USD,MOCK_FEED
POS00200920250828,PORT002,INS0013,2025-08-28,3789,36.2772,137454.31,2621.83,USD,MOCK_FEED
POS00201020250828,PORT002,INS0014,2025-08-28,4465,12.3021,54928.88,-695.96,EUR,MOCK_FEED
POS00200120250829,PORT002,INS0005,2025-08-29,3835,41.1028,157629.24,-4484.84,USD,MOCK_FEED
POS00200220250829,PORT002,INS0006,2025-08-29,2690,22.6065,60811.49,-520.46,INR,MOCK_FEED
POS00200320250829,PORT002,INS0007,2025-08-29,4863,44.5891,216836.79,6616.71,EUR,MOCK_FEED
POS00200420250829,PORT002,INS0008,2025-08-29,3676,66.9448,246089.08,4341.12,USD,MOCK_FEED
POS00200520250829,PORT002,INS0009,2025-08-29,1440,31.001,44641.44,-392.17,EUR,MOCK_FEED
POS00200620250829,PORT002,INS0010,2025-08-29,232,58.316,13529.31,458.06,EUR,MOCK_FEED
POS00200720250829,PORT002,INS0011,2025-08-29,869,21.5777,18751.02,100.94,USD,MOCK_FEED
POS00200820250829,PORT002,INS0012,2025-08-29,400,10.0217,4008.68,78.48,GBP,MOCK_FEED
POS00200920250829,PORT002,INS0013,2025-08-29,2345,36.3947,85345.57,139.16,EUR,MOCK_FEED
POS00201020250829,PORT002,INS0014,2025-08-29,1318,12.3138,16229.59,-77.76,INR,MOCK_FEED
POS00200120250830,PORT002,INS0005,2025-08-30,3827,41.0341,157037.5,3935.36,EUR,MOCK_FEED
POS00200220250830,PORT002,INS0006,2025-08-30,3479,22.2986,77576.83,2851.61,USD,MOCK_FEED
POS00200320250830,PORT002,INS0007,2025-08-30,2009,44.4857,89371.77,957.8,INR,MOCK_FEED
POS00200420250830,PORT002,INS0008,2025-08-30,3190,66.2725,211409.27,7364.97,GBP,MOCK_FEED
POS00200520250830,PORT002,INS0009,2025-08-30,3636,30.4715,110794.37,1630.44,GBP,MOCK_FEED
POS00200620250830,PORT002,INS0010,2025-08-30,1678,58.1972,97654.9,-889.73,USD,MOCK_FEED
POS00200720250830,PORT002,INS0011,2025-08-30,1717,21.5051,36924.26,1123.13,GBP,MOCK_FEED
POS00200820250830,PORT002,INS0012,2025-08-30,120,10.0156,1201.87,-27.06,INR,MOCK_FEED
POS00200920250830,PORT002,INS0013,2025-08-30,3924,35.9573,141096.45,4481.9,USD,MOCK_FEED
POS00201020250830,PORT002,INS0014,2025-08-30,1600,12.315,19704.0,152.97,INR,MOCK_FEED
POS00200120250831,PORT002,INS0005,2025-08-31,1319,41.5925,54860.51,-834.35,GBP,MOCK_FEED
POS00200220250831,PORT002,INS0006,2025-08-31,2411,22.3252,53826.06,-829.09,EUR,MOCK_FEED
POS00200320250831,PORT002,INS0007,2025-08-31,2804,44.3018,124222.25,1752.19,USD,MOCK_FEED
POS00200420250831,PORT002,INS0008,2025-08-31,3615,66.1652,239187.2,4992.02,USD,MOCK_FEED
POS00200520250831,PORT002,INS0009,2025-08-31,1846,30.5433,56382.93,1243.75,GBP,MOCK_FEED
POS00200620250831,PORT002,INS0010,2025-08-31,2665,58.7972,156694.54,4042.05,INR,MOCK_FEED
POS00200720250831,PORT002,INS0011,2025-08-31,915,21.3638,19547.88,203.83,USD,MOCK_FEED
POS00200820250831,PORT002,INS0012,2025-08-31,1425,10.1665,14487.26,426.4,USD,MOCK_FEED
POS00200920250831,PORT002,INS0013,2025-08-31,3579,36.0352,128969.98,1216.11,GBP,MOCK_FEED
POS00201020250831,PORT002,INS0014,2025-08-31,4916,12.0532,59253.53,-968.69,INR,MOCK_FEED
POS00200120250901,PORT002,INS0005,2025-09-01,1803,41.6262,75052.04,358.61,INR,MOCK_FEED
POS00200220250901,PORT002,INS0006,2025-09-01,355,22.6588,8043.87,-182.93,EUR,MOCK_FEED
POS00200320250901,PORT002,INS0007,2025-09-01,3609,44.1377,159292.96,-1484.28,GBP,MOCK_FEED
POS00200420250901,PORT002,INS0008,2025-09-01,4162,66.9434,278618.43,7963.71,USD,MOCK_FEED
POS00200520250901,PORT002,INS0009,2025-09-01,2182,30.4686,66482.49,704.27,GBP,MOCK_FEED
POS00200620250901,PORT002,INS0010,2025-09-01,1579,59.0002,93161.32,2303.57,GBP,MOCK_FEED
POS00200720250901,PORT002,INS0011,2025-09-01,3780,21.8596,82629.29,1702.89,GBP,MOCK_FEED
POS00200820250901,PORT002,INS0012,2025-09-01,4739,10.2887,48758.15,1872.31,INR,MOCK_FEED
POS00200920250901,PORT002,INS0013,2025-09-01,4117,36.5431,150447.94,-914.99,GBP,MOCK_FEED
POS00201020250901,PORT002,INS0014,2025-09-01,674,11.8384,7979.08,233.63,EUR,MOCK_FEED
POS00200120250902,PORT002,INS0005,2025-09-02,1625,41.7367,67822.14,1340.28,GBP,MOCK_FEED
POS00200220250902,PORT002,INS0006,2025-09-02,2018,22.6058,45618.5,847.82,INR,MOCK_FEED
POS00200320250902,PORT002,INS0007,2025-09-02,1182,45.2055,53432.9,1196.77,GBP,MOCK_FEED
POS00200420250902,PORT002,INS0008,2025-09-02,921,67.4323,62105.15,2109.99,INR,MOCK_FEED
POS00200520250902,PORT002,INS0009,2025-09-02,2242,30.7211,68876.71,867.68,GBP,MOCK_FEED
POS00200620250902,PORT002,INS0010,2025-09-02,911,59.556,54255.52,-620.55,USD,MOCK_FEED
POS00200720250902,PORT002,INS0011,2025-09-02,4636,21.9279,101657.74,1160.46,GBP,MOCK_FEED
POS00200820250902,PORT002,INS0012,2025-09-02,3568,10.3923,37079.73,367.77,USD,MOCK_FEED
POS00200920250902,PORT002,INS0013,2025-09-02,4995,36.1626,180632.19,2883.85,EUR,MOCK_FEED
POS00201020250902,PORT002,INS0014,2025-09-02,346,12.0763,4178.4,-62.5,EUR,MOCK_FEED
POS00200120250903,PORT002,INS0005,2025-09-03,2333,42.1334,98297.22,1766.26,EUR,MOCK_FEED
POS00200220250903,PORT002,INS0006,2025-09-03,2262,22.6427,51217.79,-636.97,USD,MOCK_FEED
POS00200320250903,PORT002,INS0007,2025-09-03,4933,44.9502,221739.34,4104.1,USD,MOCK_FEED
POS00200420250903,PORT002,INS0008,2025-09-03,4990,67.2802,335728.2,-6358.11,GBP,MOCK_FEED
POS00200520250903,PORT002,INS0009,2025-09-03,1630,31.162,50794.06,1123.22,USD,MOCK_FEED
POS00200620250903,PORT002,INS0010,2025-09-03,1660,60.3243,100138.34,1210.69,USD,MOCK_FEED
POS00200720250903,PORT002,INS0011,2025-09-03,1965,22.0222,43273.62,230.14,USD,MOCK_FEED
POS00200820250903,PORT002,INS0012,2025-09-03,4154,10.3919,43167.95,830.57,GBP,MOCK_FEED
POS00200920250903,PORT002,INS0013,2025-09-03,4396,35.7137,156997.43,-1198.06,EUR,MOCK_FEED
POS00201020250903,PORT002,INS0014,2025-09-03,2003,12.0191,24074.26,742.79,EUR,MOCK_FEED
POS00200120250904,PORT002,INS0005,2025-09-04,2812,42.3127,118983.31,-2007.01,EUR,MOCK_FEED
POS00200220250904,PORT002,INS0006,2025-09-04,409,22.5189,9210.23,145.96,GBP,MOCK_FEED
POS00200320250904,PORT002,INS0007,2025-09-04,1682,44.7373,75248.14,2422.48,INR,MOCK_FEED
POS00200420250904,PORT002,INS0008,2025-09-04,4967,67.5063,335303.79,11528.88,GBP,MOCK_FEED
POS00200520250904,PORT002,INS0009,2025-09-04,3993,31.414,125436.1,3999.44,USD,MOCK_FEED
POS00200620250904,PORT002,INS0010,2025-09-04,2246,61.0066,137020.82,1048.03,EUR,MOCK_FEED
POS00200720250904,PORT002,INS0011,2025-09-04,2403,21.9131,52657.18,1133.63,USD,MOCK_FEED
POS00200820250904,PORT002,INS0012,2025-09-04,4404,10.4829,46166.69,-782.45,EUR,MOCK_FEED
POS00200920250904,PORT002,INS0013,2025-09-04,2338,36.2182,84678.15,3223.19,USD,MOCK_FEED
POS00201020250904,PORT002,INS0014,2025-09-04,1522,11.6856,17785.48,514.97,EUR,MOCK_FEED
POS00200120250905,PORT002,INS0005,2025-09-05,1132,42.0293,47577.17,1498.93,INR,MOCK_FEED
POS00200220250905,PORT002,INS0006,2025-09-05,1133,22.0788,25015.28,-127.88,USD,MOCK_FEED
POS00200320250905,PORT002,INS0007,2025-09-05,1293,44.9779,58156.42,1125.69,INR,MOCK_FEED
POS00200420250905,PORT002,INS0008,2025-09-05,3560,67.0799,238804.44,2160.71,EUR,MOCK_FEED
POS00200520250905,PORT002,INS0009,2025-09-05,3811,31.7821,121121.58,4337.18,INR,MOCK_FEED
POS00200620250905,PORT002,INS0010,2025-09-05,4799,60.6962,291281.06,-4336.04,INR,MOCK_FEED
POS00200720250905,PORT002,INS0011,2025-09-05,4799,22.3335,107178.47,-1403.31,INR,MOCK_FEED
POS00200820250905,PORT002,INS0012,2025-09-05,1617,10.4403,16881.97,202.9,GBP,MOCK_FEED
POS00200920250905,PORT002,INS0013,2025-09-05,4425,36.1405,159921.71,2646.53,USD,MOCK_FEED
POS00201020250905,PORT002,INS0014,2025-09-05,2596,11.801,30635.4,49.93,INR,MOCK_FEED
POS00200120250906,PORT002,INS0005,2025-09-06,3194,41.7087,133217.59,-3703.82,USD,MOCK_FEED
POS00200220250906,PORT002,INS0006,2025-09-06,4320,22.0508,95259.46,310.33,INR,MOCK_FEED
POS00200320250906,PORT002,INS0007,2025-09-06,572,44.9849,25731.36,736.14,GBP,MOCK_FEED
POS00200420250906,PORT002,INS0008,2025-09-06,4394,66.8716,293833.81,-2293.78,GBP,MOCK_FEED
POS00200520250906,PORT002,INS0009,2025-09-06,800,32.4754,25980.32,1012.17,GBP,MOCK_FEED
POS00200620250906,PORT002,INS0010,2025-09-06,536,61.425,32923.8,185.65,GBP,MOCK_FEED
POS00200720250906,PORT002,INS0011,2025-09-06,2422,22.5872,54706.2,1558.55,EUR,MOCK_FEED
POS00200820250906,PORT002,INS0012,2025-09-06,1164,10.6593,12407.43,293.65,EUR,MOCK_FEED
POS00200920250906,PORT002,INS0013,2025-09-06,3173,35.4966,112630.71,1038.24,EUR,MOCK_FEED
POS00201020250906,PORT002,INS0014,2025-09-06,207,11.8912,2461.48,-38.73,EUR,MOCK_FEED
POS00200120250907,PORT002,INS0005,2025-09-07,2738,41.7974,114441.28,4496.52,USD,MOCK_FEED
POS00200220250907,PORT002,INS0006,2025-09-07,1928,22.2713,42939.07,62.91,GBP,MOCK_FEED
POS00200320250907,PORT002,INS0007,2025-09-07,1723,44.7958,77183.16,2594.78,GBP,MOCK_FEED
POS00200420250907,PORT002,INS0008,2025-09-07,602,68.6772,41343.67,-811.62,EUR,MOCK_FEED
POS00200520250907,PORT002,INS0009,2025-09-07,638,32.1328,20500.73,-185.5,INR,MOCK_FEED
POS00200620250907,PORT002,INS0010,2025-09-07,3013,60.747,183030.71,-1966.44,GBP,MOCK_FEED
POS00200720250907,PORT002,INS0011,2025-09-07,3639,22.6185,82308.72,1230.66,GBP,MOCK_FEED
POS00200820250907,PORT002,INS0012,2025-09-07,812,10.5843,8594.45,229.72,EUR,MOCK_FEED
POS00200920250907,PORT002,INS0013,2025-09-07,4536,34.8542,158098.65,5346.44,EUR,MOCK_FEED
POS00201020250907,PORT002,INS0014,2025-09-07,3705,11.6102,43015.79,-431.78,EUR,MOCK_FEED
POS00200120250908,PORT002,INS0005,2025-09-08,4195,41.7801,175267.52,1264.17,GBP,MOCK_FEED
POS00200220250908,PORT002,INS0006,2025-09-08,3516,22.4683,78998.54,72.7,INR,MOCK_FEED
POS00200320250908,PORT002,INS0007,2025-09-08,1636,44.6459,73040.69,1666.17,GBP,MOCK_FEED
POS00200420250908,PORT002,INS0008,2025-09-08,4038,69.1866,279375.49,-2770.81,INR,MOCK_FEED
POS00200520250908,PORT002,INS0009,2025-09-08,4736,32.071,151888.26,3887.55,EUR,MOCK_FEED
POS00200620250908,PORT002,INS0010,2025-09-08,288,61.8887,17823.95,253.34,EUR,MOCK_FEED
POS00200720250908,PORT002,INS0011,2025-09-08,573,22.2387,12742.78,246.13,EUR,MOCK_FEED
POS00200820250908,PORT002,INS0012,2025-09-08,475,10.5022,4988.55,-50.13,EUR,MOCK_FEED
POS00200920250908,PORT002,INS0013,2025-09-08,2466,34.9109,86090.28,-1825.66,EUR,MOCK_FEED
POS00201020250908,PORT002,INS0014,2025-09-08,1903,11.8023,22459.78,-129.58,GBP,MOCK_FEED
POS00200120250909,PORT002,INS0005,2025-09-09,3528,41.4874,146367.55,3279.03,GBP,MOCK_FEED
POS00200220250909,PORT002,INS0006,2025-09-09,3412,22.1624,75618.11,-534.71,USD,MOCK_FEED
POS00200320250909,PORT002,INS0007,2025-09-09,4205,44.082,185364.81,-2437.13,INR,MOCK_FEED
POS00200420250909,PORT002,INS0008,2025-09-09,3529,69.7124,246015.06,-1297.62,EUR,MOCK_FEED
POS00200520250909,PORT002,INS0009,2025-09-09,3968,32.1341,127508.11,4736.83,INR,MOCK_FEED
POS00200620250909,PORT002,INS0010,2025-09-09,3032,63.3693,192135.72,-4831.03,GBP,MOCK_FEED
POS00200720250909,PORT002,INS0011,2025-09-09,2349,22.7283,53388.78,-866.86,USD,MOCK_FEED
POS00200820250909,PORT002,INS0012,2025-09-09,1697,10.5356,17878.91,-289.68,EUR,MOCK_FEED
POS00200920250909,PORT002,INS0013,2025-09-09,1228,34.7469,42669.19,1088.56,USD,MOCK_FEED
POS00201020250909,PORT002,INS0014,2025-09-09,152,11.9265,1812.83,41.88,INR,MOCK_FEED
POS00200120250910,PORT002,INS0005,2025-09-10,2311,41.9478,96941.37,-2000.33,USD,MOCK_FEED
POS00200220250910,PORT002,INS0006,2025-09-10,244,21.9092,5345.84,124.15,USD,MOCK_FEED
POS00200320250910,PORT002,INS0007,2025-09-10,2349,43.462,102092.24,2562.78,INR,MOCK_FEED
POS00200420250910,PORT002,INS0008,2025-09-10,2826,70.8598,200249.79,-4109.05,EUR,MOCK_FEED
POS00200520250910,PORT002,INS0009,2025-09-10,4052,30.9916,125577.96,1312.16,USD,MOCK_FEED
POS00200620250910,PORT002,INS0010,2025-09-10,403,62.1417,25043.11,-141.95,USD,MOCK_FEED
POS00200720250910,PORT002,INS0011,2025-09-10,4840,22.4105,108466.82,1161.44,EUR,MOCK_FEED
POS00200820250910,PORT002,INS0012,2025-09-10,1182,10.434,12332.99,442.36,EUR,MOCK_FEED
POS00200920250910,PORT002,INS0013,2025-09-10,594,34.593,20548.24,209.63,GBP,MOCK_FEED
POS00201020250910,PORT002,INS0014,2025-09-10,3156,11.8892,37522.32,-480.56,USD,MOCK_FEED
POS00200120250911,PORT002,INS0005,2025-09-11,3749,42.1552,158039.84,-1721.14,INR,MOCK_FEED
POS00200220250911,PORT002,INS0006,2025-09-11,3328,21.8993,72880.87,-2078.26,USD,MOCK_FEED
POS00200320250911,PORT002,INS0007,2025-09-11,2165,44.0548,95378.64,2346.37,EUR,MOCK_FEED
POS00200420250911,PORT002,INS0008,2025-09-11,3560,71.619,254963.64,-76.25,EUR,MOCK_FEED
POS00200520250911,PORT002,INS0009,2025-09-11,4713,30.7765,145049.64,3093.76,EUR,MOCK_FEED
POS00200620250911,PORT002,INS0010,2025-09-11,4505,62.1515,279992.51,1938.81,INR,MOCK_FEED
POS00200720250911,PORT002,INS0011,2025-09-11,3415,22.2656,76037.02,-1673.36,INR,MOCK_FEED
POS00200820250911,PORT002,INS0012,2025-09-11,4522,10.2646,46416.52,-934.53,GBP,MOCK_FEED
POS00200920250911,PORT002,INS0013,2025-09-11,148,34.3155,5078.69,-87.94,INR,MOCK_FEED
POS00201020250911,PORT002,INS0014,2025-09-11,1050,12.0244,12625.62,-193.52,EUR,MOCK_FEED
POS00200120250912,PORT002,INS0005,2025-09-12,4040,42.9308,173440.43,-1404.29,GBP,MOCK_FEED
POS00200220250912,PORT002,INS0006,2025-09-12,1158,21.6985,25126.86,545.55,USD,MOCK_FEED
POS00200320250912,PORT002,INS0007,2025-09-12,1219,44.9592,54805.26,671.93,EUR,MOCK_FEED
POS00200420250912,PORT002,INS0008,2025-09-12,4117,71.1778,293039.0,2078.21,GBP,MOCK_FEED
POS00200520250912,PORT002,INS0009,2025-09-12,3377,30.7115,103712.74,-2100.97,INR,MOCK_FEED
POS00200620250912,PORT002,INS0010,2025-09-12,2046,60.7027,124197.72,2632.29,INR,MOCK_FEED
POS00200720250912,PORT002,INS0011,2025-09-12,1272,22.4841,28599.78,-136.81,EUR,MOCK_FEED
POS00200820250912,PORT002,INS0012,2025-09-12,1099,10.3513,11376.08,416.7,USD,MOCK_FEED
POS00200920250912,PORT002,INS0013,2025-09-12,824,34.9125,28767.9,185.59,GBP,MOCK_FEED
POS00201020250912,PORT002,INS0014,2025-09-12,2589,12.2182,31632.92,-124.68,GBP,MOCK_FEED
POS00200120250913,PORT002,INS0005,2025-09-13,2867,42.3271,121351.8,2892.97,INR,MOCK_FEED
POS00200220250913,PORT002,INS0006,2025-09-13,926,22.0481,20416.54,-530.79,EUR,MOCK_FEED
POS00200320250913,PORT002,INS0007,2025-09-13,784,44.202,34654.37,194.59,EUR,MOCK_FEED
POS00200420250913,PORT002,INS0008,2025-09-13,3802,72.9059,277188.23,-5670.84,GBP,MOCK_FEED
POS00200520250913,PORT002,INS0009,2025-09-13,4904,30.6262,150190.88,513.54,GBP,MOCK_FEED
POS00200620250913,PORT002,INS0010,2025-09-13,2511,60.2239,151222.21,1048.76,USD,MOCK_FEED
POS00200720250913,PORT002,INS0011,2025-09-13,4299,22.7005,97589.45,1122.57,EUR,MOCK_FEED
POS00200820250913,PORT002,INS0012,2025-09-13,236,10.3225,2436.11,10.3,EUR,MOCK_FEED
POS00200920250913,PORT002,INS0013,2025-09-13,4921,34.1573,168088.07,3491.53,INR,MOCK_FEED
POS00201020250913,PORT002,INS0014,2025-09-13,4469,12.0202,53718.27,1772.14,GBP,MOCK_FEED
POS00200120250914,PORT002,INS0005,2025-09-14,2194,42.7717,93841.11,872.55,EUR,MOCK_FEED
POS00200220250914,PORT002,INS0006,2025-09-14,3243,22.0549,71524.04,-580.79,USD,MOCK_FEED
POS00200320250914,PORT002,INS0007,2025-09-14,1303,44.3822,57830.01,1437.89,USD,MOCK_FEED
POS00200420250914,PORT002,INS0008,2025-09-14,3097,73.4857,227585.21,4422.46,INR,MOCK_FEED
POS00200520250914,PORT002,INS0009,2025-09-14,4623,30.5112,141053.28,-509.32,INR,MOCK_FEED
POS00200620250914,PORT002,INS0010,2025-09-14,191,60.128,11484.45,29.35,EUR,MOCK_FEED
POS00200720250914,PORT002,INS0011,2025-09-14,865,22.5398,19496.93,-435.21,GBP,MOCK_FEED
POS00200820250914,PORT002,INS0012,2025-09-14,2611,10.3314,26975.29,-521.81,GBP,MOCK_FEED
POS00200920250914,PORT002,INS0013,2025-09-14,1624,33.1662,53861.91,-276.95,USD,MOCK_FEED
POS00201020250914,PORT002,INS0014,2025-09-14,1400,11.9336,16707.04,202.86,USD,MOCK_FEED
POS00200120250915,PORT002,INS0005,2025-09-15,1081,42.3511,45781.54,-855.0,EUR,MOCK_FEED
POS00200220250915,PORT002,INS0006,2025-09-15,3772,22.2728,84013.0,-815.88,USD,MOCK_FEED
POS00200320250915,PORT002,INS0007,2025-09-15,413,43.7061,18050.62,681.95,EUR,MOCK_FEED
POS00200420250915,PORT002,INS0008,2025-09-15,274,72.2174,19787.57,-351.37,GBP,MOCK_FEED
POS00200520250915,PORT002,INS0009,2025-09-15,4688,30.5313,143130.73,-4006.56,EUR,MOCK_FEED
POS00200620250915,PORT002,INS0010,2025-09-15,2639,60.4098,159421.46,-3065.87,USD,MOCK_FEED
POS00200720250915,PORT002,INS0011,2025-09-15,3533,22.7173,80260.22,1561.11,USD,MOCK_FEED
POS00200820250915,PORT002,INS0012,2025-09-15,768,10.3071,7915.85,-200.12,EUR,MOCK_FEED
POS00200920250915,PORT002,INS0013,2025-09-15,1155,32.9485,38055.52,279.28,INR,MOCK_FEED
POS00201020250915,PORT002,INS0014,2025-09-15,4945,12.0191,59434.45,1028.76,EUR,MOCK_FEED
POS00200120250916,PORT002,INS0005,2025-09-16,1783,42.1922,75228.69,-744.73,USD,MOCK_FEED
POS00200220250916,PORT002,INS0006,2025-09-16,4172,22.1224,92294.65,610.43,USD,MOCK_FEED
POS00200320250916,PORT002,INS0007,2025-09-16,1117,43.1878,48240.77,878.96,GBP,MOCK_FEED
POS00200420250916,PORT002,INS0008,2025-09-16,749,71.9676,53903.73,-792.01,EUR,MOCK_FEED
POS00200520250916,PORT002,INS0009,2025-09-16,400,30.8363,12334.52,244.29,GBP,MOCK_FEED
POS00200620250916,PORT002,INS0010,2025-09-16,3863,59.4428,229627.54,859.38,EUR,MOCK_FEED
POS00200720250916,PORT002,INS0011,2025-09-16,4363,22.7835,99404.41,2003.55,INR,MOCK_FEED
POS00200820250916,PORT002,INS0012,2025-09-16,4411,10.1392,44724.01,-599.61,EUR,MOCK_FEED
POS00200920250916,PORT002,INS0013,2025-09-16,1317,32.7548,43138.07,1396.65,INR,MOCK_FEED
POS00201020250916,PORT002,INS0014,2025-09-16,3945,11.9324,47073.32,236.42,GBP,MOCK_FEED
POS00200120250917,PORT002,INS0005,2025-09-17,2116,41.928,88719.65,2241.4,USD,MOCK_FEED
POS00200220250917,PORT002,INS0006,2025-09-17,1439,22.0245,31693.26,-322.85,EUR,MOCK_FEED
POS00200320250917,PORT002,INS0007,2025-09-17,4268,43.6047,186104.86,4447.83,EUR,MOCK_FEED
POS00200420250917,PORT002,INS0008,2025-09-17,4044,69.836,282416.78,2824.18,INR,MOCK_FEED
POS00200520250917,PORT002,INS0009,2025-09-17,3448,30.3073,104499.57,-599.07,INR,MOCK_FEED
POS00200620250917,PORT002,INS0010,2025-09-17,347,59.0411,20487.26,713.57,USD,MOCK_FEED
POS00200720250917,PORT002,INS0011,2025-09-17,287,22.7829,6538.69,-148.71,EUR,MOCK_FEED
POS00200820250917,PORT002,INS0012,2025-09-17,270,10.3473,2793.77,-64.68,INR,MOCK_FEED
POS00200920250917,PORT002,INS0013,2025-09-17,4493,32.4308,145711.58,1359.0,USD,MOCK_FEED
POS00201020250917,PORT002,INS0014,2025-09-17,3983,12.3581,49222.31,-619.54,INR,MOCK_FEED
POS00200120250918,PORT002,INS0005,2025-09-18,2158,42.7357,92223.64,2463.81,EUR,MOCK_FEED
POS00200220250918,PORT002,INS0006,2025-09-18,4517,21.8094,98513.06,1593.28,EUR,MOCK_FEED
POS00200320250918,PORT002,INS0007,2025-09-18,4001,43.9677,175914.77,-3266.45,USD,MOCK_FEED
POS00200420250918,PORT002,INS0008,2025-09-18,2550,69.5826,177435.63,3062.03,INR,MOCK_FEED
POS00200520250918,PORT002,INS0009,2025-09-18,2919,29.9626,87460.83,-378.9,EUR,MOCK_FEED
POS00200620250918,PORT002,INS0010,2025-09-18,363,59.3101,21529.57,731.38,EUR,MOCK_FEED
POS00200720250918,PORT002,INS0011,2025-09-18,798,23.2046,18517.27,-234.05,USD,MOCK_FEED
POS00200820250918,PORT002,INS0012,2025-09-18,4933,10.1872,50253.46,-786.37,GBP,MOCK_FEED
POS00200920250918,PORT002,INS0013,2025-09-18,465,32.062,14908.83,-408.45,INR,MOCK_FEED
POS00201020250918,PORT002,INS0014,2025-09-18,1777,12.6343,22451.15,486.61,GBP,MOCK_FEED
POS00200120250919,PORT002,INS0005,2025-09-19,4538,43.4585,197214.67,-2833.73,INR,MOCK_FEED
POS00200220250919,PORT002,INS0006,2025-09-19,518,21.7205,11251.22,-196.23,INR,MOCK_FEED
POS00200320250919,PORT002,INS0007,2025-09-19,739,44.6916,33027.09,1248.78,INR,MOCK_FEED
POS00200420250919,PORT002,INS0008,2025-09-19,443,70.1954,31096.56,-460.3,GBP,MOCK_FEED
POS00200520250919,PORT002,INS0009,2025-09-19,1200,30.2403,36288.36,1046.61,EUR,MOCK_FEED
POS00200620250919,PORT002,INS0010,2025-09-19,4858,60.1904,292404.96,-372.01,INR,MOCK_FEED
POS00200720250919,PORT002,INS0011,2025-09-19,3106,22.8161,70866.81,2366.22,EUR,MOCK_FEED
POS00200820250919,PORT002,INS0012,2025-09-19,3279,10.0447,32936.57,22.4,EUR,MOCK_FEED
POS00200920250919,PORT002,INS0013,2025-09-19,2064,31.6773,65381.95,-558.22,USD,MOCK_FEED
POS00201020250919,PORT002,INS0014,2025-09-19,671,12.571,8435.14,-244.08,USD,MOCK_FEED
POS00200120250920,PORT002,INS0005,2025-09-20,1868,43.6108,81464.97,1305.92,USD,MOCK_FEED
POS00200220250920,PORT002,INS0006,2025-09-20,2393,21.8734,52343.05,-426.92,INR,MOCK_FEED
POS00200320250920,PORT002,INS0007,2025-09-20,1561,44.9027,70093.11,839.03,USD,MOCK_FEED
POS00200420250920,PORT002,INS0008,2025-09-20,1853,70.4645,130570.72,777.45,EUR,MOCK_FEED
POS00200520250920,PORT002,INS0009,2025-09-20,2652,30.7419,81527.52,1968.92,EUR,MOCK_FEED
POS00200620250920,PORT002,INS0010,2025-09-20,1097,59.8442,65649.09,1907.95,EUR,MOCK_FEED
POS00200720250920,PORT002,INS0011,2025-09-20,3933,23.0984,90846.01,2619.91,INR,MOCK_FEED
POS00200820250920,PORT002,INS0012,2025-09-20,4749,9.8126,46600.04,-1205.83,INR,MOCK_FEED
POS00200920250920,PORT002,INS0013,2025-09-20,3520,31.3497,110350.94,307.25,INR,MOCK_FEED
POS00201020250920,PORT002,INS0014,2025-09-20,1832,12.6323,23142.37,-248.9,GBP,MOCK_FEED
POS00200120250921,PORT002,INS0005,2025-09-21,2137,43.1304,92169.66,2324.53,GBP,MOCK_FEED
POS00200220250921,PORT002,INS0006,2025-09-21,2648,21.6004,57197.86,-85.04,EUR,MOCK_FEED
POS00200320250921,PORT002,INS0007,2025-09-21,3066,45.245,138721.17,32.42,USD,MOCK_FEED
POS00200420250921,PORT002,INS0008,2025-09-21,3923,70.3706,276063.86,5763.11,EUR,MOCK_FEED
POS00200520250921,PORT002,INS0009,2025-09-21,1688,30.7473,51901.44,-726.57,GBP,MOCK_FEED
POS00200620250921,PORT002,INS0010,2025-09-21,321,60.603,19453.56,-169.92,GBP,MOCK_FEED
POS00200720250921,PORT002,INS0011,2025-09-21,2319,23.1452,53673.72,748.11,EUR,MOCK_FEED
POS00200820250921,PORT002,INS0012,2025-09-21,189,9.5815,1810.9,30.3,USD,MOCK_FEED
POS00200920250921,PORT002,INS0013,2025-09-21,4764,31.6801,150924.0,4714.91,INR,MOCK_FEED
POS00201020250921,PORT002,INS0014,2025-09-21,3452,12.4333,42919.75,1407.8,GBP,MOCK_FEED
POS00200120250922,PORT002,INS0005,2025-09-22,1428,42.935,61311.18,1515.73,INR,MOCK_FEED
POS00200220250922,PORT002,INS0006,2025-09-22,1866,21.5852,40277.98,883.53,EUR,MOCK_FEED
POS00200320250922,PORT002,INS0007,2025-09-22,1402,45.6384,63985.04,-869.29,EUR,MOCK_FEED
POS00200420250922,PORT002,INS0008,2025-09-22,937,68.5491,64230.51,581.88,USD,MOCK_FEED
POS00200520250922,PORT002,INS0009,2025-09-22,1040,30.764,31994.56,332.7,EUR,MOCK_FEED
POS00200620250922,PORT002,INS0010,2025-09-22,1096,61.7375,67664.3,2098.76,GBP,MOCK_FEED
POS00200720250922,PORT002,INS0011,2025-09-22,4602,23.4972,108134.11,1066.45,GBP,MOCK_FEED
POS00200820250922,PORT002,INS0012,2025-09-22,2635,9.5271,25103.91,-524.39,USD,MOCK_FEED
POS00200920250922,PORT002,INS0013,2025-09-22,2988,31.8701,95227.86,1994.49,USD,MOCK_FEED
POS00201020250922,PORT002,INS0014,2025-09-22,4582,12.3382,56533.63,1141.7,INR,MOCK_FEED
POS00200120250923,PORT002,INS0005,2025-09-23,793,42.3909,33615.98,-210.94,USD,MOCK_FEED
POS00200220250923,PORT002,INS0006,2025-09-23,4857,21.8648,106197.33,3711.28,GBP,MOCK_FEED
POS00200320250923,PORT002,INS0007,2025-09-23,2574,45.9023,118152.52,1945.12,INR,MOCK_FEED
POS00200420250923,PORT002,INS0008,2025-09-23,1264,68.1521,86144.25,-1258.6,USD,MOCK_FEED
POS00200520250923,PORT002,INS0009,2025-09-23,3736,31.1164,116250.87,76.44,GBP,MOCK_FEED
POS00200620250923,PORT002,INS0010,2025-09-23,2657,62.7722,166785.74,6355.99,USD,MOCK_FEED
POS00200720250923,PORT002,INS0011,2025-09-23,4846,23.559,114166.91,-585.15,EUR,MOCK_FEED
POS00200820250923,PORT002,INS0012,2025-09-23,4762,9.2497,44047.07,99.09,EUR,MOCK_FEED
POS00200920250923,PORT002,INS0013,2025-09-23,3674,32.2612,118527.65,-172.95,USD,MOCK_FEED
POS00201020250923,PORT002,INS0014,2025-09-23,3101,12.1785,37765.53,-440.06,GBP,MOCK_FEED
POS00200120250924,PORT002,INS0005,2025-09-24,4814,42.2027,203163.8,-5852.07,GBP,MOCK_FEED
POS00200220250924,PORT002,INS0006,2025-09-24,823,22.0027,18108.22,-106.27,EUR,MOCK_FEED
POS00200320250924,PORT002,INS0007,2025-09-24,3541,46.6493,165185.17,-4754.88,USD,MOCK_FEED
POS00200420250924,PORT002,INS0008,2025-09-24,4663,67.6658,315525.63,-698.01,GBP,MOCK_FEED
POS00200520250924,PORT002,INS0009,2025-09-24,2363,31.0471,73364.3,2450.34,USD,MOCK_FEED
POS00200620250924,PORT002,INS0010,2025-09-24,2703,64.0389,173097.15,2033.8,INR,MOCK_FEED
POS00200720250924,PORT002,INS0011,2025-09-24,3142,23.8682,74993.88,-1875.97,EUR,MOCK_FEED
POS00200820250924,PORT002,INS0012,2025-09-24,4129,9.2863,38343.13,-419.17,GBP,MOCK_FEED
POS00200920250924,PORT002,INS0013,2025-09-24,1212,32.533,39430.0,-641.12,EUR,MOCK_FEED
POS00201020250924,PORT002,INS0014,2025-09-24,4980,12.2149,60830.2,371.34,EUR,MOCK_FEED
POS00200120250925,PORT002,INS0005,2025-09-25,3650,42.4563,154965.49,-1767.68,USD,MOCK_FEED
POS00200220250925,PORT002,INS0006,2025-09-25,3194,21.6299,69085.9,2289.11,INR,MOCK_FEED
POS00200320250925,PORT002,INS0007,2025-09-25,2897,46.5689,134910.1,-3660.14,INR,MOCK_FEED
POS00200420250925,PORT002,INS0008,2025-09-25,3217,67.1572,216044.71,2116.07,USD,MOCK_FEED
POS00200520250925,PORT002,INS0009,2025-09-25,335,31.7065,10621.68,98.51,EUR,MOCK_FEED
POS00200620250925,PORT002,INS0010,2025-09-25,1880,63.4314,119251.03,476.88,USD,MOCK_FEED
POS00200720250925,PORT002,INS0011,2025-09-25,2239,23.3332,52243.03,-152.09,GBP,MOCK_FEED
POS00200820250925,PORT002,INS0012,2025-09-25,1968,9.6477,18986.67,527.95,GBP,MOCK_FEED
POS00200920250925,PORT002,INS0013,2025-09-25,4560,32.7471,149326.78,-653.52,EUR,MOCK_FEED
POS00201020250925,PORT002,INS0014,2025-09-25,1206,12.1675,14674.01,-304.14,USD,MOCK_FEED
POS00200120250926,PORT002,INS0005,2025-09-26,3000,42.3446,127033.8,-729.21,GBP,MOCK_FEED
POS00200220250926,PORT002,INS0006,2025-09-26,2006,21.5619,43253.17,-326.82,USD,MOCK_FEED
POS00200320250926,PORT002,INS0007,2025-09-26,4934,46.9393,231598.51,-4593.84,EUR,MOCK_FEED
POS00200420250926,PORT002,INS0008,2025-09-26,1231,67.7932,83453.43,-2132.24,EUR,MOCK_FEED
POS00200520250926,PORT002,INS0009,2025-09-26,2112,32.0138,67613.15,1025.94,USD,MOCK_FEED
POS00200620250926,PORT002,INS0010,2025-09-26,230,64.3977,14811.47,-438.01,USD,MOCK_FEED
POS00200720250926,PORT002,INS0011,2025-09-26,4807,23.4207,112583.3,3539.1,USD,MOCK_FEED
POS00200820250926,PORT002,INS0012,2025-09-26,759,9.6664,7336.8,-214.79,GBP,MOCK_FEED
POS00200920250926,PORT002,INS0013,2025-09-26,693,32.1076,22250.57,-415.77,GBP,MOCK_FEED
POS00201020250926,PORT002,INS0014,2025-09-26,754,12.1195,9138.1,-248.12,EUR,MOCK_FEED
POS00200120250927,PORT002,INS0005,2025-09-27,469,42.0839,19737.35,546.37,EUR,MOCK_FEED
POS00200220250927,PORT002,INS0006,2025-09-27,842,21.2513,17893.59,-433.96,USD,MOCK_FEED
POS00200320250927,PORT002,INS0007,2025-09-27,3950,46.982,185578.9,-5210.0,EUR,MOCK_FEED
POS00200420250927,PORT002,INS0008,2025-09-27,4752,68.7318,326613.51,2597.92,GBP,MOCK_FEED
POS00200520250927,PORT002,INS0009,2025-09-27,3054,31.9179,97477.27,-2403.72,INR,MOCK_FEED
POS00200620250927,PORT002,INS0010,2025-09-27,3112,63.7848,198498.3,4597.6,EUR,MOCK_FEED
POS00200720250927,PORT002,INS0011,2025-09-27,4534,23.8275,108033.89,-2692.1,USD,MOCK_FEED
POS00200820250927,PORT002,INS0012,2025-09-27,997,9.4923,9463.82,283.17,GBP,MOCK_FEED
POS00200920250927,PORT002,INS0013,2025-09-27,3596,31.9306,114822.44,-3402.7,USD,MOCK_FEED
POS00201020250927,PORT002,INS0014,2025-09-27,555,12.0336,6678.65,154.47,USD,MOCK_FEED
POS00200120250928,PORT002,INS0005,2025-09-28,606,42.3127,25641.5,184.17,GBP,MOCK_FEED
POS00200220250928,PORT002,INS0006,2025-09-28,4797,21.1227,101325.59,1521.75,USD,MOCK_FEED
POS00200320250928,PORT002,INS0007,2025-09-28,4883,47.0902,229941.45,-697.18,GBP,MOCK_FEED
POS00200420250928,PORT002,INS0008,2025-09-28,2082,67.9573,141487.1,-160.77,EUR,MOCK_FEED
POS00200520250928,PORT002,INS0009,2025-09-28,522,31.4131,16397.64,148.82,GBP,MOCK_FEED
POS00200620250928,PORT002,INS0010,2025-09-28,4951,64.723,320443.57,11667.62,USD,MOCK_FEED
POS00200720250928,PORT002,INS0011,2025-09-28,2428,23.4705,56986.37,38.16,GBP,MOCK_FEED
POS00200820250928,PORT002,INS0012,2025-09-28,4172,9.3151,38862.6,-391.06,INR,MOCK_FEED
POS00200920250928,PORT002,INS0013,2025-09-28,1081,32.2787,34893.27,972.48,USD,MOCK_FEED
POS00201020250928,PORT002,INS0014,2025-09-28,2125,12.3146,26168.53,1042.36,INR,MOCK_FEED
POS00200120250929,PORT002,INS0005,2025-09-29,664,42.4593,28192.98,153.68,GBP,MOCK_FEED
POS00200220250929,PORT002,INS0006,2025-09-29,3210,21.0543,67584.3,-2012.4,EUR,MOCK_FEED
POS00200320250929,PORT002,INS0007,2025-09-29,751,46.6204,35011.92,1380.13,INR,MOCK_FEED
POS00200420250929,PORT002,INS0008,2025-09-29,1081,68.6059,74162.98,428.32,EUR,MOCK_FEED
POS00200520250929,PORT002,INS0009,2025-09-29,3531,31.1734,110073.28,-111.85,GBP,MOCK_FEED
POS00200620250929,PORT002,INS0010,2025-09-29,3341,64.5761,215748.75,1846.72,INR,MOCK_FEED
POS00200720250929,PORT002,INS0011,2025-09-29,2795,23.4304,65487.97,957.72,GBP,MOCK_FEED
POS00200820250929,PORT002,INS0012,2025-09-29,3951,9.3115,36789.74,-739.69,INR,MOCK_FEED
POS00200920250929,PORT002,INS0013,2025-09-29,4911,31.8632,156480.18,1561.97,EUR,MOCK_FEED
POS00201020250929,PORT002,INS0014,2025-09-29,481,12.1477,5843.04,141.44,GBP,MOCK_FEED
POS00200120250930,PORT002,INS0005,2025-09-30,3711,42.7466,158632.63,-2455.43,EUR,MOCK_FEED
POS00200220250930,PORT002,INS0006,2025-09-30,3164,21.1852,67029.97,2139.25,GBP,MOCK_FEED
POS00200320250930,PORT002,INS0007,2025-09-30,1462,45.9677,67204.78,734.77,USD,MOCK_FEED
POS00200420250930,PORT002,INS0008,2025-09-30,4465,69.5306,310454.13,-5039.11,GBP,MOCK_FEED
POS00200520250930,PORT002,INS0009,2025-09-30,484,31.0585,15032.31,399.84,INR,MOCK_FEED
POS00200620250930,PORT002,INS0010,2025-09-30,3845,64.948,249725.06,8080.54,EUR,MOCK_FEED
POS00200720250930,PORT002,INS0011,2025-09-30,3176,23.6995,75269.61,-969.11,USD,MOCK_FEED
POS00200820250930,PORT002,INS0012,2025-09-30,3370,9.3695,31575.22,271.98,EUR,MOCK_FEED
POS00200920250930,PORT002,INS0013,2025-09-30,3266,31.3783,102481.53,-2610.03,USD,MOCK_FEED
POS00201020250930,PORT002,INS0014,2025-09-30,2309,12.1068,27954.6,-121.63,EUR,MOCK_FEED
POS00200120251001,PORT002,INS0005,2025-10-01,4523,42.5487,192447.77,3950.96,EUR,MOCK_FEED
POS00200220251001,PORT002,INS0006,2025-10-01,1961,21.6255,42407.61,-1241.9,GBP,MOCK_FEED
POS00200320251001,PORT002,INS0007,2025-10-01,1725,46.5563,80309.62,9.99,EUR,MOCK_FEED
POS00200420251001,PORT002,INS0008,2025-10-01,2082,69.2449,144167.88,2813.84,USD,MOCK_FEED
POS00200520251001,PORT002,INS0009,2025-10-01,3400,31.279,106348.6,-675.77,EUR,MOCK_FEED
POS00200620251001,PORT002,INS0010,2025-10-01,3100,65.2011,202123.41,927.16,EUR,MOCK_FEED
POS00200720251001,PORT002,INS0011,2025-10-01,2794,23.8455,66624.33,1634.89,INR,MOCK_FEED
POS00200820251001,PORT002,INS0012,2025-10-01,1241,9.1751,11386.3,374.75,GBP,MOCK_FEED
POS00200920251001,PORT002,INS0013,2025-10-01,1699,31.444,53423.36,1317.49,INR,MOCK_FEED
POS00201020251001,PORT002,INS0014,2025-10-01,2300,12.1197,27875.31,313.54,GBP,MOCK_FEED
POS00200120251002,PORT002,INS0005,2025-10-02,4315,42.8525,184908.54,-3241.11,INR,MOCK_FEED
POS00200220251002,PORT002,INS0006,2025-10-02,1789,21.9931,39345.66,179.72,GBP,MOCK_FEED
POS00200320251002,PORT002,INS0007,2025-10-02,3121,47.3661,147829.6,-3667.68,USD,MOCK_FEED
POS00200420251002,PORT002,INS0008,2025-10-02,2012,67.5049,135819.86,-3428.96,INR,MOCK_FEED
POS00200520251002,PORT002,INS0009,2025-10-02,4872,31.5276,153602.47,2309.2,INR,MOCK_FEED
POS00200620251002,PORT002,INS0010,2025-10-02,3690,64.5266,238103.15,4712.86,USD,MOCK_FEED
POS00200720251002,PORT002,INS0011,2025-10-02,3870,24.1167,93331.63,-1329.14,GBP,MOCK_FEED
POS00200820251002,PORT002,INS0012,2025-10-02,3494,9.3613,32708.38,1013.39,GBP,MOCK_FEED
POS00200920251002,PORT002,INS0013,2025-10-02,382,31.7693,12135.87,-202.52,GBP,MOCK_FEED
POS00201020251002,PORT002,INS0014,2025-10-02,1317,12.3691,16290.1,632.98,INR,MOCK_FEED
POS00200120251003,PORT002,INS0005,2025-10-03,4988,42.9628,214298.45,-338.03,USD,MOCK_FEED
POS00200220251003,PORT002,INS0006,2025-10-03,3238,21.6893,70229.95,1453.67,USD,MOCK_FEED
POS00200320251003,PORT002,INS0007,2025-10-03,1609,47.4879,76408.03,-1628.72,USD,MOCK_FEED
POS00200420251003,PORT002,INS0008,2025-10-03,2636,66.6755,175756.62,4329.55,GBP,MOCK_FEED
POS00200520251003,PORT002,INS0009,2025-10-03,4238,31.9732,135502.42,4575.0,GBP,MOCK_FEED
POS00200620251003,PORT002,INS0010,2025-10-03,4137,66.0979,273447.01,1375.29,GBP,MOCK_FEED
POS00200720251003,PORT002,INS0011,2025-10-03,2839,24.1355,68520.68,-1350.28,EUR,MOCK_FEED
POS00200820251003,PORT002,INS0012,2025-10-03,125,9.1335,1141.69,14.57,USD,MOCK_FEED
POS00200920251003,PORT002,INS0013,2025-10-03,1914,32.0487,61341.21,1945.74,EUR,MOCK_FEED
POS00201020251003,PORT002,INS0014,2025-10-03,4645,12.4564,57859.98,-1440.64,GBP,MOCK_FEED
POS00200120251004,PORT002,INS0005,2025-10-04,3228,42.2587,136411.08,4522.7,USD,MOCK_FEED
POS00200220251004,PORT002,INS0006,2025-10-04,1630,21.3766,34843.86,775.08,EUR,MOCK_FEED
POS00200320251004,PORT002,INS0007,2025-10-04,589,47.5724,28020.14,-228.18,USD,MOCK_FEED
POS00200420251004,PORT002,INS0008,2025-10-04,4785,66.9344,320281.1,1407.46,USD,MOCK_FEED
POS00200520251004,PORT002,INS0009,2025-10-04,991,32.2525,31962.23,-354.85,INR,MOCK_FEED
POS00200620251004,PORT002,INS0010,2025-10-04,3092,67.0105,207196.47,6699.3,USD,MOCK_FEED
POS00200720251004,PORT002,INS0011,2025-10-04,2398,24.4341,58592.97,-836.04,EUR,MOCK_FEED
POS00200820251004,PORT002,INS0012,2025-10-04,3492,9.2441,32280.4,1278.63,EUR,MOCK_FEED
POS00200920251004,PORT002,INS0013,2025-10-04,1378,32.241,44428.1,-1073.46,EUR,MOCK_FEED
POS00201020251004,PORT002,INS0014,2025-10-04,2017,12.0054,24214.89,502.82,GBP,MOCK_FEED
POS00200120251005,PORT002,INS0005,2025-10-05,767,42.356,32487.05,902.02,EUR,MOCK_FEED
POS00200220251005,PORT002,INS0006,2025-10-05,801,21.6417,17335.0,-375.1,EUR,MOCK_FEED
POS00200320251005,PORT002,INS0007,2025-10-05,3463,48.5897,168266.13,3018.22,INR,MOCK_FEED
POS00200420251005,PORT002,INS0008,2025-10-05,4783,67.2094,321462.56,6037.25,INR,MOCK_FEED
POS00200520251005,PORT002,INS0009,2025-10-05,4690,32.1282,150681.26,5640.03,USD,MOCK_FEED
POS00200620251005,PORT002,INS0010,2025-10-05,1184,66.8645,79167.57,-1765.1,GBP,MOCK_FEED
POS00200720251005,PORT002,INS0011,2025-10-05,2576,23.8134,61343.32,2415.37,INR,MOCK_FEED
POS00200820251005,PORT002,INS0012,2025-10-05,4879,9.1262,44526.73,331.62,USD,MOCK_FEED
POS00200920251005,PORT002,INS0013,2025-10-05,2254,32.5745,73422.92,1089.74,INR,MOCK_FEED
POS00201020251005,PORT002,INS0014,2025-10-05,3583,12.1794,43638.79,1295.52,EUR,MOCK_FEED
POS00200120251006,PORT002,INS0005,2025-10-06,457,42.8837,19597.85,-215.01,INR,MOCK_FEED
POS00200220251006,PORT002,INS0006,2025-10-06,963,21.8653,21056.28,607.96,GBP,MOCK_FEED
POS00200320251006,PORT002,INS0007,2025-10-06,105,48.0646,5046.78,-12.98,INR,MOCK_FEED
POS00200420251006,PORT002,INS0008,2025-10-06,4851,65.1783,316179.93,5022.22,USD,MOCK_FEED
POS00200520251006,PORT002,INS0009,2025-10-06,3519,31.7627,111772.94,-1420.05,USD,MOCK_FEED
POS00200620251006,PORT002,INS0010,2025-10-06,4836,65.7271,317856.26,5176.6,USD,MOCK_FEED
POS00200720251006,PORT002,INS0011,2025-10-06,1935,23.7864,46026.68,-675.29,INR,MOCK_FEED
POS00200820251006,PORT002,INS0012,2025-10-06,1771,9.086,16091.31,187.21,INR,MOCK_FEED
POS00200920251006,PORT002,INS0013,2025-10-06,950,32.991,31341.45,-342.29,GBP,MOCK_FEED
POS00201020251006,PORT002,INS0014,2025-10-06,4208,12.0815,50838.95,868.98,GBP,MOCK_FEED
POS00200120251007,PORT002,INS0005,2025-10-07,3618,43.1597,156151.79,5276.43,INR,MOCK_FEED
POS00200220251007,PORT002,INS0006,2025-10-07,1575,22.1588,34900.11,907.52,EUR,MOCK_FEED
POS00200320251007,PORT002,INS0007,2025-10-07,310,48.3622,14992.28,405.23,USD,MOCK_FEED
POS00200420251007,PORT002,INS0008,2025-10-07,3220,64.8117,208693.67,244.62,INR,MOCK_FEED
POS00200520251007,PORT002,INS0009,2025-10-07,4859,31.2326,151759.2,542.58,GBP,MOCK_FEED
POS00200620251007,PORT002,INS0010,2025-10-07,3810,66.8204,254585.72,4957.42,GBP,MOCK_FEED
POS00200720251007,PORT002,INS0011,2025-10-07,1289,23.7646,30632.57,429.48,INR,MOCK_FEED
POS00200820251007,PORT002,INS0012,2025-10-07,1695,9.017,15283.81,-27.29,GBP,MOCK_FEED
POS00200920251007,PORT002,INS0013,2025-10-07,1184,33.0466,39127.17,-297.41,GBP,MOCK_FEED
POS00201020251007,PORT002,INS0014,2025-10-07,1111,12.1694,13520.2,469.86,GBP,MOCK_FEED
POS00200120251008,PORT002,INS0005,2025-10-08,2207,42.6746,94182.84,879.02,GBP,MOCK_FEED
POS00200220251008,PORT002,INS0006,2025-10-08,4076,22.6439,92296.54,-11.3,USD,MOCK_FEED
POS00200320251008,PORT002,INS0007,2025-10-08,3625,48.7677,176782.91,1938.17,INR,MOCK_FEED
POS00200420251008,PORT002,INS0008,2025-10-08,994,64.1129,63728.22,-630.07,GBP,MOCK_FEED
POS00200520251008,PORT002,INS0009,2025-10-08,2455,31.3771,77030.78,120.05,GBP,MOCK_FEED
POS00200620251008,PORT002,INS0010,2025-10-08,2976,66.9461,199231.59,-3500.82,USD,MOCK_FEED
POS00200720251008,PORT002,INS0011,2025-10-08,4275,24.1063,103054.43,3745.22,GBP,MOCK_FEED
POS00200820251008,PORT002,INS0012,2025-10-08,752,9.01,6775.52,-143.63,GBP,MOCK_FEED
POS00200920251008,PORT002,INS0013,2025-10-08,4213,33.4154,140779.08,-3311.95,EUR,MOCK_FEED
POS00201020251008,PORT002,INS0014,2025-10-08,1272,12.0133,15280.92,-153.2,EUR,MOCK_FEED
POS00200120251009,PORT002,INS0005,2025-10-09,2050,42.5407,87208.43,2573.15,GBP,MOCK_FEED
POS00200220251009,PORT002,INS0006,2025-10-09,1554,22.5491,35041.3,534.97,GBP,MOCK_FEED
POS00200320251009,PORT002,INS0007,2025-10-09,3233,49.2067,159085.26,1141.06,INR,MOCK_FEED
POS00200420251009,PORT002,INS0008,2025-10-09,2102,62.0706,130472.4,-1495.26,EUR,MOCK_FEED
POS00200520251009,PORT002,INS0009,2025-10-09,3469,31.3543,108768.07,-2531.08,GBP,MOCK_FEED
POS00200620251009,PORT002,INS0010,2025-10-09,4993,68.3857,341449.8,-3172.74,GBP,MOCK_FEED
POS00200720251009,PORT002,INS0011,2025-10-09,4239,23.9474,101513.03,-38.42,USD,MOCK_FEED
POS00200820251009,PORT002,INS0012,2025-10-09,2325,9.0852,21123.09,-14.66,GBP,MOCK_FEED
POS00200920251009,PORT002,INS0013,2025-10-09,2620,33.6725,88221.95,396.16,INR,MOCK_FEED
POS00201020251009,PORT002,INS0014,2025-10-09,3033,11.8436,35921.64,-698.29,GBP,MOCK_FEED
POS00200120251010,PORT002,INS0005,2025-10-10,1998,43.1692,86252.06,1486.52,EUR,MOCK_FEED
POS00200220251010,PORT002,INS0006,2025-10-10,153,23.0102,3520.56,-59.47,EUR,MOCK_FEED
POS00200320251010,PORT002,INS0007,2025-10-10,4301,48.5593,208853.55,7523.18,GBP,MOCK_FEED
POS00200420251010,PORT002,INS0008,2025-10-10,3605,61.3368,221119.16,2386.71,INR,MOCK_FEED
POS00200520251010,PORT002,INS0009,2025-10-10,4541,31.5458,143249.48,204.79,GBP,MOCK_FEED
POS00200620251010,PORT002,INS0010,2025-10-10,1097,69.2529,75970.43,-1898.86,GBP,MOCK_FEED
POS00200720251010,PORT002,INS0011,2025-10-10,2715,23.5757,64008.03,2182.2,EUR,MOCK_FEED
POS00200820251010,PORT002,INS0012,2025-10-10,751,9.183,6896.43,-114.72,GBP,MOCK_FEED
POS00200920251010,PORT002,INS0013,2025-10-10,1697,33.3755,56638.22,256.6,GBP,MOCK_FEED
POS00201020251010,PORT002,INS0014,2025-10-10,205,11.9213,2443.87,63.66,GBP,MOCK_FEED
POS00200120251011,PORT002,INS0005,2025-10-11,1439,42.7497,61516.82,2290.37,EUR,MOCK_FEED
POS00200220251011,PORT002,INS0006,2025-10-11,2992,23.2243,69487.11,879.3,USD,MOCK_FEED
POS00200320251011,PORT002,INS0007,2025-10-11,2662,48.3807,128789.42,4235.17,GBP,MOCK_FEED
POS00200420251011,PORT002,INS0008,2025-10-11,4969,60.0056,298167.83,6118.11,GBP,MOCK_FEED
POS00200520251011,PORT002,INS0009,2025-10-11,2012,31.1588,62691.51,919.98,GBP,MOCK_FEED
POS00200620251011,PORT002,INS0010,2025-10-11,2257,68.7988,155278.89,5673.2,EUR,MOCK_FEED
POS00200720251011,PORT002,INS0011,2025-10-11,1317,23.7559,31286.52,724.24,INR,MOCK_FEED
POS00200820251011,PORT002,INS0012,2025-10-11,930,9.1323,8493.04,315.6,INR,MOCK_FEED
POS00200920251011,PORT002,INS0013,2025-10-11,2951,33.1532,97835.09,-1994.45,INR,MOCK_FEED
POS00201020251011,PORT002,INS0014,2025-10-11,2372,11.8812,28182.21,-178.59,INR,MOCK_FEED
POS00200120251012,PORT002,INS0005,2025-10-12,3470,42.1201,146156.75,-1407.66,EUR,MOCK_FEED
POS00200220251012,PORT002,INS0006,2025-10-12,4553,22.414,102050.94,1973.35,USD,MOCK_FEED
POS00200320251012,PORT002,INS0007,2025-10-12,1169,47.3069,55301.77,-85.15,EUR,MOCK_FEED
POS00200420251012,PORT002,INS0008,2025-10-12,4321,60.9099,263191.68,-126.39,USD,MOCK_FEED
POS00200520251012,PORT002,INS0009,2025-10-12,639,31.2363,19960.0,6.04,INR,MOCK_FEED
POS00200620251012,PORT002,INS0010,2025-10-12,4452,69.6065,309888.14,5129.53,GBP,MOCK_FEED
POS00200720251012,PORT002,INS0011,2025-10-12,301,23.969,7214.67,-179.19,GBP,MOCK_FEED
POS00200820251012,PORT002,INS0012,2025-10-12,398,9.2401,3677.56,-68.63,GBP,MOCK_FEED
POS00200920251012,PORT002,INS0013,2025-10-12,3044,33.6241,102351.76,-2425.2,GBP,MOCK_FEED
POS00201020251012,PORT002,INS0014,2025-10-12,1737,11.858,20597.35,255.15,EUR,MOCK_FEED
POS00200120251013,PORT002,INS0005,2025-10-13,4843,41.6763,201838.32,5381.51,EUR,MOCK_FEED
POS00200220251013,PORT002,INS0006,2025-10-13,2506,22.654,56770.92,-662.09,GBP,MOCK_FEED
POS00200320251013,PORT002,INS0007,2025-10-13,3924,47.4603,186234.22,6536.03,USD,MOCK_FEED
POS00200420251013,PORT002,INS0008,2025-10-13,4685,59.7831,280083.82,3002.42,GBP,MOCK_FEED
POS00200520251013,PORT002,INS0009,2025-10-13,3572,31.1335,111208.86,3751.62,INR,MOCK_FEED
POS00200620251013,PORT002,INS0010,2025-10-13,1386,70.3956,97568.3,3433.28,GBP,MOCK_FEED
POS00200720251013,PORT002,INS0011,2025-10-13,4012,23.9783,96200.94,396.97,EUR,MOCK_FEED
POS00200820251013,PORT002,INS0012,2025-10-13,3628,9.2477,33550.66,472.25,INR,MOCK_FEED
POS00200920251013,PORT002,INS0013,2025-10-13,258,34.0018,8772.46,-175.41,USD,MOCK_FEED
POS00201020251013,PORT002,INS0014,2025-10-13,1629,11.908,19398.13,266.78,GBP,MOCK_FEED
POS00200120251014,PORT002,INS0005,2025-10-14,4269,41.4418,176915.04,-3325.38,GBP,MOCK_FEED
POS00200220251014,PORT002,INS0006,2025-10-14,536,22.6907,12162.22,27.49,USD,MOCK_FEED
POS00200320251014,PORT002,INS0007,2025-10-14,1787,47.1071,84180.39,-1548.81,EUR,MOCK_FEED
POS00200420251014,PORT002,INS0008,2025-10-14,1568,59.3617,93079.15,3265.39,EUR,MOCK_FEED
POS00200520251014,PORT002,INS0009,2025-10-14,4040,31.7213,128154.05,3209.81,INR,MOCK_FEED
POS00200620251014,PORT002,INS0010,2025-10-14,982,70.4253,69157.64,1480.17,INR,MOCK_FEED
POS00200720251014,PORT002,INS0011,2025-10-14,3674,23.4817,86271.77,31.07,GBP,MOCK_FEED
POS00200820251014,PORT002,INS0012,2025-10-14,1261,9.3957,11847.98,-135.23,GBP,MOCK_FEED
POS00200920251014,PORT002,INS0013,2025-10-14,1131,33.7736,38197.94,466.81,EUR,MOCK_FEED
POS00201020251014,PORT002,INS0014,2025-10-14,3562,11.7183,41740.58,593.55,INR,MOCK_FEED
POS00200120251015,PORT002,INS0005,2025-10-15,2891,41.5036,119986.91,-1333.71,GBP,MOCK_FEED
POS00200220251015,PORT002,INS0006,2025-10-15,3676,22.7834,83751.78,-867.71,USD,MOCK_FEED
POS00200320251015,PORT002,INS0007,2025-10-15,3276,47.2626,154832.28,-218.3,EUR,MOCK_FEED
POS00200420251015,PORT002,INS0008,2025-10-15,1226,58.1907,71341.8,2078.22,USD,MOCK_FEED
POS00200520251015,PORT002,INS0009,2025-10-15,2107,32.0704,67572.33,509.94,USD,MOCK_FEED
POS00200620251015,PORT002,INS0010,2025-10-15,492,70.9383,34901.64,-465.13,USD,MOCK_FEED
POS00200720251015,PORT002,INS0011,2025-10-15,2395,23.1791,55513.94,1843.73,EUR,MOCK_FEED
POS00200820251015,PORT002,INS0012,2025-10-15,3794,9.2486,35089.19,824.56,INR,MOCK_FEED
POS00200920251015,PORT002,INS0013,2025-10-15,1487,33.8636,50355.17,1105.85,USD,MOCK_FEED
POS00201020251015,PORT002,INS0014,2025-10-15,3715,11.8042,43852.6,-437.53,INR,MOCK_FEED
POS00200120251016,PORT002,INS0005,2025-10-16,3442,41.6323,143298.38,-1376.76,EUR,MOCK_FEED
POS00200220251016,PORT002,INS0006,2025-10-16,2414,22.5356,54400.94,-1021.9,EUR,MOCK_FEED
POS00200320251016,PORT002,INS0007,2025-10-16,138,46.5435,6423.0,235.92,GBP,MOCK_FEED
POS00200420251016,PORT002,INS0008,2025-10-16,3949,57.6557,227682.36,-6317.67,GBP,MOCK_FEED
POS00200520251016,PORT002,INS0009,2025-10-16,3585,32.1148,115131.56,1024.21,USD,MOCK_FEED
POS00200620251016,PORT002,INS0010,2025-10-16,588,71.2092,41871.01,-1160.88,GBP,MOCK_FEED
POS00200720251016,PORT002,INS0011,2025-10-16,1366,23.2347,31738.6,-313.63,USD,MOCK_FEED
POS00200820251016,PORT002,INS0012,2025-10-16,4415,9.382,41421.53,-1074.9,EUR,MOCK_FEED
POS00200920251016,PORT002,INS0013,2025-10-16,2268,34.4247,78075.22,1598.33,INR,MOCK_FEED
POS00201020251016,PORT002,INS0014,2025-10-16,2056,11.7974,24255.45,424.55,INR,MOCK_FEED
POS00200120251017,PORT002,INS0005,2025-10-17,3658,41.1928,150683.26,-2767.45,EUR,MOCK_FEED
POS00200220251017,PORT002,INS0006,2025-10-17,4520,22.3713,101118.28,1678.14,INR,MOCK_FEED
POS00200320251017,PORT002,INS0007,2025-10-17,1293,46.6434,60309.92,-772.94,INR,MOCK_FEED
POS00200420251017,PORT002,INS0008,2025-10-17,4286,58.4153,250367.98,-4933.67,GBP,MOCK_FEED
POS00200520251017,PORT002,INS0009,2025-10-17,4389,32.253,141558.42,2192.5,INR,MOCK_FEED
POS00200620251017,PORT002,INS0010,2025-10-17,205,71.0002,14555.04,78.99,GBP,MOCK_FEED
POS00200720251017,PORT002,INS0011,2025-10-17,4806,23.8025,114394.81,-989.49,INR,MOCK_FEED
POS00200820251017,PORT002,INS0012,2025-10-17,2048,9.5069,19470.13,-336.47,GBP,MOCK_FEED
POS00200920251017,PORT002,INS0013,2025-10-17,232,34.9646,8111.79,266.41,GBP,MOCK_FEED
POS00201020251017,PORT002,INS0014,2025-10-17,1026,11.8938,12203.04,312.77,GBP,MOCK_FEED
POS00200120251018,PORT002,INS0005,2025-10-18,4152,40.8374,169556.88,5036.43,INR,MOCK_FEED
POS00200220251018,PORT002,INS0006,2025-10-18,3399,22.5044,76492.46,-730.41,GBP,MOCK_FEED
POS00200320251018,PORT002,INS0007,2025-10-18,940,47.2722,44435.87,1511.12,USD,MOCK_FEED
POS00200420251018,PORT002,INS0008,2025-10-18,425,58.7062,24950.14,-167.94,INR,MOCK_FEED
POS00200520251018,PORT002,INS0009,2025-10-18,373,32.6522,12179.27,228.62,GBP,MOCK_FEED
POS00200620251018,PORT002,INS0010,2025-10-18,2403,71.5521,171939.7,807.11,INR,MOCK_FEED
POS00200720251018,PORT002,INS0011,2025-10-18,4462,23.9028,106654.29,4135.07,INR,MOCK_FEED
POS00200820251018,PORT002,INS0012,2025-10-18,2301,9.4503,21745.14,-364.71,GBP,MOCK_FEED
POS00200920251018,PORT002,INS0013,2025-10-18,4116,35.0028,144071.52,4042.89,EUR,MOCK_FEED
POS00201020251018,PORT002,INS0014,2025-10-18,3521,11.7185,41260.84,131.02,EUR,MOCK_FEED
POS00200120251019,PORT002,INS0005,2025-10-19,2815,41.263,116155.35,2052.76,GBP,MOCK_FEED
POS00200220251019,PORT002,INS0006,2025-10-19,2278,22.6298,51550.68,1471.92,INR,MOCK_FEED
POS00200320251019,PORT002,INS0007,2025-10-19,484,47.7737,23122.47,-483.23,GBP,MOCK_FEED
POS00200420251019,PORT002,INS0008,2025-10-19,2626,59.2847,155681.62,-1578.08,EUR,MOCK_FEED
POS00200520251019,PORT002,INS0009,2025-10-19,575,32.2469,18541.97,393.17,INR,MOCK_FEED
POS00200620251019,PORT002,INS0010,2025-10-19,4860,71.291,346474.26,8557.74,USD,MOCK_FEED
POS00200720251019,PORT002,INS0011,2025-10-19,1627,23.676,38520.85,1364.96,EUR,MOCK_FEED
POS00200820251019,PORT002,INS0012,2025-10-19,1440,9.5501,13752.14,-107.94,EUR,MOCK_FEED
POS00200920251019,PORT002,INS0013,2025-10-19,3883,35.0981,136285.92,-3917.74,USD,MOCK_FEED
POS00201020251019,PORT002,INS0014,2025-10-19,3137,11.8661,37223.96,323.38,INR,MOCK_FEED
POS00200120251020,PORT002,INS0005,2025-10-20,3526,41.132,145031.43,-3766.54,USD,MOCK_FEED
POS00200220251020,PORT002,INS0006,2025-10-20,2656,22.7391,60395.05,-1641.06,EUR,MOCK_FEED
POS00200320251020,PORT002,INS0007,2025-10-20,3548,49.042,174001.02,-2598.29,USD,MOCK_FEED
POS00200420251020,PORT002,INS0008,2025-10-20,4862,59.6627,290080.05,-1953.14,GBP,MOCK_FEED
POS00200520251020,PORT002,INS0009,2025-10-20,892,31.6175,28202.81,-378.85,USD,MOCK_FEED
POS00200620251020,PORT002,INS0010,2025-10-20,1928,70.5713,136061.47,4193.85,EUR,MOCK_FEED
POS00200720251020,PORT002,INS0011,2025-10-20,3289,23.8118,78317.01,2160.86,USD,MOCK_FEED
POS00200820251020,PORT002,INS0012,2025-10-20,1931,9.554,18448.77,-215.07,GBP,MOCK_FEED
POS00200920251020,PORT002,INS0013,2025-10-20,3358,34.7762,116778.48,-2220.31,USD,MOCK_FEED
POS00201020251020,PORT002,INS0014,2025-10-20,934,11.4738,10716.53,179.04,GBP,MOCK_FEED
POS00200120251021,PORT002,INS0005,2025-10-21,1547,40.6428,62874.41,1569.33,EUR,MOCK_FEED
POS00200220251021,PORT002,INS0006,2025-10-21,2949,22.7747,67162.59,270.73,INR,MOCK_FEED
POS00200320251021,PORT002,INS0007,2025-10-21,3437,48.3033,166018.44,4363.54,INR,MOCK_FEED
POS00200420251021,PORT002,INS0008,2025-10-21,584,59.9525,35012.26,806.23,INR,MOCK_FEED
POS00200520251021,PORT002,INS0009,2025-10-21,4741,32.4164,153686.15,-1550.55,INR,MOCK_FEED
POS00200620251021,PORT002,INS0010,2025-10-21,2384,70.0837,167079.54,-313.43,USD,MOCK_FEED
POS00200720251021,PORT002,INS0011,2025-10-21,4468,23.6791,105798.22,667.85,INR,MOCK_FEED
POS00200820251021,PORT002,INS0012,2025-10-21,2646,9.4433,24986.97,755.14,INR,MOCK_FEED
POS00200920251021,PORT002,INS0013,2025-10-21,4048,34.8989,141270.75,4445.44,EUR,MOCK_FEED
POS00201020251021,PORT002,INS0014,2025-10-21,2917,11.435,33355.9,-930.03,USD,MOCK_FEED
POS00200120251022,PORT002,INS0005,2025-10-22,1929,40.4265,77982.72,-1236.24,USD,MOCK_FEED
POS00200220251022,PORT002,INS0006,2025-10-22,1289,22.8693,29478.53,-389.62,USD,MOCK_FEED
POS00200320251022,PORT002,INS0007,2025-10-22,4048,48.9616,198196.56,2568.82,USD,MOCK_FEED
POS00200420251022,PORT002,INS0008,2025-10-22,596,59.9712,35742.84,-762.14,INR,MOCK_FEED
POS00200520251022,PORT002,INS0009,2025-10-22,556,32.3432,17982.82,625.21,GBP,MOCK_FEED
POS00200620251022,PORT002,INS0010,2025-10-22,1011,71.0804,71862.28,-1976.39,INR,MOCK_FEED
POS00200720251022,PORT002,INS0011,2025-10-22,2604,23.8813,62186.91,487.62,USD,MOCK_FEED
POS00200820251022,PORT002,INS0012,2025-10-22,4175,9.5064,39689.22,-236.05,GBP,MOCK_FEED
POS00200920251022,PORT002,INS0013,2025-10-22,2889,34.3135,99131.7,3964.1,INR,MOCK_FEED
POS00201020251022,PORT002,INS0014,2025-10-22,261,11.6147,3031.44,64.44,GBP,MOCK_FEED
POS00200120251023,PORT002,INS0005,2025-10-23,1467,41.0939,60284.75,-1772.78,USD,MOCK_FEED
POS00200220251023,PORT002,INS0006,2025-10-23,1609,22.9669,36953.74,168.28,USD,MOCK_FEED
POS00200320251023,PORT002,INS0007,2025-10-23,2106,49.2403,103700.07,3384.15,USD,MOCK_FEED
POS00200420251023,PORT002,INS0008,2025-10-23,366,59.4496,21758.55,-58.45,EUR,MOCK_FEED
POS00200520251023,PORT002,INS0009,2025-10-23,728,33.2656,24217.36,126.7,EUR,MOCK_FEED
POS00200620251023,PORT002,INS0010,2025-10-23,4444,71.5445,317943.76,6989.99,GBP,MOCK_FEED
POS00200720251023,PORT002,INS0011,2025-10-23,3601,23.9044,86079.74,2100.18,EUR,MOCK_FEED
POS00200820251023,PORT002,INS0012,2025-10-23,2303,9.3823,21607.44,409.74,GBP,MOCK_FEED
POS00200920251023,PORT002,INS0013,2025-10-23,432,33.8417,14619.61,-136.06,INR,MOCK_FEED
POS00201020251023,PORT002,INS0014,2025-10-23,437,11.4981,5024.67,55.19,INR,MOCK_FEED
POS00200120251024,PORT002,INS0005,2025-10-24,1871,41.2055,77095.49,856.43,INR,MOCK_FEED
POS00200220251024,PORT002,INS0006,2025-10-24,4041,23.3684,94431.7,-804.38,EUR,MOCK_FEED
POS00200320251024,PORT002,INS0007,2025-10-24,4113,48.8834,201057.42,-4414.27,EUR,MOCK_FEED
POS00200420251024,PORT002,INS0008,2025-10-24,1497,59.8222,89553.83,-695.11,USD,MOCK_FEED
POS00200520251024,PORT002,INS0009,2025-10-24,1822,33.3521,60767.53,-319.52,USD,MOCK_FEED
POS00200620251024,PORT002,INS0010,2025-10-24,2406,71.9502,173112.18,1189.33,GBP,MOCK_FEED
POS00200720251024,PORT002,INS0011,2025-10-24,1855,23.4248,43453.0,375.27,USD,MOCK_FEED
POS00200820251024,PORT002,INS0012,2025-10-24,3732,9.4618,35311.44,248.91,GBP,MOCK_FEED
POS00200920251024,PORT002,INS0013,2025-10-24,1122,33.9468,38088.31,-738.89,USD,MOCK_FEED
POS00201020251024,PORT002,INS0014,2025-10-24,1847,11.3264,20919.86,-115.94,EUR,MOCK_FEED
POS00200120251025,PORT002,INS0005,2025-10-25,3588,41.3949,148524.9,5085.13,EUR,MOCK_FEED
POS00200220251025,PORT002,INS0006,2025-10-25,2810,23.48,65978.8,-1551.03,GBP,MOCK_FEED
POS00200320251025,PORT002,INS0007,2025-10-25,3846,50.6621,194846.44,669.87,GBP,MOCK_FEED
POS00200420251025,PORT002,INS0008,2025-10-25,3950,60.4274,238688.23,4927.7,USD,MOCK_FEED
POS00200520251025,PORT002,INS0009,2025-10-25,2716,33.1238,89964.24,668.71,GBP,MOCK_FEED
POS00200620251025,PORT002,INS0010,2025-10-25,3838,72.6409,278795.77,410.56,INR,MOCK_FEED
POS00200720251025,PORT002,INS0011,2025-10-25,1582,23.3641,36962.01,624.35,INR,MOCK_FEED
POS00200820251025,PORT002,INS0012,2025-10-25,2716,9.5223,25862.57,-65.56,INR,MOCK_FEED
POS00200920251025,PORT002,INS0013,2025-10-25,3604,34.59,124662.36,2166.57,USD,MOCK_FEED
POS00201020251025,PORT002,INS0014,2025-10-25,4641,11.4006,52910.18,222.26,EUR,MOCK_FEED
POS00200120251026,PORT002,INS0005,2025-10-26,1283,41.1734,52825.47,525.69,EUR,MOCK_FEED
POS00200220251026,PORT002,INS0006,2025-10-26,3280,24.0807,78984.7,2361.93,INR,MOCK_FEED
POS00200320251026,PORT002,INS0007,2025-10-26,2593,50.9787,132187.77,249.29,USD,MOCK_FEED
POS00200420251026,PORT002,INS0008,2025-10-26,216,60.8853,13151.22,-225.95,USD,MOCK_FEED
POS00200520251026,PORT002,INS0009,2025-10-26,953,32.1362,30625.8,1048.38,GBP,MOCK_FEED
POS00200620251026,PORT002,INS0010,2025-10-26,4505,72.7134,327573.87,3539.61,USD,MOCK_FEED
POS00200720251026,PORT002,INS0011,2025-10-26,1861,23.3061,43372.65,-794.21,INR,MOCK_FEED
POS00200820251026,PORT002,INS0012,2025-10-26,2312,9.3056,21514.55,428.58,GBP,MOCK_FEED
POS00200920251026,PORT002,INS0013,2025-10-26,4928,34.8284,171634.36,344.29,INR,MOCK_FEED
POS00201020251026,PORT002,INS0014,2025-10-26,1247,11.2367,14012.16,91.12,USD,MOCK_FEED
POS00200120251027,PORT002,INS0005,2025-10-27,2917,41.7161,121685.86,1073.03,USD,MOCK_FEED
POS00200220251027,PORT002,INS0006,2025-10-27,1078,24.6013,26520.2,338.61,INR,MOCK_FEED
POS00200320251027,PORT002,INS0007,2025-10-27,2905,51.6032,149907.3,2027.11,GBP,MOCK_FEED
POS00200420251027,PORT002,INS0008,2025-10-27,3245,61.4682,199464.31,3952.15,EUR,MOCK_FEED
POS00200520251027,PORT002,INS0009,2025-10-27,955,32.7157,31243.49,-695.05,USD,MOCK_FEED
POS00200620251027,PORT002,INS0010,2025-10-27,2452,72.7081,178280.26,-1116.89,INR,MOCK_FEED
POS00200720251027,PORT002,INS0011,2025-10-27,4658,23.1118,107654.76,-2115.5,EUR,MOCK_FEED
POS00200820251027,PORT002,INS0012,2025-10-27,4894,9.3283,45652.7,-913.89,EUR,MOCK_FEED
POS00200920251027,PORT002,INS0013,2025-10-27,216,34.4846,7448.67,170.71,USD,MOCK_FEED
POS00201020251027,PORT002,INS0014,2025-10-27,2141,11.1886,23954.79,-35.51,USD,MOCK_FEED
POS00200120251028,PORT002,INS0005,2025-10-28,802,42.7828,34311.81,1266.8,USD,MOCK_FEED
POS00200220251028,PORT002,INS0006,2025-10-28,2779,24.4179,67857.34,-1541.35,GBP,MOCK_FEED
POS00200320251028,PORT002,INS0007,2025-10-28,3198,52.221,167002.76,5936.12,EUR,MOCK_FEED
POS00200420251028,PORT002,INS0008,2025-10-28,2047,61.2654,125410.27,4636.18,GBP,MOCK_FEED
POS00200520251028,PORT002,INS0009,2025-10-28,2021,32.4949,65672.19,2300.21,INR,MOCK_FEED
POS00200620251028,PORT002,INS0010,2025-10-28,3975,71.1559,282844.7,7049.78,INR,MOCK_FEED
POS00200720251028,PORT002,INS0011,2025-10-28,3172,23.0246,73034.03,701.81,GBP,MOCK_FEED
POS00200820251028,PORT002,INS0012,2025-10-28,2221,9.3318,20725.93,154.86,INR,MOCK_FEED
POS00200920251028,PORT002,INS0013,2025-10-28,4343,33.923,147327.59,3091.61,EUR,MOCK_FEED
POS00201020251028,PORT002,INS0014,2025-10-28,3884,11.1843,43439.82,763.23,GBP,MOCK_FEED
POS00200120251029,PORT002,INS0005,2025-10-29,4392,42.9262,188531.87,-4948.17,EUR,MOCK_FEED
POS00200220251029,PORT002,INS0006,2025-10-29,3121,24.5182,76521.3,-1864.6,GBP,MOCK_FEED
POS00200320251029,PORT002,INS0007,2025-10-29,745,51.7689,38567.83,-830.22,INR,MOCK_FEED
POS00200420251029,PORT002,INS0008,2025-10-29,4479,60.7654,272168.23,4982.53,EUR,MOCK_FEED
POS00200520251029,PORT002,INS0009,2025-10-29,3568,32.3909,115570.73,4474.8,USD,MOCK_FEED
POS00200620251029,PORT002,INS0010,2025-10-29,2327,71.3154,165950.94,713.58,GBP,MOCK_FEED
POS00200720251029,PORT002,INS0011,2025-10-29,1811,22.853,41386.78,1643.8,EUR,MOCK_FEED
POS00200820251029,PORT002,INS0012,2025-10-29,321,9.3952,3015.86,104.13,GBP,MOCK_FEED
POS00200920251029,PORT002,INS0013,2025-10-29,129,33.6481,4340.6,80.94,INR,MOCK_FEED
POS00201020251029,PORT002,INS0014,2025-10-29,2062,11.0749,22836.44,36.55,EUR,MOCK_FEED
POS00200120251030,PORT002,INS0005,2025-10-30,665,43.083,28650.19,51.68,INR,MOCK_FEED
POS00200220251030,PORT002,INS0006,2025-10-30,4459,24.6191,109776.57,-2869.07,INR,MOCK_FEED
POS00200320251030,PORT002,INS0007,2025-10-30,3918,51.6123,202216.99,713.36,USD,MOCK_FEED
POS00200420251030,PORT002,INS0008,2025-10-30,2480,61.7953,153252.34,-4009.02,EUR,MOCK_FEED
POS00200520251030,PORT002,INS0009,2025-10-30,4132,33.1108,136813.83,2819.8,EUR,MOCK_FEED
POS00200620251030,PORT002,INS0010,2025-10-30,268,69.46,18615.28,-140.29,USD,MOCK_FEED
POS00200720251030,PORT002,INS0011,2025-10-30,2037,23.0471,46946.94,-1317.77,INR,MOCK_FEED
POS00200820251030,PORT002,INS0012,2025-10-30,4366,9.2494,40382.88,1397.85,INR,MOCK_FEED
POS00200920251030,PORT002,INS0013,2025-10-30,4861,33.9297,164932.27,3646.92,EUR,MOCK_FEED
POS00201020251030,PORT002,INS0014,2025-10-30,1853,11.2306,20810.3,-44.55,EUR,MOCK_FEED
POS00200120251031,PORT002,INS0005,2025-10-31,1989,42.5938,84719.07,3160.2,USD,MOCK_FEED
POS00200220251031,PORT002,INS0006,2025-10-31,2054,24.4863,50294.86,1572.45,EUR,MOCK_FEED
POS00200320251031,PORT002,INS0007,2025-10-31,2429,50.7051,123162.69,-3201.65,USD,MOCK_FEED
POS00200420251031,PORT002,INS0008,2025-10-31,4179,61.1599,255587.22,-2850.39,GBP,MOCK_FEED
POS00200520251031,PORT002,INS0009,2025-10-31,2287,32.6944,74772.09,-1534.14,EUR,MOCK_FEED
POS00200620251031,PORT002,INS0010,2025-10-31,4562,69.249,315913.94,9790.33,USD,MOCK_FEED
POS00200720251031,PORT002,INS0011,2025-10-31,3078,23.042,70923.28,-934.28,INR,MOCK_FEED
POS00200820251031,PORT002,INS0012,2025-10-31,4664,9.3636,43671.83,-50.18,USD,MOCK_FEED
POS00200920251031,PORT002,INS0013,2025-10-31,2265,33.8903,76761.53,2700.9,USD,MOCK_FEED
POS00201020251031,PORT002,INS0014,2025-10-31,899,11.3267,10182.7,390.74,INR,MOCK_FEED
POS00200120251101,PORT002,INS0005,2025-11-01,1818,42.3453,76983.76,909.07,GBP,MOCK_FEED
POS00200220251101,PORT002,INS0006,2025-11-01,1492,24.8571,37086.79,-126.7,GBP,MOCK_FEED
POS00200320251101,PORT002,INS0007,2025-11-01,2930,51.0658,149622.79,4014.64,INR,MOCK_FEED
POS00200420251101,PORT002,INS0008,2025-11-01,2230,61.3635,136840.61,-1133.24,GBP,MOCK_FEED
POS00200520251101,PORT002,INS0009,2025-11-01,258,32.8171,8466.81,17.56,INR,MOCK_FEED
POS00200620251101,PORT002,INS0010,2025-11-01,1555,68.754,106912.47,-2300.02,INR,MOCK_FEED
POS00200720251101,PORT002,INS0011,2025-11-01,2599,22.6088,58760.27,359.19,GBP,MOCK_FEED
POS00200820251101,PORT002,INS0012,2025-11-01,2829,9.3004,26310.83,-30.32,INR,MOCK_FEED
POS00200920251101,PORT002,INS0013,2025-11-01,208,33.3114,6928.77,-127.55,INR,MOCK_FEED
POS00201020251101,PORT002,INS0014,2025-11-01,3257,11.2842,36752.64,-201.52,GBP,MOCK_FEED
POS00200120251102,PORT002,INS0005,2025-11-02,1145,42.7573,48957.11,1044.59,INR,MOCK_FEED
POS00200220251102,PORT002,INS0006,2025-11-02,3549,25.5523,90685.11,2134.95,GBP,MOCK_FEED
POS00200320251102,PORT002,INS0007,2025-11-02,1572,50.3535,79155.7,-979.25,INR,MOCK_FEED
POS00200420251102,PORT002,INS0008,2025-11-02,956,61.9702,59243.51,1952.17,GBP,MOCK_FEED
POS00200520251102,PORT002,INS0009,2025-11-02,1284,32.4235,41631.77,620.34,EUR,MOCK_FEED
POS00200620251102,PORT002,INS0010,2025-11-02,1507,69.2085,104297.21,2415.23,INR,MOCK_FEED
POS00200720251102,PORT002,INS0011,2025-11-02,3908,21.9419,85748.95,1526.85,EUR,MOCK_FEED
POS00200820251102,PORT002,INS0012,2025-11-02,2909,9.4407,27463.0,-243.76,GBP,MOCK_FEED
POS00200920251102,PORT002,INS0013,2025-11-02,4608,33.1836,152910.03,4606.43,GBP,MOCK_FEED
POS00201020251102,PORT002,INS0014,2025-11-02,1754,11.2239,19686.72,351.16,EUR,MOCK_FEED
POS00200120251103,PORT002,INS0005,2025-11-03,3072,41.4558,127352.22,4119.18,EUR,MOCK_FEED
POS00200220251103,PORT002,INS0006,2025-11-03,2007,25.5069,51192.35,1823.7,INR,MOCK_FEED
POS00200320251103,PORT002,INS0007,2025-11-03,609,50.735,30897.61,-748.78,INR,MOCK_FEED
POS00200420251103,PORT002,INS0008,2025-11-03,2075,63.0045,130734.34,-1058.59,USD,MOCK_FEED
POS00200520251103,PORT002,INS0009,2025-11-03,4663,32.4959,151528.38,-3726.48,INR,MOCK_FEED
POS00200620251103,PORT002,INS0010,2025-11-03,628,69.622,43722.62,-118.28,EUR,MOCK_FEED
POS00200720251103,PORT002,INS0011,2025-11-03,806,21.8453,17607.31,688.78,USD,MOCK_FEED
POS00200820251103,PORT002,INS0012,2025-11-03,4752,9.6987,46088.22,-1140.74,GBP,MOCK_FEED
POS00200920251103,PORT002,INS0013,2025-11-03,1152,32.4646,37399.22,-151.35,EUR,MOCK_FEED
POS00201020251103,PORT002,INS0014,2025-11-03,2421,11.2009,27117.38,356.42,GBP,MOCK_FEED
POS00200120251104,PORT002,INS0005,2025-11-04,1731,42.2281,73096.84,-1790.37,GBP,MOCK_FEED
POS00200220251104,PORT002,INS0006,2025-11-04,2989,25.5023,76226.37,-897.48,EUR,MOCK_FEED
POS00200320251104,PORT002,INS0007,2025-11-04,3094,51.5818,159594.09,-3910.98,USD,MOCK_FEED
POS00200420251104,PORT002,INS0008,2025-11-04,4904,62.0315,304202.48,4210.42,INR,MOCK_FEED
POS00200520251104,PORT002,INS0009,2025-11-04,4194,32.6771,137047.76,-2206.13,USD,MOCK_FEED
POS00200620251104,PORT002,INS0010,2025-11-04,1654,69.7255,115325.98,-1184.09,GBP,MOCK_FEED
POS00200720251104,PORT002,INS0011,2025-11-04,1754,21.6949,38052.85,-108.7,USD,MOCK_FEED
POS00200820251104,PORT002,INS0012,2025-11-04,423,9.7421,4120.91,-105.27,EUR,MOCK_FEED
POS00200920251104,PORT002,INS0013,2025-11-04,3517,32.3765,113868.15,1876.5,INR,MOCK_FEED
POS00201020251104,PORT002,INS0014,2025-11-04,2360,11.3118,26695.85,-236.74,INR,MOCK_FEED
POS00200120251105,PORT002,INS0005,2025-11-05,370,41.4465,15335.2,564.97,EUR,MOCK_FEED
POS00200220251105,PORT002,INS0006,2025-11-05,3482,25.1317,87508.58,-542.71,INR,MOCK_FEED
POS00200320251105,PORT002,INS0007,2025-11-05,4299,52.4971,225685.03,56.09,EUR,MOCK_FEED
POS00200420251105,PORT002,INS0008,2025-11-05,4812,61.0771,293903.01,7920.42,INR,MOCK_FEED
POS00200520251105,PORT002,INS0009,2025-11-05,4458,32.4822,144805.65,-1977.53,USD,MOCK_FEED
POS00200620251105,PORT002,INS0010,2025-11-05,904,67.8655,61350.41,-280.73,GBP,MOCK_FEED
POS00200720251105,PORT002,INS0011,2025-11-05,2163,21.8818,47330.33,-916.75,USD,MOCK_FEED
POS00200820251105,PORT002,INS0012,2025-11-05,4834,9.9191,47948.93,1624.23,USD,MOCK_FEED
POS00200920251105,PORT002,INS0013,2025-11-05,4926,32.8391,161765.41,-4059.71,GBP,MOCK_FEED
POS00201020251105,PORT002,INS0014,2025-11-05,1866,11.455,21375.03,518.77,USD,MOCK_FEED
POS00200120251106,PORT002,INS0005,2025-11-06,4684,41.43,194058.12,5666.69,USD,MOCK_FEED
POS00200220251106,PORT002,INS0006,2025-11-06,3634,24.9617,90710.82,1259.93,USD,MOCK_FEED
POS00200320251106,PORT002,INS0007,2025-11-06,4438,51.86,230154.68,1677.48,USD,MOCK_FEED
POS00200420251106,PORT002,INS0008,2025-11-06,1521,61.0495,92856.29,-2764.21,USD,MOCK_FEED
POS00200520251106,PORT002,INS0009,2025-11-06,1698,32.9448,55940.27,444.39,INR,MOCK_FEED
POS00200620251106,PORT002,INS0010,2025-11-06,2703,68.4717,185079.01,5259.38,EUR,MOCK_FEED
POS00200720251106,PORT002,INS0011,2025-11-06,4680,21.9822,102876.7,-832.64,EUR,MOCK_FEED
POS00200820251106,PORT002,INS0012,2025-11-06,1662,9.9309,16505.16,-315.1,USD,MOCK_FEED
POS00200920251106,PORT002,INS0013,2025-11-06,880,32.7342,28806.1,853.51,EUR,MOCK_FEED
POS00201020251106,PORT002,INS0014,2025-11-06,2126,11.1382,23679.81,633.29,INR,MOCK_FEED
POS00200120251107,PORT002,INS0005,2025-11-07,2421,41.2603,99891.19,-1185.28,USD,MOCK_FEED
POS00200220251107,PORT002,INS0006,2025-11-07,4351,25.1313,109346.29,-1653.62,USD,MOCK_FEED
POS00200320251107,PORT002,INS0007,2025-11-07,2315,53.2752,123332.09,2938.26,GBP,MOCK_FEED
POS00200420251107,PORT002,INS0008,2025-11-07,2811,61.0542,171623.36,-3956.76,USD,MOCK_FEED
POS00200520251107,PORT002,INS0009,2025-11-07,4636,33.9281,157290.67,150.03,EUR,MOCK_FEED
POS00200620251107,PORT002,INS0010,2025-11-07,3995,67.5517,269869.04,2430.09,INR,MOCK_FEED
POS00200720251107,PORT002,INS0011,2025-11-07,1495,21.8865,32720.32,617.48,GBP,MOCK_FEED
POS00200820251107,PORT002,INS0012,2025-11-07,177,10.0268,1774.74,-13.03,EUR,MOCK_FEED
POS00200920251107,PORT002,INS0013,2025-11-07,3449,32.6636,112656.76,92.48,EUR,MOCK_FEED
POS00201020251107,PORT002,INS0014,2025-11-07,3475,11.0469,38387.98,462.62,INR,MOCK_FEED
POS00200120251108,PORT002,INS0005,2025-11-08,3456,42.3697,146429.68,1815.03,INR,MOCK_FEED
POS00200220251108,PORT002,INS0006,2025-11-08,2809,25.3013,71071.35,1243.59,USD,MOCK_FEED
POS00200320251108,PORT002,INS0007,2025-11-08,4538,53.4736,242663.2,4020.94,EUR,MOCK_FEED
POS00200420251108,PORT002,INS0008,2025-11-08,3619,61.2276,221582.68,-4550.06,GBP,MOCK_FEED
POS00200520251108,PORT002,INS0009,2025-11-08,2970,34.1083,101301.65,324.31,USD,MOCK_FEED
POS00200620251108,PORT002,INS0010,2025-11-08,1276,68.6306,87572.65,-2153.97,INR,MOCK_FEED
POS00200720251108,PORT002,INS0011,2025-11-08,1048,22.2643,23332.99,536.97,GBP,MOCK_FEED
POS00200820251108,PORT002,INS0012,2025-11-08,824,10.0842,8309.38,143.08,GBP,MOCK_FEED
POS00200920251108,PORT002,INS0013,2025-11-08,1822,32.8268,59810.43,1201.93,EUR,MOCK_FEED
POS00201020251108,PORT002,INS0014,2025-11-08,3907,10.9988,42972.31,1378.65,EUR,MOCK_FEED
POS00200120251109,PORT002,INS0005,2025-11-09,1347,41.1464,55424.2,-1531.7,USD,MOCK_FEED
POS00200220251109,PORT002,INS0006,2025-11-09,218,25.3322,5522.42,30.97,INR,MOCK_FEED
POS00200320251109,PORT002,INS0007,2025-11-09,2257,54.4894,122982.58,2270.29,USD,MOCK_FEED
POS00200420251109,PORT002,INS0008,2025-11-09,1692,61.899,104733.11,2014.56,EUR,MOCK_FEED
POS00200520251109,PORT002,INS0009,2025-11-09,4203,33.6897,141597.81,4572.46,EUR,MOCK_FEED
POS00200620251109,PORT002,INS0010,2025-11-09,3544,68.9716,244435.35,-1393.59,USD,MOCK_FEED
POS00200720251109,PORT002,INS0011,2025-11-09,1047,22.235,23280.04,784.7,INR,MOCK_FEED
POS00200820251109,PORT002,INS0012,2025-11-09,3795,10.2333,38835.37,1354.43,GBP,MOCK_FEED
POS00200920251109,PORT002,INS0013,2025-11-09,927,32.3433,29982.24,-372.08,GBP,MOCK_FEED
POS00201020251109,PORT002,INS0014,2025-11-09,3021,10.9971,33222.24,-683.33,USD,MOCK_FEED
POS00200120251110,PORT002,INS0005,2025-11-10,3596,41.4187,148941.65,3389.65,GBP,MOCK_FEED
POS00200220251110,PORT002,INS0006,2025-11-10,3744,25.7588,96440.95,-1957.04,INR,MOCK_FEED
POS00200320251110,PORT002,INS0007,2025-11-10,834,54.5118,45462.84,-42.05,USD,MOCK_FEED
POS00200420251110,PORT002,INS0008,2025-11-10,4251,61.135,259884.88,2083.12,GBP,MOCK_FEED
POS00200520251110,PORT002,INS0009,2025-11-10,3767,33.2681,125320.93,-3014.31,INR,MOCK_FEED
POS00200620251110,PORT002,INS0010,2025-11-10,2700,68.5753,185153.31,617.9,GBP,MOCK_FEED
POS00200720251110,PORT002,INS0011,2025-11-10,2296,22.2398,51062.58,719.0,INR,MOCK_FEED
POS00200820251110,PORT002,INS0012,2025-11-10,2541,10.3072,26190.6,506.29,INR,MOCK_FEED
POS00200920251110,PORT002,INS0013,2025-11-10,258,32.2045,8308.76,118.33,EUR,MOCK_FEED
POS00201020251110,PORT002,INS0014,2025-11-10,3475,11.0142,38274.35,-261.68,EUR,MOCK_FEED
POS00200120251111,PORT002,INS0005,2025-11-11,1583,40.2126,63656.55,-239.56,EUR,MOCK_FEED
POS00200220251111,PORT002,INS0006,2025-11-11,3030,25.7646,78066.74,1744.53,USD,MOCK_FEED
POS00200320251111,PORT002,INS0007,2025-11-11,1804,54.8712,98987.64,215.86,INR,MOCK_FEED
POS00200420251111,PORT002,INS0008,2025-11-11,3371,62.2863,209967.12,8285.44,INR,MOCK_FEED
POS00200520251111,PORT002,INS0009,2025-11-11,2125,33.25,70656.25,2268.32,GBP,MOCK_FEED
POS00200620251111,PORT002,INS0010,2025-11-11,2038,69.0688,140762.21,-4189.71,USD,MOCK_FEED
POS00200720251111,PORT002,INS0011,2025-11-11,4813,22.3132,107393.43,-144.04,EUR,MOCK_FEED
POS00200820251111,PORT002,INS0012,2025-11-11,893,10.3876,9276.13,99.48,INR,MOCK_FEED
POS00200920251111,PORT002,INS0013,2025-11-11,4162,32.6601,135931.34,-4068.18,INR,MOCK_FEED
POS00201020251111,PORT002,INS0014,2025-11-11,4605,11.0328,50806.04,1074.73,INR,MOCK_FEED
POS00200120251112,PORT002,INS0005,2025-11-12,3374,39.3903,132902.87,-228.85,USD,MOCK_FEED
POS00200220251112,PORT002,INS0006,2025-11-12,4955,25.7991,127834.54,-2378.58,USD,MOCK_FEED
POS00200320251112,PORT002,INS0007,2025-11-12,3073,55.7107,171198.98,1258.86,INR,MOCK_FEED
POS00200420251112,PORT002,INS0008,2025-11-12,1275,62.8636,80151.09,1185.07,EUR,MOCK_FEED
POS00200520251112,PORT002,INS0009,2025-11-12,3014,32.8876,99123.23,923.55,USD,MOCK_FEED
POS00200620251112,PORT002,INS0010,2025-11-12,1087,69.7972,75869.56,151.46,EUR,MOCK_FEED
POS00200720251112,PORT002,INS0011,2025-11-12,1706,22.509,38400.35,870.63,GBP,MOCK_FEED
POS00200820251112,PORT002,INS0012,2025-11-12,762,10.074,7676.39,285.9,INR,MOCK_FEED
POS00200920251112,PORT002,INS0013,2025-11-12,691,32.6694,22574.56,51.25,GBP,MOCK_FEED
POS00201020251112,PORT002,INS0014,2025-11-12,2035,11.0074,22400.06,423.82,GBP,MOCK_FEED
POS00200120251113,PORT002,INS0005,2025-11-13,2322,39.7401,92276.51,791.97,GBP,MOCK_FEED
POS00200220251113,PORT002,INS0006,2025-11-13,836,25.4418,21269.34,701.03,INR,MOCK_FEED
POS00200320251113,PORT002,INS0007,2025-11-13,3825,55.5008,212290.56,-1336.82,INR,MOCK_FEED
POS00200420251113,PORT002,INS0008,2025-11-13,332,63.0834,20943.69,-551.25,USD,MOCK_FEED
POS00200520251113,PORT002,INS0009,2025-11-13,389,32.553,12663.12,315.76,INR,MOCK_FEED
POS00200620251113,PORT002,INS0010,2025-11-13,1422,69.3903,98673.01,1200.15,USD,MOCK_FEED
POS00200720251113,PORT002,INS0011,2025-11-13,3598,22.5925,81287.82,-771.2,USD,MOCK_FEED
POS00200820251113,PORT002,INS0012,2025-11-13,2911,10.303,29992.03,-254.75,GBP,MOCK_FEED
POS00200920251113,PORT002,INS0013,2025-11-13,742,32.4149,24051.86,422.66,USD,MOCK_FEED
POS00201020251113,PORT002,INS0014,2025-11-13,1646,11.0703,18221.71,-174.96,EUR,MOCK_FEED
POS00200120251114,PORT002,INS0005,2025-11-14,732,40.0942,29348.95,-625.85,INR,MOCK_FEED
POS00200220251114,PORT002,INS0006,2025-11-14,2949,25.2538,74473.46,-313.15,INR,MOCK_FEED
POS00200320251114,PORT002,INS0007,2025-11-14,3287,54.4857,179094.5,1260.17,INR,MOCK_FEED
POS00200420251114,PORT002,INS0008,2025-11-14,1364,62.3066,84986.2,-1436.58,USD,MOCK_FEED
POS00200520251114,PORT002,INS0009,2025-11-14,975,32.5292,31715.97,-590.02,GBP,MOCK_FEED
POS00200620251114,PORT002,INS0010,2025-11-14,650,69.8964,45432.66,630.49,EUR,MOCK_FEED
POS00200720251114,PORT002,INS0011,2025-11-14,265,22.6508,6002.46,171.44,EUR,MOCK_FEED
POS00200820251114,PORT002,INS0012,2025-11-14,2153,10.2284,22021.75,-352.08,INR,MOCK_FEED
POS00200920251114,PORT002,INS0013,2025-11-14,3493,32.1051,112143.11,2551.91,GBP,MOCK_FEED
POS00201020251114,PORT002,INS0014,2025-11-14,2142,11.0261,23617.91,-459.8,USD,MOCK_FEED
POS00200120251115,PORT002,INS0005,2025-11-15,281,39.274,11035.99,-192.9,USD,MOCK_FEED
POS00200220251115,PORT002,INS0006,2025-11-15,2579,25.2957,65237.61,2532.55,GBP,MOCK_FEED
POS00200320251115,PORT002,INS0007,2025-11-15,4064,55.041,223686.62,1640.7,USD,MOCK_FEED
POS00200420251115,PORT002,INS0008,2025-11-15,1096,61.484,67386.46,-979.71,USD,MOCK_FEED
POS00200520251115,PORT002,INS0009,2025-11-15,4799,32.4352,155656.52,5230.75,GBP,MOCK_FEED
POS00200620251115,PORT002,INS0010,2025-11-15,1553,70.17,108974.01,2757.1,USD,MOCK_FEED
POS00200720251115,PORT002,INS0011,2025-11-15,799,22.5622,18027.2,-30.68,GBP,MOCK_FEED
POS00200820251115,PORT002,INS0012,2025-11-15,3632,10.1594,36898.94,-843.97,INR,MOCK_FEED
POS00200920251115,PORT002,INS0013,2025-11-15,4413,32.9321,145329.36,-3985.11,EUR,MOCK_FEED
POS00201020251115,PORT002,INS0014,2025-11-15,3209,10.6907,34306.46,-706.52,USD,MOCK_FEED
POS00200120251116,PORT002,INS0005,2025-11-16,880,38.4188,33808.54,71.07,INR,MOCK_FEED
POS00200220251116,PORT002,INS0006,2025-11-16,4202,25.4417,106906.02,2682.82,USD,MOCK_FEED
POS00200320251116,PORT002,INS0007,2025-11-16,2828,54.1334,153089.26,-2204.37,USD,MOCK_FEED
POS00200420251116,PORT002,INS0008,2025-11-16,1650,62.1385,102528.52,1346.74,GBP,MOCK_FEED
POS00200520251116,PORT002,INS0009,2025-11-16,1090,32.0556,34940.6,652.94,EUR,MOCK_FEED
POS00200620251116,PORT002,INS0010,2025-11-16,1385,70.2333,97273.12,757.94,USD,MOCK_FEED
POS00200720251116,PORT002,INS0011,2025-11-16,3463,22.6865,78563.35,12.31,GBP,MOCK_FEED
POS00200820251116,PORT002,INS0012,2025-11-16,2529,10.0261,25356.01,-324.49,INR,MOCK_FEED
POS00200920251116,PORT002,INS0013,2025-11-16,4095,32.7022,133915.51,-1133.39,GBP,MOCK_FEED
POS00201020251116,PORT002,INS0014,2025-11-16,122,10.8355,1321.93,38.3,EUR,MOCK_FEED
POS00200120251117,PORT002,INS0005,2025-11-17,1739,39.0578,67921.51,-254.11,GBP,MOCK_FEED
POS00200220251117,PORT002,INS0006,2025-11-17,2119,25.3747,53768.99,1951.51,INR,MOCK_FEED
POS00200320251117,PORT002,INS0007,2025-11-17,3163,54.4985,172378.76,3241.83,GBP,MOCK_FEED
POS00200420251117,PORT002,INS0008,2025-11-17,755,63.1157,47652.35,-429.41,USD,MOCK_FEED
POS00200520251117,PORT002,INS0009,2025-11-17,3565,31.9138,113772.7,-3026.33,USD,MOCK_FEED
POS00200620251117,PORT002,INS0010,2025-11-17,4227,70.7191,298929.64,2208.71,EUR,MOCK_FEED
POS00200720251117,PORT002,INS0011,2025-11-17,332,22.6909,7533.38,-172.81,INR,MOCK_FEED
POS00200820251117,PORT002,INS0012,2025-11-17,430,9.9298,4269.81,152.19,EUR,MOCK_FEED
POS00200920251117,PORT002,INS0013,2025-11-17,1675,32.3103,54119.75,327.38,EUR,MOCK_FEED
POS00201020251117,PORT002,INS0014,2025-11-17,1617,10.7681,17412.02,523.94,EUR,MOCK_FEED
POS00200120251118,PORT002,INS0005,2025-11-18,2432,39.1245,95150.78,1751.79,INR,MOCK_FEED
POS00200220251118,PORT002,INS0006,2025-11-18,2835,25.0648,71058.71,1922.42,EUR,MOCK_FEED
POS00200320251118,PORT002,INS0007,2025-11-18,230,54.2452,12476.4,-82.07,INR,MOCK_FEED
POS00200420251118,PORT002,INS0008,2025-11-18,416,62.8106,26129.21,-25.84,EUR,MOCK_FEED
POS00200520251118,PORT002,INS0009,2025-11-18,2642,32.3226,85396.31,2062.48,USD,MOCK_FEED
POS00200620251118,PORT002,INS0010,2025-11-18,2324,71.1348,165317.28,3678.49,GBP,MOCK_FEED
POS00200720251118,PORT002,INS0011,2025-11-18,3504,22.2474,77954.89,-176.65,USD,MOCK_FEED
POS00200820251118,PORT002,INS0012,2025-11-18,2199,9.9143,21801.55,-307.97,GBP,MOCK_FEED
POS00200920251118,PORT002,INS0013,2025-11-18,3446,33.3313,114859.66,3595.27,USD,MOCK_FEED
POS00201020251118,PORT002,INS0014,2025-11-18,161,10.8543,1747.54,-30.9,EUR,MOCK_FEED
POS00200120251119,PORT002,INS0005,2025-11-19,2805,38.9266,109189.11,-2081.94,USD,MOCK_FEED
POS00200220251119,PORT002,INS0006,2025-11-19,3419,25.5814,87462.81,168.22,GBP,MOCK_FEED
POS00200320251119,PORT002,INS0007,2025-11-19,3778,55.4903,209642.35,-6160.55,INR,MOCK_FEED
POS00200420251119,PORT002,INS0008,2025-11-19,861,62.8866,54145.36,-630.05,INR,MOCK_FEED
POS00200520251119,PORT002,INS0009,2025-11-19,1961,32.5487,63828.0,-992.52,INR,MOCK_FEED
POS00200620251119,PORT002,INS0010,2025-11-19,1374,71.5898,98364.39,-1796.69,INR,MOCK_FEED
POS00200720251119,PORT002,INS0011,2025-11-19,204,22.2497,4538.94,62.44,INR,MOCK_FEED
POS00200820251119,PORT002,INS0012,2025-11-19,1141,9.9343,11335.04,299.4,INR,MOCK_FEED
POS00200920251119,PORT002,INS0013,2025-11-19,4192,34.0172,142600.1,-522.45,GBP,MOCK_FEED
POS00201020251119,PORT002,INS0014,2025-11-19,4544,10.5583,47976.92,1350.98,INR,MOCK_FEED
POS00200120251120,PORT002,INS0005,2025-11-20,3187,38.864,123859.57,2603.47,USD,MOCK_FEED
POS00200220251120,PORT002,INS0006,2025-11-20,2327,25.667,59727.11,5.44,GBP,MOCK_FEED
POS00200320251120,PORT002,INS0007,2025-11-20,3112,55.1992,171779.91,-1655.33,EUR,MOCK_FEED
POS00200420251120,PORT002,INS0008,2025-11-20,4320,63.3918,273852.58,4574.54,EUR,MOCK_FEED
POS00200520251120,PORT002,INS0009,2025-11-20,184,32.1779,5920.73,-31.44,INR,MOCK_FEED
POS00200620251120,PORT002,INS0010,2025-11-20,4362,71.107,310168.73,-4854.47,USD,MOCK_FEED
POS00200720251120,PORT002,INS0011,2025-11-20,4016,22.1717,89041.55,335.6,EUR,MOCK_FEED
POS00200820251120,PORT002,INS0012,2025-11-20,2819,9.7574,27506.11,283.45,GBP,MOCK_FEED
POS00200920251120,PORT002,INS0013,2025-11-20,1242,33.6434,41785.1,1630.66,USD,MOCK_FEED
POS00201020251120,PORT002,INS0014,2025-11-20,1911,10.631,20315.84,97.96,GBP,MOCK_FEED
POS00200120251121,PORT002,INS0005,2025-11-21,881,38.4409,33866.43,-75.69,INR,MOCK_FEED
POS00200220251121,PORT002,INS0006,2025-11-21,290,25.0981,7278.45,-196.04,GBP,MOCK_FEED
POS00200320251121,PORT002,INS0007,2025-11-21,1095,55.2616,60511.45,657.93,USD,MOCK_FEED
POS00200420251121,PORT002,INS0008,2025-11-21,1901,63.222,120185.02,-2033.4,INR,MOCK_FEED
POS00200520251121,PORT002,INS0009,2025-11-21,3896,32.7465,127580.36,-3185.38,EUR,MOCK_FEED
POS00200620251121,PORT002,INS0010,2025-11-21,4884,71.1861,347672.91,6763.53,EUR,MOCK_FEED
POS00200720251121,PORT002,INS0011,2025-11-21,3459,22.242,76935.08,2460.92,EUR,MOCK_FEED
POS00200820251121,PORT002,INS0012,2025-11-21,3381,9.883,33414.42,-515.6,INR,MOCK_FEED
POS00200920251121,PORT002,INS0013,2025-11-21,2812,33.3805,93865.97,1854.27,EUR,MOCK_FEED
POS00201020251121,PORT002,INS0014,2025-11-21,1202,10.5613,12694.68,472.72,USD,MOCK_FEED
POS00200120251122,PORT002,INS0005,2025-11-22,2720,39.1583,106510.58,1155.97,USD,MOCK_FEED
POS00200220251122,PORT002,INS0006,2025-11-22,495,25.3462,12546.37,-29.11,GBP,MOCK_FEED
POS00200320251122,PORT002,INS0007,2025-11-22,917,54.9897,50425.55,-930.23,EUR,MOCK_FEED
POS00200420251122,PORT002,INS0008,2025-11-22,423,63.6684,26931.73,-729.29,USD,MOCK_FEED
POS00200520251122,PORT002,INS0009,2025-11-22,3508,32.3746,113570.1,2070.57,USD,MOCK_FEED
POS00200620251122,PORT002,INS0010,2025-11-22,1745,71.1651,124183.1,4925.34,INR,MOCK_FEED
POS00200720251122,PORT002,INS0011,2025-11-22,3221,21.6772,69822.26,987.97,EUR,MOCK_FEED
POS00200820251122,PORT002,INS0012,2025-11-22,4626,10.0148,46328.46,987.54,INR,MOCK_FEED
POS00200920251122,PORT002,INS0013,2025-11-22,4782,33.9867,162524.4,2451.75,INR,MOCK_FEED
POS00201020251122,PORT002,INS0014,2025-11-22,311,10.4463,3248.8,36.26,USD,MOCK_FEED
POS00200120251123,PORT002,INS0005,2025-11-23,758,38.7387,29363.93,229.55,INR,MOCK_FEED
POS00200220251123,PORT002,INS0006,2025-11-23,1171,25.7153,30112.62,496.24,USD,MOCK_FEED
POS00200320251123,PORT002,INS0007,2025-11-23,1845,55.1401,101733.48,-2009.44,INR,MOCK_FEED
POS00200420251123,PORT002,INS0008,2025-11-23,2475,64.005,158412.38,4743.77,INR,MOCK_FEED
POS00200520251123,PORT002,INS0009,2025-11-23,1463,32.2008,47109.77,-1187.64,GBP,MOCK_FEED
POS00200620251123,PORT002,INS0010,2025-11-23,172,70.9058,12195.8,-34.73,USD,MOCK_FEED
POS00200720251123,PORT002,INS0011,2025-11-23,936,21.8727,20472.85,-328.85,USD,MOCK_FEED
POS00200820251123,PORT002,INS0012,2025-11-23,3731,10.1835,37994.64,139.55,USD,MOCK_FEED
POS00200920251123,PORT002,INS0013,2025-11-23,1016,33.6448,34183.12,-728.88,USD,MOCK_FEED
POS00201020251123,PORT002,INS0014,2025-11-23,4005,10.5431,42225.12,1061.93,GBP,MOCK_FEED
POS00200120251124,PORT002,INS0005,2025-11-24,2634,39.3002,103516.73,2609.58,EUR,MOCK_FEED
POS00200220251124,PORT002,INS0006,2025-11-24,4466,25.7733,115103.56,1260.76,GBP,MOCK_FEED
POS00200320251124,PORT002,INS0007,2025-11-24,895,55.3948,49578.35,978.38,INR,MOCK_FEED
POS00200420251124,PORT002,INS0008,2025-11-24,389,64.0653,24921.4,252.72,INR,MOCK_FEED
POS00200520251124,PORT002,INS0009,2025-11-24,4507,32.0101,144269.52,4985.81,GBP,MOCK_FEED
POS00200620251124,PORT002,INS0010,2025-11-24,3301,70.8577,233901.27,-1255.49,GBP,MOCK_FEED
POS00200720251124,PORT002,INS0011,2025-11-24,1913,21.7775,41660.36,1135.25,GBP,MOCK_FEED
POS00200820251124,PORT002,INS0012,2025-11-24,1044,10.2556,10706.85,226.12,GBP,MOCK_FEED
POS00200920251124,PORT002,INS0013,2025-11-24,1690,34.0315,57513.24,-759.55,INR,MOCK_FEED
POS00201020251124,PORT002,INS0014,2025-11-24,2458,10.4905,25785.65,574.56,GBP,MOCK_FEED
POS00200120251125,PORT002,INS0005,2025-11-25,4500,39.7033,178664.85,-2978.23,GBP,MOCK_FEED
POS00200220251125,PORT002,INS0006,2025-11-25,2272,25.5493,58048.01,-984.7,EUR,MOCK_FEED
POS00200320251125,PORT002,INS0007,2025-11-25,4605,54.6531,251677.53,-4547.89,INR,MOCK_FEED
POS00200420251125,PORT002,INS0008,2025-11-25,1178,63.681,75016.22,545.77,INR,MOCK_FEED
POS00200520251125,PORT002,INS0009,2025-11-25,185,32.2709,5970.12,16.51,EUR,MOCK_FEED
POS00200620251125,PORT002,INS0010,2025-11-25,3397,69.836,237232.89,-3539.92,GBP,MOCK_FEED
POS00200720251125,PORT002,INS0011,2025-11-25,430,21.601,9288.43,-103.02,EUR,MOCK_FEED
POS00200820251125,PORT002,INS0012,2025-11-25,2900,10.1277,29370.33,-121.92,EUR,MOCK_FEED
POS00200920251125,PORT002,INS0013,2025-11-25,3490,34.0796,118937.8,2727.44,GBP,MOCK_FEED
POS00201020251125,PORT002,INS0014,2025-11-25,3886,10.823,42058.18,-1116.54,EUR,MOCK_FEED
POS00200120251126,PORT002,INS0005,2025-11-26,1112,40.1659,44664.48,430.13,EUR,MOCK_FEED
POS00200220251126,PORT002,INS0006,2025-11-26,411,25.3757,10429.41,374.25,EUR,MOCK_FEED
POS00200320251126,PORT002,INS0007,2025-11-26,448,56.0989,25132.31,-520.37,USD,MOCK_FEED
POS00200420251126,PORT002,INS0008,2025-11-26,448,63.5944,28490.29,-175.75,INR,MOCK_FEED
POS00200520251126,PORT002,INS0009,2025-11-26,1952,31.8104,62093.9,-1350.13,GBP,MOCK_FEED
POS00200620251126,PORT002,INS0010,2025-11-26,3608,69.9562,252401.97,2572.42,INR,MOCK_FEED
POS00200720251126,PORT002,INS0011,2025-11-26,391,21.3056,8330.49,-8.27,EUR,MOCK_FEED
POS00200820251126,PORT002,INS0012,2025-11-26,1424,9.8707,14055.88,-353.39,USD,MOCK_FEED
POS00200920251126,PORT002,INS0013,2025-11-26,2295,34.0023,78035.28,1409.22,USD,MOCK_FEED
POS00201020251126,PORT002,INS0014,2025-11-26,3354,10.8191,36287.26,-434.31,GBP,MOCK_FEED
POS00200120251127,PORT002,INS0005,2025-11-27,4718,39.8502,188013.24,4171.35,USD,MOCK_FEED
POS00200220251127,PORT002,INS0006,2025-11-27,3470,25.5378,88616.17,1004.49,EUR,MOCK_FEED
POS00200320251127,PORT002,INS0007,2025-11-27,3153,56.3684,177729.57,-3067.95,GBP,MOCK_FEED
POS00200420251127,PORT002,INS0008,2025-11-27,2623,63.0559,165395.63,2745.38,INR,MOCK_FEED
POS00200520251127,PORT002,INS0009,2025-11-27,717,32.2697,23137.37,-585.36,EUR,MOCK_FEED
POS00200620251127,PORT002,INS0010,2025-11-27,4166,69.5255,289643.23,4827.56,GBP,MOCK_FEED
POS00200720251127,PORT002,INS0011,2025-11-27,2817,21.5323,60656.49,-201.73,INR,MOCK_FEED
POS00200820251127,PORT002,INS0012,2025-11-27,2198,9.79,21518.42,675.56,INR,MOCK_FEED
POS00200920251127,PORT002,INS0013,2025-11-27,2827,33.6009,94989.74,-1253.71,INR,MOCK_FEED
POS00201020251127,PORT002,INS0014,2025-11-27,2960,10.7916,31943.14,-678.53,INR,MOCK_FEED
POS00200120251128,PORT002,INS0005,2025-11-28,863,39.4649,34058.21,-339.1,GBP,MOCK_FEED
POS00200220251128,PORT002,INS0006,2025-11-28,3062,25.8197,79059.92,1457.44,USD,MOCK_FEED
POS00200320251128,PORT002,INS0007,2025-11-28,1353,56.9419,77042.39,-546.49,INR,MOCK_FEED
POS00200420251128,PORT002,INS0008,2025-11-28,972,62.2681,60524.59,1795.95,INR,MOCK_FEED
POS00200520251128,PORT002,INS0009,2025-11-28,3601,32.1988,115947.88,3586.89,INR,MOCK_FEED
POS00200620251128,PORT002,INS0010,2025-11-28,1322,69.8521,92344.48,2306.19,EUR,MOCK_FEED
POS00200720251128,PORT002,INS0011,2025-11-28,2748,21.5289,59161.42,-1176.72,GBP,MOCK_FEED
POS00200820251128,PORT002,INS0012,2025-11-28,3678,9.7065,35700.51,-696.48,USD,MOCK_FEED
POS00200920251128,PORT002,INS0013,2025-11-28,3135,34.2282,107305.41,3635.35,USD,MOCK_FEED
POS00201020251128,PORT002,INS0014,2025-11-28,3438,10.6331,36556.6,983.11,GBP,MOCK_FEED
POS00200120251129,PORT002,INS0005,2025-11-29,2869,40.086,115006.73,-665.86,EUR,MOCK_FEED
POS00200220251129,PORT002,INS0006,2025-11-29,363,25.6802,9321.91,191.56,USD,MOCK_FEED
POS00200320251129,PORT002,INS0007,2025-11-29,2974,57.371,170621.35,3655.85,INR,MOCK_FEED
POS00200420251129,PORT002,INS0008,2025-11-29,2738,61.9815,169705.35,-2521.84,INR,MOCK_FEED
POS00200520251129,PORT002,INS0009,2025-11-29,3685,32.6374,120268.82,3116.16,EUR,MOCK_FEED
POS00200620251129,PORT002,INS0010,2025-11-29,2066,68.9971,142548.01,3903.34,USD,MOCK_FEED
POS00200720251129,PORT002,INS0011,2025-11-29,4971,21.493,106841.7,-776.72,INR,MOCK_FEED
POS00200820251129,PORT002,INS0012,2025-11-29,1691,9.7034,16408.45,514.43,INR,MOCK_FEED
POS00200920251129,PORT002,INS0013,2025-11-29,3783,33.8676,128121.13,1395.59,GBP,MOCK_FEED
POS00201020251129,PORT002,INS0014,2025-11-29,4624,10.6744,49358.43,-321.17,GBP,MOCK_FEED
POS00200120251130,PORT002,INS0005,2025-11-30,3605,39.9077,143867.26,519.82,EUR,MOCK_FEED
POS00200220251130,PORT002,INS0006,2025-11-30,467,25.887,12089.23,475.01,GBP,MOCK_FEED
POS00200320251130,PORT002,INS0007,2025-11-30,989,57.8303,57194.17,225.85,EUR,MOCK_FEED
POS00200420251130,PORT002,INS0008,2025-11-30,3729,61.8025,230461.52,8956.57,INR,MOCK_FEED
POS00200520251130,PORT002,INS0009,2025-11-30,3920,32.6194,127868.05,-786.81,EUR,MOCK_FEED
POS00200620251130,PORT002,INS0010,2025-11-30,1883,70.2067,132199.22,-1963.93,GBP,MOCK_FEED
POS00200720251130,PORT002,INS0011,2025-11-30,3894,21.341,83101.85,1050.56,USD,MOCK_FEED
POS00200820251130,PORT002,INS0012,2025-11-30,1634,9.6634,15790.0,-179.24,INR,MOCK_FEED
POS00200920251130,PORT002,INS0013,2025-11-30,3115,33.9766,105837.11,4087.47,INR,MOCK_FEED
POS00201020251130,PORT002,INS0014,2025-11-30,3826,10.7052,40958.1,-1184.72,USD,MOCK_FEED
POS00200120251201,PORT002,INS0005,2025-12-01,2989,39.3339,117569.03,-3060.55,GBP,MOCK_FEED
POS00200220251201,PORT002,INS0006,2025-12-01,3889,25.4346,98915.16,-1879.21,EUR,MOCK_FEED
POS00200320251201,PORT002,INS0007,2025-12-01,794,58.5648,46500.45,875.91,INR,MOCK_FEED
POS00200420251201,PORT002,INS0008,2025-12-01,4380,61.9112,271171.06,10413.18,EUR,MOCK_FEED
POS00200520251201,PORT002,INS0009,2025-12-01,1770,32.326,57217.02,1645.97,USD,MOCK_FEED
POS00200620251201,PORT002,INS0010,2025-12-01,2130,70.3728,149894.06,4237.53,GBP,MOCK_FEED
POS00200720251201,PORT002,INS0011,2025-12-01,4871,21.5218,104832.69,208.46,GBP,MOCK_FEED
POS00200820251201,PORT002,INS0012,2025-12-01,2409,9.8661,23767.43,853.16,USD,MOCK_FEED
POS00200920251201,PORT002,INS0013,2025-12-01,2031,33.1524,67332.52,1653.94,INR,MOCK_FEED
POS00201020251201,PORT002,INS0014,2025-12-01,3743,10.7339,40176.99,1225.37,INR,MOCK_FEED
POS00200120251202,PORT002,INS0005,2025-12-02,706,39.5825,27945.25,-255.28,EUR,MOCK_FEED
POS00200220251202,PORT002,INS0006,2025-12-02,1826,25.8747,47247.2,1219.48,EUR,MOCK_FEED
POS00200320251202,PORT002,INS0007,2025-12-02,1809,58.9878,106708.93,256.22,USD,MOCK_FEED
POS00200420251202,PORT002,INS0008,2025-12-02,1820,62.3536,113483.55,-506.22,USD,MOCK_FEED
POS00200520251202,PORT002,INS0009,2025-12-02,2564,32.1093,82328.25,1741.54,INR,MOCK_FEED
POS00200620251202,PORT002,INS0010,2025-12-02,1283,71.4625,91686.39,750.44,EUR,MOCK_FEED
POS00200720251202,PORT002,INS0011,2025-12-02,3673,21.1768,77782.39,-1555.75,INR,MOCK_FEED
POS00200820251202,PORT002,INS0012,2025-12-02,1229,9.8545,12111.18,-144.75,INR,MOCK_FEED
POS00200920251202,PORT002,INS0013,2025-12-02,2871,32.647,93729.54,3509.38,GBP,MOCK_FEED
POS00201020251202,PORT002,INS0014,2025-12-02,4912,10.8572,53330.57,694.51,EUR,MOCK_FEED
POS00200120251203,PORT002,INS0005,2025-12-03,3578,39.9124,142806.57,1753.73,EUR,MOCK_FEED
POS00200220251203,PORT002,INS0006,2025-12-03,972,25.8158,25092.96,758.22,USD,MOCK_FEED
POS00200320251203,PORT002,INS0007,2025-12-03,389,58.0369,22576.35,481.86,INR,MOCK_FEED
POS00200420251203,PORT002,INS0008,2025-12-03,4410,62.433,275329.53,-4194.05,USD,MOCK_FEED
POS00200520251203,PORT002,INS0009,2025-12-03,1213,31.9658,38774.52,-162.62,GBP,MOCK_FEED
POS00200620251203,PORT002,INS0010,2025-12-03,2137,70.8333,151370.76,471.73,GBP,MOCK_FEED
POS00200720251203,PORT002,INS0011,2025-12-03,3635,21.1262,76793.74,1843.14,USD,MOCK_FEED
POS00200820251203,PORT002,INS0012,2025-12-03,4206,9.9396,41805.96,852.69,USD,MOCK_FEED
POS00200920251203,PORT002,INS0013,2025-12-03,3514,32.6563,114754.24,241.44,GBP,MOCK_FEED
POS00201020251203,PORT002,INS0014,2025-12-03,3351,10.8212,36261.84,1263.69,USD,MOCK_FEED
POS00200120251204,PORT002,INS0005,2025-12-04,4000,39.2303,156921.2,-1872.86,EUR,MOCK_FEED
POS00200220251204,PORT002,INS0006,2025-12-04,4977,25.7363,128089.57,266.47,EUR,MOCK_FEED
POS00200320251204,PORT002,INS0007,2025-12-04,494,58.1637,28732.87,341.33,EUR,MOCK_FEED
POS00200420251204,PORT002,INS0008,2025-12-04,2736,61.2948,167702.57,579.41,GBP,MOCK_FEED
POS00200520251204,PORT002,INS0009,2025-12-04,4413,31.0647,137088.52,-4079.29,GBP,MOCK_FEED
POS00200620251204,PORT002,INS0010,2025-12-04,4277,70.6219,302049.87,-3536.84,INR,MOCK_FEED
POS00200720251204,PORT002,INS0011,2025-12-04,3071,21.0177,64545.36,629.38,USD,MOCK_FEED
POS00200820251204,PORT002,INS0012,2025-12-04,2348,9.9545,23373.17,582.87,GBP,MOCK_FEED
POS00200920251204,PORT002,INS0013,2025-12-04,2027,31.8604,64581.03,-712.18,EUR,MOCK_FEED
POS00201020251204,PORT002,INS0014,2025-12-04,4017,10.983,44118.71,122.53,INR,MOCK_FEED
POS00200120251205,PORT002,INS0005,2025-12-05,4329,38.9566,168643.12,4742.61,GBP,MOCK_FEED
POS00200220251205,PORT002,INS0006,2025-12-05,2875,25.4842,73267.07,142.38,EUR,MOCK_FEED
POS00200320251205,PORT002,INS0007,2025-12-05,4853,58.3262,283057.05,148.88,EUR,MOCK_FEED
POS00200420251205,PORT002,INS0008,2025-12-05,2871,60.5645,173880.68,1038.42,USD,MOCK_FEED
POS00200520251205,PORT002,INS0009,2025-12-05,393,31.1797,12253.62,-248.36,EUR,MOCK_FEED
POS00200620251205,PORT002,INS0010,2025-12-05,3631,70.4216,255700.83,-4155.99,GBP,MOCK_FEED
POS00200720251205,PORT002,INS0011,2025-12-05,2148,20.6571,44371.45,21.23,INR,MOCK_FEED
POS00200820251205,PORT002,INS0012,2025-12-05,1801,9.985,17982.99,-302.7,INR,MOCK_FEED
POS00200920251205,PORT002,INS0013,2025-12-05,1884,32.2045,60673.28,65.4,INR,MOCK_FEED
POS00201020251205,PORT002,INS0014,2025-12-05,585,11.1147,6502.1,-101.85,GBP,MOCK_FEED
POS00200120251206,PORT002,INS0005,2025-12-06,585,38.609,22586.26,6.58,EUR,MOCK_FEED
POS00200220251206,PORT002,INS0006,2025-12-06,3985,25.3687,101094.27,2359.29,USD,MOCK_FEED
POS00200320251206,PORT002,INS0007,2025-12-06,207,58.1284,12032.58,12.22,INR,MOCK_FEED
POS00200420251206,PORT002,INS0008,2025-12-06,3223,60.9065,196301.65,-4714.73,GBP,MOCK_FEED
POS00200520251206,PORT002,INS0009,2025-12-06,233,30.9582,7213.26,91.65,EUR,MOCK_FEED
POS00200620251206,PORT002,INS0010,2025-12-06,2648,70.8852,187704.01,2703.36,EUR,MOCK_FEED
POS00200720251206,PORT002,INS0011,2025-12-06,1176,20.5234,24135.52,-307.93,USD,MOCK_FEED
POS00200820251206,PORT002,INS0012,2025-12-06,2290,9.9341,22749.09,-446.33,USD,MOCK_FEED
POS00200920251206,PORT002,INS0013,2025-12-06,3756,31.5699,118576.54,-2982.91,USD,MOCK_FEED
POS00201020251206,PORT002,INS0014,2025-12-06,3092,11.291,34911.77,672.71,USD,MOCK_FEED
POS00200120251207,PORT002,INS0005,2025-12-07,4434,38.4616,170538.73,-4923.57,GBP,MOCK_FEED
POS00200220251207,PORT002,INS0006,2025-12-07,2168,25.0745,54361.52,-872.41,GBP,MOCK_FEED
POS00200320251207,PORT002,INS0007,2025-12-07,2864,57.4051,164408.21,6253.89,EUR,MOCK_FEED
POS00200420251207,PORT002,INS0008,2025-12-07,209,61.409,12834.48,336.92,GBP,MOCK_FEED
POS00200520251207,PORT002,INS0009,2025-12-07,1025,31.1608,31939.82,-8.12,INR,MOCK_FEED
POS00200620251207,PORT002,INS0010,2025-12-07,2253,72.0511,162331.13,2592.01,USD,MOCK_FEED
POS00200720251207,PORT002,INS0011,2025-12-07,2658,20.4605,54384.01,1994.92,INR,MOCK_FEED
POS00200820251207,PORT002,INS0012,2025-12-07,2888,9.8298,28388.46,239.12,USD,MOCK_FEED
POS00200920251207,PORT002,INS0013,2025-12-07,684,31.8224,21766.52,254.76,EUR,MOCK_FEED
POS00201020251207,PORT002,INS0014,2025-12-07,1257,11.3576,14276.5,-217.09,INR,MOCK_FEED
POS00200120251208,PORT002,INS0005,2025-12-08,1941,38.9486,75599.23,-1070.93,USD,MOCK_FEED
POS00200220251208,PORT002,INS0006,2025-12-08,725,25.2118,18278.56,-440.27,EUR,MOCK_FEED
POS00200320251208,PORT002,INS0007,2025-12-08,2154,57.1603,123123.29,3157.01,EUR,MOCK_FEED
POS00200420251208,PORT002,INS0008,2025-12-08,815,62.3421,50808.81,1339.7,EUR,MOCK_FEED
POS00200520251208,PORT002,INS0009,2025-12-08,3277,31.2223,102315.48,87.71,GBP,MOCK_FEED
POS00200620251208,PORT002,INS0010,2025-12-08,3787,72.0793,272964.31,-5521.02,INR,MOCK_FEED
POS00200720251208,PORT002,INS0011,2025-12-08,3237,20.6001,66682.52,-1890.08,EUR,MOCK_FEED
POS00200820251208,PORT002,INS0012,2025-12-08,1381,9.7073,13405.78,492.82,INR,MOCK_FEED
POS00200920251208,PORT002,INS0013,2025-12-08,1938,31.3558,60767.54,-1369.33,GBP,MOCK_FEED
POS00201020251208,PORT002,INS0014,2025-12-08,4008,11.4832,46024.67,-202.95,INR,MOCK_FEED
POS00200120251209,PORT002,INS0005,2025-12-09,3788,39.6618,150238.9,-2949.51,EUR,MOCK_FEED
POS00200220251209,PORT002,INS0006,2025-12-09,1722,24.9634,42986.97,182.13,INR,MOCK_FEED
POS00200320251209,PORT002,INS0007,2025-12-09,658,57.3557,37740.05,-1112.4,INR,MOCK_FEED
POS00200420251209,PORT002,INS0008,2025-12-09,3882,63.0687,244832.69,-24.32,GBP,MOCK_FEED
POS00200520251209,PORT002,INS0009,2025-12-09,119,31.1519,3707.08,143.71,GBP,MOCK_FEED
POS00200620251209,PORT002,INS0010,2025-12-09,4818,72.4887,349250.56,-2141.19,GBP,MOCK_FEED
POS00200720251209,PORT002,INS0011,2025-12-09,766,20.4386,15655.97,34.4,EUR,MOCK_FEED
POS00200820251209,PORT002,INS0012,2025-12-09,128,9.7785,1251.65,32.65,GBP,MOCK_FEED
POS00200920251209,PORT002,INS0013,2025-12-09,2648,31.5467,83535.66,1081.54,GBP,MOCK_FEED
POS00201020251209,PORT002,INS0014,2025-12-09,2519,11.5686,29141.3,949.9,INR,MOCK_FEED
POS00200120251210,PORT002,INS0005,2025-12-10,2922,38.942,113788.52,3784.78,EUR,MOCK_FEED
POS00200220251210,PORT002,INS0006,2025-12-10,4680,25.0797,117373.0,1025.53,INR,MOCK_FEED
POS00200320251210,PORT002,INS0007,2025-12-10,4916,57.2347,281365.79,4182.86,INR,MOCK_FEED
POS00200420251210,PORT002,INS0008,2025-12-10,2808,63.2893,177716.35,615.55,EUR,MOCK_FEED
POS00200520251210,PORT002,INS0009,2025-12-10,4701,30.8796,145165.0,2569.93,GBP,MOCK_FEED
POS00200620251210,PORT002,INS0010,2025-12-10,4250,72.5208,308213.4,2677.24,USD,MOCK_FEED
POS00200720251210,PORT002,INS0011,2025-12-10,1769,20.263,35845.25,1324.71,EUR,MOCK_FEED
POS00200820251210,PORT002,INS0012,2025-12-10,3484,9.8829,34432.02,424.09,EUR,MOCK_FEED
POS00200920251210,PORT002,INS0013,2025-12-10,4259,31.4572,133976.21,1203.0,GBP,MOCK_FEED
POS00201020251210,PORT002,INS0014,2025-12-10,4474,11.5728,51776.71,1397.5,GBP,MOCK_FEED
POS00200120251211,PORT002,INS0005,2025-12-11,4180,38.3793,160425.47,5432.57,EUR,MOCK_FEED
POS00200220251211,PORT002,INS0006,2025-12-11,3875,25.2881,97991.39,1626.8,INR,MOCK_FEED
POS00200320251211,PORT002,INS0007,2025-12-11,602,56.6574,34107.75,783.09,INR,MOCK_FEED
POS00200420251211,PORT002,INS0008,2025-12-11,2368,63.1876,149628.24,439.54,EUR,MOCK_FEED
POS00200520251211,PORT002,INS0009,2025-12-11,450,30.8314,13874.13,-25.88,GBP,MOCK_FEED
POS00200620251211,PORT002,INS0010,2025-12-11,3715,72.2092,268257.18,-4839.92,INR,MOCK_FEED
POS00200720251211,PORT002,INS0011,2025-12-11,1358,20.0931,27286.43,-623.99,USD,MOCK_FEED
POS00200820251211,PORT002,INS0012,2025-12-11,2990,9.7897,29271.2,-709.87,USD,MOCK_FEED
POS00200920251211,PORT002,INS0013,2025-12-11,659,32.1561,21190.87,-592.68,GBP,MOCK_FEED
POS00201020251211,PORT002,INS0014,2025-12-11,3636,11.5825,42113.97,-801.26,INR,MOCK_FEED
POS00200120251212,PORT002,INS0005,2025-12-12,4066,38.7074,157384.29,-3688.96,GBP,MOCK_FEED
POS00200220251212,PORT002,INS0006,2025-12-12,4980,25.174,125366.52,666.08,GBP,MOCK_FEED
POS00200320251212,PORT002,INS0007,2025-12-12,3642,56.1425,204470.98,602.77,EUR,MOCK_FEED
POS00200420251212,PORT002,INS0008,2025-12-12,4402,63.0885,277715.58,-4351.57,EUR,MOCK_FEED
POS00200520251212,PORT002,INS0009,2025-12-12,3740,30.6023,114452.6,-2137.82,EUR,MOCK_FEED
POS00200620251212,PORT002,INS0010,2025-12-12,143,71.9739,10292.27,305.29,GBP,MOCK_FEED
POS00200720251212,PORT002,INS0011,2025-12-12,185,20.0963,3717.82,14.95,GBP,MOCK_FEED
POS00200820251212,PORT002,INS0012,2025-12-12,4263,9.7165,41421.44,1644.68,GBP,MOCK_FEED
POS00200920251212,PORT002,INS0013,2025-12-12,1581,31.861,50372.24,-563.45,INR,MOCK_FEED
POS00201020251212,PORT002,INS0014,2025-12-12,1362,11.851,16141.06,540.87,GBP,MOCK_FEED
POS00200120251213,PORT002,INS0005,2025-12-13,4606,38.779,178616.07,-4951.77,EUR,MOCK_FEED
POS00200220251213,PORT002,INS0006,2025-12-13,2957,25.2614,74697.96,1431.56,GBP,MOCK_FEED
POS00200320251213,PORT002,INS0007,2025-12-13,4235,56.7997,240546.73,6423.83,EUR,MOCK_FEED
POS00200420251213,PORT002,INS0008,2025-12-13,3161,63.5285,200813.59,7576.28,USD,MOCK_FEED
POS00200520251213,PORT002,INS0009,2025-12-13,4359,31.2838,136366.08,2454.11,GBP,MOCK_FEED
POS00200620251213,PORT002,INS0010,2025-12-13,4131,71.4319,295085.18,-2754.05,USD,MOCK_FEED
POS00200720251213,PORT002,INS0011,2025-12-13,4733,20.33,96221.89,3184.54,GBP,MOCK_FEED
POS00200820251213,PORT002,INS0012,2025-12-13,1992,9.857,19635.14,-446.56,USD,MOCK_FEED
POS00200920251213,PORT002,INS0013,2025-12-13,1879,31.6332,59438.78,1854.07,EUR,MOCK_FEED
POS00201020251213,PORT002,INS0014,2025-12-13,3126,11.8635,37085.3,1149.12,GBP,MOCK_FEED
POS00200120251214,PORT002,INS0005,2025-12-14,2863,38.4832,110177.4,26.97,GBP,MOCK_FEED
POS00200220251214,PORT002,INS0006,2025-12-14,3419,25.6662,87752.74,17.74,INR,MOCK_FEED
POS00200320251214,PORT002,INS0007,2025-12-14,4156,56.4422,234573.78,3494.87,INR,MOCK_FEED
POS00200420251214,PORT002,INS0008,2025-12-14,3212,64.7034,207827.32,7907.92,USD,MOCK_FEED
POS00200520251214,PORT002,INS0009,2025-12-14,3982,31.1843,124175.88,-3068.84,EUR,MOCK_FEED
POS00200620251214,PORT002,INS0010,2025-12-14,3794,69.532,263804.41,-2213.58,EUR,MOCK_FEED
POS00200720251214,PORT002,INS0011,2025-12-14,3833,20.1059,77065.91,991.58,EUR,MOCK_FEED
POS00200820251214,PORT002,INS0012,2025-12-14,1778,9.7767,17382.97,-244.51,INR,MOCK_FEED
POS00200920251214,PORT002,INS0013,2025-12-14,3695,31.2653,115525.28,-677.46,GBP,MOCK_FEED
POS00201020251214,PORT002,INS0014,2025-12-14,1824,12.0175,21919.92,213.03,EUR,MOCK_FEED
POS00200120251215,PORT002,INS0005,2025-12-15,4735,38.3179,181435.26,-574.13,INR,MOCK_FEED
POS00200220251215,PORT002,INS0006,2025-12-15,4863,25.9673,126278.98,-3749.63,USD,MOCK_FEED
POS00200320251215,PORT002,INS0007,2025-12-15,4991,57.6218,287590.4,-8594.48,GBP,MOCK_FEED
POS00200420251215,PORT002,INS0008,2025-12-15,2013,65.7056,132265.37,4437.49,USD,MOCK_FEED
POS00200520251215,PORT002,INS0009,2025-12-15,3501,31.594,110610.59,-2332.2,USD,MOCK_FEED
POS00200620251215,PORT002,INS0010,2025-12-15,2186,70.4859,154082.18,-2719.84,EUR,MOCK_FEED
POS00200720251215,PORT002,INS0011,2025-12-15,750,20.0672,15050.4,-28.37,INR,MOCK_FEED
POS00200820251215,PORT002,INS0012,2025-12-15,1331,9.8527,13113.94,181.94,INR,MOCK_FEED
POS00200920251215,PORT002,INS0013,2025-12-15,270,31.2699,8442.87,81.05,USD,MOCK_FEED
POS00201020251215,PORT002,INS0014,2025-12-15,4293,11.9874,51461.91,1855.32,GBP,MOCK_FEED
POS00200120251216,PORT002,INS0005,2025-12-16,3462,38.1264,131993.6,2308.95,INR,MOCK_FEED
POS00200220251216,PORT002,INS0006,2025-12-16,1943,25.9389,50399.28,-973.87,USD,MOCK_FEED
POS00200320251216,PORT002,INS0007,2025-12-16,3867,57.6007,222741.91,7404.13,USD,MOCK_FEED
POS00200420251216,PORT002,INS0008,2025-12-16,2848,66.0106,187998.19,-5041.89,USD,MOCK_FEED
POS00200520251216,PORT002,INS0009,2025-12-16,1614,31.6355,51059.7,456.38,INR,MOCK_FEED
POS00200620251216,PORT002,INS0010,2025-12-16,2242,68.7011,154027.87,5205.26,INR,MOCK_FEED
POS00200720251216,PORT002,INS0011,2025-12-16,808,19.904,16082.43,154.68,INR,MOCK_FEED
POS00200820251216,PORT002,INS0012,2025-12-16,1755,9.7534,17117.22,-482.44,EUR,MOCK_FEED
POS00200920251216,PORT002,INS0013,2025-12-16,1752,31.3495,54924.32,1119.22,EUR,MOCK_FEED
POS00201020251216,PORT002,INS0014,2025-12-16,1374,11.9979,16485.11,75.39,EUR,MOCK_FEED
POS00200120251217,PORT002,INS0005,2025-12-17,854,37.9522,32411.18,501.18,INR,MOCK_FEED
POS00200220251217,PORT002,INS0006,2025-12-17,2586,25.9006,66978.95,-977.18,INR,MOCK_FEED
POS00200320251217,PORT002,INS0007,2025-12-17,2745,57.4753,157769.7,5178.54,USD,MOCK_FEED
POS00200420251217,PORT002,INS0008,2025-12-17,1362,67.0816,91365.14,-2003.6,INR,MOCK_FEED
POS00200520251217,PORT002,INS0009,2025-12-17,3986,31.7679,126626.85,5051.35,GBP,MOCK_FEED
POS00200620251217,PORT002,INS0010,2025-12-17,4443,68.1287,302695.81,11122.02,USD,MOCK_FEED
POS00200720251217,PORT002,INS0011,2025-12-17,4138,20.3612,84254.65,-971.36,EUR,MOCK_FEED
POS00200820251217,PORT002,INS0012,2025-12-17,4144,9.88,40942.72,96.75,GBP,MOCK_FEED
POS00200920251217,PORT002,INS0013,2025-12-17,3963,31.4544,124653.79,-3378.35,INR,MOCK_FEED
POS00201020251217,PORT002,INS0014,2025-12-17,3808,11.8846,45256.56,73.29,EUR,MOCK_FEED
POS00200120251218,PORT002,INS0005,2025-12-18,2681,37.5088,100561.09,3953.41,USD,MOCK_FEED
POS00200220251218,PORT002,INS0006,2025-12-18,542,25.7348,13948.26,-109.9,GBP,MOCK_FEED
POS00200320251218,PORT002,INS0007,2025-12-18,1767,56.7027,100193.67,2203.1,INR,MOCK_FEED
POS00200420251218,PORT002,INS0008,2025-12-18,2989,67.5618,201942.22,543.08,GBP,MOCK_FEED
POS00200520251218,PORT002,INS0009,2025-12-18,989,31.3775,31032.35,935.71,EUR,MOCK_FEED
POS00200620251218,PORT002,INS0010,2025-12-18,2962,69.4478,205704.38,-5112.22,INR,MOCK_FEED
POS00200720251218,PORT002,INS0011,2025-12-18,2634,20.3611,53631.14,-1492.01,EUR,MOCK_FEED
POS00200820251218,PORT002,INS0012,2025-12-18,3669,10.0492,36870.51,808.0,EUR,MOCK_FEED
POS00200920251218,PORT002,INS0013,2025-12-18,1821,31.0621,56564.08,542.04,USD,MOCK_FEED
POS00201020251218,PORT002,INS0014,2025-12-18,1063,11.7243,12462.93,17.74,EUR,MOCK_FEED
POS00200120251219,PORT002,INS0005,2025-12-19,4052,37.2475,150926.87,3191.75,USD,MOCK_FEED
POS00200220251219,PORT002,INS0006,2025-12-19,2779,26.3742,73293.9,269.63,USD,MOCK_FEED
POS00200320251219,PORT002,INS0007,2025-12-19,3208,57.8211,185490.09,-4847.76,INR,MOCK_FEED
POS00200420251219,PORT002,INS0008,2025-12-19,1028,68.8522,70780.06,873.02,INR,MOCK_FEED
POS00200520251219,PORT002,INS0009,2025-12-19,2637,31.2818,82490.11,115.2,USD,MOCK_FEED
POS00200620251219,PORT002,INS0010,2025-12-19,704,70.0863,49340.76,1697.77,GBP,MOCK_FEED
POS00200720251219,PORT002,INS0011,2025-12-19,3957,20.7663,82172.25,956.76,USD,MOCK_FEED
POS00200820251219,PORT002,INS0012,2025-12-19,3591,9.8728,35453.22,1015.38,EUR,MOCK_FEED
POS00200920251219,PORT002,INS0013,2025-12-19,4322,31.3917,135674.93,-3562.93,GBP,MOCK_FEED
POS00201020251219,PORT002,INS0014,2025-12-19,162,11.6491,1887.15,34.16,EUR,MOCK_FEED
POS00200120251220,PORT002,INS0005,2025-12-20,4844,37.6041,182154.26,537.67,GBP,MOCK_FEED
POS00200220251220,PORT002,INS0006,2025-12-20,2711,26.7353,72479.4,-1330.6,EUR,MOCK_FEED
POS00200320251220,PORT002,INS0007,2025-12-20,4148,57.1873,237212.92,3406.27,GBP,MOCK_FEED
POS00200420251220,PORT002,INS0008,2025-12-20,3251,69.7471,226747.82,-3304.46,USD,MOCK_FEED
POS00200520251220,PORT002,INS0009,2025-12-20,2714,31.2787,84890.39,2556.18,EUR,MOCK_FEED
POS00200620251220,PORT002,INS0010,2025-12-20,4576,71.1525,325593.84,12004.89,USD,MOCK_FEED
POS00200720251220,PORT002,INS0011,2025-12-20,1257,20.7599,26095.19,87.41,INR,MOCK_FEED
POS00200820251220,PORT002,INS0012,2025-12-20,1064,9.6027,10217.27,-222.62,GBP,MOCK_FEED
POS00200920251220,PORT002,INS0013,2025-12-20,1395,31.6913,44209.36,165.65,USD,MOCK_FEED
POS00201020251220,PORT002,INS0014,2025-12-20,3400,11.3574,38615.16,-145.4,EUR,MOCK_FEED
POS00200120251221,PORT002,INS0005,2025-12-21,2696,37.2299,100371.81,1345.77,EUR,MOCK_FEED
POS00200220251221,PORT002,INS0006,2025-12-21,395,26.5761,10497.56,71.93,USD,MOCK_FEED
POS00200320251221,PORT002,INS0007,2025-12-21,4234,57.5366,243609.96,8392.18,USD,MOCK_FEED
POS00200420251221,PORT002,INS0008,2025-12-21,2272,69.7699,158517.21,-2544.42,INR,MOCK_FEED
POS00200520251221,PORT002,INS0009,2025-12-21,3593,31.679,113822.65,2924.07,GBP,MOCK_FEED
POS00200620251221,PORT002,INS0010,2025-12-21,4384,71.417,313092.13,-6384.27,USD,MOCK_FEED
POS00200720251221,PORT002,INS0011,2025-12-21,2380,20.9778,49927.16,-309.59,USD,MOCK_FEED
POS00200820251221,PORT002,INS0012,2025-12-21,4815,9.7296,46848.02,444.63,GBP,MOCK_FEED
POS00200920251221,PORT002,INS0013,2025-12-21,4496,31.5684,141931.53,4038.45,USD,MOCK_FEED
POS00201020251221,PORT002,INS0014,2025-12-21,4118,11.5703,47646.5,1905.84,GBP,MOCK_FEED
POS00200120251222,PORT002,INS0005,2025-12-22,4296,37.6753,161853.09,4957.05,USD,MOCK_FEED
POS00200220251222,PORT002,INS0006,2025-12-22,1331,27.1943,36195.61,240.58,EUR,MOCK_FEED
POS00200320251222,PORT002,INS0007,2025-12-22,4176,57.9034,241804.6,9506.04,INR,MOCK_FEED
POS00200420251222,PORT002,INS0008,2025-12-22,2856,68.7958,196480.8,-3138.88,GBP,MOCK_FEED
POS00200520251222,PORT002,INS0009,2025-12-22,1435,31.5302,45245.84,-519.21,INR,MOCK_FEED
POS00200620251222,PORT002,INS0010,2025-12-22,4668,70.5585,329367.08,-7161.97,INR,MOCK_FEED
POS00200720251222,PORT002,INS0011,2025-12-22,2752,21.2103,58370.75,-1665.69,INR,MOCK_FEED
POS00200820251222,PORT002,INS0012,2025-12-22,966,9.6243,9297.07,-140.4,USD,MOCK_FEED
POS00200920251222,PORT002,INS0013,2025-12-22,2054,31.5782,64861.62,-1544.36,USD,MOCK_FEED
POS00201020251222,PORT002,INS0014,2025-12-22,505,11.5363,5825.83,-7.53,EUR,MOCK_FEED
POS00200120251223,PORT002,INS0005,2025-12-23,1833,38.5506,70663.25,1948.18,GBP,MOCK_FEED
POS00200220251223,PORT002,INS0006,2025-12-23,2989,27.2422,81426.94,1615.33,USD,MOCK_FEED
POS00200320251223,PORT002,INS0007,2025-12-23,234,57.9919,13570.1,-183.51,GBP,MOCK_FEED
POS00200420251223,PORT002,INS0008,2025-12-23,4509,67.2047,303025.99,8833.52,GBP,MOCK_FEED
POS00200520251223,PORT002,INS0009,2025-12-23,2233,31.2043,69679.2,936.97,EUR,MOCK_FEED
POS00200620251223,PORT002,INS0010,2025-12-23,1952,71.6264,139814.73,-3521.26,GBP,MOCK_FEED
POS00200720251223,PORT002,INS0011,2025-12-23,1175,21.2226,24936.56,-687.14,EUR,MOCK_FEED
POS00200820251223,PORT002,INS0012,2025-12-23,3486,9.6889,33775.51,485.36,GBP,MOCK_FEED
POS00200920251223,PORT002,INS0013,2025-12-23,3852,31.9774,123176.94,-2074.31,GBP,MOCK_FEED
POS00201020251223,PORT002,INS0014,2025-12-23,2738,11.5766,31696.73,-650.46,USD,MOCK_FEED
POS00200120251224,PORT002,INS0005,2025-12-24,4418,38.3478,169420.58,-480.58,INR,MOCK_FEED
POS00200220251224,PORT002,INS0006,2025-12-24,4378,27.5331,120539.91,3864.28,GBP,MOCK_FEED
POS00200320251224,PORT002,INS0007,2025-12-24,197,58.3421,11493.39,221.78,EUR,MOCK_FEED
POS00200420251224,PORT002,INS0008,2025-12-24,2730,66.8432,182481.94,-2853.15,USD,MOCK_FEED
POS00200520251224,PORT002,INS0009,2025-12-24,4188,30.5733,128040.98,-2552.0,EUR,MOCK_FEED
POS00200620251224,PORT002,INS0010,2025-12-24,4647,71.3592,331606.2,5330.37,USD,MOCK_FEED
POS00200720251224,PORT002,INS0011,2025-12-24,1838,21.6994,39883.5,396.45,INR,MOCK_FEED
POS00200820251224,PORT002,INS0012,2025-12-24,4293,9.6548,41448.06,314.48,GBP,MOCK_FEED
POS00200920251224,PORT002,INS0013,2025-12-24,4933,32.2368,159024.13,1999.68,USD,MOCK_FEED
POS00201020251224,PORT002,INS0014,2025-12-24,2659,11.5397,30684.06,313.43,EUR,MOCK_FEED
POS00200120251225,PORT002,INS0005,2025-12-25,4307,38.6942,166655.92,-3134.33,EUR,MOCK_FEED
POS00200220251225,PORT002,INS0006,2025-12-25,125,27.863,3482.88,71.66,USD,MOCK_FEED
POS00200320251225,PORT002,INS0007,2025-12-25,386,59.3563,22911.53,156.85,GBP,MOCK_FEED
POS00200420251225,PORT002,INS0008,2025-12-25,2999,67.5437,202563.56,-3080.29,GBP,MOCK_FEED
POS00200520251225,PORT002,INS0009,2025-12-25,962,30.3655,29211.61,242.36,GBP,MOCK_FEED
POS00200620251225,PORT002,INS0010,2025-12-25,344,71.1817,24486.5,79.61,INR,MOCK_FEED
POS00200720251225,PORT002,INS0011,2025-12-25,3649,22.0705,80535.25,-1726.99,USD,MOCK_FEED
POS00200820251225,PORT002,INS0012,2025-12-25,3542,9.5218,33726.22,-963.06,INR,MOCK_FEED
POS00200920251225,PORT002,INS0013,2025-12-25,853,32.2447,27504.73,287.55,USD,MOCK_FEED
POS00201020251225,PORT002,INS0014,2025-12-25,2391,11.5943,27721.97,218.81,INR,MOCK_FEED
POS00200120251226,PORT002,INS0005,2025-12-26,4708,38.5671,181573.91,-4586.06,INR,MOCK_FEED
POS00200220251226,PORT002,INS0006,2025-12-26,748,27.5383,20598.65,659.09,USD,MOCK_FEED
POS00200320251226,PORT002,INS0007,2025-12-26,757,60.0988,45494.79,55.98,EUR,MOCK_FEED
POS00200420251226,PORT002,INS0008,2025-12-26,3274,67.534,221106.32,-3164.74,EUR,MOCK_FEED
POS00200520251226,PORT002,INS0009,2025-12-26,1280,29.9703,38361.98,1399.79,EUR,MOCK_FEED
POS00200620251226,PORT002,INS0010,2025-12-26,581,71.1786,41354.77,1220.24,INR,MOCK_FEED
POS00200720251226,PORT002,INS0011,2025-12-26,505,22.142,11181.71,286.86,INR,MOCK_FEED
POS00200820251226,PORT002,INS0012,2025-12-26,2184,9.4479,20634.21,728.67,EUR,MOCK_FEED
POS00200920251226,PORT002,INS0013,2025-12-26,3185,31.7064,100984.88,2762.21,USD,MOCK_FEED
POS00201020251226,PORT002,INS0014,2025-12-26,3673,11.7031,42985.49,1441.83,EUR,MOCK_FEED
POS00200120251227,PORT002,INS0005,2025-12-27,3598,39.3728,141663.33,5324.98,USD,MOCK_FEED
POS00200220251227,PORT002,INS0006,2025-12-27,424,26.7961,11361.55,259.27,EUR,MOCK_FEED
POS00200320251227,PORT002,INS0007,2025-12-27,4996,61.217,305840.13,4509.04,INR,MOCK_FEED
POS00200420251227,PORT002,INS0008,2025-12-27,1574,67.5943,106393.43,2323.52,USD,MOCK_FEED
POS00200520251227,PORT002,INS0009,2025-12-27,4442,29.3563,130400.68,-2959.18,USD,MOCK_FEED
POS00200620251227,PORT002,INS0010,2025-12-27,3434,71.9207,246975.68,-5038.48,USD,MOCK_FEED
POS00200720251227,PORT002,INS0011,2025-12-27,2744,21.8531,59964.91,1187.37,EUR,MOCK_FEED
POS00200820251227,PORT002,INS0012,2025-12-27,458,9.5421,4370.28,39.74,USD,MOCK_FEED
POS00200920251227,PORT002,INS0013,2025-12-27,2028,32.1739,65248.67,1086.59,GBP,MOCK_FEED
POS00201020251227,PORT002,INS0014,2025-12-27,4128,11.7133,48352.5,-1110.34,INR,MOCK_FEED
POS00200120251228,PORT002,INS0005,2025-12-28,2470,39.0635,96486.85,1476.12,EUR,MOCK_FEED
POS00200220251228,PORT002,INS0006,2025-12-28,1097,26.5792,29157.38,840.69,GBP,MOCK_FEED
POS00200320251228,PORT002,INS0007,2025-12-28,4334,62.0542,268942.9,-5023.67,GBP,MOCK_FEED
POS00200420251228,PORT002,INS0008,2025-12-28,2560,67.2317,172113.15,5630.26,EUR,MOCK_FEED
POS00200520251228,PORT002,INS0009,2025-12-28,4046,29.6048,119781.02,-1195.64,EUR,MOCK_FEED
POS00200620251228,PORT002,INS0010,2025-12-28,3815,72.0577,274900.13,4114.83,EUR,MOCK_FEED
POS00200720251228,PORT002,INS0011,2025-12-28,4124,22.187,91499.19,-1743.89,EUR,MOCK_FEED
POS00200820251228,PORT002,INS0012,2025-12-28,3934,9.5073,37401.72,-530.93,EUR,MOCK_FEED
POS00200920251228,PORT002,INS0013,2025-12-28,2582,32.6717,84358.33,-1711.9,GBP,MOCK_FEED
POS00201020251228,PORT002,INS0014,2025-12-28,4833,11.8166,57109.63,-1678.66,GBP,MOCK_FEED
POS00200120251229,PORT002,INS0005,2025-12-29,1006,39.4869,39723.82,1260.37,EUR,MOCK_FEED
POS00200220251229,PORT002,INS0006,2025-12-29,1522,27.3986,41700.67,1519.98,INR,MOCK_FEED
POS00200320251229,PORT002,INS0007,2025-12-29,129,60.7502,7836.78,297.96,INR,MOCK_FEED
POS00200420251229,PORT002,INS0008,2025-12-29,1420,66.9958,95134.04,-2749.89,EUR,MOCK_FEED
POS00200520251229,PORT002,INS0009,2025-12-29,912,29.0787,26519.77,318.02,USD,MOCK_FEED
POS00200620251229,PORT002,INS0010,2025-12-29,416,72.1027,29994.72,675.64,GBP,MOCK_FEED
POS00200720251229,PORT002,INS0011,2025-12-29,636,22.1795,14106.16,-415.33,EUR,MOCK_FEED
POS00200820251229,PORT002,INS0012,2025-12-29,3925,9.5022,37296.14,-1034.04,INR,MOCK_FEED
POS00200920251229,PORT002,INS0013,2025-12-29,3773,32.7005,123378.99,-2606.34,USD,MOCK_FEED
POS00201020251229,PORT002,INS0014,2025-12-29,2933,11.8381,34721.15,1241.95,USD,MOCK_FEED
POS00200120251230,PORT002,INS0005,2025-12-30,695,39.4783,27437.42,214.57,USD,MOCK_FEED
POS00200220251230,PORT002,INS0006,2025-12-30,4381,27.5,120477.5,3038.53,GBP,MOCK_FEED
POS00200320251230,PORT002,INS0007,2025-12-30,2010,61.6251,123866.45,-541.79,INR,MOCK_FEED
POS00200420251230,PORT002,INS0008,2025-12-30,417,66.926,27908.14,-456.55,EUR,MOCK_FEED
POS00200520251230,PORT002,INS0009,2025-12-30,1920,29.325,56304.0,422.76,GBP,MOCK_FEED
POS00200620251230,PORT002,INS0010,2025-12-30,1350,72.478,97845.3,-1615.25,INR,MOCK_FEED
POS00200720251230,PORT002,INS0011,2025-12-30,2252,21.9913,49524.41,304.89,INR,MOCK_FEED
POS00200820251230,PORT002,INS0012,2025-12-30,3034,9.6788,29365.48,-363.04,GBP,MOCK_FEED
POS00200920251230,PORT002,INS0013,2025-12-30,3908,32.9896,128923.36,-2259.68,GBP,MOCK_FEED
POS00201020251230,PORT002,INS0014,2025-12-30,3769,11.821,44553.35,454.5,INR,MOCK_FEED
POS00200120251231,PORT002,INS0005,2025-12-31,3476,39.0444,135718.33,3434.07,USD,MOCK_FEED
POS00200220251231,PORT002,INS0006,2025-12-31,507,27.5483,13966.99,119.69,INR,MOCK_FEED
POS00200320251231,PORT002,INS0007,2025-12-31,4369,62.1165,271386.99,-4139.16,USD,MOCK_FEED
POS00200420251231,PORT002,INS0008,2025-12-31,2113,66.9535,141472.75,285.54,EUR,MOCK_FEED
POS00200520251231,PORT002,INS0009,2025-12-31,429,29.6588,12723.63,-314.82,EUR,MOCK_FEED
POS00200620251231,PORT002,INS0010,2025-12-31,919,72.7442,66851.92,-1436.88,EUR,MOCK_FEED
POS00200720251231,PORT002,INS0011,2025-12-31,3752,22.4929,84393.36,405.11,USD,MOCK_FEED
POS00200820251231,PORT002,INS0012,2025-12-31,3428,9.7439,33402.09,551.37,EUR,MOCK_FEED
POS00200920251231,PORT002,INS0013,2025-12-31,240,32.6979,7847.5,-235.37,USD,MOCK_FEED
POS00201020251231,PORT002,INS0014,2025-12-31,4696,11.7926,55378.05,-1598.92,USD,MOCK_FEED
POS00200120260101,PORT002,INS0005,2026-01-01,1233,38.2507,47163.11,1579.18,INR,MOCK_FEED
POS00200220260101,PORT002,INS0006,2026-01-01,3221,27.3003,87934.27,811.68,INR,MOCK_FEED
POS00200320260101,PORT002,INS0007,2026-01-01,1241,61.8773,76789.73,-1090.01,EUR,MOCK_FEED
POS00200420260101,PORT002,INS0008,2026-01-01,2033,65.4495,133058.83,2284.28,INR,MOCK_FEED
POS00200520260101,PORT002,INS0009,2026-01-01,3033,30.099,91290.27,-1493.86,EUR,MOCK_FEED
POS00200620260101,PORT002,INS0010,2026-01-01,3631,71.7574,260551.12,5402.45,INR,MOCK_FEED
POS00200720260101,PORT002,INS0011,2026-01-01,2903,22.4429,65151.74,-985.86,INR,MOCK_FEED
POS00200820260101,PORT002,INS0012,2026-01-01,3425,9.5639,32756.36,1038.61,GBP,MOCK_FEED
POS00200920260101,PORT002,INS0013,2026-01-01,1667,31.9477,53256.82,-1561.82,INR,MOCK_FEED
POS00201020260101,PORT002,INS0014,2026-01-01,3992,11.9513,47709.59,-1133.51,GBP,MOCK_FEED
POS00200120260102,PORT002,INS0005,2026-01-02,248,37.4591,9289.86,129.17,GBP,MOCK_FEED
POS00200220260102,PORT002,INS0006,2026-01-02,805,27.3868,22046.37,873.63,USD,MOCK_FEED
POS00200320260102,PORT002,INS0007,2026-01-02,3393,61.1012,207316.37,-795.55,INR,MOCK_FEED
POS00200420260102,PORT002,INS0008,2026-01-02,4244,65.6116,278455.63,-2700.73,USD,MOCK_FEED
POS00200520260102,PORT002,INS0009,2026-01-02,4563,30.1414,137535.21,-3067.41,INR,MOCK_FEED
POS00200620260102,PORT002,INS0010,2026-01-02,1363,71.5273,97491.71,2896.9,INR,MOCK_FEED
POS00200720260102,PORT002,INS0011,2026-01-02,325,22.6239,7352.77,101.66,INR,MOCK_FEED
POS00200820260102,PORT002,INS0012,2026-01-02,4443,9.3352,41476.29,988.15,GBP,MOCK_FEED
POS00200920260102,PORT002,INS0013,2026-01-02,1186,32.3278,38340.77,267.96,EUR,MOCK_FEED
POS00201020260102,PORT002,INS0014,2026-01-02,2089,11.9308,24923.44,308.16,EUR,MOCK_FEED
POS00200120260103,PORT002,INS0005,2026-01-03,2033,36.9488,75116.91,2653.05,EUR,MOCK_FEED
POS00200220260103,PORT002,INS0006,2026-01-03,483,26.9873,13034.87,426.08,GBP,MOCK_FEED
POS00200320260103,PORT002,INS0007,2026-01-03,1818,61.8644,112469.48,4098.85,USD,MOCK_FEED
POS00200420260103,PORT002,INS0008,2026-01-03,236,65.1646,15378.85,-5.1,GBP,MOCK_FEED
POS00200520260103,PORT002,INS0009,2026-01-03,1861,29.9838,55799.85,874.91,EUR,MOCK_FEED
POS00200620260103,PORT002,INS0010,2026-01-03,384,72.6183,27885.43,-108.79,GBP,MOCK_FEED
POS00200720260103,PORT002,INS0011,2026-01-03,3906,22.9937,89813.39,1255.38,GBP,MOCK_FEED
POS00200820260103,PORT002,INS0012,2026-01-03,2680,9.3286,25000.65,252.67,EUR,MOCK_FEED
POS00200920260103,PORT002,INS0013,2026-01-03,333,32.0431,10670.35,348.17,EUR,MOCK_FEED
POS00201020260103,PORT002,INS0014,2026-01-03,717,12.0858,8665.52,259.39,EUR,MOCK_FEED
POS00200120260104,PORT002,INS0005,2026-01-04,4484,36.7834,164936.77,-2715.78,USD,MOCK_FEED
POS00200220260104,PORT002,INS0006,2026-01-04,2482,27.4293,68079.52,2366.77,INR,MOCK_FEED
POS00200320260104,PORT002,INS0007,2026-01-04,4709,61.7938,290987.0,9166.88,INR,MOCK_FEED
POS00200420260104,PORT002,INS0008,2026-01-04,1891,64.6128,122182.8,1439.0,USD,MOCK_FEED
POS00200520260104,PORT002,INS0009,2026-01-04,4711,29.5026,138986.75,-1232.36,USD,MOCK_FEED
POS00200620260104,PORT002,INS0010,2026-01-04,805,72.5148,58374.41,-26.21,INR,MOCK_FEED
POS00200720260104,PORT002,INS0011,2026-01-04,3086,23.1937,71575.76,921.09,USD,MOCK_FEED
POS00200820260104,PORT002,INS0012,2026-01-04,2753,9.2241,25393.95,301.5,USD,MOCK_FEED
POS00200920260104,PORT002,INS0013,2026-01-04,871,32.099,27958.23,-462.76,EUR,MOCK_FEED
POS00201020260104,PORT002,INS0014,2026-01-04,952,11.8465,11277.87,323.94,USD,MOCK_FEED
POS00200120260105,PORT002,INS0005,2026-01-05,3790,36.291,137542.89,1034.7,USD,MOCK_FEED
POS00200220260105,PORT002,INS0006,2026-01-05,3825,28.0655,107350.54,-1802.29,INR,MOCK_FEED
POS00200320260105,PORT002,INS0007,2026-01-05,3104,61.5717,191118.56,6357.59,USD,MOCK_FEED
POS00200420260105,PORT002,INS0008,2026-01-05,2508,63.9611,160414.44,-1558.57,INR,MOCK_FEED
POS00200520260105,PORT002,INS0009,2026-01-05,3796,29.4497,111791.06,-3188.05,EUR,MOCK_FEED
POS00200620260105,PORT002,INS0010,2026-01-05,2437,71.3259,173821.22,5668.17,GBP,MOCK_FEED
POS00200720260105,PORT002,INS0011,2026-01-05,825,23.0374,19005.85,-463.17,GBP,MOCK_FEED
POS00200820260105,PORT002,INS0012,2026-01-05,3654,9.5024,34721.77,963.84,EUR,MOCK_FEED
POS00200920260105,PORT002,INS0013,2026-01-05,1560,31.339,48888.84,-41.3,INR,MOCK_FEED
POS00201020260105,PORT002,INS0014,2026-01-05,4589,11.9515,54845.43,-236.66,GBP,MOCK_FEED
POS00200120260106,PORT002,INS0005,2026-01-06,3055,36.4799,111446.09,1818.44,GBP,MOCK_FEED
POS00200220260106,PORT002,INS0006,2026-01-06,890,27.9823,24904.25,-342.08,USD,MOCK_FEED
POS00200320260106,PORT002,INS0007,2026-01-06,4302,62.2106,267630.0,1724.37,GBP,MOCK_FEED
POS00200420260106,PORT002,INS0008,2026-01-06,519,64.3024,33372.95,660.52,INR,MOCK_FEED
POS00200520260106,PORT002,INS0009,2026-01-06,2993,29.7127,88930.11,-1019.14,GBP,MOCK_FEED
POS00200620260106,PORT002,INS0010,2026-01-06,3385,72.2343,244513.11,2999.3,USD,MOCK_FEED
POS00200720260106,PORT002,INS0011,2026-01-06,4267,23.2577,99240.61,-2395.16,INR,MOCK_FEED
POS00200820260106,PORT002,INS0012,2026-01-06,699,9.4836,6629.04,204.67,INR,MOCK_FEED
POS00200920260106,PORT002,INS0013,2026-01-06,411,31.7048,13030.67,144.56,EUR,MOCK_FEED
POS00201020260106,PORT002,INS0014,2026-01-06,2840,11.681,33174.04,-410.18,USD,MOCK_FEED
POS00200120260107,PORT002,INS0005,2026-01-07,2362,36.5758,86392.04,-2231.76,EUR,MOCK_FEED
POS00200220260107,PORT002,INS0006,2026-01-07,315,28.1769,8875.72,-141.47,USD,MOCK_FEED
POS00200320260107,PORT002,INS0007,2026-01-07,4899,62.3028,305221.42,11270.23,USD,MOCK_FEED
POS00200420260107,PORT002,INS0008,2026-01-07,2311,62.398,144201.78,-2231.83,INR,MOCK_FEED
POS00200520260107,PORT002,INS0009,2026-01-07,417,30.4722,12706.91,-323.24,EUR,MOCK_FEED
POS00200620260107,PORT002,INS0010,2026-01-07,1147,72.7902,83490.36,-1430.38,INR,MOCK_FEED
POS00200720260107,PORT002,INS0011,2026-01-07,195,23.3155,4546.52,78.88,EUR,MOCK_FEED
POS00200820260107,PORT002,INS0012,2026-01-07,2446,9.4987,23233.82,-452.47,INR,MOCK_FEED
POS00200920260107,PORT002,INS0013,2026-01-07,312,31.4991,9827.72,-168.5,USD,MOCK_FEED
POS00201020260107,PORT002,INS0014,2026-01-07,4941,11.7104,57861.09,-1655.96,EUR,MOCK_FEED
POS00200120260108,PORT002,INS0005,2026-01-08,2444,36.3239,88775.61,754.84,USD,MOCK_FEED
POS00200220260108,PORT002,INS0006,2026-01-08,2174,27.4706,59721.08,2357.73,GBP,MOCK_FEED
POS00200320260108,PORT002,INS0007,2026-01-08,667,62.0964,41418.3,-711.37,USD,MOCK_FEED
POS00200420260108,PORT002,INS0008,2026-01-08,568,63.1354,35860.91,-788.97,EUR,MOCK_FEED
POS00200520260108,PORT002,INS0009,2026-01-08,4048,30.647,124059.06,-2400.85,EUR,MOCK_FEED
POS00200620260108,PORT002,INS0010,2026-01-08,1053,71.7156,75516.53,533.61,GBP,MOCK_FEED
POS00200720260108,PORT002,INS0011,2026-01-08,891,22.9822,20477.14,-455.08,USD,MOCK_FEED
POS00200820260108,PORT002,INS0012,2026-01-08,2443,9.3821,22920.47,345.19,INR,MOCK_FEED
POS00200920260108,PORT002,INS0013,2026-01-08,1746,31.6205,55209.39,1858.84,INR,MOCK_FEED
POS00201020260108,PORT002,INS0014,2026-01-08,204,11.6841,2383.56,-7.15,EUR,MOCK_FEED
POS00200120260109,PORT002,INS0005,2026-01-09,3675,36.1603,132889.1,2592.29,EUR,MOCK_FEED
POS00200220260109,PORT002,INS0006,2026-01-09,1395,27.4775,38331.11,1035.05,USD,MOCK_FEED
POS00200320260109,PORT002,INS0007,2026-01-09,342,62.5248,21383.48,-443.44,USD,MOCK_FEED
POS00200420260109,PORT002,INS0008,2026-01-09,1598,62.9049,100522.03,2192.72,GBP,MOCK_FEED
POS00200520260109,PORT002,INS0009,2026-01-09,2305,29.8926,68902.44,1363.47,INR,MOCK_FEED
POS00200620260109,PORT002,INS0010,2026-01-09,1058,72.6966,76913.0,-2141.79,GBP,MOCK_FEED
POS00200720260109,PORT002,INS0011,2026-01-09,4387,23.087,101282.67,-510.91,EUR,MOCK_FEED
POS00200820260109,PORT002,INS0012,2026-01-09,138,9.3371,1288.52,-16.61,INR,MOCK_FEED
POS00200920260109,PORT002,INS0013,2026-01-09,1189,32.2447,38338.95,-419.44,GBP,MOCK_FEED
POS00201020260109,PORT002,INS0014,2026-01-09,4908,11.595,56908.26,-1607.3,GBP,MOCK_FEED
POS00200120260110,PORT002,INS0005,2026-01-10,4301,35.7299,153674.3,1053.46,INR,MOCK_FEED
POS00200220260110,PORT002,INS0006,2026-01-10,1168,27.6734,32322.53,-635.2,EUR,MOCK_FEED
POS00200320260110,PORT002,INS0007,2026-01-10,3842,62.9526,241863.89,-6381.04,EUR,MOCK_FEED
POS00200420260110,PORT002,INS0008,2026-01-10,467,61.9314,28921.96,-468.04,GBP,MOCK_FEED
POS00200520260110,PORT002,INS0009,2026-01-10,876,30.178,26435.93,129.36,INR,MOCK_FEED
POS00200620260110,PORT002,INS0010,2026-01-10,4509,72.4366,326616.63,6864.33,USD,MOCK_FEED
POS00200720260110,PORT002,INS0011,2026-01-10,283,23.4706,6642.18,41.74,INR,MOCK_FEED
POS00200820260110,PORT002,INS0012,2026-01-10,4343,9.2966,40375.13,1292.4,EUR,MOCK_FEED
POS00200920260110,PORT002,INS0013,2026-01-10,1773,32.4357,57508.5,-1629.72,GBP,MOCK_FEED
POS00201020260110,PORT002,INS0014,2026-01-10,1612,11.6462,18773.67,235.01,INR,MOCK_FEED
POS00200120260111,PORT002,INS0005,2026-01-11,1246,35.5665,44315.86,-1129.64,EUR,MOCK_FEED
POS00200220260111,PORT002,INS0006,2026-01-11,3334,28.0085,93380.34,-1244.06,INR,MOCK_FEED
POS00200320260111,PORT002,INS0007,2026-01-11,1098,62.1648,68256.95,1948.26,EUR,MOCK_FEED
POS00200420260111,PORT002,INS0008,2026-01-11,2809,61.2807,172137.49,-3967.68,GBP,MOCK_FEED
POS00200520260111,PORT002,INS0009,2026-01-11,4488,30.6001,137333.25,4165.81,EUR,MOCK_FEED
POS00200620260111,PORT002,INS0010,2026-01-11,3540,71.9117,254567.42,5085.02,USD,MOCK_FEED
POS00200720260111,PORT002,INS0011,2026-01-11,1582,23.367,36966.59,721.87,GBP,MOCK_FEED
POS00200820260111,PORT002,INS0012,2026-01-11,4641,9.1572,42498.57,763.45,EUR,MOCK_FEED
POS00200920260111,PORT002,INS0013,2026-01-11,4475,32.9371,147393.52,3531.41,INR,MOCK_FEED
POS00201020260111,PORT002,INS0014,2026-01-11,1062,11.4902,12202.59,300.86,USD,MOCK_FEED
POS00200120260112,PORT002,INS0005,2026-01-12,2958,35.5208,105070.53,-2196.77,INR,MOCK_FEED
POS00200220260112,PORT002,INS0006,2026-01-12,895,28.431,25445.75,131.43,GBP,MOCK_FEED
POS00200320260112,PORT002,INS0007,2026-01-12,625,61.711,38569.38,690.59,GBP,MOCK_FEED
POS00200420260112,PORT002,INS0008,2026-01-12,2470,61.1105,150942.93,-3734.25,GBP,MOCK_FEED
POS00200520260112,PORT002,INS0009,2026-01-12,1825,30.6837,55997.75,-1366.42,USD,MOCK_FEED
POS00200620260112,PORT002,INS0010,2026-01-12,1724,73.2572,126295.41,-3713.01,EUR,MOCK_FEED
POS00200720260112,PORT002,INS0011,2026-01-12,1356,23.0716,31285.09,492.48,EUR,MOCK_FEED
POS00200820260112,PORT002,INS0012,2026-01-12,4549,9.1397,41576.5,-1062.18,INR,MOCK_FEED
POS00200920260112,PORT002,INS0013,2026-01-12,1869,32.8846,61461.32,-782.95,EUR,MOCK_FEED
POS00201020260112,PORT002,INS0014,2026-01-12,3875,11.2764,43696.05,270.64,EUR,MOCK_FEED
POS00200120260113,PORT002,INS0005,2026-01-13,4011,35.7239,143288.56,-898.92,GBP,MOCK_FEED
POS00200220260113,PORT002,INS0006,2026-01-13,1325,27.9484,37031.63,-743.4,EUR,MOCK_FEED
POS00200320260113,PORT002,INS0007,2026-01-13,2719,61.1602,166294.58,4041.29,USD,MOCK_FEED
POS00200420260113,PORT002,INS0008,2026-01-13,3286,60.8353,199904.8,7791.63,INR,MOCK_FEED
POS00200520260113,PORT002,INS0009,2026-01-13,2902,31.0672,90157.01,317.31,INR,MOCK_FEED
POS00200620260113,PORT002,INS0010,2026-01-13,2907,74.2273,215778.76,-4253.38,EUR,MOCK_FEED
POS00200720260113,PORT002,INS0011,2026-01-13,1485,23.4398,34808.1,360.45,USD,MOCK_FEED
POS00200820260113,PORT002,INS0012,2026-01-13,2382,9.0805,21629.75,-484.54,EUR,MOCK_FEED
POS00200920260113,PORT002,INS0013,2026-01-13,4190,32.3482,135538.96,-3554.41,EUR,MOCK_FEED
POS00201020260113,PORT002,INS0014,2026-01-13,3737,10.9932,41081.59,1125.78,EUR,MOCK_FEED
POS00200120260114,PORT002,INS0005,2026-01-14,2269,35.611,80801.36,-828.32,USD,MOCK_FEED
POS00200220260114,PORT002,INS0006,2026-01-14,4640,27.9651,129758.06,4046.84,EUR,MOCK_FEED
POS00200320260114,PORT002,INS0007,2026-01-14,1241,60.8977,75574.05,-1372.58,EUR,MOCK_FEED
POS00200420260114,PORT002,INS0008,2026-01-14,3320,61.0249,202602.67,-1853.6,INR,MOCK_FEED
POS00200520260114,PORT002,INS0009,2026-01-14,2751,31.1326,85645.78,-1495.64,INR,MOCK_FEED
POS00200620260114,PORT002,INS0010,2026-01-14,3256,76.0072,247479.44,7013.88,GBP,MOCK_FEED
POS00200720260114,PORT002,INS0011,2026-01-14,2765,23.0927,63851.32,-1374.5,EUR,MOCK_FEED
POS00200820260114,PORT002,INS0012,2026-01-14,4465,9.1164,40704.73,1430.71,USD,MOCK_FEED
POS00200920260114,PORT002,INS0013,2026-01-14,2011,31.7203,63789.52,1372.82,EUR,MOCK_FEED
POS00201020260114,PORT002,INS0014,2026-01-14,2594,10.8651,28184.07,1087.56,GBP,MOCK_FEED
POS00200120260115,PORT002,INS0005,2026-01-15,2775,35.7091,99092.75,-1885.88,GBP,MOCK_FEED
POS00200220260115,PORT002,INS0006,2026-01-15,3331,28.1844,93882.24,773.22,EUR,MOCK_FEED
POS00200320260115,PORT002,INS0007,2026-01-15,1464,60.9683,89257.59,-151.19,INR,MOCK_FEED
POS00200420260115,PORT002,INS0008,2026-01-15,719,60.6202,43585.92,-50.42,EUR,MOCK_FEED
POS00200520260115,PORT002,INS0009,2026-01-15,945,31.2421,29523.78,-861.61,GBP,MOCK_FEED
POS00200620260115,PORT002,INS0010,2026-01-15,896,75.2102,67388.34,174.05,USD,MOCK_FEED
POS00200720260115,PORT002,INS0011,2026-01-15,597,22.9879,13723.78,483.85,EUR,MOCK_FEED
POS00200820260115,PORT002,INS0012,2026-01-15,1611,9.1046,14667.51,-371.7,INR,MOCK_FEED
POS00200920260115,PORT002,INS0013,2026-01-15,3032,31.8091,96445.19,-444.04,USD,MOCK_FEED
POS00201020260115,PORT002,INS0014,2026-01-15,1106,10.8276,11975.33,164.34,EUR,MOCK_FEED
POS00200120260116,PORT002,INS0005,2026-01-16,4389,36.0327,158147.52,-2465.78,USD,MOCK_FEED
POS00200220260116,PORT002,INS0006,2026-01-16,3181,28.4379,90460.96,-1366.84,USD,MOCK_FEED
POS00200320260116,PORT002,INS0007,2026-01-16,4500,60.7826,273521.7,1332.21,EUR,MOCK_FEED
POS00200420260116,PORT002,INS0008,2026-01-16,2335,61.7516,144189.99,643.56,EUR,MOCK_FEED
POS00200520260116,PORT002,INS0009,2026-01-16,2085,31.4725,65620.16,2048.39,USD,MOCK_FEED
POS00200620260116,PORT002,INS0010,2026-01-16,3541,74.9,265220.9,6575.22,EUR,MOCK_FEED
POS00200720260116,PORT002,INS0011,2026-01-16,4536,22.5979,102504.07,523.54,INR,MOCK_FEED
POS00200820260116,PORT002,INS0012,2026-01-16,233,9.1008,2120.49,-5.53,EUR,MOCK_FEED
POS00200920260116,PORT002,INS0013,2026-01-16,4945,31.5068,155801.13,-1069.68,INR,MOCK_FEED
POS00201020260116,PORT002,INS0014,2026-01-16,3741,10.991,41117.33,905.67,INR,MOCK_FEED
POS00200120260117,PORT002,INS0005,2026-01-17,3836,36.7754,141070.43,-1732.67,USD,MOCK_FEED
POS00200220260117,PORT002,INS0006,2026-01-17,2465,28.8458,71104.9,-1954.56,GBP,MOCK_FEED
POS00200320260117,PORT002,INS0007,2026-01-17,4878,60.2112,293710.23,-5144.84,USD,MOCK_FEED
POS00200420260117,PORT002,INS0008,2026-01-17,3020,61.898,186931.96,1187.36,INR,MOCK_FEED
POS00200520260117,PORT002,INS0009,2026-01-17,4324,31.9446,138128.45,1342.02,USD,MOCK_FEED
POS00200620260117,PORT002,INS0010,2026-01-17,1764,75.6627,133469.0,-993.42,EUR,MOCK_FEED
POS00200720260117,PORT002,INS0011,2026-01-17,813,22.9459,18655.02,-484.37,EUR,MOCK_FEED
POS00200820260117,PORT002,INS0012,2026-01-17,2306,9.0864,20953.24,165.23,INR,MOCK_FEED
POS00200920260117,PORT002,INS0013,2026-01-17,3095,31.5994,97800.14,-29.92,INR,MOCK_FEED
POS00201020260117,PORT002,INS0014,2026-01-17,4114,10.8524,44646.77,-340.22,GBP,MOCK_FEED
POS00200120260118,PORT002,INS0005,2026-01-18,4565,37.318,170356.67,-1129.94,INR,MOCK_FEED
POS00200220260118,PORT002,INS0006,2026-01-18,3030,29.0434,88001.5,3301.31,USD,MOCK_FEED
POS00200320260118,PORT002,INS0007,2026-01-18,1022,59.4587,60766.79,-47.68,GBP,MOCK_FEED
POS00200420260118,PORT002,INS0008,2026-01-18,4000,62.2173,248869.2,4612.92,EUR,MOCK_FEED
POS00200520260118,PORT002,INS0009,2026-01-18,3958,31.6664,125335.61,-549.65,EUR,MOCK_FEED
POS00200620260118,PORT002,INS0010,2026-01-18,1083,77.0615,83457.6,1793.12,INR,MOCK_FEED
POS00200720260118,PORT002,INS0011,2026-01-18,903,22.892,20671.48,-140.14,USD,MOCK_FEED
POS00200820260118,PORT002,INS0012,2026-01-18,1581,9.2074,14556.9,-392.73,INR,MOCK_FEED
POS00200920260118,PORT002,INS0013,2026-01-18,2971,31.9694,94981.09,-2776.88,EUR,MOCK_FEED
POS00201020260118,PORT002,INS0014,2026-01-18,4066,10.9691,44600.36,1385.17,USD,MOCK_FEED
POS00200120260119,PORT002,INS0005,2026-01-19,4776,37.3763,178509.21,-3423.56,EUR,MOCK_FEED
POS00200220260119,PORT002,INS0006,2026-01-19,990,29.0347,28744.35,32.19,USD,MOCK_FEED
POS00200320260119,PORT002,INS0007,2026-01-19,621,59.6645,37051.65,1109.11,EUR,MOCK_FEED
POS00200420260119,PORT002,INS0008,2026-01-19,623,62.7295,39080.48,-897.43,USD,MOCK_FEED
POS00200520260119,PORT002,INS0009,2026-01-19,3506,31.7341,111259.75,3573.28,EUR,MOCK_FEED
POS00200620260119,PORT002,INS0010,2026-01-19,1475,76.2676,112494.71,4031.09,GBP,MOCK_FEED
POS00200720260119,PORT002,INS0011,2026-01-19,3255,22.6877,73848.46,396.32,EUR,MOCK_FEED
POS00200820260119,PORT002,INS0012,2026-01-19,2168,9.1755,19892.48,-594.8,GBP,MOCK_FEED
POS00200920260119,PORT002,INS0013,2026-01-19,1140,32.6868,37262.95,860.26,INR,MOCK_FEED
POS00201020260119,PORT002,INS0014,2026-01-19,4764,11.2175,53440.17,864.75,INR,MOCK_FEED
POS00200120260120,PORT002,INS0005,2026-01-20,2943,37.222,109544.35,-2737.51,GBP,MOCK_FEED
POS00200220260120,PORT002,INS0006,2026-01-20,2493,28.6487,71421.21,-550.34,USD,MOCK_FEED
POS00200320260120,PORT002,INS0007,2026-01-20,584,58.8287,34355.96,36.41,GBP,MOCK_FEED
POS00200420260120,PORT002,INS0008,2026-01-20,1565,62.5844,97944.59,1728.68,USD,MOCK_FEED
POS00200520260120,PORT002,INS0009,2026-01-20,2970,31.3328,93058.42,2775.21,INR,MOCK_FEED
POS00200620260120,PORT002,INS0010,2026-01-20,980,75.588,74076.24,773.39,GBP,MOCK_FEED
POS00200720260120,PORT002,INS0011,2026-01-20,3338,22.9492,76604.43,2874.79,USD,MOCK_FEED
POS00200820260120,PORT002,INS0012,2026-01-20,1281,9.2559,11856.81,-158.96,INR,MOCK_FEED
POS00200920260120,PORT002,INS0013,2026-01-20,1167,32.7057,38167.55,1185.68,INR,MOCK_FEED
POS00201020260120,PORT002,INS0014,2026-01-20,2893,11.2362,32506.33,1240.32,GBP,MOCK_FEED
POS00200120260121,PORT002,INS0005,2026-01-21,716,36.7626,26322.02,745.19,USD,MOCK_FEED
POS00200220260121,PORT002,INS0006,2026-01-21,3596,28.5881,102802.81,1455.76,EUR,MOCK_FEED
POS00200320260121,PORT002,INS0007,2026-01-21,4224,58.5714,247405.59,8622.63,EUR,MOCK_FEED
POS00200420260121,PORT002,INS0008,2026-01-21,395,63.4586,25066.15,18.56,EUR,MOCK_FEED
POS00200520260121,PORT002,INS0009,2026-01-21,3537,31.472,111316.46,-588.38,INR,MOCK_FEED
POS00200620260121,PORT002,INS0010,2026-01-21,2637,75.4151,198869.62,-5015.68,INR,MOCK_FEED
POS00200720260121,PORT002,INS0011,2026-01-21,3123,22.5086,70294.36,-1437.14,USD,MOCK_FEED
POS00200820260121,PORT002,INS0012,2026-01-21,4842,9.4202,45612.61,376.5,USD,MOCK_FEED
POS00200920260121,PORT002,INS0013,2026-01-21,1467,32.7154,47993.49,-636.48,INR,MOCK_FEED
POS00201020260121,PORT002,INS0014,2026-01-21,1700,11.1441,18944.97,-471.82,GBP,MOCK_FEED
POS00200120260122,PORT002,INS0005,2026-01-22,4804,36.9563,177538.07,-3667.85,GBP,MOCK_FEED
POS00200220260122,PORT002,INS0006,2026-01-22,810,28.894,23404.14,567.25,GBP,MOCK_FEED
POS00200320260122,PORT002,INS0007,2026-01-22,4575,58.2198,266355.59,3725.04,EUR,MOCK_FEED
POS00200420260122,PORT002,INS0008,2026-01-22,2698,62.4492,168487.94,2469.87,INR,MOCK_FEED
POS00200520260122,PORT002,INS0009,2026-01-22,560,32.1098,17981.49,673.08,USD,MOCK_FEED
POS00200620260122,PORT002,INS0010,2026-01-22,1539,74.6789,114930.83,-2901.66,GBP,MOCK_FEED
POS00200720260122,PORT002,INS0011,2026-01-22,723,22.6288,16360.62,22.53,EUR,MOCK_FEED
POS00200820260122,PORT002,INS0012,2026-01-22,1653,9.4116,15557.37,-408.81,GBP,MOCK_FEED
POS00200920260122,PORT002,INS0013,2026-01-22,4285,32.059,137372.82,-3237.82,GBP,MOCK_FEED
POS00201020260122,PORT002,INS0014,2026-01-22,2116,11.198,23694.97,-158.26,EUR,MOCK_FEED
POS00200120260123,PORT002,INS0005,2026-01-23,3926,36.6658,143949.93,-1039.36,INR,MOCK_FEED
POS00200220260123,PORT002,INS0006,2026-01-23,990,28.6555,28368.94,503.26,EUR,MOCK_FEED
POS00200320260123,PORT002,INS0007,2026-01-23,1356,58.5102,79339.83,-480.26,INR,MOCK_FEED
POS00200420260123,PORT002,INS0008,2026-01-23,1629,62.6614,102075.42,3486.48,GBP,MOCK_FEED
POS00200520260123,PORT002,INS0009,2026-01-23,3009,31.8658,95884.19,-1131.33,USD,MOCK_FEED
POS00200620260123,PORT002,INS0010,2026-01-23,2158,74.1372,159988.08,2057.27,GBP,MOCK_FEED
POS00200720260123,PORT002,INS0011,2026-01-23,1199,22.0073,26386.75,679.96,USD,MOCK_FEED
POS00200820260123,PORT002,INS0012,2026-01-23,4049,9.3375,37807.54,228.82,USD,MOCK_FEED
POS00200920260123,PORT002,INS0013,2026-01-23,2979,31.4933,93818.54,3251.51,USD,MOCK_FEED
POS00201020260123,PORT002,INS0014,2026-01-23,896,11.2262,10058.68,-201.69,GBP,MOCK_FEED
POS00200120260124,PORT002,INS0005,2026-01-24,2401,36.4652,87552.95,-1792.88,INR,MOCK_FEED
POS00200220260124,PORT002,INS0006,2026-01-24,2564,28.6713,73513.21,-1453.87,EUR,MOCK_FEED
POS00200320260124,PORT002,INS0007,2026-01-24,2867,57.8989,165996.15,2676.25,GBP,MOCK_FEED
POS00200420260124,PORT002,INS0008,2026-01-24,1251,61.8277,77346.45,-2213.27,INR,MOCK_FEED
POS00200520260124,PORT002,INS0009,2026-01-24,931,31.926,29723.11,-304.21,USD,MOCK_FEED
POS00200620260124,PORT002,INS0010,2026-01-24,1185,73.8415,87502.18,-2385.72,GBP,MOCK_FEED
POS00200720260124,PORT002,INS0011,2026-01-24,3384,21.8667,73996.91,2959.46,EUR,MOCK_FEED
POS00200820260124,PORT002,INS0012,2026-01-24,4562,9.2978,42416.56,1265.83,GBP,MOCK_FEED
POS00200920260124,PORT002,INS0013,2026-01-24,2594,31.1644,80840.45,-2245.5,USD,MOCK_FEED
POS00201020260124,PORT002,INS0014,2026-01-24,1691,11.1414,18840.11,608.56,GBP,MOCK_FEED
POS00200120260125,PORT002,INS0005,2026-01-25,553,36.6166,20248.98,524.53,EUR,MOCK_FEED
POS00200220260125,PORT002,INS0006,2026-01-25,4615,28.2639,130437.9,71.4,GBP,MOCK_FEED
POS00200320260125,PORT002,INS0007,2026-01-25,2452,57.3445,140608.71,-1136.68,USD,MOCK_FEED
POS00200420260125,PORT002,INS0008,2026-01-25,1706,61.3285,104626.42,862.95,USD,MOCK_FEED
POS00200520260125,PORT002,INS0009,2026-01-25,3961,31.7024,125573.21,4979.42,EUR,MOCK_FEED
POS00200620260125,PORT002,INS0010,2026-01-25,399,74.2663,29632.25,257.75,INR,MOCK_FEED
POS00200720260125,PORT002,INS0011,2026-01-25,4887,21.709,106091.88,-431.66,EUR,MOCK_FEED
POS00200820260125,PORT002,INS0012,2026-01-25,3049,9.2992,28353.26,-121.24,USD,MOCK_FEED
POS00200920260125,PORT002,INS0013,2026-01-25,3095,31.191,96536.14,-1112.88,GBP,MOCK_FEED
POS00201020260125,PORT002,INS0014,2026-01-25,1097,10.9733,12037.71,117.65,INR,MOCK_FEED
POS00200120260126,PORT002,INS0005,2026-01-26,1368,36.4676,49887.68,604.12,EUR,MOCK_FEED
POS00200220260126,PORT002,INS0006,2026-01-26,2585,27.8761,72059.72,2275.34,INR,MOCK_FEED
POS00200320260126,PORT002,INS0007,2026-01-26,2610,57.726,150664.86,-2048.24,INR,MOCK_FEED
POS00200420260126,PORT002,INS0008,2026-01-26,1161,60.8412,70636.63,742.01,EUR,MOCK_FEED
POS00200520260126,PORT002,INS0009,2026-01-26,3202,32.3712,103652.58,3817.96,USD,MOCK_FEED
POS00200620260126,PORT002,INS0010,2026-01-26,661,73.2649,48428.1,1230.2,INR,MOCK_FEED
POS00200720260126,PORT002,INS0011,2026-01-26,3845,22.1272,85079.08,-1526.3,INR,MOCK_FEED
POS00200820260126,PORT002,INS0012,2026-01-26,2513,9.2292,23192.98,813.0,GBP,MOCK_FEED
POS00200920260126,PORT002,INS0013,2026-01-26,3543,31.1481,110357.72,-1967.7,GBP,MOCK_FEED
POS00201020260126,PORT002,INS0014,2026-01-26,1238,10.9212,13520.45,-256.48,EUR,MOCK_FEED
POS00200120260127,PORT002,INS0005,2026-01-27,4355,35.9555,156586.2,-4129.9,INR,MOCK_FEED
POS00200220260127,PORT002,INS0006,2026-01-27,4652,27.8794,129694.97,1374.82,INR,MOCK_FEED
POS00200320260127,PORT002,INS0007,2026-01-27,1872,57.8688,108330.39,-2605.28,GBP,MOCK_FEED
POS00200420260127,PORT002,INS0008,2026-01-27,4552,60.1509,273806.9,-8047.88,INR,MOCK_FEED
POS00200520260127,PORT002,INS0009,2026-01-27,2710,33.1242,89766.58,-895.18,INR,MOCK_FEED
POS00200620260127,PORT002,INS0010,2026-01-27,2804,74.2829,208289.25,6111.16,GBP,MOCK_FEED
POS00200720260127,PORT002,INS0011,2026-01-27,1263,22.0437,27841.19,-808.99,GBP,MOCK_FEED
POS00200820260127,PORT002,INS0012,2026-01-27,4789,9.162,43876.82,1212.54,USD,MOCK_FEED
POS00200920260127,PORT002,INS0013,2026-01-27,4740,31.2857,148294.22,-736.19,GBP,MOCK_FEED
POS00201020260127,PORT002,INS0014,2026-01-27,1314,11.0615,14534.81,324.5,GBP,MOCK_FEED
POS00200120260128,PORT002,INS0005,2026-01-28,3156,35.6451,112495.94,2237.29,GBP,MOCK_FEED
POS00200220260128,PORT002,INS0006,2026-01-28,621,28.8607,17922.49,50.67,USD,MOCK_FEED
POS00200320260128,PORT002,INS0007,2026-01-28,1724,58.4499,100767.63,1849.46,USD,MOCK_FEED
POS00200420260128,PORT002,INS0008,2026-01-28,2080,60.1617,125136.34,4902.67,GBP,MOCK_FEED
POS00200520260128,PORT002,INS0009,2026-01-28,4852,33.2528,161342.59,3736.2,INR,MOCK_FEED
POS00200620260128,PORT002,INS0010,2026-01-28,195,73.7323,14377.8,94.44,INR,MOCK_FEED
POS00200720260128,PORT002,INS0011,2026-01-28,536,21.2273,11377.83,-161.35,EUR,MOCK_FEED
POS00200820260128,PORT002,INS0012,2026-01-28,4521,9.1873,41535.78,283.46,USD,MOCK_FEED
POS00200920260128,PORT002,INS0013,2026-01-28,1583,31.5854,49999.69,1957.37,EUR,MOCK_FEED
POS00201020260128,PORT002,INS0014,2026-01-28,1335,11.2152,14972.29,-303.28,EUR,MOCK_FEED
POS00200120260129,PORT002,INS0005,2026-01-29,3903,35.6546,139159.9,3031.71,USD,MOCK_FEED
POS00200220260129,PORT002,INS0006,2026-01-29,3132,29.3714,91991.22,1062.16,GBP,MOCK_FEED
POS00200320260129,PORT002,INS0007,2026-01-29,3596,57.9259,208301.54,-4101.02,GBP,MOCK_FEED
POS00200420260129,PORT002,INS0008,2026-01-29,4503,60.0416,270367.32,8677.15,GBP,MOCK_FEED
POS00200520260129,PORT002,INS0009,2026-01-29,3213,33.5819,107898.64,-996.51,USD,MOCK_FEED
POS00200620260129,PORT002,INS0010,2026-01-29,638,74.0767,47260.93,479.36,INR,MOCK_FEED
POS00200720260129,PORT002,INS0011,2026-01-29,2110,21.3457,45039.43,1532.64,EUR,MOCK_FEED
POS00200820260129,PORT002,INS0012,2026-01-29,4421,9.016,39859.74,-1018.24,GBP,MOCK_FEED
POS00200920260129,PORT002,INS0013,2026-01-29,4645,31.9903,148594.94,4243.12,GBP,MOCK_FEED
POS00201020260129,PORT002,INS0014,2026-01-29,3635,11.2262,40807.24,130.18,EUR,MOCK_FEED
POS00200120260130,PORT002,INS0005,2026-01-30,232,36.1063,8376.66,116.33,INR,MOCK_FEED
POS00200220260130,PORT002,INS0006,2026-01-30,3974,29.0951,115623.93,-2502.61,USD,MOCK_FEED
POS00200320260130,PORT002,INS0007,2026-01-30,4280,58.018,248317.04,8948.31,GBP,MOCK_FEED
POS00200420260130,PORT002,INS0008,2026-01-30,2994,59.9347,179444.49,5003.4,EUR,MOCK_FEED
POS00200520260130,PORT002,INS0009,2026-01-30,3649,33.1187,120850.14,-2663.25,GBP,MOCK_FEED
POS00200620260130,PORT002,INS0010,2026-01-30,499,72.8072,36330.79,417.07,EUR,MOCK_FEED
POS00200720260130,PORT002,INS0011,2026-01-30,4513,21.2307,95814.15,3192.44,EUR,MOCK_FEED
POS00200820260130,PORT002,INS0012,2026-01-30,4149,9.2291,38291.54,1207.36,EUR,MOCK_FEED
POS00200920260130,PORT002,INS0013,2026-01-30,2443,32.2719,78840.25,746.61,INR,MOCK_FEED
POS00201020260130,PORT002,INS0014,2026-01-30,3772,11.2159,42306.37,837.49,GBP,MOCK_FEED
POS00200120260131,PORT002,INS0005,2026-01-31,1586,35.858,56870.79,-865.97,INR,MOCK_FEED
POS00200220260131,PORT002,INS0006,2026-01-31,775,28.8871,22387.5,-606.14,EUR,MOCK_FEED
POS00200320260131,PORT002,INS0007,2026-01-31,4668,58.0983,271202.86,-2040.11,GBP,MOCK_FEED
POS00200420260131,PORT002,INS0008,2026-01-31,286,60.0281,17168.04,494.47,EUR,MOCK_FEED
POS00200520260131,PORT002,INS0009,2026-01-31,256,33.4215,8555.9,24.11,EUR,MOCK_FEED
POS00200620260131,PORT002,INS0010,2026-01-31,3593,74.1747,266509.7,211.26,INR,MOCK_FEED
POS00200720260131,PORT002,INS0011,2026-01-31,4409,21.1828,93394.97,-470.24,USD,MOCK_FEED
POS00200820260131,PORT002,INS0012,2026-01-31,178,9.2012,1637.81,-16.74,GBP,MOCK_FEED
POS00200920260131,PORT002,INS0013,2026-01-31,4771,31.6417,150962.55,6012.06,USD,MOCK_FEED
POS00201020260131,PORT002,INS0014,2026-01-31,2228,11.2223,25003.28,630.46,INR,MOCK_FEED
POS00200120260201,PORT002,INS0005,2026-02-01,4225,35.5905,150369.86,868.42,GBP,MOCK_FEED
POS00200220260201,PORT002,INS0006,2026-02-01,4626,28.6875,132708.38,-440.54,EUR,MOCK_FEED
POS00200320260201,PORT002,INS0007,2026-02-01,4905,57.3765,281431.73,5531.78,GBP,MOCK_FEED
POS00200420260201,PORT002,INS0008,2026-02-01,2012,60.6677,122063.41,2584.24,USD,MOCK_FEED
POS00200520260201,PORT002,INS0009,2026-02-01,2287,32.8907,75221.03,-1608.55,USD,MOCK_FEED
POS00200620260201,PORT002,INS0010,2026-02-01,2474,73.8028,182588.13,2305.62,INR,MOCK_FEED
POS00200720260201,PORT002,INS0011,2026-02-01,1257,21.3288,26810.3,1053.99,GBP,MOCK_FEED
POS00200820260201,PORT002,INS0012,2026-02-01,994,9.462,9405.23,122.31,USD,MOCK_FEED
POS00200920260201,PORT002,INS0013,2026-02-01,1122,32.2119,36141.75,1419.34,GBP,MOCK_FEED
POS00201020260201,PORT002,INS0014,2026-02-01,3593,11.1265,39977.51,350.55,INR,MOCK_FEED
POS00200120260202,PORT002,INS0005,2026-02-02,4744,35.9485,170539.68,4800.42,GBP,MOCK_FEED
POS00200220260202,PORT002,INS0006,2026-02-02,4334,28.9124,125306.34,-300.53,USD,MOCK_FEED
POS00200320260202,PORT002,INS0007,2026-02-02,1400,56.0827,78515.78,-1244.59,GBP,MOCK_FEED
POS00200420260202,PORT002,INS0008,2026-02-02,1993,60.9491,121471.56,-822.03,USD,MOCK_FEED
POS00200520260202,PORT002,INS0009,2026-02-02,4072,32.6008,132750.46,488.37,INR,MOCK_FEED
POS00200620260202,PORT002,INS0010,2026-02-02,3897,74.705,291125.39,10831.71,USD,MOCK_FEED
POS00200720260202,PORT002,INS0011,2026-02-02,3425,21.3308,73057.99,2902.55,INR,MOCK_FEED
POS00200820260202,PORT002,INS0012,2026-02-02,530,9.585,5080.05,-121.55,INR,MOCK_FEED
POS00200920260202,PORT002,INS0013,2026-02-02,4410,31.7073,139829.19,-3077.76,EUR,MOCK_FEED
POS00201020260202,PORT002,INS0014,2026-02-02,2480,10.9772,27223.46,633.2,GBP,MOCK_FEED
POS00200120260203,PORT002,INS0005,2026-02-03,763,35.8535,27356.22,578.2,INR,MOCK_FEED
POS00200220260203,PORT002,INS0006,2026-02-03,2650,29.0526,76989.39,-137.06,EUR,MOCK_FEED
POS00200320260203,PORT002,INS0007,2026-02-03,3818,55.3671,211391.59,6606.28,INR,MOCK_FEED
POS00200420260203,PORT002,INS0008,2026-02-03,4604,60.5084,278580.67,7141.82,EUR,MOCK_FEED
POS00200520260203,PORT002,INS0009,2026-02-03,4782,32.2116,154035.87,4827.1,INR,MOCK_FEED
POS00200620260203,PORT002,INS0010,2026-02-03,4420,73.7341,325904.72,-6892.89,USD,MOCK_FEED
POS00200720260203,PORT002,INS0011,2026-02-03,1094,21.1488,23136.79,203.64,EUR,MOCK_FEED
POS00200820260203,PORT002,INS0012,2026-02-03,2603,9.5716,24914.87,254.27,USD,MOCK_FEED
POS00200920260203,PORT002,INS0013,2026-02-03,4193,31.3114,131288.7,2209.92,GBP,MOCK_FEED
POS00201020260203,PORT002,INS0014,2026-02-03,936,11.0108,10306.11,208.84,INR,MOCK_FEED
POS00200120260204,PORT002,INS0005,2026-02-04,3674,35.7805,131457.56,393.87,USD,MOCK_FEED
POS00200220260204,PORT002,INS0006,2026-02-04,2136,29.6524,63337.53,-148.87,EUR,MOCK_FEED
POS00200320260204,PORT002,INS0007,2026-02-04,4505,56.5169,254608.63,4086.26,INR,MOCK_FEED
POS00200420260204,PORT002,INS0008,2026-02-04,4030,60.4165,243478.49,-2826.58,INR,MOCK_FEED
POS00200520260204,PORT002,INS0009,2026-02-04,4114,32.0532,131866.86,2491.55,INR,MOCK_FEED
POS00200620260204,PORT002,INS0010,2026-02-04,4423,74.3208,328720.9,6826.73,EUR,MOCK_FEED
POS00200720260204,PORT002,INS0011,2026-02-04,1545,21.2987,32906.49,467.16,EUR,MOCK_FEED
POS00200820260204,PORT002,INS0012,2026-02-04,2884,9.4861,27357.91,-521.31,USD,MOCK_FEED
POS00200920260204,PORT002,INS0013,2026-02-04,141,31.7744,4480.19,11.67,GBP,MOCK_FEED
POS00201020260204,PORT002,INS0014,2026-02-04,4303,10.8724,46783.94,-680.61,GBP,MOCK_FEED
POS00200120260205,PORT002,INS0005,2026-02-05,253,36.339,9193.77,339.67,INR,MOCK_FEED
POS00200220260205,PORT002,INS0006,2026-02-05,3679,30.0809,110667.63,-3147.83,GBP,MOCK_FEED
POS00200320260205,PORT002,INS0007,2026-02-05,334,57.0549,19056.34,722.52,EUR,MOCK_FEED
POS00200420260205,PORT002,INS0008,2026-02-05,3647,60.4851,220589.16,-73.18,GBP,MOCK_FEED
POS00200520260205,PORT002,INS0009,2026-02-05,129,31.6866,4087.57,87.58,INR,MOCK_FEED
POS00200620260205,PORT002,INS0010,2026-02-05,4234,74.7512,316496.58,-4048.76,GBP,MOCK_FEED
POS00200720260205,PORT002,INS0011,2026-02-05,4009,21.5797,86513.02,981.38,GBP,MOCK_FEED
POS00200820260205,PORT002,INS0012,2026-02-05,3417,9.6469,32963.46,-601.05,INR,MOCK_FEED
POS00200920260205,PORT002,INS0013,2026-02-05,3735,31.5103,117690.97,1118.74,USD,MOCK_FEED
POS00201020260205,PORT002,INS0014,2026-02-05,3706,10.912,40439.87,876.14,USD,MOCK_FEED
POS00200120260206,PORT002,INS0005,2026-02-06,4937,36.914,182244.42,3686.1,GBP,MOCK_FEED
POS00200220260206,PORT002,INS0006,2026-02-06,2397,29.6147,70986.44,712.19,EUR,MOCK_FEED
POS00200320260206,PORT002,INS0007,2026-02-06,450,58.0661,26129.74,-264.9,GBP,MOCK_FEED
POS00200420260206,PORT002,INS0008,2026-02-06,1649,60.4636,99704.48,-335.94,GBP,MOCK_FEED
POS00200520260206,PORT002,INS0009,2026-02-06,1633,31.8979,52089.27,1026.91,GBP,MOCK_FEED
POS00200620260206,PORT002,INS0010,2026-02-06,4066,75.2683,306040.91,7809.14,INR,MOCK_FEED
POS00200720260206,PORT002,INS0011,2026-02-06,4189,21.7672,91182.8,2528.98,INR,MOCK_FEED
POS00200820260206,PORT002,INS0012,2026-02-06,4209,9.7191,40907.69,-377.97,EUR,MOCK_FEED
POS00200920260206,PORT002,INS0013,2026-02-06,4516,31.768,143464.29,3278.74,USD,MOCK_FEED
POS00201020260206,PORT002,INS0014,2026-02-06,830,10.9519,9090.08,12.76,GBP,MOCK_FEED
POS00200120260207,PORT002,INS0005,2026-02-07,2739,37.4088,102462.7,-1157.46,USD,MOCK_FEED
POS00200220260207,PORT002,INS0006,2026-02-07,3705,29.4699,109185.98,2020.78,GBP,MOCK_FEED
POS00200320260207,PORT002,INS0007,2026-02-07,2658,57.1847,151996.93,-3299.94,USD,MOCK_FEED
POS00200420260207,PORT002,INS0008,2026-02-07,2241,60.6985,136025.34,-1090.26,USD,MOCK_FEED
POS00200520260207,PORT002,INS0009,2026-02-07,883,32.6143,28798.43,979.24,EUR,MOCK_FEED
POS00200620260207,PORT002,INS0010,2026-02-07,4511,75.7932,341903.13,12728.7,USD,MOCK_FEED
POS00200720260207,PORT002,INS0011,2026-02-07,2443,21.6526,52897.3,2049.39,GBP,MOCK_FEED
POS00200820260207,PORT002,INS0012,2026-02-07,2729,9.9061,27033.75,-584.58,INR,MOCK_FEED
POS00200920260207,PORT002,INS0013,2026-02-07,3946,31.54,124456.84,-703.14,EUR,MOCK_FEED
POS00201020260207,PORT002,INS0014,2026-02-07,2781,11.0616,30762.31,-409.96,GBP,MOCK_FEED
POS00200120260208,PORT002,INS0005,2026-02-08,2180,38.3727,83652.49,457.33,EUR,MOCK_FEED
POS00200220260208,PORT002,INS0006,2026-02-08,3519,29.6005,104164.16,3275.88,GBP,MOCK_FEED
POS00200320260208,PORT002,INS0007,2026-02-08,1371,57.2569,78499.21,-1153.37,GBP,MOCK_FEED
POS00200420260208,PORT002,INS0008,2026-02-08,4564,60.1848,274683.43,170.69,INR,MOCK_FEED
POS00200520260208,PORT002,INS0009,2026-02-08,259,32.6693,8461.35,37.64,EUR,MOCK_FEED
POS00200620260208,PORT002,INS0010,2026-02-08,3873,77.1928,298967.71,-5541.03,INR,MOCK_FEED
POS00200720260208,PORT002,INS0011,2026-02-08,200,21.643,4328.6,73.61,USD,MOCK_FEED
POS00200820260208,PORT002,INS0012,2026-02-08,4139,9.924,41075.44,1298.48,INR,MOCK_FEED
POS00200920260208,PORT002,INS0013,2026-02-08,1341,31.8006,42644.6,1242.58,EUR,MOCK_FEED
POS00201020260208,PORT002,INS0014,2026-02-08,1073,11.0003,11803.32,-2.22,EUR,MOCK_FEED
POS00200120260209,PORT002,INS0005,2026-02-09,3949,38.428,151752.17,-70.25,INR,MOCK_FEED
POS00200220260209,PORT002,INS0006,2026-02-09,718,29.6058,21256.96,676.4,EUR,MOCK_FEED
POS00200320260209,PORT002,INS0007,2026-02-09,1059,57.4965,60888.79,1468.48,USD,MOCK_FEED
POS00200420260209,PORT002,INS0008,2026-02-09,1069,61.0509,65263.41,2318.3,USD,MOCK_FEED
POS00200520260209,PORT002,INS0009,2026-02-09,1012,32.1692,32555.23,44.62,EUR,MOCK_FEED
POS00200620260209,PORT002,INS0010,2026-02-09,3898,77.0013,300151.07,9622.06,GBP,MOCK_FEED
POS00200720260209,PORT002,INS0011,2026-02-09,1964,21.5416,42307.7,1557.33,GBP,MOCK_FEED
POS00200820260209,PORT002,INS0012,2026-02-09,3761,10.0434,37773.23,951.69,USD,MOCK_FEED
POS00200920260209,PORT002,INS0013,2026-02-09,1811,31.3801,56829.36,2087.5,EUR,MOCK_FEED
POS00201020260209,PORT002,INS0014,2026-02-09,2763,10.998,30387.47,1087.29,USD,MOCK_FEED
POS00200120260210,PORT002,INS0005,2026-02-10,1133,38.5315,43656.19,-321.09,USD,MOCK_FEED
POS00200220260210,PORT002,INS0006,2026-02-10,3468,29.9762,103957.46,3291.81,EUR,MOCK_FEED
POS00200320260210,PORT002,INS0007,2026-02-10,954,58.0783,55406.7,540.03,GBP,MOCK_FEED
POS00200420260210,PORT002,INS0008,2026-02-10,1974,60.7077,119837.0,2785.07,GBP,MOCK_FEED
POS00200520260210,PORT002,INS0009,2026-02-10,4738,32.434,153672.29,4516.37,EUR,MOCK_FEED
POS00200620260210,PORT002,INS0010,2026-02-10,2953,77.7824,229691.43,2720.46,EUR,MOCK_FEED
POS00200720260210,PORT002,INS0011,2026-02-10,1507,21.3672,32200.37,250.98,GBP,MOCK_FEED
POS00200820260210,PORT002,INS0012,2026-02-10,1381,10.0185,13835.55,-345.13,EUR,MOCK_FEED
POS00200920260210,PORT002,INS0013,2026-02-10,3071,30.7224,94348.49,-2601.53,INR,MOCK_FEED
POS00201020260210,PORT002,INS0014,2026-02-10,1381,10.8961,15047.51,71.9,GBP,MOCK_FEED
POS00200120260211,PORT002,INS0005,2026-02-11,4999,38.6924,193423.31,7229.84,GBP,MOCK_FEED
POS00200220260211,PORT002,INS0006,2026-02-11,1037,30.2848,31405.34,1210.67,GBP,MOCK_FEED
POS00200320260211,PORT002,INS0007,2026-02-11,2283,58.5433,133654.35,-1595.17,INR,MOCK_FEED
POS00200420260211,PORT002,INS0008,2026-02-11,1319,61.285,80834.91,1963.01,INR,MOCK_FEED
POS00200520260211,PORT002,INS0009,2026-02-11,2967,33.1088,98233.81,-993.68,USD,MOCK_FEED
POS00200620260211,PORT002,INS0010,2026-02-11,3960,76.9672,304790.11,-6840.38,EUR,MOCK_FEED
POS00200720260211,PORT002,INS0011,2026-02-11,317,21.6947,6877.22,-179.41,USD,MOCK_FEED
POS00200820260211,PORT002,INS0012,2026-02-11,3196,10.0789,32212.16,1069.45,INR,MOCK_FEED
POS00200920260211,PORT002,INS0013,2026-02-11,4599,30.7278,141317.15,2673.46,USD,MOCK_FEED
POS00201020260211,PORT002,INS0014,2026-02-11,1332,11.0404,14705.81,-396.24,INR,MOCK_FEED
POS00200120260212,PORT002,INS0005,2026-02-12,1674,39.4737,66078.97,1011.78,INR,MOCK_FEED
POS00200220260212,PORT002,INS0006,2026-02-12,970,30.0238,29123.09,321.48,INR,MOCK_FEED
POS00200320260212,PORT002,INS0007,2026-02-12,2624,57.8638,151834.61,1849.88,EUR,MOCK_FEED
POS00200420260212,PORT002,INS0008,2026-02-12,4453,60.459,269223.93,1074.63,USD,MOCK_FEED
POS00200520260212,PORT002,INS0009,2026-02-12,2842,32.8827,93452.63,-4.15,USD,MOCK_FEED
POS00200620260212,PORT002,INS0010,2026-02-12,1950,78.691,153447.45,1656.62,INR,MOCK_FEED
POS00200720260212,PORT002,INS0011,2026-02-12,2581,22.0775,56982.03,-20.96,GBP,MOCK_FEED
POS00200820260212,PORT002,INS0012,2026-02-12,3471,10.1264,35148.73,-444.28,GBP,MOCK_FEED
POS00200920260212,PORT002,INS0013,2026-02-12,699,30.2856,21169.63,-7.49,GBP,MOCK_FEED
POS00201020260212,PORT002,INS0014,2026-02-12,3422,10.9421,37443.87,99.67,GBP,MOCK_FEED
POS00200120260213,PORT002,INS0005,2026-02-13,3985,40.0173,159468.94,-4539.62,USD,MOCK_FEED
POS00200220260213,PORT002,INS0006,2026-02-13,4101,30.0417,123201.01,1309.91,INR,MOCK_FEED
POS00200320260213,PORT002,INS0007,2026-02-13,2242,57.1394,128106.53,3706.75,USD,MOCK_FEED
POS00200420260213,PORT002,INS0008,2026-02-13,4845,59.6286,288900.57,7313.09,GBP,MOCK_FEED
POS00200520260213,PORT002,INS0009,2026-02-13,4561,32.4443,147978.45,-2767.14,EUR,MOCK_FEED
POS00200620260213,PORT002,INS0010,2026-02-13,906,78.4058,71035.65,-1191.87,EUR,MOCK_FEED
POS00200720260213,PORT002,INS0011,2026-02-13,4602,21.5552,99197.03,-720.9,USD,MOCK_FEED
POS00200820260213,PORT002,INS0012,2026-02-13,2467,10.1388,25012.42,-397.84,EUR,MOCK_FEED
POS00200920260213,PORT002,INS0013,2026-02-13,245,30.3456,7434.67,128.02,EUR,MOCK_FEED
POS00201020260213,PORT002,INS0014,2026-02-13,1806,11.0308,19921.62,147.87,INR,MOCK_FEED
POS00200120260214,PORT002,INS0005,2026-02-14,3541,40.1132,142040.84,-2918.04,EUR,MOCK_FEED
POS00200220260214,PORT002,INS0006,2026-02-14,4880,30.2558,147648.3,3834.71,EUR,MOCK_FEED
POS00200320260214,PORT002,INS0007,2026-02-14,4912,58.0279,285033.04,4737.33,GBP,MOCK_FEED
POS00200420260214,PORT002,INS0008,2026-02-14,1053,59.9199,63095.65,1637.04,INR,MOCK_FEED
POS00200520260214,PORT002,INS0009,2026-02-14,1284,32.6214,41885.88,1262.06,EUR,MOCK_FEED
POS00200620260214,PORT002,INS0010,2026-02-14,4917,77.8149,382615.86,-2950.21,GBP,MOCK_FEED
POS00200720260214,PORT002,INS0011,2026-02-14,2291,21.6512,49602.9,1086.67,USD,MOCK_FEED
POS00200820260214,PORT002,INS0012,2026-02-14,4338,10.1721,44126.57,1269.41,GBP,MOCK_FEED
POS00200920260214,PORT002,INS0013,2026-02-14,254,30.1565,7659.75,177.7,USD,MOCK_FEED
POS00201020260214,PORT002,INS0014,2026-02-14,1600,11.2768,18042.88,425.74,INR,MOCK_FEED
POS00200120260215,PORT002,INS0005,2026-02-15,3490,40.3458,140806.84,-3262.97,INR,MOCK_FEED
POS00200220260215,PORT002,INS0006,2026-02-15,978,30.0309,29370.22,-443.81,EUR,MOCK_FEED
POS00200320260215,PORT002,INS0007,2026-02-15,3720,56.835,211426.2,-376.7,USD,MOCK_FEED
POS00200420260215,PORT002,INS0008,2026-02-15,4372,60.4763,264402.38,3377.75,EUR,MOCK_FEED
POS00200520260215,PORT002,INS0009,2026-02-15,1455,32.7894,47708.58,942.44,GBP,MOCK_FEED
POS00200620260215,PORT002,INS0010,2026-02-15,3812,78.209,298132.71,-7794.58,INR,MOCK_FEED
POS00200720260215,PORT002,INS0011,2026-02-15,4056,21.6819,87941.79,2344.17,USD,MOCK_FEED
POS00200820260215,PORT002,INS0012,2026-02-15,2118,9.9793,21136.16,-138.57,EUR,MOCK_FEED
POS00200920260215,PORT002,INS0013,2026-02-15,1459,30.028,43810.85,576.15,EUR,MOCK_FEED
POS00201020260215,PORT002,INS0014,2026-02-15,2611,11.2725,29432.5,485.68,INR,MOCK_FEED
POS00200120260216,PORT002,INS0005,2026-02-16,1502,40.2166,60405.33,2343.69,EUR,MOCK_FEED
POS00200220260216,PORT002,INS0006,2026-02-16,4530,30.2811,137173.38,-3613.9,GBP,MOCK_FEED
POS00200320260216,PORT002,INS0007,2026-02-16,917,56.1345,51475.34,-178.49,EUR,MOCK_FEED
POS00200420260216,PORT002,INS0008,2026-02-16,1659,59.4059,98554.39,3395.83,USD,MOCK_FEED
POS00200520260216,PORT002,INS0009,2026-02-16,2103,32.8431,69069.04,1054.38,GBP,MOCK_FEED
POS00200620260216,PORT002,INS0010,2026-02-16,4852,78.9467,383049.39,8612.53,EUR,MOCK_FEED
POS00200720260216,PORT002,INS0011,2026-02-16,4502,21.9705,98911.19,-811.52,GBP,MOCK_FEED
POS00200820260216,PORT002,INS0012,2026-02-16,1012,10.2123,10334.85,76.58,USD,MOCK_FEED
POS00200920260216,PORT002,INS0013,2026-02-16,2311,30.842,71275.86,-883.55,GBP,MOCK_FEED
POS00201020260216,PORT002,INS0014,2026-02-16,131,11.091,1452.92,44.64,USD,MOCK_FEED
POS00200120260217,PORT002,INS0005,2026-02-17,911,40.6184,37003.36,766.9,INR,MOCK_FEED
POS00200220260217,PORT002,INS0006,2026-02-17,1733,30.5606,52961.52,494.94,EUR,MOCK_FEED
POS00200320260217,PORT002,INS0007,2026-02-17,3345,56.9236,190409.44,-2267.83,INR,MOCK_FEED
POS00200420260217,PORT002,INS0008,2026-02-17,1546,59.8302,92497.49,3607.52,EUR,MOCK_FEED
POS00200520260217,PORT002,INS0009,2026-02-17,4680,32.5718,152436.02,101.78,GBP,MOCK_FEED
POS00200620260217,PORT002,INS0010,2026-02-17,303,78.8222,23883.13,-513.02,INR,MOCK_FEED
POS00200720260217,PORT002,INS0011,2026-02-17,967,21.9977,21271.78,-13.69,EUR,MOCK_FEED
POS00200820260217,PORT002,INS0012,2026-02-17,2348,10.1512,23835.02,-484.53,USD,MOCK_FEED
POS00200920260217,PORT002,INS0013,2026-02-17,1793,30.9441,55482.77,-1073.35,GBP,MOCK_FEED
POS00201020260217,PORT002,INS0014,2026-02-17,302,11.2085,3384.97,-58.13,EUR,MOCK_FEED
POS00200120260218,PORT002,INS0005,2026-02-18,610,40.1895,24515.6,611.27,EUR,MOCK_FEED
POS00200220260218,PORT002,INS0006,2026-02-18,4426,30.717,135953.44,4879.31,GBP,MOCK_FEED
POS00200320260218,PORT002,INS0007,2026-02-18,3612,57.1744,206513.93,6006.7,INR,MOCK_FEED
POS00200420260218,PORT002,INS0008,2026-02-18,4205,60.675,255138.38,-6554.73,EUR,MOCK_FEED
POS00200520260218,PORT002,INS0009,2026-02-18,2766,32.5158,89938.7,1138.23,INR,MOCK_FEED
POS00200620260218,PORT002,INS0010,2026-02-18,1337,79.8831,106803.7,-2246.74,EUR,MOCK_FEED
POS00200720260218,PORT002,INS0011,2026-02-18,1961,22.2934,43717.36,1623.04,USD,MOCK_FEED
POS00200820260218,PORT002,INS0012,2026-02-18,4934,10.1207,49935.53,1407.93,GBP,MOCK_FEED
POS00200920260218,PORT002,INS0013,2026-02-18,1978,31.7805,62861.83,339.97,EUR,MOCK_FEED
POS00201020260218,PORT002,INS0014,2026-02-18,139,11.292,1569.59,-23.91,EUR,MOCK_FEED
POS00200120260219,PORT002,INS0005,2026-02-19,2618,39.1921,102604.92,2839.3,INR,MOCK_FEED
POS00200220260219,PORT002,INS0006,2026-02-19,2592,31.409,81412.13,2243.49,INR,MOCK_FEED
POS00200320260219,PORT002,INS0007,2026-02-19,2640,57.0252,150546.53,3911.79,INR,MOCK_FEED
POS00200420260219,PORT002,INS0008,2026-02-19,917,59.9995,55019.54,-1523.19,USD,MOCK_FEED
POS00200520260219,PORT002,INS0009,2026-02-19,794,31.65,25130.1,-224.94,GBP,MOCK_FEED
POS00200620260219,PORT002,INS0010,2026-02-19,628,80.5752,50601.23,-1323.73,USD,MOCK_FEED
POS00200720260219,PORT002,INS0011,2026-02-19,1598,22.0729,35272.49,-281.63,USD,MOCK_FEED
POS00200820260219,PORT002,INS0012,2026-02-19,813,10.0387,8161.46,-218.05,INR,MOCK_FEED
POS00200920260219,PORT002,INS0013,2026-02-19,1097,32.2846,35416.21,1278.75,EUR,MOCK_FEED
POS00201020260219,PORT002,INS0014,2026-02-19,2381,11.4823,27339.36,275.9,USD,MOCK_FEED
POS00200120260220,PORT002,INS0005,2026-02-20,4643,39.0705,181404.33,-2564.34,EUR,MOCK_FEED
POS00200220260220,PORT002,INS0006,2026-02-20,2122,31.1155,66027.09,1331.76,USD,MOCK_FEED
POS00200320260220,PORT002,INS0007,2026-02-20,3006,56.9466,171181.48,-2144.23,USD,MOCK_FEED
POS00200420260220,PORT002,INS0008,2026-02-20,636,58.7031,37335.17,1015.03,USD,MOCK_FEED
POS00200520260220,PORT002,INS0009,2026-02-20,4738,31.4838,149170.24,-4298.0,INR,MOCK_FEED
POS00200620260220,PORT002,INS0010,2026-02-20,3263,81.1626,264833.56,4394.5,GBP,MOCK_FEED
POS00200720260220,PORT002,INS0011,2026-02-20,1491,21.9119,32670.64,-793.3,INR,MOCK_FEED
POS00200820260220,PORT002,INS0012,2026-02-20,3987,10.0366,40015.92,635.19,GBP,MOCK_FEED
POS00200920260220,PORT002,INS0013,2026-02-20,1197,32.356,38730.13,-125.66,GBP,MOCK_FEED
POS00201020260220,PORT002,INS0014,2026-02-20,3454,11.3842,39321.03,-428.38,USD,MOCK_FEED
POS00200120260221,PORT002,INS0005,2026-02-21,4589,39.3599,180622.58,6437.78,INR,MOCK_FEED
POS00200220260221,PORT002,INS0006,2026-02-21,2668,30.9809,82657.04,1492.29,GBP,MOCK_FEED
POS00200320260221,PORT002,INS0007,2026-02-21,3957,56.1268,222093.75,1355.77,USD,MOCK_FEED
POS00200420260221,PORT002,INS0008,2026-02-21,433,59.0109,25551.72,-479.63,GBP,MOCK_FEED
POS00200520260221,PORT002,INS0009,2026-02-21,4992,31.3478,156488.22,5672.88,GBP,MOCK_FEED
POS00200620260221,PORT002,INS0010,2026-02-21,4900,80.4942,394421.58,-10840.42,GBP,MOCK_FEED
POS00200720260221,PORT002,INS0011,2026-02-21,3088,21.7741,67238.42,1032.15,GBP,MOCK_FEED
POS00200820260221,PORT002,INS0012,2026-02-21,943,10.1726,9592.76,337.59,GBP,MOCK_FEED
POS00200920260221,PORT002,INS0013,2026-02-21,1204,32.2282,38802.75,-919.73,EUR,MOCK_FEED
POS00201020260221,PORT002,INS0014,2026-02-21,4025,11.257,45309.42,808.17,USD,MOCK_FEED
POS00200120260222,PORT002,INS0005,2026-02-22,2910,39.7644,115714.4,-291.54,USD,MOCK_FEED
POS00200220260222,PORT002,INS0006,2026-02-22,4748,31.1883,148082.05,-4097.26,USD,MOCK_FEED
POS00200320260222,PORT002,INS0007,2026-02-22,991,56.674,56163.93,1500.05,GBP,MOCK_FEED
POS00200420260222,PORT002,INS0008,2026-02-22,1723,58.3688,100569.44,1978.11,INR,MOCK_FEED
POS00200520260222,PORT002,INS0009,2026-02-22,2725,31.9481,87058.57,2308.19,INR,MOCK_FEED
POS00200620260222,PORT002,INS0010,2026-02-22,2770,80.019,221652.63,-1659.99,INR,MOCK_FEED
POS00200720260222,PORT002,INS0011,2026-02-22,861,21.3689,18398.62,663.61,INR,MOCK_FEED
POS00200820260222,PORT002,INS0012,2026-02-22,4706,10.2103,48049.67,732.8,USD,MOCK_FEED
POS00200920260222,PORT002,INS0013,2026-02-22,2370,32.0364,75926.27,514.44,INR,MOCK_FEED
POS00201020260222,PORT002,INS0014,2026-02-22,816,11.171,9115.54,-22.13,USD,MOCK_FEED
POS00200120260223,PORT002,INS0005,2026-02-23,3182,39.2563,124913.55,4874.3,GBP,MOCK_FEED
POS00200220260223,PORT002,INS0006,2026-02-23,1181,31.4107,37096.04,-1018.55,GBP,MOCK_FEED
POS00200320260223,PORT002,INS0007,2026-02-23,2311,55.4789,128211.74,291.06,EUR,MOCK_FEED
POS00200420260223,PORT002,INS0008,2026-02-23,511,57.4321,29347.8,-711.78,USD,MOCK_FEED
POS00200520260223,PORT002,INS0009,2026-02-23,1440,32.0759,46189.3,505.33,GBP,MOCK_FEED
POS00200620260223,PORT002,INS0010,2026-02-23,1560,78.2567,122080.45,2904.87,EUR,MOCK_FEED
POS00200720260223,PORT002,INS0011,2026-02-23,1959,21.491,42100.87,-293.05,EUR,MOCK_FEED
POS00200820260223,PORT002,INS0012,2026-02-23,2294,10.2768,23574.98,491.1,USD,MOCK_FEED
POS00200920260223,PORT002,INS0013,2026-02-23,668,31.9431,21337.99,-38.63,EUR,MOCK_FEED
POS00201020260223,PORT002,INS0014,2026-02-23,4539,11.0029,49942.16,921.48,USD,MOCK_FEED
POS00200120260224,PORT002,INS0005,2026-02-24,1765,40.5508,71572.16,149.59,INR,MOCK_FEED
POS00200220260224,PORT002,INS0006,2026-02-24,3365,31.4128,105704.07,-435.23,USD,MOCK_FEED
POS00200320260224,PORT002,INS0007,2026-02-24,3438,55.38,190396.44,5205.45,EUR,MOCK_FEED
POS00200420260224,PORT002,INS0008,2026-02-24,717,56.3836,40427.04,-515.42,GBP,MOCK_FEED
POS00200520260224,PORT002,INS0009,2026-02-24,2300,31.9594,73506.62,497.19,INR,MOCK_FEED
POS00200620260224,PORT002,INS0010,2026-02-24,2855,78.7558,224847.81,5821.5,GBP,MOCK_FEED
POS00200720260224,PORT002,INS0011,2026-02-24,1854,21.4986,39858.4,-375.15,GBP,MOCK_FEED
POS00200820260224,PORT002,INS0012,2026-02-24,3910,10.3983,40657.35,-711.23,EUR,MOCK_FEED
POS00200920260224,PORT002,INS0013,2026-02-24,3796,31.1108,118096.6,-2127.26,GBP,MOCK_FEED
POS00201020260224,PORT002,INS0014,2026-02-24,4611,10.6862,49274.07,1285.8,GBP,MOCK_FEED
POS00200120260225,PORT002,INS0005,2026-02-25,1336,40.1985,53705.2,-1167.41,EUR,MOCK_FEED
POS00200220260225,PORT002,INS0006,2026-02-25,3176,31.687,100637.91,417.42,GBP,MOCK_FEED
POS00200320260225,PORT002,INS0007,2026-02-25,3693,55.7439,205862.22,4995.64,USD,MOCK_FEED
POS00200420260225,PORT002,INS0008,2026-02-25,715,56.1514,40148.25,-654.1,GBP,MOCK_FEED
POS00200520260225,PORT002,INS0009,2026-02-25,4518,31.721,143315.48,-1291.1,GBP,MOCK_FEED
POS00200620260225,PORT002,INS0010,2026-02-25,1833,79.2972,145351.77,4736.25,USD,MOCK_FEED
POS00200720260225,PORT002,INS0011,2026-02-25,1376,21.287,29290.91,-829.4,USD,MOCK_FEED
POS00200820260225,PORT002,INS0012,2026-02-25,486,10.4105,5059.5,132.24,EUR,MOCK_FEED
POS00200920260225,PORT002,INS0013,2026-02-25,609,30.7821,18746.3,529.53,INR,MOCK_FEED
POS00201020260225,PORT002,INS0014,2026-02-25,3930,10.5924,41628.13,144.17,EUR,MOCK_FEED
POS00200120260226,PORT002,INS0005,2026-02-26,4071,40.2648,163918.0,1281.19,EUR,MOCK_FEED
POS00200220260226,PORT002,INS0006,2026-02-26,684,31.741,21710.84,139.36,EUR,MOCK_FEED
POS00200320260226,PORT002,INS0007,2026-02-26,2350,57.0764,134129.54,1544.83,INR,MOCK_FEED
POS00200420260226,PORT002,INS0008,2026-02-26,4684,56.364,264008.98,-606.1,GBP,MOCK_FEED
POS00200520260226,PORT002,INS0009,2026-02-26,4808,31.5242,151568.35,-253.83,INR,MOCK_FEED
POS00200620260226,PORT002,INS0010,2026-02-26,709,80.3229,56948.94,2042.3,EUR,MOCK_FEED
POS00200720260226,PORT002,INS0011,2026-02-26,208,21.3823,4447.52,-60.8,INR,MOCK_FEED
POS00200820260226,PORT002,INS0012,2026-02-26,3889,10.3115,40101.42,1132.46,GBP,MOCK_FEED
POS00200920260226,PORT002,INS0013,2026-02-26,1408,30.3469,42728.44,-407.58,EUR,MOCK_FEED
POS00201020260226,PORT002,INS0014,2026-02-26,4146,10.6655,44219.16,-33.07,EUR,MOCK_FEED
POS00200120260227,PORT002,INS0005,2026-02-27,2997,40.6549,121842.74,788.68,EUR,MOCK_FEED
POS00200220260227,PORT002,INS0006,2026-02-27,3652,31.4281,114775.42,2867.99,INR,MOCK_FEED
POS00200320260227,PORT002,INS0007,2026-02-27,3832,56.6333,217018.81,-2252.89,INR,MOCK_FEED
POS00200420260227,PORT002,INS0008,2026-02-27,1325,56.7032,75131.74,2321.51,GBP,MOCK_FEED
POS00200520260227,PORT002,INS0009,2026-02-27,4819,31.0379,149571.64,-1487.76,GBP,MOCK_FEED
POS00200620260227,PORT002,INS0010,2026-02-27,3471,80.6581,279964.27,1210.89,USD,MOCK_FEED
POS00200720260227,PORT002,INS0011,2026-02-27,3105,20.9775,65135.14,-1698.95,GBP,MOCK_FEED
POS00200820260227,PORT002,INS0012,2026-02-27,592,10.3721,6140.28,-22.13,USD,MOCK_FEED
POS00200920260227,PORT002,INS0013,2026-02-27,837,29.6052,24779.55,539.42,EUR,MOCK_FEED
POS00201020260227,PORT002,INS0014,2026-02-27,4437,10.66,47298.42,339.54,USD,MOCK_FEED
POS00200120260228,PORT002,INS0005,2026-02-28,1122,40.9407,45935.47,-582.34,GBP,MOCK_FEED
POS00200220260228,PORT002,INS0006,2026-02-28,3794,31.5491,119697.29,-2104.82,EUR,MOCK_FEED
POS00200320260228,PORT002,INS0007,2026-02-28,1346,57.3038,77130.91,-294.57,GBP,MOCK_FEED
POS00200420260228,PORT002,INS0008,2026-02-28,1858,56.655,105264.99,3952.0,INR,MOCK_FEED
POS00200520260228,PORT002,INS0009,2026-02-28,442,30.9208,13666.99,-39.48,INR,MOCK_FEED
POS00200620260228,PORT002,INS0010,2026-02-28,2662,81.1846,216113.41,3303.47,INR,MOCK_FEED
POS00200720260228,PORT002,INS0011,2026-02-28,4809,21.3612,102726.01,3590.14,INR,MOCK_FEED
POS00200820260228,PORT002,INS0012,2026-02-28,3578,10.5049,37586.53,407.99,EUR,MOCK_FEED
POS00200920260228,PORT002,INS0013,2026-02-28,1018,29.7135,30248.34,-764.9,USD,MOCK_FEED
POS00201020260228,PORT002,INS0014,2026-02-28,3420,10.5673,36140.17,544.0,GBP,MOCK_FEED
POS00200120260301,PORT002,INS0005,2026-03-01,894,41.3069,36928.37,-247.69,INR,MOCK_FEED
POS00200220260301,PORT002,INS0006,2026-03-01,1643,31.3381,51488.5,822.76,GBP,MOCK_FEED
POS00200320260301,PORT002,INS0007,2026-03-01,2901,57.2124,165973.17,2831.95,GBP,MOCK_FEED
POS00200420260301,PORT002,INS0008,2026-03-01,139,57.1311,7941.22,-53.21,GBP,MOCK_FEED
POS00200520260301,PORT002,INS0009,2026-03-01,4829,31.561,152408.07,-1638.03,GBP,MOCK_FEED
POS00200620260301,PORT002,INS0010,2026-03-01,3819,81.3295,310597.36,7488.67,GBP,MOCK_FEED
POS00200720260301,PORT002,INS0011,2026-03-01,4483,21.8399,97908.27,-2395.83,EUR,MOCK_FEED
POS00200820260301,PORT002,INS0012,2026-03-01,4546,10.3287,46954.27,25.44,INR,MOCK_FEED
POS00200920260301,PORT002,INS0013,2026-03-01,2520,29.6258,74657.02,815.12,USD,MOCK_FEED
POS00201020260301,PORT002,INS0014,2026-03-01,921,10.2855,9472.95,30.33,USD,MOCK_FEED
POS00200120260302,PORT002,INS0005,2026-03-02,1545,40.8275,63078.49,-908.33,GBP,MOCK_FEED
POS00200220260302,PORT002,INS0006,2026-03-02,3689,31.1373,114865.5,-1171.67,USD,MOCK_FEED
POS00200320260302,PORT002,INS0007,2026-03-02,4633,57.3803,265842.93,3670.81,USD,MOCK_FEED
POS00200420260302,PORT002,INS0008,2026-03-02,1844,57.8274,106633.73,3459.99,USD,MOCK_FEED
POS00200520260302,PORT002,INS0009,2026-03-02,2775,31.9389,88630.45,-795.43,USD,MOCK_FEED
POS00200620260302,PORT002,INS0010,2026-03-02,1187,83.014,98537.62,2409.13,GBP,MOCK_FEED
POS00200720260302,PORT002,INS0011,2026-03-02,4304,22.0049,94709.09,-1663.15,EUR,MOCK_FEED
POS00200820260302,PORT002,INS0012,2026-03-02,2522,10.1722,25654.29,-589.24,EUR,MOCK_FEED
POS00200920260302,PORT002,INS0013,2026-03-02,3817,29.3421,111998.8,1734.97,GBP,MOCK_FEED
POS00201020260302,PORT002,INS0014,2026-03-02,2733,10.2955,28137.6,-628.69,GBP,MOCK_FEED
POS00200120260303,PORT002,INS0005,2026-03-03,1333,41.0041,54658.47,-824.18,EUR,MOCK_FEED
POS00200220260303,PORT002,INS0006,2026-03-03,3217,31.6184,101716.39,-1808.72,USD,MOCK_FEED
POS00200320260303,PORT002,INS0007,2026-03-03,1703,57.4626,97858.81,-67.9,GBP,MOCK_FEED
POS00200420260303,PORT002,INS0008,2026-03-03,4884,58.7427,286899.35,6446.76,EUR,MOCK_FEED
POS00200520260303,PORT002,INS0009,2026-03-03,160,32.0145,5122.32,64.46,GBP,MOCK_FEED
POS00200620260303,PORT002,INS0010,2026-03-03,4971,82.39,409560.69,-1111.02,USD,MOCK_FEED
POS00200720260303,PORT002,INS0011,2026-03-03,2337,22.2383,51970.91,700.52,INR,MOCK_FEED
POS00200820260303,PORT002,INS0012,2026-03-03,1904,10.0866,19204.89,19.88,GBP,MOCK_FEED
POS00200920260303,PORT002,INS0013,2026-03-03,251,29.6935,7453.07,113.2,INR,MOCK_FEED
POS00201020260303,PORT002,INS0014,2026-03-03,3140,10.3049,32357.39,1256.31,USD,MOCK_FEED
POS00200120260304,PORT002,INS0005,2026-03-04,3118,42.1869,131538.75,4021.62,INR,MOCK_FEED
POS00200220260304,PORT002,INS0006,2026-03-04,548,31.2036,17099.57,-100.12,USD,MOCK_FEED
POS00200320260304,PORT002,INS0007,2026-03-04,3656,56.715,207350.04,3671.1,USD,MOCK_FEED
POS00200420260304,PORT002,INS0008,2026-03-04,2253,58.1083,130918.0,5006.72,EUR,MOCK_FEED
POS00200520260304,PORT002,INS0009,2026-03-04,142,31.4998,4472.97,-125.63,INR,MOCK_FEED
POS00200620260304,PORT002,INS0010,2026-03-04,916,81.8059,74934.2,-569.31,EUR,MOCK_FEED
POS00200720260304,PORT002,INS0011,2026-03-04,4323,22.9524,99223.23,1184.48,EUR,MOCK_FEED
POS00200820260304,PORT002,INS0012,2026-03-04,4220,10.0649,42473.88,714.87,EUR,MOCK_FEED
POS00200920260304,PORT002,INS0013,2026-03-04,2556,29.648,75780.29,3025.85,INR,MOCK_FEED
POS00201020260304,PORT002,INS0014,2026-03-04,749,10.3752,7771.02,-146.22,EUR,MOCK_FEED
POS00200120260305,PORT002,INS0005,2026-03-05,603,42.2465,25474.64,-218.05,USD,MOCK_FEED
POS00200220260305,PORT002,INS0006,2026-03-05,2895,30.9793,89685.07,-255.9,USD,MOCK_FEED
POS00200320260305,PORT002,INS0007,2026-03-05,791,56.8615,44977.45,1291.42,INR,MOCK_FEED
POS00200420260305,PORT002,INS0008,2026-03-05,2944,57.5009,169282.65,4958.92,GBP,MOCK_FEED
POS00200520260305,PORT002,INS0009,2026-03-05,3800,31.0435,117965.3,726.33,GBP,MOCK_FEED
POS00200620260305,PORT002,INS0010,2026-03-05,4119,82.1299,338293.06,4923.66,GBP,MOCK_FEED
POS00200720260305,PORT002,INS0011,2026-03-05,983,23.067,22674.86,811.34,GBP,MOCK_FEED
POS00200820260305,PORT002,INS0012,2026-03-05,501,10.0393,5029.69,130.99,INR,MOCK_FEED
POS00200920260305,PORT002,INS0013,2026-03-05,973,29.3931,28599.49,159.73,INR,MOCK_FEED
POS00201020260305,PORT002,INS0014,2026-03-05,2370,10.5915,25101.85,-610.33,INR,MOCK_FEED
POS00200120260306,PORT002,INS0005,2026-03-06,2354,41.7076,98179.69,3136.19,USD,MOCK_FEED
POS00200220260306,PORT002,INS0006,2026-03-06,4891,30.5865,149598.57,8.72,EUR,MOCK_FEED
POS00200320260306,PORT002,INS0007,2026-03-06,2607,57.2494,149249.19,1653.91,INR,MOCK_FEED
POS00200420260306,PORT002,INS0008,2026-03-06,2404,56.3358,135431.26,3144.09,EUR,MOCK_FEED
POS00200520260306,PORT002,INS0009,2026-03-06,476,31.344,14919.74,483.61,INR,MOCK_FEED
POS00200620260306,PORT002,INS0010,2026-03-06,3867,82.7974,320177.55,8213.26,USD,MOCK_FEED
POS00200720260306,PORT002,INS0011,2026-03-06,3793,23.0312,87357.34,-157.08,EUR,MOCK_FEED
POS00200820260306,PORT002,INS0012,2026-03-06,3295,9.9786,32879.49,-883.71,EUR,MOCK_FEED
POS00200920260306,PORT002,INS0013,2026-03-06,1316,29.2978,38555.9,467.08,USD,MOCK_FEED
POS00201020260306,PORT002,INS0014,2026-03-06,1071,10.3604,11095.99,-231.03,GBP,MOCK_FEED
POS00200120260307,PORT002,INS0005,2026-03-07,4697,42.4446,199362.29,2812.44,GBP,MOCK_FEED
POS00200220260307,PORT002,INS0006,2026-03-07,337,30.9251,10421.76,-79.22,EUR,MOCK_FEED
POS00200320260307,PORT002,INS0007,2026-03-07,2816,56.7097,159694.52,-2821.53,GBP,MOCK_FEED
POS00200420260307,PORT002,INS0008,2026-03-07,105,56.96,5980.8,-0.69,USD,MOCK_FEED
POS00200520260307,PORT002,INS0009,2026-03-07,695,31.3601,21795.27,-33.78,USD,MOCK_FEED
POS00200620260307,PORT002,INS0010,2026-03-07,3591,81.4017,292313.5,8692.87,USD,MOCK_FEED
POS00200720260307,PORT002,INS0011,2026-03-07,4478,22.9267,102665.76,2227.44,INR,MOCK_FEED
POS00200820260307,PORT002,INS0012,2026-03-07,3407,9.9094,33761.33,-274.07,GBP,MOCK_FEED
POS00200920260307,PORT002,INS0013,2026-03-07,1219,29.3876,35823.48,-864.1,EUR,MOCK_FEED
POS00201020260307,PORT002,INS0014,2026-03-07,1208,10.4131,12579.02,-290.2,EUR,MOCK_FEED
POS00200120260308,PORT002,INS0005,2026-03-08,3393,43.2508,146749.96,3562.06,EUR,MOCK_FEED
POS00200220260308,PORT002,INS0006,2026-03-08,1481,30.7896,45599.4,-557.87,INR,MOCK_FEED
POS00200320260308,PORT002,INS0007,2026-03-08,4175,56.4865,235831.14,-3975.3,GBP,MOCK_FEED
POS00200420260308,PORT002,INS0008,2026-03-08,3672,56.5273,207568.25,-33.16,EUR,MOCK_FEED
POS00200520260308,PORT002,INS0009,2026-03-08,1086,31.4664,34172.51,1256.71,GBP,MOCK_FEED
POS00200620260308,PORT002,INS0010,2026-03-08,284,79.7355,22644.88,647.17,INR,MOCK_FEED
POS00200720260308,PORT002,INS0011,2026-03-08,981,23.0476,22609.7,-276.65,USD,MOCK_FEED
POS00200820260308,PORT002,INS0012,2026-03-08,3556,9.8367,34979.31,196.85,GBP,MOCK_FEED
POS00200920260308,PORT002,INS0013,2026-03-08,5000,29.5399,147699.5,5412.75,INR,MOCK_FEED
POS00201020260308,PORT002,INS0014,2026-03-08,4120,10.6456,43859.87,1562.92,INR,MOCK_FEED
POS00200120260309,PORT002,INS0005,2026-03-09,4296,43.367,186304.63,-2659.77,INR,MOCK_FEED
POS00200220260309,PORT002,INS0006,2026-03-09,247,31.1889,7703.66,302.64,INR,MOCK_FEED
POS00200320260309,PORT002,INS0007,2026-03-09,1372,56.3412,77300.13,-1880.4,EUR,MOCK_FEED
POS00200420260309,PORT002,INS0008,2026-03-09,211,55.8206,11778.15,-36.83,GBP,MOCK_FEED
POS00200520260309,PORT002,INS0009,2026-03-09,3731,32.3071,120537.79,-3138.42,USD,MOCK_FEED
POS00200620260309,PORT002,INS0010,2026-03-09,4787,79.882,382395.13,9618.99,EUR,MOCK_FEED
POS00200720260309,PORT002,INS0011,2026-03-09,2845,23.234,66100.73,955.57,USD,MOCK_FEED
POS00200820260309,PORT002,INS0012,2026-03-09,2200,9.8093,21580.46,-496.53,USD,MOCK_FEED
POS00200920260309,PORT002,INS0013,2026-03-09,4078,28.9867,118207.76,-3047.7,GBP,MOCK_FEED
POS00201020260309,PORT002,INS0014,2026-03-09,4527,10.5127,47590.99,-764.26,EUR,MOCK_FEED
POS00200120260310,PORT002,INS0005,2026-03-10,2825,43.2445,122165.71,-2689.12,INR,MOCK_FEED
POS00200220260310,PORT002,INS0006,2026-03-10,1335,31.7,42319.5,-584.44,EUR,MOCK_FEED
POS00200320260310,PORT002,INS0007,2026-03-10,3306,55.5699,183714.09,3532.98,EUR,MOCK_FEED
POS00200420260310,PORT002,INS0008,2026-03-10,4716,57.2483,269982.98,1206.57,INR,MOCK_FEED
POS00200520260310,PORT002,INS0009,2026-03-10,2240,32.5467,72904.61,-1523.69,EUR,MOCK_FEED
POS00200620260310,PORT002,INS0010,2026-03-10,4609,80.6817,371861.96,-1940.7,USD,MOCK_FEED
POS00200720260310,PORT002,INS0011,2026-03-10,592,22.9607,13592.73,-24.58,EUR,MOCK_FEED
POS00200820260310,PORT002,INS0012,2026-03-10,3789,9.8542,37337.56,1345.39,INR,MOCK_FEED
POS00200920260310,PORT002,INS0013,2026-03-10,2828,29.9738,84765.91,2174.04,USD,MOCK_FEED
POS00201020260310,PORT002,INS0014,2026-03-10,3972,10.5033,41719.11,-532.13,USD,MOCK_FEED
POS00200120260311,PORT002,INS0005,2026-03-11,436,43.7439,19072.34,200.72,GBP,MOCK_FEED
POS00200220260311,PORT002,INS0006,2026-03-11,3014,31.4858,94898.2,3252.19,INR,MOCK_FEED
POS00200320260311,PORT002,INS0007,2026-03-11,434,55.5384,24103.67,-271.36,EUR,MOCK_FEED
POS00200420260311,PORT002,INS0008,2026-03-11,4509,58.0249,261634.27,-5527.47,INR,MOCK_FEED
POS00200520260311,PORT002,INS0009,2026-03-11,3455,32.0007,110562.42,-1406.1,GBP,MOCK_FEED
POS00200620260311,PORT002,INS0010,2026-03-11,1820,79.0767,143919.59,4718.67,INR,MOCK_FEED
POS00200720260311,PORT002,INS0011,2026-03-11,4408,22.9065,100971.85,-2529.81,EUR,MOCK_FEED
POS00200820260311,PORT002,INS0012,2026-03-11,1934,10.0952,19524.12,268.91,USD,MOCK_FEED
POS00200920260311,PORT002,INS0013,2026-03-11,3431,29.4049,100888.21,1064.77,GBP,MOCK_FEED
POS00201020260311,PORT002,INS0014,2026-03-11,2425,10.609,25726.83,672.45,EUR,MOCK_FEED
POS00200120260312,PORT002,INS0005,2026-03-12,545,43.8799,23914.55,557.45,EUR,MOCK_FEED
POS00200220260312,PORT002,INS0006,2026-03-12,1102,31.295,34487.09,309.13,INR,MOCK_FEED
POS00200320260312,PORT002,INS0007,2026-03-12,1888,54.9945,103829.62,-25.39,INR,MOCK_FEED
POS00200420260312,PORT002,INS0008,2026-03-12,1590,57.814,91924.26,-2720.86,EUR,MOCK_FEED
POS00200520260312,PORT002,INS0009,2026-03-12,548,31.9839,17527.18,591.6,GBP,MOCK_FEED
POS00200620260312,PORT002,INS0010,2026-03-12,2270,80.3971,182501.42,-4561.6,INR,MOCK_FEED
POS00200720260312,PORT002,INS0011,2026-03-12,2943,22.7656,66999.16,1235.81,USD,MOCK_FEED
POS00200820260312,PORT002,INS0012,2026-03-12,3763,10.032,37750.42,-187.82,USD,MOCK_FEED
POS00200920260312,PORT002,INS0013,2026-03-12,3076,29.0467,89347.65,1251.65,EUR,MOCK_FEED
POS00201020260312,PORT002,INS0014,2026-03-12,2857,10.576,30215.63,-334.09,EUR,MOCK_FEED
POS00200120260313,PORT002,INS0005,2026-03-13,1604,43.4454,69686.42,964.06,USD,MOCK_FEED
POS00200220260313,PORT002,INS0006,2026-03-13,3459,31.364,108488.08,4218.01,EUR,MOCK_FEED
POS00200320260313,PORT002,INS0007,2026-03-13,2795,54.6097,152634.11,3242.67,USD,MOCK_FEED
POS00200420260313,PORT002,INS0008,2026-03-13,4805,57.4122,275865.62,8325.24,INR,MOCK_FEED
POS00200520260313,PORT002,INS0009,2026-03-13,1668,31.8123,53062.92,298.84,INR,MOCK_FEED
POS00200620260313,PORT002,INS0010,2026-03-13,1053,81.0372,85332.17,2339.3,USD,MOCK_FEED
POS00200720260313,PORT002,INS0011,2026-03-13,3570,22.4179,80031.9,1224.85,GBP,MOCK_FEED
POS00200820260313,PORT002,INS0012,2026-03-13,3446,9.9007,34117.81,890.3,GBP,MOCK_FEED
POS00200920260313,PORT002,INS0013,2026-03-13,4279,29.2322,125084.58,2267.52,EUR,MOCK_FEED
POS00201020260313,PORT002,INS0014,2026-03-13,4033,10.8063,43581.81,1479.16,GBP,MOCK_FEED
POS00200120260314,PORT002,INS0005,2026-03-14,4819,43.0476,207446.38,-5552.89,GBP,MOCK_FEED
POS00200220260314,PORT002,INS0006,2026-03-14,2526,31.3926,79297.71,-25.43,USD,MOCK_FEED
POS00200320260314,PORT002,INS0007,2026-03-14,881,54.5342,48044.63,-125.3,GBP,MOCK_FEED
POS00200420260314,PORT002,INS0008,2026-03-14,4928,56.8494,280153.84,-7144.42,USD,MOCK_FEED
POS00200520260314,PORT002,INS0009,2026-03-14,795,31.5444,25077.8,480.59,EUR,MOCK_FEED
POS00200620260314,PORT002,INS0010,2026-03-14,4459,82.0082,365674.56,-3723.27,USD,MOCK_FEED
POS00200720260314,PORT002,INS0011,2026-03-14,3627,22.6722,82232.07,-574.12,GBP,MOCK_FEED
POS00200820260314,PORT002,INS0012,2026-03-14,4417,9.7817,43205.77,1400.71,INR,MOCK_FEED
POS00200920260314,PORT002,INS0013,2026-03-14,4458,29.5873,131900.18,3995.53,INR,MOCK_FEED
POS00201020260314,PORT002,INS0014,2026-03-14,283,10.5862,2995.89,54.27,USD,MOCK_FEED
POS00200120260315,PORT002,INS0005,2026-03-15,3709,42.6902,158337.95,2201.3,USD,MOCK_FEED
POS00200220260315,PORT002,INS0006,2026-03-15,1126,31.1897,35119.6,207.12,INR,MOCK_FEED
POS00200320260315,PORT002,INS0007,2026-03-15,1960,53.9104,105664.38,644.1,USD,MOCK_FEED
POS00200420260315,PORT002,INS0008,2026-03-15,4715,58.3313,275032.08,-2794.03,USD,MOCK_FEED
POS00200520260315,PORT002,INS0009,2026-03-15,1726,31.7981,54883.52,808.44,EUR,MOCK_FEED
POS00200620260315,PORT002,INS0010,2026-03-15,3763,82.1498,309129.7,1356.55,GBP,MOCK_FEED
POS00200720260315,PORT002,INS0011,2026-03-15,2861,22.5604,64545.3,1601.22,GBP,MOCK_FEED
POS00200820260315,PORT002,INS0012,2026-03-15,3356,9.9515,33397.23,-270.84,USD,MOCK_FEED
POS00200920260315,PORT002,INS0013,2026-03-15,1832,29.8872,54753.35,1771.12,EUR,MOCK_FEED
POS00201020260315,PORT002,INS0014,2026-03-15,1098,10.7029,11751.78,209.77,USD,MOCK_FEED
POS00200120260316,PORT002,INS0005,2026-03-16,1693,42.9777,72761.25,2517.22,USD,MOCK_FEED
POS00200220260316,PORT002,INS0006,2026-03-16,4392,31.3227,137569.3,3929.2,USD,MOCK_FEED
POS00200320260316,PORT002,INS0007,2026-03-16,489,53.8392,26327.37,272.29,GBP,MOCK_FEED
POS00200420260316,PORT002,INS0008,2026-03-16,4365,58.4137,254975.8,-4628.65,EUR,MOCK_FEED
POS00200520260316,PORT002,INS0009,2026-03-16,4453,31.6573,140969.96,-1428.57,INR,MOCK_FEED
POS00200620260316,PORT002,INS0010,2026-03-16,887,81.9821,72718.12,-1482.5,GBP,MOCK_FEED
POS00200720260316,PORT002,INS0011,2026-03-16,2530,22.6341,57264.27,-1266.8,EUR,MOCK_FEED
POS00200820260316,PORT002,INS0012,2026-03-16,961,10.1325,9737.33,345.79,EUR,MOCK_FEED
POS00200920260316,PORT002,INS0013,2026-03-16,3964,29.1575,115580.33,2923.12,GBP,MOCK_FEED
POS00201020260316,PORT002,INS0014,2026-03-16,1616,10.628,17174.85,-225.81,INR,MOCK_FEED
POS00200120260317,PORT002,INS0005,2026-03-17,4710,43.1324,203153.6,4091.42,GBP,MOCK_FEED
POS00200220260317,PORT002,INS0006,2026-03-17,841,31.0593,26120.87,580.78,EUR,MOCK_FEED
POS00200320260317,PORT002,INS0007,2026-03-17,4971,54.7172,271999.2,6818.61,INR,MOCK_FEED
POS00200420260317,PORT002,INS0008,2026-03-17,3317,58.4417,193851.12,4691.17,INR,MOCK_FEED
POS00200520260317,PORT002,INS0009,2026-03-17,1305,31.3566,40920.36,456.96,USD,MOCK_FEED
POS00200620260317,PORT002,INS0010,2026-03-17,285,79.8178,22748.07,-110.0,INR,MOCK_FEED
POS00200720260317,PORT002,INS0011,2026-03-17,1874,22.6241,42397.56,635.94,GBP,MOCK_FEED
POS00200820260317,PORT002,INS0012,2026-03-17,1218,10.2627,12499.97,466.65,GBP,MOCK_FEED
POS00200920260317,PORT002,INS0013,2026-03-17,2435,28.9734,70550.23,1043.83,EUR,MOCK_FEED
POS00201020260317,PORT002,INS0014,2026-03-17,436,10.6415,4639.69,-64.25,GBP,MOCK_FEED
POS00200120260318,PORT002,INS0005,2026-03-18,1960,44.3465,86919.14,2698.2,INR,MOCK_FEED
POS00200220260318,PORT002,INS0006,2026-03-18,3572,30.9883,110690.21,3752.96,GBP,MOCK_FEED
POS00200320260318,PORT002,INS0007,2026-03-18,274,54.676,14981.22,-428.33,INR,MOCK_FEED
POS00200420260318,PORT002,INS0008,2026-03-18,3864,58.742,226979.09,-1305.52,GBP,MOCK_FEED
POS00200520260318,PORT002,INS0009,2026-03-18,639,30.8352,19703.69,-209.44,USD,MOCK_FEED
POS00200620260318,PORT002,INS0010,2026-03-18,2448,80.3419,196676.97,3963.62,INR,MOCK_FEED
POS00200720260318,PORT002,INS0011,2026-03-18,287,22.1465,6356.05,-157.8,USD,MOCK_FEED
POS00200820260318,PORT002,INS0012,2026-03-18,2501,10.2771,25703.03,474.51,EUR,MOCK_FEED
POS00200920260318,PORT002,INS0013,2026-03-18,4849,29.3241,142192.56,2699.92,USD,MOCK_FEED
POS00201020260318,PORT002,INS0014,2026-03-18,4715,10.8972,51380.3,-442.08,USD,MOCK_FEED
POS00200120260319,PORT002,INS0005,2026-03-19,4997,43.9818,219777.05,-2452.3,USD,MOCK_FEED
POS00200220260319,PORT002,INS0006,2026-03-19,3783,31.2225,118114.72,2181.88,INR,MOCK_FEED
POS00200320260319,PORT002,INS0007,2026-03-19,4939,55.8561,275873.28,4592.68,EUR,MOCK_FEED
POS00200420260319,PORT002,INS0008,2026-03-19,4647,57.3824,266656.01,240.77,USD,MOCK_FEED
POS00200520260319,PORT002,INS0009,2026-03-19,4934,31.343,154646.36,4050.76,EUR,MOCK_FEED
POS00200620260319,PORT002,INS0010,2026-03-19,935,79.9208,74725.95,660.91,USD,MOCK_FEED
POS00200720260319,PORT002,INS0011,2026-03-19,3176,22.1656,70397.95,2801.81,GBP,MOCK_FEED
POS00200820260319,PORT002,INS0012,2026-03-19,118,10.3562,1222.03,20.56,INR,MOCK_FEED
POS00200920260319,PORT002,INS0013,2026-03-19,2419,28.9918,70131.16,1610.27,EUR,MOCK_FEED
POS00201020260319,PORT002,INS0014,2026-03-19,902,11.0537,9970.44,-48.83,USD,MOCK_FEED
POS00200120260320,PORT002,INS0005,2026-03-20,2783,44.0009,122454.5,921.61,USD,MOCK_FEED
POS00200220260320,PORT002,INS0006,2026-03-20,3254,31.2224,101597.69,-543.87,GBP,MOCK_FEED
POS00200320260320,PORT002,INS0007,2026-03-20,538,55.7556,29996.51,-593.78,INR,MOCK_FEED
POS00200420260320,PORT002,INS0008,2026-03-20,2307,56.334,129962.54,-464.83,EUR,MOCK_FEED
POS00200520260320,PORT002,INS0009,2026-03-20,2104,31.2366,65721.81,1609.27,EUR,MOCK_FEED
POS00200620260320,PORT002,INS0010,2026-03-20,3705,80.5035,298265.47,9207.88,EUR,MOCK_FEED
POS00200720260320,PORT002,INS0011,2026-03-20,4340,22.5186,97730.72,1733.38,USD,MOCK_FEED
POS00200820260320,PORT002,INS0012,2026-03-20,1333,10.4398,13916.25,193.97,GBP,MOCK_FEED
POS00200920260320,PORT002,INS0013,2026-03-20,785,29.2904,22992.96,-433.23,EUR,MOCK_FEED
POS00201020260320,PORT002,INS0014,2026-03-20,4708,11.153,52508.32,47.46,GBP,MOCK_FEED
POS00200120260321,PORT002,INS0005,2026-03-21,4872,45.5737,222035.07,3139.22,USD,MOCK_FEED
POS00200220260321,PORT002,INS0006,2026-03-21,4760,31.1409,148230.68,801.06,INR,MOCK_FEED
POS00200320260321,PORT002,INS0007,2026-03-21,4110,55.9368,229900.25,-109.0,EUR,MOCK_FEED
POS00200420260321,PORT002,INS0008,2026-03-21,2748,57.2635,157360.1,-152.1,INR,MOCK_FEED
POS00200520260321,PORT002,INS0009,2026-03-21,4004,31.4694,126003.48,314.94,USD,MOCK_FEED
POS00200620260321,PORT002,INS0010,2026-03-21,134,80.0453,10726.07,23.61,INR,MOCK_FEED
POS00200720260321,PORT002,INS0011,2026-03-21,2491,22.5521,56177.28,208.54,INR,MOCK_FEED
POS00200820260321,PORT002,INS0012,2026-03-21,2684,10.7154,28760.13,836.66,EUR,MOCK_FEED
POS00200920260321,PORT002,INS0013,2026-03-21,443,29.4155,13031.07,265.34,GBP,MOCK_FEED
POS00201020260321,PORT002,INS0014,2026-03-21,535,11.2204,6002.91,-140.72,INR,MOCK_FEED
POS00200120260322,PORT002,INS0005,2026-03-22,1057,46.2199,48854.43,-674.06,GBP,MOCK_FEED
POS00200220260322,PORT002,INS0006,2026-03-22,2598,30.5029,79246.53,-1723.4,EUR,MOCK_FEED
POS00200320260322,PORT002,INS0007,2026-03-22,255,54.957,14014.03,-290.51,EUR,MOCK_FEED
POS00200420260322,PORT002,INS0008,2026-03-22,351,56.766,19924.87,161.13,USD,MOCK_FEED
POS00200520260322,PORT002,INS0009,2026-03-22,1732,31.577,54691.36,-1277.06,USD,MOCK_FEED
POS00200620260322,PORT002,INS0010,2026-03-22,210,80.5213,16909.47,-461.49,INR,MOCK_FEED
POS00200720260322,PORT002,INS0011,2026-03-22,1441,22.1044,31852.44,-313.21,GBP,MOCK_FEED
POS00200820260322,PORT002,INS0012,2026-03-22,4341,10.7246,46555.49,-788.7,INR,MOCK_FEED
POS00200920260322,PORT002,INS0013,2026-03-22,853,30.0059,25595.03,-703.08,USD,MOCK_FEED
POS00201020260322,PORT002,INS0014,2026-03-22,101,11.2211,1133.33,40.37,GBP,MOCK_FEED
POS00200120260323,PORT002,INS0005,2026-03-23,3327,46.7099,155403.84,-3327.7,INR,MOCK_FEED
POS00200220260323,PORT002,INS0006,2026-03-23,1248,30.7048,38319.59,186.56,INR,MOCK_FEED
POS00200320260323,PORT002,INS0007,2026-03-23,3222,55.0565,177392.04,3164.55,EUR,MOCK_FEED
POS00200420260323,PORT002,INS0008,2026-03-23,4607,56.0507,258225.57,-1892.47,USD,MOCK_FEED
POS00200520260323,PORT002,INS0009,2026-03-23,4702,31.6732,148927.39,-3694.41,USD,MOCK_FEED
POS00200620260323,PORT002,INS0010,2026-03-23,1618,80.6435,130481.18,-3154.8,INR,MOCK_FEED
POS00200720260323,PORT002,INS0011,2026-03-23,4146,22.135,91771.71,2603.46,EUR,MOCK_FEED
POS00200820260323,PORT002,INS0012,2026-03-23,3152,10.8607,34232.93,-954.9,INR,MOCK_FEED
POS00200920260323,PORT002,INS0013,2026-03-23,2461,30.2498,74444.76,-1362.99,INR,MOCK_FEED
POS00201020260323,PORT002,INS0014,2026-03-23,3495,11.2781,39416.96,801.23,INR,MOCK_FEED
POS00200120260324,PORT002,INS0005,2026-03-24,4671,46.3044,216287.85,-3806.83,EUR,MOCK_FEED
POS00200220260324,PORT002,INS0006,2026-03-24,3055,30.6044,93496.44,2561.34,EUR,MOCK_FEED
POS00200320260324,PORT002,INS0007,2026-03-24,849,54.9737,46672.67,1777.7,USD,MOCK_FEED
POS00200420260324,PORT002,INS0008,2026-03-24,556,55.6752,30955.41,-534.56,USD,MOCK_FEED
POS00200520260324,PORT002,INS0009,2026-03-24,2949,31.6095,93216.42,2617.02,USD,MOCK_FEED
POS00200620260324,PORT002,INS0010,2026-03-24,1177,81.1703,95537.44,-877.12,EUR,MOCK_FEED
POS00200720260324,PORT002,INS0011,2026-03-24,3761,22.0989,83113.96,2093.57,GBP,MOCK_FEED
POS00200820260324,PORT002,INS0012,2026-03-24,2624,10.7351,28168.9,294.29,INR,MOCK_FEED
POS00200920260324,PORT002,INS0013,2026-03-24,2185,30.4309,66491.52,2429.63,USD,MOCK_FEED
POS00201020260324,PORT002,INS0014,2026-03-24,1007,11.3681,11447.68,-16.43,INR,MOCK_FEED
POS00200120260325,PORT002,INS0005,2026-03-25,740,46.4952,34406.45,856.83,INR,MOCK_FEED
POS00200220260325,PORT002,INS0006,2026-03-25,4930,30.9737,152700.34,1173.31,USD,MOCK_FEED
POS00200320260325,PORT002,INS0007,2026-03-25,2811,54.3879,152884.39,-2264.2,EUR,MOCK_FEED
POS00200420260325,PORT002,INS0008,2026-03-25,1563,55.237,86335.43,2968.39,GBP,MOCK_FEED
POS00200520260325,PORT002,INS0009,2026-03-25,3398,31.5403,107173.94,-1047.43,GBP,MOCK_FEED
POS00200620260325,PORT002,INS0010,2026-03-25,2260,81.6896,184618.5,5606.29,INR,MOCK_FEED
POS00200720260325,PORT002,INS0011,2026-03-25,2989,21.9589,65635.15,-1008.1,INR,MOCK_FEED
POS00200820260325,PORT002,INS0012,2026-03-25,2438,10.697,26079.29,790.43,GBP,MOCK_FEED
POS00200920260325,PORT002,INS0013,2026-03-25,4052,29.793,120721.24,3583.03,EUR,MOCK_FEED
POS00201020260325,PORT002,INS0014,2026-03-25,4342,11.408,49533.54,-251.8,USD,MOCK_FEED
POS00200120260326,PORT002,INS0005,2026-03-26,1719,46.674,80232.61,-432.36,USD,MOCK_FEED
POS00200220260326,PORT002,INS0006,2026-03-26,3479,31.1847,108491.57,-1509.68,EUR,MOCK_FEED
POS00200320260326,PORT002,INS0007,2026-03-26,2958,54.7977,162091.6,1360.43,EUR,MOCK_FEED
POS00200420260326,PORT002,INS0008,2026-03-26,4255,55.8883,237804.72,-4126.8,INR,MOCK_FEED
POS00200520260326,PORT002,INS0009,2026-03-26,4067,32.0758,130452.28,-3891.51,USD,MOCK_FEED
POS00200620260326,PORT002,INS0010,2026-03-26,451,81.6326,36816.3,1396.36,USD,MOCK_FEED
POS00200720260326,PORT002,INS0011,2026-03-26,1488,22.3432,33246.68,1150.18,EUR,MOCK_FEED
POS00200820260326,PORT002,INS0012,2026-03-26,2917,10.7772,31437.09,1065.3,GBP,MOCK_FEED
POS00200920260326,PORT002,INS0013,2026-03-26,3270,29.2919,95784.51,-1196.32,USD,MOCK_FEED
POS00201020260326,PORT002,INS0014,2026-03-26,573,11.2354,6437.88,74.88,USD,MOCK_FEED
POS00200120260327,PORT002,INS0005,2026-03-27,3459,46.5432,160992.93,4701.25,USD,MOCK_FEED
POS00200220260327,PORT002,INS0006,2026-03-27,4065,31.7491,129060.09,4063.77,GBP,MOCK_FEED
POS00200320260327,PORT002,INS0007,2026-03-27,1988,55.6744,110680.71,2647.56,GBP,MOCK_FEED
POS00200420260327,PORT002,INS0008,2026-03-27,2274,55.715,126695.91,1858.06,EUR,MOCK_FEED
POS00200520260327,PORT002,INS0009,2026-03-27,2412,32.1939,77651.69,316.01,EUR,MOCK_FEED
POS00200620260327,PORT002,INS0010,2026-03-27,4368,80.8344,353084.66,-1842.22,GBP,MOCK_FEED
POS00200720260327,PORT002,INS0011,2026-03-27,3558,22.2544,79181.16,-126.92,USD,MOCK_FEED
POS00200820260327,PORT002,INS0012,2026-03-27,2903,10.7893,31321.34,63.62,USD,MOCK_FEED
POS00200920260327,PORT002,INS0013,2026-03-27,2426,29.1221,70650.21,1371.37,USD,MOCK_FEED
POS00201020260327,PORT002,INS0014,2026-03-27,4733,11.4837,54352.35,-917.21,USD,MOCK_FEED
POS00200120260328,PORT002,INS0005,2026-03-28,3863,47.0856,181891.67,-3715.87,INR,MOCK_FEED
POS00200220260328,PORT002,INS0006,2026-03-28,3641,30.9944,112850.61,4222.06,EUR,MOCK_FEED
POS00200320260328,PORT002,INS0007,2026-03-28,2029,56.0274,113679.59,-1689.83,INR,MOCK_FEED
POS00200420260328,PORT002,INS0008,2026-03-28,1912,55.1169,105383.51,-1887.14,EUR,MOCK_FEED
POS00200520260328,PORT002,INS0009,2026-03-28,4566,31.831,145340.35,418.02,EUR,MOCK_FEED
POS00200620260328,PORT002,INS0010,2026-03-28,4908,80.8662,396891.31,-1416.55,EUR,MOCK_FEED
POS00200720260328,PORT002,INS0011,2026-03-28,2750,21.9381,60329.77,-1250.15,USD,MOCK_FEED
POS00200820260328,PORT002,INS0012,2026-03-28,2970,10.7226,31846.12,1092.37,GBP,MOCK_FEED
POS00200920260328,PORT002,INS0013,2026-03-28,964,29.5346,28471.35,140.38,USD,MOCK_FEED
POS00201020260328,PORT002,INS0014,2026-03-28,553,11.5306,6376.42,236.69,GBP,MOCK_FEED
POS00200120260329,PORT002,INS0005,2026-03-29,1914,46.5675,89130.2,-465.49,INR,MOCK_FEED
POS00200220260329,PORT002,INS0006,2026-03-29,2418,30.7827,74432.57,-2208.79,GBP,MOCK_FEED
POS00200320260329,PORT002,INS0007,2026-03-29,1134,55.4877,62923.05,454.37,INR,MOCK_FEED
POS00200420260329,PORT002,INS0008,2026-03-29,2005,55.2173,110710.69,2342.57,INR,MOCK_FEED
POS00200520260329,PORT002,INS0009,2026-03-29,3479,31.9535,111166.23,-518.77,GBP,MOCK_FEED
POS00200620260329,PORT002,INS0010,2026-03-29,3285,81.0157,266136.57,9646.14,GBP,MOCK_FEED
POS00200720260329,PORT002,INS0011,2026-03-29,3686,21.6618,79845.39,-185.81,GBP,MOCK_FEED
POS00200820260329,PORT002,INS0012,2026-03-29,2987,10.8664,32457.94,1099.05,EUR,MOCK_FEED
POS00200920260329,PORT002,INS0013,2026-03-29,3500,29.1716,102100.6,-2960.65,EUR,MOCK_FEED
POS00201020260329,PORT002,INS0014,2026-03-29,4685,11.5411,54070.05,-913.48,INR,MOCK_FEED
POS00200120260330,PORT002,INS0005,2026-03-30,4348,46.1251,200551.93,834.73,INR,MOCK_FEED
POS00200220260330,PORT002,INS0006,2026-03-30,3843,30.5535,117417.1,-453.94,INR,MOCK_FEED
POS00200320260330,PORT002,INS0007,2026-03-30,310,56.1581,17409.01,627.61,EUR,MOCK_FEED
POS00200420260330,PORT002,INS0008,2026-03-30,3328,54.3314,180814.9,281.6,USD,MOCK_FEED
POS00200520260330,PORT002,INS0009,2026-03-30,539,31.4372,16944.65,484.82,GBP,MOCK_FEED
POS00200620260330,PORT002,INS0010,2026-03-30,4162,81.3191,338450.09,1333.71,EUR,MOCK_FEED
POS00200720260330,PORT002,INS0011,2026-03-30,1412,21.0935,29784.02,-610.75,GBP,MOCK_FEED
POS00200820260330,PORT002,INS0012,2026-03-30,2171,10.7224,23278.33,-351.94,EUR,MOCK_FEED
POS00200920260330,PORT002,INS0013,2026-03-30,914,29.2537,26737.88,598.58,USD,MOCK_FEED
POS00201020260330,PORT002,INS0014,2026-03-30,110,11.6896,1285.86,-37.98,EUR,MOCK_FEED
POS00200120260331,PORT002,INS0005,2026-03-31,3371,46.3301,156178.77,-2393.47,INR,MOCK_FEED
POS00200220260331,PORT002,INS0006,2026-03-31,4135,30.7857,127298.87,-31.61,INR,MOCK_FEED
POS00200320260331,PORT002,INS0007,2026-03-31,1474,55.8994,82395.72,-1012.95,EUR,MOCK_FEED
POS00200420260331,PORT002,INS0008,2026-03-31,1200,54.812,65774.4,2402.35,GBP,MOCK_FEED
POS00200520260331,PORT002,INS0009,2026-03-31,820,31.2797,25649.35,499.58,USD,MOCK_FEED
POS00200620260331,PORT002,INS0010,2026-03-31,4150,81.9185,339961.77,-1034.0,EUR,MOCK_FEED
POS00200720260331,PORT002,INS0011,2026-03-31,212,20.8937,4429.46,92.1,INR,MOCK_FEED
POS00200820260331,PORT002,INS0012,2026-03-31,3289,10.4831,34478.92,-114.16,GBP,MOCK_FEED
POS00200920260331,PORT002,INS0013,2026-03-31,4713,29.1803,137526.75,5116.85,USD,MOCK_FEED
POS00201020260331,PORT002,INS0014,2026-03-31,1008,11.5564,11648.85,32.68,INR,MOCK_FEED
POS00200120260401,PORT002,INS0005,2026-04-01,2170,46.2353,100330.6,-2736.41,GBP,MOCK_FEED
POS00200220260401,PORT002,INS0006,2026-04-01,4930,30.1964,148868.25,-2767.83,EUR,MOCK_FEED
POS00200320260401,PORT002,INS0007,2026-04-01,3577,55.538,198659.43,102.06,USD,MOCK_FEED
POS00200420260401,PORT002,INS0008,2026-04-01,1230,55.3818,68119.61,-1003.9,GBP,MOCK_FEED
POS00200520260401,PORT002,INS0009,2026-04-01,586,31.4753,18444.53,230.79,GBP,MOCK_FEED
POS00200620260401,PORT002,INS0010,2026-04-01,608,82.4014,50100.05,-855.96,EUR,MOCK_FEED
POS00200720260401,PORT002,INS0011,2026-04-01,3397,21.0944,71657.68,-56.31,USD,MOCK_FEED
POS00200820260401,PORT002,INS0012,2026-04-01,4202,10.6143,44601.29,761.27,EUR,MOCK_FEED
POS00200920260401,PORT002,INS0013,2026-04-01,2532,29.3971,74433.46,418.08,GBP,MOCK_FEED
POS00201020260401,PORT002,INS0014,2026-04-01,3216,11.2827,36285.16,920.8,INR,MOCK_FEED
POS00200120260402,PORT002,INS0005,2026-04-02,1005,45.9703,46200.15,645.51,GBP,MOCK_FEED
POS00200220260402,PORT002,INS0006,2026-04-02,2083,30.3618,63243.63,-126.12,GBP,MOCK_FEED
POS00200320260402,PORT002,INS0007,2026-04-02,1468,55.5322,81521.27,1499.39,EUR,MOCK_FEED
POS00200420260402,PORT002,INS0008,2026-04-02,4968,55.1422,273946.45,2991.31,GBP,MOCK_FEED
POS00200520260402,PORT002,INS0009,2026-04-02,1144,31.2073,35701.15,-824.08,USD,MOCK_FEED
POS00200620260402,PORT002,INS0010,2026-04-02,3218,81.9385,263678.09,8101.32,EUR,MOCK_FEED
POS00200720260402,PORT002,INS0011,2026-04-02,3912,21.2233,83025.55,-451.87,USD,MOCK_FEED
POS00200820260402,PORT002,INS0012,2026-04-02,2405,10.6926,25715.7,864.81,EUR,MOCK_FEED
POS00200920260402,PORT002,INS0013,2026-04-02,3360,29.4494,98949.98,1397.64,EUR,MOCK_FEED
POS00201020260402,PORT002,INS0014,2026-04-02,2260,11.1718,25248.27,609.08,GBP,MOCK_FEED
POS00200120260403,PORT002,INS0005,2026-04-03,738,46.4922,34311.24,473.54,GBP,MOCK_FEED
POS00200220260403,PORT002,INS0006,2026-04-03,2173,30.0172,65227.38,583.62,EUR,MOCK_FEED
POS00200320260403,PORT002,INS0007,2026-04-03,1515,55.901,84690.01,1462.02,GBP,MOCK_FEED
POS00200420260403,PORT002,INS0008,2026-04-03,4024,55.5561,223557.75,5846.97,INR,MOCK_FEED
POS00200520260403,PORT002,INS0009,2026-04-03,819,30.7843,25212.34,112.53,USD,MOCK_FEED
POS00200620260403,PORT002,INS0010,2026-04-03,2081,82.4727,171625.69,5180.91,EUR,MOCK_FEED
POS00200720260403,PORT002,INS0011,2026-04-03,3755,21.0966,79217.73,63.86,EUR,MOCK_FEED
POS00200820260403,PORT002,INS0012,2026-04-03,1290,10.5728,13638.91,29.04,INR,MOCK_FEED
POS00200920260403,PORT002,INS0013,2026-04-03,114,29.4806,3360.79,-59.13,USD,MOCK_FEED
POS00201020260403,PORT002,INS0014,2026-04-03,4621,11.1757,51642.91,198.38,USD,MOCK_FEED
POS00200120260404,PORT002,INS0005,2026-04-04,2744,46.3704,127240.38,1672.96,EUR,MOCK_FEED
POS00200220260404,PORT002,INS0006,2026-04-04,1357,30.3123,41133.79,-231.12,GBP,MOCK_FEED
POS00200320260404,PORT002,INS0007,2026-04-04,4096,56.4229,231108.2,3378.72,EUR,MOCK_FEED
POS00200420260404,PORT002,INS0008,2026-04-04,2812,55.5161,156111.27,-2842.96,EUR,MOCK_FEED
POS00200520260404,PORT002,INS0009,2026-04-04,1804,30.9137,55768.31,1149.26,GBP,MOCK_FEED
POS00200620260404,PORT002,INS0010,2026-04-04,1711,82.4551,141080.68,-494.49,EUR,MOCK_FEED
POS00200720260404,PORT002,INS0011,2026-04-04,4471,20.8333,93145.68,-1645.0,USD,MOCK_FEED
POS00200820260404,PORT002,INS0012,2026-04-04,1080,10.579,11425.32,-298.54,EUR,MOCK_FEED
POS00200920260404,PORT002,INS0013,2026-04-04,420,28.8124,12101.21,52.03,EUR,MOCK_FEED
POS00201020260404,PORT002,INS0014,2026-04-04,1985,11.0396,21913.61,111.68,GBP,MOCK_FEED
POS00200120260405,PORT002,INS0005,2026-04-05,3076,46.6405,143466.18,-1388.61,INR,MOCK_FEED
POS00200220260405,PORT002,INS0006,2026-04-05,421,30.2111,12718.87,137.55,USD,MOCK_FEED
POS00200320260405,PORT002,INS0007,2026-04-05,4726,57.2916,270760.1,6052.58,EUR,MOCK_FEED
POS00200420260405,PORT002,INS0008,2026-04-05,3037,55.4736,168473.32,867.59,INR,MOCK_FEED
POS00200520260405,PORT002,INS0009,2026-04-05,460,30.664,14105.44,375.64,EUR,MOCK_FEED
POS00200620260405,PORT002,INS0010,2026-04-05,361,82.4495,29764.27,797.83,EUR,MOCK_FEED
POS00200720260405,PORT002,INS0011,2026-04-05,4637,21.3615,99053.28,1351.84,INR,MOCK_FEED
POS00200820260405,PORT002,INS0012,2026-04-05,2766,10.8341,29967.12,919.97,USD,MOCK_FEED
POS00200920260405,PORT002,INS0013,2026-04-05,1494,28.4741,42540.31,719.08,USD,MOCK_FEED
POS00201020260405,PORT002,INS0014,2026-04-05,1691,11.0046,18608.78,382.77,GBP,MOCK_FEED
POS00200120260406,PORT002,INS0005,2026-04-06,4948,47.2351,233719.27,-3882.39,GBP,MOCK_FEED
POS00200220260406,PORT002,INS0006,2026-04-06,3295,30.5158,100549.56,244.76,EUR,MOCK_FEED
POS00200320260406,PORT002,INS0007,2026-04-06,3149,58.6647,184735.14,4549.15,GBP,MOCK_FEED
POS00200420260406,PORT002,INS0008,2026-04-06,4591,56.1587,257824.59,-5393.29,EUR,MOCK_FEED
POS00200520260406,PORT002,INS0009,2026-04-06,894,30.3557,27138.0,326.53,EUR,MOCK_FEED
POS00200620260406,PORT002,INS0010,2026-04-06,3805,82.1159,312451.0,-9331.31,INR,MOCK_FEED
POS00200720260406,PORT002,INS0011,2026-04-06,527,21.0481,11092.35,65.5,GBP,MOCK_FEED
POS00200820260406,PORT002,INS0012,2026-04-06,419,10.8208,4533.92,1.78,INR,MOCK_FEED
POS00200920260406,PORT002,INS0013,2026-04-06,2517,28.4443,71594.3,2075.65,USD,MOCK_FEED
POS00201020260406,PORT002,INS0014,2026-04-06,4493,11.0558,49673.71,976.75,USD,MOCK_FEED
POS00200120260407,PORT002,INS0005,2026-04-07,4473,46.8291,209466.56,4934.96,USD,MOCK_FEED
POS00200220260407,PORT002,INS0006,2026-04-07,287,30.4363,8735.22,301.47,USD,MOCK_FEED
POS00200320260407,PORT002,INS0007,2026-04-07,2699,58.5484,158022.13,2356.59,USD,MOCK_FEED
POS00200420260407,PORT002,INS0008,2026-04-07,3317,55.6013,184429.51,4785.54,USD,MOCK_FEED
POS00200520260407,PORT002,INS0009,2026-04-07,200,30.7718,6154.36,-133.27,INR,MOCK_FEED
POS00200620260407,PORT002,INS0010,2026-04-07,3444,80.7723,278179.8,-7366.42,USD,MOCK_FEED
POS00200720260407,PORT002,INS0011,2026-04-07,4845,21.0826,102145.2,-2073.74,USD,MOCK_FEED
POS00200820260407,PORT002,INS0012,2026-04-07,2683,10.9227,29305.6,592.48,GBP,MOCK_FEED
POS00200920260407,PORT002,INS0013,2026-04-07,3049,29.1248,88801.52,-1185.23,GBP,MOCK_FEED
POS00201020260407,PORT002,INS0014,2026-04-07,2941,11.052,32503.93,-537.5,EUR,MOCK_FEED
POS00200120260408,PORT002,INS0005,2026-04-08,1195,47.581,56859.3,-1420.24,EUR,MOCK_FEED
POS00200220260408,PORT002,INS0006,2026-04-08,1559,30.6571,47794.42,1200.94,USD,MOCK_FEED
POS00200320260408,PORT002,INS0007,2026-04-08,2656,59.4446,157884.86,1172.44,USD,MOCK_FEED
POS00200420260408,PORT002,INS0008,2026-04-08,4524,55.5375,251251.65,-7031.35,EUR,MOCK_FEED
POS00200520260408,PORT002,INS0009,2026-04-08,4181,30.9937,129584.66,4927.37,INR,MOCK_FEED
POS00200620260408,PORT002,INS0010,2026-04-08,2423,80.3624,194718.1,2911.39,EUR,MOCK_FEED
POS00200720260408,PORT002,INS0011,2026-04-08,837,21.0199,17593.66,218.68,USD,MOCK_FEED
POS00200820260408,PORT002,INS0012,2026-04-08,943,11.0328,10403.93,0.44,INR,MOCK_FEED
POS00200920260408,PORT002,INS0013,2026-04-08,3365,28.8723,97155.29,-764.88,USD,MOCK_FEED
POS00201020260408,PORT002,INS0014,2026-04-08,3967,10.9383,43392.24,966.25,INR,MOCK_FEED
POS00200120260409,PORT002,INS0005,2026-04-09,2802,46.5449,130418.81,2787.32,GBP,MOCK_FEED
POS00200220260409,PORT002,INS0006,2026-04-09,4395,30.251,132953.15,-275.3,USD,MOCK_FEED
POS00200320260409,PORT002,INS0007,2026-04-09,3054,59.3963,181396.3,3974.6,GBP,MOCK_FEED
POS00200420260409,PORT002,INS0008,2026-04-09,1030,56.3116,58000.95,521.61,INR,MOCK_FEED
POS00200520260409,PORT002,INS0009,2026-04-09,686,30.8576,21168.31,-515.2,INR,MOCK_FEED
POS00200620260409,PORT002,INS0010,2026-04-09,3198,80.8248,258477.71,10325.76,INR,MOCK_FEED
POS00200720260409,PORT002,INS0011,2026-04-09,1792,21.1505,37901.7,363.06,USD,MOCK_FEED
POS00200820260409,PORT002,INS0012,2026-04-09,2232,11.1145,24807.56,397.5,EUR,MOCK_FEED
POS00200920260409,PORT002,INS0013,2026-04-09,2932,28.864,84629.25,977.78,INR,MOCK_FEED
POS00201020260409,PORT002,INS0014,2026-04-09,2496,10.7984,26952.81,-492.66,USD,MOCK_FEED
POS00200120260410,PORT002,INS0005,2026-04-10,4772,45.7772,218448.8,3072.87,EUR,MOCK_FEED
POS00200220260410,PORT002,INS0006,2026-04-10,537,30.0589,16141.63,-110.89,INR,MOCK_FEED
POS00200320260410,PORT002,INS0007,2026-04-10,1306,60.1371,78539.05,-704.32,EUR,MOCK_FEED
POS00200420260410,PORT002,INS0008,2026-04-10,3574,54.3906,194392.0,-3867.32,INR,MOCK_FEED
POS00200520260410,PORT002,INS0009,2026-04-10,1016,30.1148,30596.64,-585.57,EUR,MOCK_FEED
POS00200620260410,PORT002,INS0010,2026-04-10,2471,80.5439,199023.98,7935.54,USD,MOCK_FEED
POS00200720260410,PORT002,INS0011,2026-04-10,1007,20.6958,20840.67,713.29,USD,MOCK_FEED
POS00200820260410,PORT002,INS0012,2026-04-10,1259,11.2836,14206.05,214.67,GBP,MOCK_FEED
POS00200920260410,PORT002,INS0013,2026-04-10,141,29.493,4158.51,2.91,EUR,MOCK_FEED
POS00201020260410,PORT002,INS0014,2026-04-10,4587,10.7679,49392.36,485.35,USD,MOCK_FEED
POS00200120260411,PORT002,INS0005,2026-04-11,1291,45.4321,58652.84,-1231.63,INR,MOCK_FEED
POS00200220260411,PORT002,INS0006,2026-04-11,2186,30.1171,65835.98,-473.97,EUR,MOCK_FEED
POS00200320260411,PORT002,INS0007,2026-04-11,1834,60.4478,110861.27,792.52,USD,MOCK_FEED
POS00200420260411,PORT002,INS0008,2026-04-11,635,53.2166,33792.54,787.69,GBP,MOCK_FEED
POS00200520260411,PORT002,INS0009,2026-04-11,3181,30.3204,96449.19,-815.25,EUR,MOCK_FEED
POS00200620260411,PORT002,INS0010,2026-04-11,1923,79.1569,152218.72,199.54,INR,MOCK_FEED
POS00200720260411,PORT002,INS0011,2026-04-11,1050,20.5,21525.0,-391.31,USD,MOCK_FEED
POS00200820260411,PORT002,INS0012,2026-04-11,701,11.3206,7935.74,134.1,USD,MOCK_FEED
POS00200920260411,PORT002,INS0013,2026-04-11,537,29.8975,16054.96,126.7,EUR,MOCK_FEED
POS00201020260411,PORT002,INS0014,2026-04-11,520,10.9452,5691.5,198.88,INR,MOCK_FEED
POS00200120260412,PORT002,INS0005,2026-04-12,450,45.0016,20250.72,654.46,INR,MOCK_FEED
POS00200220260412,PORT002,INS0006,2026-04-12,2269,29.8176,67656.13,46.65,INR,MOCK_FEED
POS00200320260412,PORT002,INS0007,2026-04-12,1273,60.2025,76637.78,-1495.5,EUR,MOCK_FEED
POS00200420260412,PORT002,INS0008,2026-04-12,2229,52.6645,117389.17,-3295.33,USD,MOCK_FEED
POS00200520260412,PORT002,INS0009,2026-04-12,3841,30.6948,117898.73,-1543.63,INR,MOCK_FEED
POS00200620260412,PORT002,INS0010,2026-04-12,2064,78.2815,161573.02,5811.85,INR,MOCK_FEED
POS00200720260412,PORT002,INS0011,2026-04-12,4062,20.6218,83765.75,-0.78,USD,MOCK_FEED
POS00200820260412,PORT002,INS0012,2026-04-12,361,11.2662,4067.1,28.33,INR,MOCK_FEED
POS00200920260412,PORT002,INS0013,2026-04-12,4676,29.5185,138028.51,530.98,USD,MOCK_FEED
POS00201020260412,PORT002,INS0014,2026-04-12,4077,10.9669,44712.05,-972.23,INR,MOCK_FEED
POS00200120260413,PORT002,INS0005,2026-04-13,2100,45.1131,94737.51,1807.47,USD,MOCK_FEED
POS00200220260413,PORT002,INS0006,2026-04-13,3369,30.0182,101131.32,-1025.27,INR,MOCK_FEED
POS00200320260413,PORT002,INS0007,2026-04-13,3840,58.0378,222865.15,107.35,EUR,MOCK_FEED
POS00200420260413,PORT002,INS0008,2026-04-13,2606,52.4005,136555.7,-3322.61,GBP,MOCK_FEED
POS00200520260413,PORT002,INS0009,2026-04-13,4771,30.8022,146957.3,-3730.64,INR,MOCK_FEED
POS00200620260413,PORT002,INS0010,2026-04-13,2866,78.233,224215.78,-4251.4,EUR,MOCK_FEED
POS00200720260413,PORT002,INS0011,2026-04-13,4500,20.578,92601.0,1739.33,EUR,MOCK_FEED
POS00200820260413,PORT002,INS0012,2026-04-13,3699,11.2507,41616.34,893.12,USD,MOCK_FEED
POS00200920260413,PORT002,INS0013,2026-04-13,908,29.5036,26789.27,-775.82,INR,MOCK_FEED
POS00201020260413,PORT002,INS0014,2026-04-13,987,11.0381,10894.6,-246.4,EUR,MOCK_FEED
POS00200120260414,PORT002,INS0005,2026-04-14,564,44.9648,25360.15,742.35,GBP,MOCK_FEED
POS00200220260414,PORT002,INS0006,2026-04-14,2836,30.2174,85696.55,-875.01,GBP,MOCK_FEED
POS00200320260414,PORT002,INS0007,2026-04-14,540,58.334,31500.36,213.02,INR,MOCK_FEED
POS00200420260414,PORT002,INS0008,2026-04-14,1188,51.6226,61327.65,282.02,GBP,MOCK_FEED
POS00200520260414,PORT002,INS0009,2026-04-14,4726,30.8239,145673.75,2803.32,USD,MOCK_FEED
POS00200620260414,PORT002,INS0010,2026-04-14,3649,78.0871,284939.83,-2229.68,USD,MOCK_FEED
POS00200720260414,PORT002,INS0011,2026-04-14,713,21.1981,15114.25,-147.78,GBP,MOCK_FEED
POS00200820260414,PORT002,INS0012,2026-04-14,2600,11.1926,29100.76,-389.41,USD,MOCK_FEED
POS00200920260414,PORT002,INS0013,2026-04-14,1523,30.1545,45925.3,749.97,GBP,MOCK_FEED
POS00201020260414,PORT002,INS0014,2026-04-14,1493,11.0861,16551.55,-122.75,USD,MOCK_FEED
POS00200120260415,PORT002,INS0005,2026-04-15,2633,43.3528,114147.92,2985.25,USD,MOCK_FEED
POS00200220260415,PORT002,INS0006,2026-04-15,4710,30.3349,142877.38,-1656.19,INR,MOCK_FEED
POS00200320260415,PORT002,INS0007,2026-04-15,1774,57.4861,101980.34,3588.69,GBP,MOCK_FEED
POS00200420260415,PORT002,INS0008,2026-04-15,1527,51.3697,78441.53,646.39,GBP,MOCK_FEED
POS00200520260415,PORT002,INS0009,2026-04-15,2193,30.8478,67649.23,330.02,GBP,MOCK_FEED
POS00200620260415,PORT002,INS0010,2026-04-15,191,76.8978,14687.48,236.71,GBP,MOCK_FEED
POS00200720260415,PORT002,INS0011,2026-04-15,3663,21.5301,78864.76,-45.66,USD,MOCK_FEED
POS00200820260415,PORT002,INS0012,2026-04-15,299,11.2382,3360.22,68.67,INR,MOCK_FEED
POS00200920260415,PORT002,INS0013,2026-04-15,3455,29.8804,103236.78,-708.09,USD,MOCK_FEED
POS00201020260415,PORT002,INS0014,2026-04-15,1913,11.1968,21419.48,463.92,EUR,MOCK_FEED
POS00200120260416,PORT002,INS0005,2026-04-16,2171,42.6817,92661.97,-559.46,GBP,MOCK_FEED
POS00200220260416,PORT002,INS0006,2026-04-16,2086,30.4768,63574.6,-989.05,EUR,MOCK_FEED
POS00200320260416,PORT002,INS0007,2026-04-16,339,57.9472,19644.1,-155.52,INR,MOCK_FEED
POS00200420260416,PORT002,INS0008,2026-04-16,4434,51.3725,227785.67,-3311.54,INR,MOCK_FEED
POS00200520260416,PORT002,INS0009,2026-04-16,3624,31.047,112514.33,-2681.58,INR,MOCK_FEED
POS00200620260416,PORT002,INS0010,2026-04-16,957,78.5687,75190.25,2528.92,USD,MOCK_FEED
POS00200720260416,PORT002,INS0011,2026-04-16,2950,21.6267,63798.76,-1262.29,GBP,MOCK_FEED
POS00200820260416,PORT002,INS0012,2026-04-16,375,11.0643,4149.11,-42.51,INR,MOCK_FEED
POS00200920260416,PORT002,INS0013,2026-04-16,1427,30.0372,42863.08,-1164.52,INR,MOCK_FEED
POS00201020260416,PORT002,INS0014,2026-04-16,906,11.2222,10167.31,75.83,GBP,MOCK_FEED
POS00200120260417,PORT002,INS0005,2026-04-17,647,42.6047,27565.24,136.45,USD,MOCK_FEED
POS00200220260417,PORT002,INS0006,2026-04-17,3651,29.6644,108304.72,-1969.97,USD,MOCK_FEED
POS00200320260417,PORT002,INS0007,2026-04-17,2818,57.8213,162940.42,-3466.72,USD,MOCK_FEED
POS00200420260417,PORT002,INS0008,2026-04-17,1373,51.967,71350.69,-1462.9,INR,MOCK_FEED
POS00200520260417,PORT002,INS0009,2026-04-17,2300,31.4488,72332.24,2782.9,GBP,MOCK_FEED
POS00200620260417,PORT002,INS0010,2026-04-17,3756,78.6051,295240.76,-5070.81,USD,MOCK_FEED
POS00200720260417,PORT002,INS0011,2026-04-17,979,21.1748,20730.13,613.54,EUR,MOCK_FEED
POS00200820260417,PORT002,INS0012,2026-04-17,3019,11.0514,33364.18,396.5,EUR,MOCK_FEED
POS00200920260417,PORT002,INS0013,2026-04-17,862,30.4094,26212.9,591.02,USD,MOCK_FEED
POS00201020260417,PORT002,INS0014,2026-04-17,2150,11.3154,24328.11,689.1,EUR,MOCK_FEED
POS00200120260418,PORT002,INS0005,2026-04-18,4045,43.0729,174229.88,-967.19,USD,MOCK_FEED
POS00200220260418,PORT002,INS0006,2026-04-18,3474,29.3618,102002.89,3386.62,USD,MOCK_FEED
POS00200320260418,PORT002,INS0007,2026-04-18,372,58.303,21688.72,176.69,GBP,MOCK_FEED
POS00200420260418,PORT002,INS0008,2026-04-18,1695,51.7383,87696.42,857.91,INR,MOCK_FEED
POS00200520260418,PORT002,INS0009,2026-04-18,1272,31.4472,40000.84,442.69,GBP,MOCK_FEED
POS00200620260418,PORT002,INS0010,2026-04-18,1488,79.0868,117681.16,-3077.96,EUR,MOCK_FEED
POS00200720260418,PORT002,INS0011,2026-04-18,3102,20.6747,64132.92,752.8,USD,MOCK_FEED
POS00200820260418,PORT002,INS0012,2026-04-18,2626,11.0665,29060.63,804.11,GBP,MOCK_FEED
POS00200920260418,PORT002,INS0013,2026-04-18,2559,30.4908,78025.96,1897.38,GBP,MOCK_FEED
POS00201020260418,PORT002,INS0014,2026-04-18,768,11.4307,8778.78,-59.06,GBP,MOCK_FEED
POS00200120260419,PORT002,INS0005,2026-04-19,4795,41.808,200469.36,5104.07,INR,MOCK_FEED
POS00200220260419,PORT002,INS0006,2026-04-19,3479,29.5825,102917.52,-847.42,EUR,MOCK_FEED
POS00200320260419,PORT002,INS0007,2026-04-19,1975,57.5907,113741.63,-1531.93,INR,MOCK_FEED
POS00200420260419,PORT002,INS0008,2026-04-19,3411,53.2775,181729.55,972.96,EUR,MOCK_FEED
POS00200520260419,PORT002,INS0009,2026-04-19,3889,31.4192,122189.27,-800.0,EUR,MOCK_FEED
POS00200620260419,PORT002,INS0010,2026-04-19,788,79.6435,62759.08,1477.6,INR,MOCK_FEED
POS00200720260419,PORT002,INS0011,2026-04-19,3609,20.3881,73580.65,-43.98,GBP,MOCK_FEED
POS00200820260419,PORT002,INS0012,2026-04-19,4513,11.0809,50008.1,-990.21,GBP,MOCK_FEED
POS00200920260419,PORT002,INS0013,2026-04-19,4620,30.3362,140153.24,-2618.52,USD,MOCK_FEED
POS00201020260419,PORT002,INS0014,2026-04-19,4424,11.5215,50971.12,107.87,EUR,MOCK_FEED
POS00300120250419,PORT003,INS0008,2025-04-19,3198,57.5731,184118.77,7059.2,INR,MOCK_FEED
POS00300220250419,PORT003,INS0009,2025-04-19,2124,26.3593,55987.15,1744.87,USD,MOCK_FEED
POS00300320250419,PORT003,INS0010,2025-04-19,1611,48.4578,78065.52,-61.6,INR,MOCK_FEED
POS00300420250419,PORT003,INS0011,2025-04-19,4772,24.5692,117244.22,-1043.41,USD,MOCK_FEED
POS00300520250419,PORT003,INS0012,2025-04-19,1109,9.4276,10455.21,-85.15,EUR,MOCK_FEED
POS00300620250419,PORT003,INS0013,2025-04-19,2414,31.5391,76135.39,1487.17,USD,MOCK_FEED
POS00300720250419,PORT003,INS0014,2025-04-19,1103,16.6603,18376.31,693.79,INR,MOCK_FEED
POS00300820250419,PORT003,INS0015,2025-04-19,190,31.0219,5894.16,-129.04,EUR,MOCK_FEED
POS00300920250419,PORT003,INS0016,2025-04-19,4429,41.7429,184879.3,-5188.63,EUR,MOCK_FEED
POS00301020250419,PORT003,INS0017,2025-04-19,2299,120.2201,276386.01,-1654.94,EUR,MOCK_FEED
POS00300120250420,PORT003,INS0008,2025-04-20,2576,57.2648,147514.12,-3428.45,GBP,MOCK_FEED
POS00300220250420,PORT003,INS0009,2025-04-20,3316,26.6092,88236.11,-1631.78,GBP,MOCK_FEED
POS00300320250420,PORT003,INS0010,2025-04-20,3606,48.4147,174583.41,-5086.97,USD,MOCK_FEED
POS00300420250420,PORT003,INS0011,2025-04-20,4369,24.4326,106746.03,-425.27,INR,MOCK_FEED
POS00300520250420,PORT003,INS0012,2025-04-20,4047,9.4766,38351.8,1308.26,EUR,MOCK_FEED
POS00300620250420,PORT003,INS0013,2025-04-20,4713,30.9901,146056.34,-205.31,GBP,MOCK_FEED
POS00300720250420,PORT003,INS0014,2025-04-20,2268,16.5869,37619.09,41.96,INR,MOCK_FEED
POS00300820250420,PORT003,INS0015,2025-04-20,311,30.7803,9572.67,75.05,EUR,MOCK_FEED
POS00300920250420,PORT003,INS0016,2025-04-20,1227,42.676,52363.45,-1380.57,GBP,MOCK_FEED
POS00301020250420,PORT003,INS0017,2025-04-20,2997,121.4218,363901.13,9134.71,USD,MOCK_FEED
POS00300120250421,PORT003,INS0008,2025-04-21,447,56.6204,25309.32,284.76,EUR,MOCK_FEED
POS00300220250421,PORT003,INS0009,2025-04-21,3440,27.1759,93485.1,2465.88,INR,MOCK_FEED
POS00300320250421,PORT003,INS0010,2025-04-21,1375,48.8431,67159.26,1803.24,USD,MOCK_FEED
POS00300420250421,PORT003,INS0011,2025-04-21,1295,24.8418,32170.13,-881.7,INR,MOCK_FEED
POS00300520250421,PORT003,INS0012,2025-04-21,2176,9.481,20630.66,479.99,EUR,MOCK_FEED
POS00300620250421,PORT003,INS0013,2025-04-21,2929,30.447,89179.26,2183.45,GBP,MOCK_FEED
POS00300720250421,PORT003,INS0014,2025-04-21,2421,16.9581,41055.56,1631.95,EUR,MOCK_FEED
POS00300820250421,PORT003,INS0015,2025-04-21,850,30.2276,25693.46,-384.49,GBP,MOCK_FEED
POS00300920250421,PORT003,INS0016,2025-04-21,4821,43.4168,209312.39,7137.78,EUR,MOCK_FEED
POS00301020250421,PORT003,INS0017,2025-04-21,1804,122.5873,221147.49,-1264.13,USD,MOCK_FEED
POS00300120250422,PORT003,INS0008,2025-04-22,4726,56.7,267964.2,-5311.77,INR,MOCK_FEED
POS00300220250422,PORT003,INS0009,2025-04-22,2908,27.4615,79858.04,1468.26,INR,MOCK_FEED
POS00300320250422,PORT003,INS0010,2025-04-22,4902,48.2856,236696.01,-517.14,EUR,MOCK_FEED
POS00300420250422,PORT003,INS0011,2025-04-22,2267,25.1946,57116.16,1120.46,GBP,MOCK_FEED
POS00300520250422,PORT003,INS0012,2025-04-22,4723,9.565,45175.49,1047.92,GBP,MOCK_FEED
POS00300620250422,PORT003,INS0013,2025-04-22,4774,30.3165,144730.97,4570.37,EUR,MOCK_FEED
POS00300720250422,PORT003,INS0014,2025-04-22,1051,16.4684,17308.29,546.43,EUR,MOCK_FEED
POS00300820250422,PORT003,INS0015,2025-04-22,4769,29.9831,142989.4,1549.76,USD,MOCK_FEED
POS00300920250422,PORT003,INS0016,2025-04-22,1599,42.9198,68628.76,402.26,INR,MOCK_FEED
POS00301020250422,PORT003,INS0017,2025-04-22,1263,123.2973,155724.49,-3714.72,EUR,MOCK_FEED
POS00300120250423,PORT003,INS0008,2025-04-23,510,56.893,29015.43,652.25,GBP,MOCK_FEED
POS00300220250423,PORT003,INS0009,2025-04-23,3181,27.3126,86881.38,1460.32,EUR,MOCK_FEED
POS00300320250423,PORT003,INS0010,2025-04-23,981,48.5865,47663.36,-658.2,GBP,MOCK_FEED
POS00300420250423,PORT003,INS0011,2025-04-23,4127,25.4379,104982.21,-2566.55,GBP,MOCK_FEED
POS00300520250423,PORT003,INS0012,2025-04-23,2301,9.6147,22123.42,23.74,GBP,MOCK_FEED
POS00300620250423,PORT003,INS0013,2025-04-23,1297,29.7176,38543.73,211.93,EUR,MOCK_FEED
POS00300720250423,PORT003,INS0014,2025-04-23,4549,16.3002,74149.61,-31.41,EUR,MOCK_FEED
POS00300820250423,PORT003,INS0015,2025-04-23,2754,30.2212,83229.18,1851.09,GBP,MOCK_FEED
POS00300920250423,PORT003,INS0016,2025-04-23,4032,42.9725,173265.12,-4422.47,GBP,MOCK_FEED
POS00301020250423,PORT003,INS0017,2025-04-23,3332,124.4262,414588.1,14771.33,EUR,MOCK_FEED
POS00300120250424,PORT003,INS0008,2025-04-24,2362,56.3845,133180.19,752.76,EUR,MOCK_FEED
POS00300220250424,PORT003,INS0009,2025-04-24,3923,27.5538,108093.56,486.66,GBP,MOCK_FEED
POS00300320250424,PORT003,INS0010,2025-04-24,856,48.2304,41285.22,4.23,EUR,MOCK_FEED
POS00300420250424,PORT003,INS0011,2025-04-24,991,24.8754,24651.52,200.79,GBP,MOCK_FEED
POS00300520250424,PORT003,INS0012,2025-04-24,1027,9.6273,9887.24,233.54,INR,MOCK_FEED
POS00300620250424,PORT003,INS0013,2025-04-24,4794,29.1981,139975.69,2367.75,GBP,MOCK_FEED
POS00300720250424,PORT003,INS0014,2025-04-24,3061,16.2165,49638.71,1572.9,GBP,MOCK_FEED
POS00300820250424,PORT003,INS0015,2025-04-24,4888,30.3834,148514.06,-2656.4,INR,MOCK_FEED
POS00300920250424,PORT003,INS0016,2025-04-24,3954,42.9852,169963.48,6440.82,USD,MOCK_FEED
POS00301020250424,PORT003,INS0017,2025-04-24,1056,123.4984,130414.31,-2258.87,USD,MOCK_FEED
POS00300120250425,PORT003,INS0008,2025-04-25,3762,57.1142,214863.62,-5899.15,EUR,MOCK_FEED
POS00300220250425,PORT003,INS0009,2025-04-25,4430,27.2946,120915.08,1355.33,USD,MOCK_FEED
POS00300320250425,PORT003,INS0010,2025-04-25,2418,48.4284,117099.87,-1614.4,INR,MOCK_FEED
POS00300420250425,PORT003,INS0011,2025-04-25,2826,25.232,71305.63,178.18,EUR,MOCK_FEED
POS00300520250425,PORT003,INS0012,2025-04-25,1035,9.6855,10024.49,284.54,EUR,MOCK_FEED
POS00300620250425,PORT003,INS0013,2025-04-25,3531,29.2645,103332.95,-864.17,USD,MOCK_FEED
POS00300720250425,PORT003,INS0014,2025-04-25,393,15.9497,6268.23,249.65,GBP,MOCK_FEED
POS00300820250425,PORT003,INS0015,2025-04-25,3097,30.489,94424.43,65.97,INR,MOCK_FEED
POS00300920250425,PORT003,INS0016,2025-04-25,770,43.409,33424.93,218.97,USD,MOCK_FEED
POS00301020250425,PORT003,INS0017,2025-04-25,3713,124.1357,460915.85,5294.23,GBP,MOCK_FEED
POS00300120250426,PORT003,INS0008,2025-04-26,2598,57.1424,148455.96,2329.18,INR,MOCK_FEED
POS00300220250426,PORT003,INS0009,2025-04-26,4187,27.083,113396.52,-3072.6,GBP,MOCK_FEED
POS00300320250426,PORT003,INS0010,2025-04-26,4481,50.0368,224214.9,6918.39,USD,MOCK_FEED
POS00300420250426,PORT003,INS0011,2025-04-26,3349,25.0041,83738.73,825.71,GBP,MOCK_FEED
POS00300520250426,PORT003,INS0012,2025-04-26,2796,9.7726,27324.19,554.18,EUR,MOCK_FEED
POS00300620250426,PORT003,INS0013,2025-04-26,3941,29.6029,116665.03,-2793.33,USD,MOCK_FEED
POS00300720250426,PORT003,INS0014,2025-04-26,1445,15.8907,22962.06,-594.81,EUR,MOCK_FEED
POS00300820250426,PORT003,INS0015,2025-04-26,3193,29.9597,95661.32,408.53,EUR,MOCK_FEED
POS00300920250426,PORT003,INS0016,2025-04-26,2557,44.1498,112891.04,114.18,INR,MOCK_FEED
POS00301020250426,PORT003,INS0017,2025-04-26,1473,123.0549,181259.87,-2254.63,GBP,MOCK_FEED
POS00300120250427,PORT003,INS0008,2025-04-27,4553,56.8679,258919.55,-5734.24,EUR,MOCK_FEED
POS00300220250427,PORT003,INS0009,2025-04-27,2568,27.1923,69829.83,540.28,GBP,MOCK_FEED
POS00300320250427,PORT003,INS0010,2025-04-27,1712,49.9616,85534.26,-964.23,GBP,MOCK_FEED
POS00300420250427,PORT003,INS0011,2025-04-27,1599,25.1181,40163.84,-709.22,USD,MOCK_FEED
POS00300520250427,PORT003,INS0012,2025-04-27,485,9.4607,4588.44,135.46,EUR,MOCK_FEED
POS00300620250427,PORT003,INS0013,2025-04-27,1556,29.2124,45454.49,-469.93,GBP,MOCK_FEED
POS00300720250427,PORT003,INS0014,2025-04-27,2574,15.7219,40468.17,-147.55,GBP,MOCK_FEED
POS00300820250427,PORT003,INS0015,2025-04-27,2870,29.7455,85369.59,55.04,INR,MOCK_FEED
POS00300920250427,PORT003,INS0016,2025-04-27,4725,45.1441,213305.87,-802.4,USD,MOCK_FEED
POS00301020250427,PORT003,INS0017,2025-04-27,1451,124.1601,180156.31,281.51,GBP,MOCK_FEED
POS00300120250428,PORT003,INS0008,2025-04-28,834,57.694,48116.8,-1057.45,INR,MOCK_FEED
POS00300220250428,PORT003,INS0009,2025-04-28,2542,27.2842,69356.44,1281.82,EUR,MOCK_FEED
POS00300320250428,PORT003,INS0010,2025-04-28,3351,49.8212,166950.84,-1146.43,GBP,MOCK_FEED
POS00300420250428,PORT003,INS0011,2025-04-28,593,25.2356,14964.71,369.84,EUR,MOCK_FEED
POS00300520250428,PORT003,INS0012,2025-04-28,2747,9.4804,26042.66,-583.34,USD,MOCK_FEED
POS00300620250428,PORT003,INS0013,2025-04-28,1887,29.4068,55490.63,-1390.02,INR,MOCK_FEED
POS00300720250428,PORT003,INS0014,2025-04-28,2366,15.4814,36628.99,1283.2,USD,MOCK_FEED
POS00300820250428,PORT003,INS0015,2025-04-28,2085,29.9322,62408.64,2343.65,GBP,MOCK_FEED
POS00300920250428,PORT003,INS0016,2025-04-28,228,45.4425,10360.89,350.4,INR,MOCK_FEED
POS00301020250428,PORT003,INS0017,2025-04-28,1716,124.1994,213126.17,2371.85,INR,MOCK_FEED
POS00300120250429,PORT003,INS0008,2025-04-29,1445,56.9839,82341.74,2905.78,GBP,MOCK_FEED
POS00300220250429,PORT003,INS0009,2025-04-29,1687,27.2731,46009.72,641.07,INR,MOCK_FEED
POS00300320250429,PORT003,INS0010,2025-04-29,1370,49.6905,68075.99,-1916.59,INR,MOCK_FEED
POS00300420250429,PORT003,INS0011,2025-04-29,3463,25.1582,87122.85,-722.6,GBP,MOCK_FEED
POS00300520250429,PORT003,INS0012,2025-04-29,1456,9.3479,13610.54,-405.83,GBP,MOCK_FEED
POS00300620250429,PORT003,INS0013,2025-04-29,4751,29.4761,140040.95,-1879.82,EUR,MOCK_FEED
POS00300720250429,PORT003,INS0014,2025-04-29,3749,15.1877,56938.69,1525.55,INR,MOCK_FEED
POS00300820250429,PORT003,INS0015,2025-04-29,2589,30.2524,78323.46,-596.3,INR,MOCK_FEED
POS00300920250429,PORT003,INS0016,2025-04-29,4038,44.548,179884.82,-4619.33,USD,MOCK_FEED
POS00301020250429,PORT003,INS0017,2025-04-29,977,125.5287,122641.54,3539.81,EUR,MOCK_FEED
POS00300120250430,PORT003,INS0008,2025-04-30,1378,57.5265,79271.52,2097.9,USD,MOCK_FEED
POS00300220250430,PORT003,INS0009,2025-04-30,3488,27.2719,95124.39,2641.52,EUR,MOCK_FEED
POS00300320250430,PORT003,INS0010,2025-04-30,855,49.4893,42313.35,1334.19,INR,MOCK_FEED
POS00300420250430,PORT003,INS0011,2025-04-30,4450,25.1389,111868.1,-2514.81,INR,MOCK_FEED
POS00300520250430,PORT003,INS0012,2025-04-30,3090,9.4071,29067.94,-133.53,GBP,MOCK_FEED
POS00300620250430,PORT003,INS0013,2025-04-30,4014,29.4294,118129.61,-531.15,EUR,MOCK_FEED
POS00300720250430,PORT003,INS0014,2025-04-30,165,15.0297,2479.9,-32.13,EUR,MOCK_FEED
POS00300820250430,PORT003,INS0015,2025-04-30,1566,30.2638,47393.11,1625.31,USD,MOCK_FEED
POS00300920250430,PORT003,INS0016,2025-04-30,3411,44.8725,153060.1,-2703.73,EUR,MOCK_FEED
POS00301020250430,PORT003,INS0017,2025-04-30,4146,122.9899,509916.13,16829.02,USD,MOCK_FEED
POS00300120250501,PORT003,INS0008,2025-05-01,132,57.7729,7626.02,-162.81,GBP,MOCK_FEED
POS00300220250501,PORT003,INS0009,2025-05-01,4227,27.4732,116129.22,-2822.1,EUR,MOCK_FEED
POS00300320250501,PORT003,INS0010,2025-05-01,3189,49.815,158860.04,948.32,USD,MOCK_FEED
POS00300420250501,PORT003,INS0011,2025-05-01,3016,25.4003,76607.3,1370.49,INR,MOCK_FEED
POS00300520250501,PORT003,INS0012,2025-05-01,1427,9.5272,13595.31,241.07,EUR,MOCK_FEED
POS00300620250501,PORT003,INS0013,2025-05-01,4082,29.8267,121752.59,674.74,EUR,MOCK_FEED
POS00300720250501,PORT003,INS0014,2025-05-01,3663,15.0673,55191.52,1856.53,GBP,MOCK_FEED
POS00300820250501,PORT003,INS0015,2025-05-01,4507,30.1244,135770.67,1511.97,INR,MOCK_FEED
POS00300920250501,PORT003,INS0016,2025-05-01,2051,45.3073,92925.27,-2011.3,GBP,MOCK_FEED
POS00301020250501,PORT003,INS0017,2025-05-01,231,122.9037,28390.75,646.76,EUR,MOCK_FEED
POS00300120250502,PORT003,INS0008,2025-05-02,3600,57.5978,207352.08,-356.82,USD,MOCK_FEED
POS00300220250502,PORT003,INS0009,2025-05-02,298,27.832,8293.94,317.91,INR,MOCK_FEED
POS00300320250502,PORT003,INS0010,2025-05-02,3556,50.1025,178164.49,7032.76,USD,MOCK_FEED
POS00300420250502,PORT003,INS0011,2025-05-02,1964,25.1909,49474.93,-562.61,GBP,MOCK_FEED
POS00300520250502,PORT003,INS0012,2025-05-02,469,9.5239,4466.71,-118.5,USD,MOCK_FEED
POS00300620250502,PORT003,INS0013,2025-05-02,1769,29.9925,53056.73,1423.87,INR,MOCK_FEED
POS00300720250502,PORT003,INS0014,2025-05-02,919,14.5742,13393.69,274.65,EUR,MOCK_FEED
POS00300820250502,PORT003,INS0015,2025-05-02,184,30.4285,5598.84,60.74,USD,MOCK_FEED
POS00300920250502,PORT003,INS0016,2025-05-02,125,44.2526,5531.57,-101.38,USD,MOCK_FEED
POS00301020250502,PORT003,INS0017,2025-05-02,3050,124.3229,379184.85,2178.29,GBP,MOCK_FEED
POS00300120250503,PORT003,INS0008,2025-05-03,4131,58.184,240358.1,4307.66,EUR,MOCK_FEED
POS00300220250503,PORT003,INS0009,2025-05-03,2040,28.13,57385.2,-1197.99,EUR,MOCK_FEED
POS00300320250503,PORT003,INS0010,2025-05-03,828,50.1683,41539.35,661.0,USD,MOCK_FEED
POS00300420250503,PORT003,INS0011,2025-05-03,716,24.8083,17762.74,633.29,EUR,MOCK_FEED
POS00300520250503,PORT003,INS0012,2025-05-03,1913,9.3942,17971.1,-58.16,INR,MOCK_FEED
POS00300620250503,PORT003,INS0013,2025-05-03,3958,29.7141,117608.41,1543.49,INR,MOCK_FEED
POS00300720250503,PORT003,INS0014,2025-05-03,4880,14.7155,71811.64,-310.4,INR,MOCK_FEED
POS00300820250503,PORT003,INS0015,2025-05-03,4388,30.6941,134685.71,4189.03,EUR,MOCK_FEED
POS00300920250503,PORT003,INS0016,2025-05-03,811,44.2887,35918.14,1107.58,EUR,MOCK_FEED
POS00301020250503,PORT003,INS0017,2025-05-03,3609,122.7795,443111.22,-2152.48,GBP,MOCK_FEED
POS00300120250504,PORT003,INS0008,2025-05-04,4666,57.7398,269413.91,4112.38,USD,MOCK_FEED
POS00300220250504,PORT003,INS0009,2025-05-04,3199,27.9489,89408.53,-259.45,USD,MOCK_FEED
POS00300320250504,PORT003,INS0010,2025-05-04,4630,50.4624,233640.91,9166.92,USD,MOCK_FEED
POS00300420250504,PORT003,INS0011,2025-05-04,291,24.8373,7227.65,114.69,INR,MOCK_FEED
POS00300520250504,PORT003,INS0012,2025-05-04,1983,9.388,18616.4,177.44,USD,MOCK_FEED
POS00300620250504,PORT003,INS0013,2025-05-04,659,30.0925,19830.96,698.81,GBP,MOCK_FEED
POS00300720250504,PORT003,INS0014,2025-05-04,3400,14.8519,50496.46,1118.84,EUR,MOCK_FEED
POS00300820250504,PORT003,INS0015,2025-05-04,4656,30.6313,142619.33,4444.7,USD,MOCK_FEED
POS00300920250504,PORT003,INS0016,2025-05-04,4936,43.5858,215139.51,7224.0,USD,MOCK_FEED
POS00301020250504,PORT003,INS0017,2025-05-04,4252,123.2035,523861.28,-7470.69,USD,MOCK_FEED
POS00300120250505,PORT003,INS0008,2025-05-05,1541,57.8755,89186.15,3121.23,INR,MOCK_FEED
POS00300220250505,PORT003,INS0009,2025-05-05,4119,28.0065,115358.77,-1051.96,EUR,MOCK_FEED
POS00300320250505,PORT003,INS0010,2025-05-05,3214,50.0043,160713.82,1862.02,USD,MOCK_FEED
POS00300420250505,PORT003,INS0011,2025-05-05,1048,25.4144,26634.29,1052.17,USD,MOCK_FEED
POS00300520250505,PORT003,INS0012,2025-05-05,2773,9.5163,26388.7,662.64,GBP,MOCK_FEED
POS00300620250505,PORT003,INS0013,2025-05-05,4401,29.484,129759.08,3600.35,GBP,MOCK_FEED
POS00300720250505,PORT003,INS0014,2025-05-05,2049,15.0978,30935.39,-321.35,GBP,MOCK_FEED
POS00300820250505,PORT003,INS0015,2025-05-05,4233,29.7374,125878.41,1030.15,USD,MOCK_FEED
POS00300920250505,PORT003,INS0016,2025-05-05,739,43.5041,32149.53,-446.61,GBP,MOCK_FEED
POS00301020250505,PORT003,INS0017,2025-05-05,955,119.8307,114438.32,-2811.08,INR,MOCK_FEED
POS00300120250506,PORT003,INS0008,2025-05-06,948,57.7585,54755.06,1581.46,INR,MOCK_FEED
POS00300220250506,PORT003,INS0009,2025-05-06,3924,27.8791,109397.59,-3278.76,GBP,MOCK_FEED
POS00300320250506,PORT003,INS0010,2025-05-06,1725,50.5714,87235.66,351.11,GBP,MOCK_FEED
POS00300420250506,PORT003,INS0011,2025-05-06,1340,25.3402,33955.87,752.1,EUR,MOCK_FEED
POS00300520250506,PORT003,INS0012,2025-05-06,435,9.6115,4181.0,95.87,GBP,MOCK_FEED
POS00300620250506,PORT003,INS0013,2025-05-06,300,29.301,8790.3,41.28,EUR,MOCK_FEED
POS00300720250506,PORT003,INS0014,2025-05-06,462,15.1447,6996.85,111.76,GBP,MOCK_FEED
POS00300820250506,PORT003,INS0015,2025-05-06,1448,29.6128,42879.33,997.75,EUR,MOCK_FEED
POS00300920250506,PORT003,INS0016,2025-05-06,3560,43.5082,154889.19,-1713.7,EUR,MOCK_FEED
POS00301020250506,PORT003,INS0017,2025-05-06,3736,119.864,447811.9,-5269.29,INR,MOCK_FEED
POS00300120250507,PORT003,INS0008,2025-05-07,3524,57.134,201340.22,7275.76,INR,MOCK_FEED
POS00300220250507,PORT003,INS0009,2025-05-07,4065,27.8539,113226.1,-2682.26,GBP,MOCK_FEED
POS00300320250507,PORT003,INS0010,2025-05-07,358,51.1288,18304.11,71.56,GBP,MOCK_FEED
POS00300420250507,PORT003,INS0011,2025-05-07,1762,25.1035,44232.37,-1022.76,EUR,MOCK_FEED
POS00300520250507,PORT003,INS0012,2025-05-07,4215,9.6563,40701.3,-1118.64,INR,MOCK_FEED
POS00300620250507,PORT003,INS0013,2025-05-07,2725,28.9321,78839.97,1543.26,GBP,MOCK_FEED
POS00300720250507,PORT003,INS0014,2025-05-07,548,15.2784,8372.56,-68.78,USD,MOCK_FEED
POS00300820250507,PORT003,INS0015,2025-05-07,3166,29.9141,94708.04,3041.89,EUR,MOCK_FEED
POS00300920250507,PORT003,INS0016,2025-05-07,2911,44.2136,128705.79,3771.79,EUR,MOCK_FEED
POS00301020250507,PORT003,INS0017,2025-05-07,2058,118.6377,244156.39,5650.84,USD,MOCK_FEED
POS00300120250508,PORT003,INS0008,2025-05-08,4217,58.0044,244604.55,9248.8,GBP,MOCK_FEED
POS00300220250508,PORT003,INS0009,2025-05-08,1011,27.9495,28256.94,-648.85,USD,MOCK_FEED
POS00300320250508,PORT003,INS0010,2025-05-08,1848,51.9854,96069.02,-64.87,USD,MOCK_FEED
POS00300420250508,PORT003,INS0011,2025-05-08,3184,24.9006,79283.51,1004.43,EUR,MOCK_FEED
POS00300520250508,PORT003,INS0012,2025-05-08,4810,9.7134,46721.45,-1339.92,USD,MOCK_FEED
POS00300620250508,PORT003,INS0013,2025-05-08,2694,29.6853,79972.2,-71.4,USD,MOCK_FEED
POS00300720250508,PORT003,INS0014,2025-05-08,1043,15.0772,15725.52,5.32,USD,MOCK_FEED
POS00300820250508,PORT003,INS0015,2025-05-08,4555,29.9357,136357.11,1644.87,GBP,MOCK_FEED
POS00300920250508,PORT003,INS0016,2025-05-08,131,43.3033,5672.73,210.32,USD,MOCK_FEED
POS00301020250508,PORT003,INS0017,2025-05-08,1221,119.7204,146178.61,4722.3,EUR,MOCK_FEED
POS00300120250509,PORT003,INS0008,2025-05-09,2743,59.1369,162212.52,3526.7,USD,MOCK_FEED
POS00300220250509,PORT003,INS0009,2025-05-09,1684,28.4407,47894.14,1499.75,GBP,MOCK_FEED
POS00300320250509,PORT003,INS0010,2025-05-09,343,52.3242,17947.2,-364.85,EUR,MOCK_FEED
POS00300420250509,PORT003,INS0011,2025-05-09,1047,24.2384,25377.6,143.41,INR,MOCK_FEED
POS00300520250509,PORT003,INS0012,2025-05-09,4719,9.7832,46166.92,-1243.14,INR,MOCK_FEED
POS00300620250509,PORT003,INS0013,2025-05-09,3908,29.3528,114710.74,1688.12,GBP,MOCK_FEED
POS00300720250509,PORT003,INS0014,2025-05-09,3276,15.0916,49440.08,675.47,GBP,MOCK_FEED
POS00300820250509,PORT003,INS0015,2025-05-09,2249,29.5656,66493.03,1277.68,USD,MOCK_FEED
POS00300920250509,PORT003,INS0016,2025-05-09,2287,43.2828,98987.76,569.48,USD,MOCK_FEED
POS00301020250509,PORT003,INS0017,2025-05-09,1839,119.1544,219124.94,-2463.49,INR,MOCK_FEED
POS00300120250510,PORT003,INS0008,2025-05-10,3977,59.4331,236365.44,7723.97,EUR,MOCK_FEED
POS00300220250510,PORT003,INS0009,2025-05-10,4259,29.0506,123726.51,-486.88,INR,MOCK_FEED
POS00300320250510,PORT003,INS0010,2025-05-10,3202,51.7831,165809.49,1447.38,USD,MOCK_FEED
POS00300420250510,PORT003,INS0011,2025-05-10,4138,23.8012,98489.37,1630.47,GBP,MOCK_FEED
POS00300520250510,PORT003,INS0012,2025-05-10,3980,9.8114,39049.37,1362.54,GBP,MOCK_FEED
POS00300620250510,PORT003,INS0013,2025-05-10,2757,29.6373,81710.04,3255.63,INR,MOCK_FEED
POS00300720250510,PORT003,INS0014,2025-05-10,4735,15.0851,71427.95,773.43,USD,MOCK_FEED
POS00300820250510,PORT003,INS0015,2025-05-10,2750,29.6264,81472.6,-947.24,GBP,MOCK_FEED
POS00300920250510,PORT003,INS0016,2025-05-10,1254,43.6377,54721.68,303.91,GBP,MOCK_FEED
POS00301020250510,PORT003,INS0017,2025-05-10,4894,120.6352,590388.67,-2892.13,INR,MOCK_FEED
POS00300120250511,PORT003,INS0008,2025-05-11,433,58.095,25155.13,171.42,EUR,MOCK_FEED
POS00300220250511,PORT003,INS0009,2025-05-11,927,29.3021,27163.05,62.02,INR,MOCK_FEED
POS00300320250511,PORT003,INS0010,2025-05-11,2539,52.1752,132472.83,3718.04,INR,MOCK_FEED
POS00300420250511,PORT003,INS0011,2025-05-11,1886,23.1439,43649.4,1520.76,GBP,MOCK_FEED
POS00300520250511,PORT003,INS0012,2025-05-11,3155,9.9874,31510.25,-724.04,USD,MOCK_FEED
POS00300620250511,PORT003,INS0013,2025-05-11,3484,29.895,104154.18,2266.47,USD,MOCK_FEED
POS00300720250511,PORT003,INS0014,2025-05-11,1453,15.4412,22436.06,501.78,USD,MOCK_FEED
POS00300820250511,PORT003,INS0015,2025-05-11,2235,29.7283,66442.75,2260.66,GBP,MOCK_FEED
POS00300920250511,PORT003,INS0016,2025-05-11,2310,43.5822,100674.88,1734.51,USD,MOCK_FEED
POS00301020250511,PORT003,INS0017,2025-05-11,4251,119.4688,507861.87,14418.46,GBP,MOCK_FEED
POS00300120250512,PORT003,INS0008,2025-05-12,3084,56.9227,175549.61,-1758.3,GBP,MOCK_FEED
POS00300220250512,PORT003,INS0009,2025-05-12,4870,29.0645,141544.11,132.95,USD,MOCK_FEED
POS00300320250512,PORT003,INS0010,2025-05-12,4127,52.5761,216981.56,-3708.87,INR,MOCK_FEED
POS00300420250512,PORT003,INS0011,2025-05-12,1881,23.6529,44491.1,-1312.99,INR,MOCK_FEED
POS00300520250512,PORT003,INS0012,2025-05-12,4409,10.1772,44871.27,1635.47,INR,MOCK_FEED
POS00300620250512,PORT003,INS0013,2025-05-12,4413,30.1598,133095.2,-191.26,EUR,MOCK_FEED
POS00300720250512,PORT003,INS0014,2025-05-12,700,15.5612,10892.84,202.86,EUR,MOCK_FEED
POS00300820250512,PORT003,INS0015,2025-05-12,455,29.0968,13239.04,148.63,GBP,MOCK_FEED
POS00300920250512,PORT003,INS0016,2025-05-12,1467,43.7146,64129.32,1638.0,GBP,MOCK_FEED
POS00301020250512,PORT003,INS0017,2025-05-12,2397,118.2205,283374.54,1464.29,INR,MOCK_FEED
POS00300120250513,PORT003,INS0008,2025-05-13,4638,57.693,267580.13,-6851.89,INR,MOCK_FEED
POS00300220250513,PORT003,INS0009,2025-05-13,3056,29.2676,89441.79,1554.59,INR,MOCK_FEED
POS00300320250513,PORT003,INS0010,2025-05-13,2983,52.672,157120.58,-2261.83,INR,MOCK_FEED
POS00300420250513,PORT003,INS0011,2025-05-13,2136,23.6882,50598.0,437.22,EUR,MOCK_FEED
POS00300520250513,PORT003,INS0012,2025-05-13,4666,10.0412,46852.24,1780.8,USD,MOCK_FEED
POS00300620250513,PORT003,INS0013,2025-05-13,1360,30.0577,40878.47,-693.47,USD,MOCK_FEED
POS00300720250513,PORT003,INS0014,2025-05-13,1879,15.466,29060.61,832.91,EUR,MOCK_FEED
POS00300820250513,PORT003,INS0015,2025-05-13,139,29.1746,4055.27,-40.14,EUR,MOCK_FEED
POS00300920250513,PORT003,INS0016,2025-05-13,3619,42.9481,155429.17,-3479.49,EUR,MOCK_FEED
POS00301020250513,PORT003,INS0017,2025-05-13,2031,120.2956,244320.36,-6377.09,EUR,MOCK_FEED
POS00300120250514,PORT003,INS0008,2025-05-14,3076,58.3422,179460.61,5516.21,GBP,MOCK_FEED
POS00300220250514,PORT003,INS0009,2025-05-14,1832,29.5698,54171.87,1769.67,EUR,MOCK_FEED
POS00300320250514,PORT003,INS0010,2025-05-14,4533,52.1667,236471.65,8824.67,EUR,MOCK_FEED
POS00300420250514,PORT003,INS0011,2025-05-14,1646,23.6019,38848.73,703.28,USD,MOCK_FEED
POS00300520250514,PORT003,INS0012,2025-05-14,1421,10.1882,14477.43,348.53,USD,MOCK_FEED
POS00300620250514,PORT003,INS0013,2025-05-14,293,31.4246,9207.41,73.15,GBP,MOCK_FEED
POS00300720250514,PORT003,INS0014,2025-05-14,860,15.2162,13085.93,124.56,INR,MOCK_FEED
POS00300820250514,PORT003,INS0015,2025-05-14,4428,29.1383,129024.39,4475.78,USD,MOCK_FEED
POS00300920250514,PORT003,INS0016,2025-05-14,4430,44.1942,195780.31,-1068.92,INR,MOCK_FEED
POS00301020250514,PORT003,INS0017,2025-05-14,3801,120.7132,458830.87,8679.1,INR,MOCK_FEED
POS00300120250515,PORT003,INS0008,2025-05-15,4157,57.7447,240044.72,-7088.19,INR,MOCK_FEED
POS00300220250515,PORT003,INS0009,2025-05-15,3635,29.2402,106288.13,-1847.02,INR,MOCK_FEED
POS00300320250515,PORT003,INS0010,2025-05-15,4846,52.2908,253401.22,1503.33,USD,MOCK_FEED
POS00300420250515,PORT003,INS0011,2025-05-15,3195,23.8571,76223.43,239.85,INR,MOCK_FEED
POS00300520250515,PORT003,INS0012,2025-05-15,1251,10.2121,12775.34,278.59,USD,MOCK_FEED
POS00300620250515,PORT003,INS0013,2025-05-15,973,31.147,30306.03,367.16,USD,MOCK_FEED
POS00300720250515,PORT003,INS0014,2025-05-15,4737,15.5189,73513.03,762.38,GBP,MOCK_FEED
POS00300820250515,PORT003,INS0015,2025-05-15,3059,29.0914,88990.59,-501.47,INR,MOCK_FEED
POS00300920250515,PORT003,INS0016,2025-05-15,4373,44.8298,196040.72,4443.44,USD,MOCK_FEED
POS00301020250515,PORT003,INS0017,2025-05-15,355,124.5886,44228.95,1755.79,INR,MOCK_FEED
POS00300120250516,PORT003,INS0008,2025-05-16,3644,57.4819,209464.04,2544.39,EUR,MOCK_FEED
POS00300220250516,PORT003,INS0009,2025-05-16,3752,29.7145,111488.8,2232.52,EUR,MOCK_FEED
POS00300320250516,PORT003,INS0010,2025-05-16,3761,51.9387,195341.45,-5428.81,EUR,MOCK_FEED
POS00300420250516,PORT003,INS0011,2025-05-16,1168,23.6205,27588.74,762.1,USD,MOCK_FEED
POS00300520250516,PORT003,INS0012,2025-05-16,4801,10.2617,49266.42,1914.89,USD,MOCK_FEED
POS00300620250516,PORT003,INS0013,2025-05-16,3640,31.1809,113498.48,673.3,USD,MOCK_FEED
POS00300720250516,PORT003,INS0014,2025-05-16,3936,15.3806,60538.04,-1020.8,GBP,MOCK_FEED
POS00300820250516,PORT003,INS0015,2025-05-16,3660,29.1396,106650.94,-834.71,INR,MOCK_FEED
POS00300920250516,PORT003,INS0016,2025-05-16,4990,44.675,222928.25,-2177.92,USD,MOCK_FEED
POS00301020250516,PORT003,INS0017,2025-05-16,4801,121.9658,585557.81,5561.66,EUR,MOCK_FEED
POS00300120250517,PORT003,INS0008,2025-05-17,1761,58.1371,102379.43,-758.99,EUR,MOCK_FEED
POS00300220250517,PORT003,INS0009,2025-05-17,808,29.6587,23964.23,583.51,GBP,MOCK_FEED
POS00300320250517,PORT003,INS0010,2025-05-17,2409,52.0937,125493.72,4524.75,EUR,MOCK_FEED
POS00300420250517,PORT003,INS0011,2025-05-17,3049,23.6805,72201.84,184.48,GBP,MOCK_FEED
POS00300520250517,PORT003,INS0012,2025-05-17,2073,10.2921,21335.52,-91.5,USD,MOCK_FEED
POS00300620250517,PORT003,INS0013,2025-05-17,4345,30.7801,133739.53,-1876.59,INR,MOCK_FEED
POS00300720250517,PORT003,INS0014,2025-05-17,1273,15.5468,19791.08,276.91,INR,MOCK_FEED
POS00300820250517,PORT003,INS0015,2025-05-17,2328,29.0155,67548.08,-1548.84,EUR,MOCK_FEED
POS00300920250517,PORT003,INS0016,2025-05-17,441,43.7867,19309.93,-86.34,USD,MOCK_FEED
POS00301020250517,PORT003,INS0017,2025-05-17,4589,120.9721,555140.97,-7002.54,GBP,MOCK_FEED
POS00300120250518,PORT003,INS0008,2025-05-18,4427,58.3662,258387.17,7047.84,INR,MOCK_FEED
POS00300220250518,PORT003,INS0009,2025-05-18,4026,30.2345,121724.1,-29.91,EUR,MOCK_FEED
POS00300320250518,PORT003,INS0010,2025-05-18,4582,52.4767,240448.24,3048.49,GBP,MOCK_FEED
POS00300420250518,PORT003,INS0011,2025-05-18,3769,24.147,91010.04,-2405.81,EUR,MOCK_FEED
POS00300520250518,PORT003,INS0012,2025-05-18,4833,10.2453,49515.53,-59.61,EUR,MOCK_FEED
POS00300620250518,PORT003,INS0013,2025-05-18,1310,30.756,40290.36,881.0,GBP,MOCK_FEED
POS00300720250518,PORT003,INS0014,2025-05-18,1224,15.2268,18637.6,482.97,EUR,MOCK_FEED
POS00300820250518,PORT003,INS0015,2025-05-18,1153,29.3232,33809.65,266.08,USD,MOCK_FEED
POS00300920250518,PORT003,INS0016,2025-05-18,1743,42.7999,74600.23,2706.67,USD,MOCK_FEED
POS00301020250518,PORT003,INS0017,2025-05-18,1687,120.0,202440.0,2951.08,USD,MOCK_FEED
POS00300120250519,PORT003,INS0008,2025-05-19,3116,58.669,182812.6,3863.78,INR,MOCK_FEED
POS00300220250519,PORT003,INS0009,2025-05-19,3090,30.3317,93724.95,1960.87,INR,MOCK_FEED
POS00300320250519,PORT003,INS0010,2025-05-19,3068,52.5141,161113.26,-4042.95,GBP,MOCK_FEED
POS00300420250519,PORT003,INS0011,2025-05-19,2565,23.4096,60045.62,1103.12,USD,MOCK_FEED
POS00300520250519,PORT003,INS0012,2025-05-19,3107,10.1835,31640.13,1221.24,GBP,MOCK_FEED
POS00300620250519,PORT003,INS0013,2025-05-19,2292,30.4575,69808.59,244.52,EUR,MOCK_FEED
POS00300720250519,PORT003,INS0014,2025-05-19,4159,15.191,63179.37,-1783.96,GBP,MOCK_FEED
POS00300820250519,PORT003,INS0015,2025-05-19,2798,29.4548,82414.53,-1555.72,USD,MOCK_FEED
POS00300920250519,PORT003,INS0016,2025-05-19,3474,43.4713,151019.3,-2326.76,GBP,MOCK_FEED
POS00301020250519,PORT003,INS0017,2025-05-19,4864,118.7595,577646.21,13945.57,EUR,MOCK_FEED
POS00300120250520,PORT003,INS0008,2025-05-20,4721,59.2822,279871.27,8378.41,EUR,MOCK_FEED
POS00300220250520,PORT003,INS0009,2025-05-20,127,30.4967,3873.08,8.33,INR,MOCK_FEED
POS00300320250520,PORT003,INS0010,2025-05-20,1976,53.5848,105883.56,3559.39,GBP,MOCK_FEED
POS00300420250520,PORT003,INS0011,2025-05-20,4571,23.3349,106663.83,-276.44,EUR,MOCK_FEED
POS00300520250520,PORT003,INS0012,2025-05-20,970,10.2954,9986.54,-265.12,EUR,MOCK_FEED
POS00300620250520,PORT003,INS0013,2025-05-20,3633,31.1178,113050.97,-3126.84,USD,MOCK_FEED
POS00300720250520,PORT003,INS0014,2025-05-20,3444,15.4364,53162.96,-1468.21,GBP,MOCK_FEED
POS00300820250520,PORT003,INS0015,2025-05-20,1485,29.4738,43768.59,507.04,EUR,MOCK_FEED
POS00300920250520,PORT003,INS0016,2025-05-20,1152,43.9541,50635.12,1740.28,USD,MOCK_FEED
POS00301020250520,PORT003,INS0017,2025-05-20,1071,117.1826,125502.56,-3076.65,INR,MOCK_FEED
POS00300120250521,PORT003,INS0008,2025-05-21,2939,58.2693,171253.47,-3195.24,GBP,MOCK_FEED
POS00300220250521,PORT003,INS0009,2025-05-21,966,30.1601,29134.66,915.95,INR,MOCK_FEED
POS00300320250521,PORT003,INS0010,2025-05-21,3746,53.466,200283.64,-4821.01,EUR,MOCK_FEED
POS00300420250521,PORT003,INS0011,2025-05-21,3896,23.4176,91234.97,2786.68,EUR,MOCK_FEED
POS00300520250521,PORT003,INS0012,2025-05-21,2729,10.2438,27955.33,-245.91,GBP,MOCK_FEED
POS00300620250521,PORT003,INS0013,2025-05-21,450,30.9586,13931.37,-268.75,USD,MOCK_FEED
POS00300720250521,PORT003,INS0014,2025-05-21,2257,15.0608,33992.23,-282.04,USD,MOCK_FEED
POS00300820250521,PORT003,INS0015,2025-05-21,2827,29.461,83286.25,-1043.42,USD,MOCK_FEED
POS00300920250521,PORT003,INS0016,2025-05-21,428,44.2553,18941.27,671.84,GBP,MOCK_FEED
POS00301020250521,PORT003,INS0017,2025-05-21,3814,118.4361,451715.29,8479.87,EUR,MOCK_FEED
POS00300120250522,PORT003,INS0008,2025-05-22,2486,58.5361,145520.74,4364.69,INR,MOCK_FEED
POS00300220250522,PORT003,INS0009,2025-05-22,2975,30.1877,89808.41,1995.23,INR,MOCK_FEED
POS00300320250522,PORT003,INS0010,2025-05-22,845,54.3125,45894.06,-1278.62,USD,MOCK_FEED
POS00300420250522,PORT003,INS0011,2025-05-22,3303,23.2738,76873.36,-2251.06,USD,MOCK_FEED
POS00300520250522,PORT003,INS0012,2025-05-22,209,10.0341,2097.13,48.27,USD,MOCK_FEED
POS00300620250522,PORT003,INS0013,2025-05-22,1169,31.0693,36320.01,507.46,INR,MOCK_FEED
POS00300720250522,PORT003,INS0014,2025-05-22,2280,15.0515,34317.42,26.4,EUR,MOCK_FEED
POS00300820250522,PORT003,INS0015,2025-05-22,706,29.624,20914.54,-65.43,USD,MOCK_FEED
POS00300920250522,PORT003,INS0016,2025-05-22,4656,44.3128,206320.4,-806.31,GBP,MOCK_FEED
POS00301020250522,PORT003,INS0017,2025-05-22,3937,119.3912,470043.15,15288.32,EUR,MOCK_FEED
POS00300120250523,PORT003,INS0008,2025-05-23,3945,58.5866,231124.14,-65.64,GBP,MOCK_FEED
POS00300220250523,PORT003,INS0009,2025-05-23,1944,29.4987,57345.47,-935.25,GBP,MOCK_FEED
POS00300320250523,PORT003,INS0010,2025-05-23,3883,53.449,207542.47,4420.69,USD,MOCK_FEED
POS00300420250523,PORT003,INS0011,2025-05-23,2467,23.0918,56967.47,-778.66,GBP,MOCK_FEED
POS00300520250523,PORT003,INS0012,2025-05-23,790,9.9157,7833.4,213.01,INR,MOCK_FEED
POS00300620250523,PORT003,INS0013,2025-05-23,2987,32.8596,98151.63,1278.25,EUR,MOCK_FEED
POS00300720250523,PORT003,INS0014,2025-05-23,3647,14.8818,54273.92,1162.04,USD,MOCK_FEED
POS00300820250523,PORT003,INS0015,2025-05-23,4431,29.8886,132436.39,1667.96,GBP,MOCK_FEED
POS00300920250523,PORT003,INS0016,2025-05-23,2219,45.2647,100442.37,1085.92,INR,MOCK_FEED
POS00301020250523,PORT003,INS0017,2025-05-23,2810,116.7831,328160.51,6218.44,INR,MOCK_FEED
POS00300120250524,PORT003,INS0008,2025-05-24,2435,58.8927,143403.72,-2081.64,EUR,MOCK_FEED
POS00300220250524,PORT003,INS0009,2025-05-24,3835,29.5593,113359.92,3845.8,INR,MOCK_FEED
POS00300320250524,PORT003,INS0010,2025-05-24,4804,52.6332,252849.89,7833.46,GBP,MOCK_FEED
POS00300420250524,PORT003,INS0011,2025-05-24,2847,23.2534,66202.43,-1394.91,EUR,MOCK_FEED
POS00300520250524,PORT003,INS0012,2025-05-24,3116,9.854,30705.06,309.82,GBP,MOCK_FEED
POS00300620250524,PORT003,INS0013,2025-05-24,4853,32.1716,156128.77,694.57,EUR,MOCK_FEED
POS00300720250524,PORT003,INS0014,2025-05-24,3114,14.8149,46133.6,533.91,GBP,MOCK_FEED
POS00300820250524,PORT003,INS0015,2025-05-24,3004,30.4789,91558.62,-2298.55,USD,MOCK_FEED
POS00300920250524,PORT003,INS0016,2025-05-24,2150,44.6988,96102.42,1228.18,INR,MOCK_FEED
POS00301020250524,PORT003,INS0017,2025-05-24,2351,116.4218,273707.65,3024.0,EUR,MOCK_FEED
POS00300120250525,PORT003,INS0008,2025-05-25,4666,59.767,278872.82,-4869.88,USD,MOCK_FEED
POS00300220250525,PORT003,INS0009,2025-05-25,3175,29.5851,93932.69,2315.82,EUR,MOCK_FEED
POS00300320250525,PORT003,INS0010,2025-05-25,3643,52.7954,192333.64,1580.2,GBP,MOCK_FEED
POS00300420250525,PORT003,INS0011,2025-05-25,4665,23.5956,110073.47,3522.43,GBP,MOCK_FEED
POS00300520250525,PORT003,INS0012,2025-05-25,4789,9.6954,46431.27,871.62,GBP,MOCK_FEED
POS00300620250525,PORT003,INS0013,2025-05-25,4215,31.9148,134520.88,-563.22,EUR,MOCK_FEED
POS00300720250525,PORT003,INS0014,2025-05-25,714,14.401,10282.31,-271.07,INR,MOCK_FEED
POS00300820250525,PORT003,INS0015,2025-05-25,3272,30.7345,100563.28,2588.46,INR,MOCK_FEED
POS00300920250525,PORT003,INS0016,2025-05-25,1773,45.1608,80070.1,1012.96,EUR,MOCK_FEED
POS00301020250525,PORT003,INS0017,2025-05-25,2899,116.5928,338002.53,-8383.13,USD,MOCK_FEED
POS00300120250526,PORT003,INS0008,2025-05-26,316,59.2888,18735.26,724.96,INR,MOCK_FEED
POS00300220250526,PORT003,INS0009,2025-05-26,1224,29.4201,36010.2,566.24,USD,MOCK_FEED
POS00300320250526,PORT003,INS0010,2025-05-26,982,52.5766,51630.22,90.73,EUR,MOCK_FEED
POS00300420250526,PORT003,INS0011,2025-05-26,4445,23.4884,104405.94,1270.75,GBP,MOCK_FEED
POS00300520250526,PORT003,INS0012,2025-05-26,4882,9.7135,47421.31,-145.73,EUR,MOCK_FEED
POS00300620250526,PORT003,INS0013,2025-05-26,3102,32.3581,100374.83,3037.89,USD,MOCK_FEED
POS00300720250526,PORT003,INS0014,2025-05-26,1941,14.5864,28312.2,-420.81,GBP,MOCK_FEED
POS00300820250526,PORT003,INS0015,2025-05-26,1176,30.3368,35676.08,1211.96,INR,MOCK_FEED
POS00300920250526,PORT003,INS0016,2025-05-26,389,44.3561,17254.52,283.62,EUR,MOCK_FEED
POS00301020250526,PORT003,INS0017,2025-05-26,1584,117.4457,186033.99,2150.49,GBP,MOCK_FEED
POS00300120250527,PORT003,INS0008,2025-05-27,4397,58.9763,259318.79,-184.68,USD,MOCK_FEED
POS00300220250527,PORT003,INS0009,2025-05-27,2594,29.3123,76036.11,1275.59,INR,MOCK_FEED
POS00300320250527,PORT003,INS0010,2025-05-27,569,53.2356,30291.06,139.39,USD,MOCK_FEED
POS00300420250527,PORT003,INS0011,2025-05-27,3042,23.3674,71083.63,1080.79,GBP,MOCK_FEED
POS00300520250527,PORT003,INS0012,2025-05-27,4328,9.6277,41668.69,-780.23,INR,MOCK_FEED
POS00300620250527,PORT003,INS0013,2025-05-27,494,32.384,15997.7,-74.73,EUR,MOCK_FEED
POS00300720250527,PORT003,INS0014,2025-05-27,2794,14.2981,39948.89,-409.65,USD,MOCK_FEED
POS00300820250527,PORT003,INS0015,2025-05-27,4061,30.4746,123757.35,4644.76,GBP,MOCK_FEED
POS00300920250527,PORT003,INS0016,2025-05-27,4902,44.8537,219872.84,3493.55,USD,MOCK_FEED
POS00301020250527,PORT003,INS0017,2025-05-27,1033,116.4654,120308.76,-229.49,USD,MOCK_FEED
POS00300120250528,PORT003,INS0008,2025-05-28,504,59.4684,29972.07,-492.6,INR,MOCK_FEED
POS00300220250528,PORT003,INS0009,2025-05-28,3892,29.4649,114677.39,107.44,USD,MOCK_FEED
POS00300320250528,PORT003,INS0010,2025-05-28,1785,53.1829,94931.48,-2813.99,USD,MOCK_FEED
POS00300420250528,PORT003,INS0011,2025-05-28,952,23.3045,22185.88,22.52,EUR,MOCK_FEED
POS00300520250528,PORT003,INS0012,2025-05-28,444,9.6831,4299.3,86.79,INR,MOCK_FEED
POS00300620250528,PORT003,INS0013,2025-05-28,1603,32.268,51725.6,-799.26,USD,MOCK_FEED
POS00300720250528,PORT003,INS0014,2025-05-28,3583,13.9736,50067.41,1522.84,GBP,MOCK_FEED
POS00300820250528,PORT003,INS0015,2025-05-28,1945,31.0168,60327.68,-1530.09,USD,MOCK_FEED
POS00300920250528,PORT003,INS0016,2025-05-28,785,45.5309,35741.76,-423.45,INR,MOCK_FEED
POS00301020250528,PORT003,INS0017,2025-05-28,3878,117.0342,453858.63,-5981.98,USD,MOCK_FEED
POS00300120250529,PORT003,INS0008,2025-05-29,547,59.3003,32437.26,-903.64,EUR,MOCK_FEED
POS00300220250529,PORT003,INS0009,2025-05-29,3970,28.6383,113694.05,-2092.71,EUR,MOCK_FEED
POS00300320250529,PORT003,INS0010,2025-05-29,3715,53.085,197210.77,3779.11,USD,MOCK_FEED
POS00300420250529,PORT003,INS0011,2025-05-29,2038,23.0249,46924.75,-431.75,EUR,MOCK_FEED
POS00300520250529,PORT003,INS0012,2025-05-29,3505,9.52,33367.6,1062.29,GBP,MOCK_FEED
POS00300620250529,PORT003,INS0013,2025-05-29,4958,32.4816,161043.77,2553.13,EUR,MOCK_FEED
POS00300720250529,PORT003,INS0014,2025-05-29,2612,13.9066,36324.04,-718.52,USD,MOCK_FEED
POS00300820250529,PORT003,INS0015,2025-05-29,1044,31.0163,32381.02,644.14,GBP,MOCK_FEED
POS00300920250529,PORT003,INS0016,2025-05-29,488,45.2934,22103.18,316.1,EUR,MOCK_FEED
POS00301020250529,PORT003,INS0017,2025-05-29,4534,117.5904,533154.87,-7840.83,INR,MOCK_FEED
POS00300120250530,PORT003,INS0008,2025-05-30,2995,59.9319,179496.04,-3093.37,GBP,MOCK_FEED
POS00300220250530,PORT003,INS0009,2025-05-30,3349,28.5706,95682.94,-2173.03,GBP,MOCK_FEED
POS00300320250530,PORT003,INS0010,2025-05-30,1827,54.1823,98991.06,-931.73,INR,MOCK_FEED
POS00300420250530,PORT003,INS0011,2025-05-30,3325,23.0911,76777.91,-1395.39,GBP,MOCK_FEED
POS00300520250530,PORT003,INS0012,2025-05-30,2192,9.3854,20572.8,415.12,USD,MOCK_FEED
POS00300620250530,PORT003,INS0013,2025-05-30,1223,32.9778,40331.85,1051.31,USD,MOCK_FEED
POS00300720250530,PORT003,INS0014,2025-05-30,169,13.71,2316.99,43.51,INR,MOCK_FEED
POS00300820250530,PORT003,INS0015,2025-05-30,1259,30.6523,38591.25,-605.65,GBP,MOCK_FEED
POS00300920250530,PORT003,INS0016,2025-05-30,4295,45.505,195443.98,4360.69,GBP,MOCK_FEED
POS00301020250530,PORT003,INS0017,2025-05-30,2245,115.2496,258735.35,-3574.64,EUR,MOCK_FEED
POS00300120250531,PORT003,INS0008,2025-05-31,3933,59.9378,235735.37,2991.53,GBP,MOCK_FEED
POS00300220250531,PORT003,INS0009,2025-05-31,596,29.0033,17285.97,375.22,USD,MOCK_FEED
POS00300320250531,PORT003,INS0010,2025-05-31,4643,53.8699,250117.95,9870.51,GBP,MOCK_FEED
POS00300420250531,PORT003,INS0011,2025-05-31,899,22.7449,20447.67,185.49,USD,MOCK_FEED
POS00300520250531,PORT003,INS0012,2025-05-31,1461,9.3828,13708.27,-300.62,EUR,MOCK_FEED
POS00300620250531,PORT003,INS0013,2025-05-31,818,33.2876,27229.26,713.44,USD,MOCK_FEED
POS00300720250531,PORT003,INS0014,2025-05-31,977,13.8064,13488.85,422.56,INR,MOCK_FEED
POS00300820250531,PORT003,INS0015,2025-05-31,4893,30.0795,147178.99,-3762.95,EUR,MOCK_FEED
POS00300920250531,PORT003,INS0016,2025-05-31,3022,44.79,135355.38,1503.35,EUR,MOCK_FEED
POS00301020250531,PORT003,INS0017,2025-05-31,2973,116.1962,345451.3,-5828.13,USD,MOCK_FEED
POS00300120250601,PORT003,INS0008,2025-06-01,4455,59.3456,264384.65,-15.33,USD,MOCK_FEED
POS00300220250601,PORT003,INS0009,2025-06-01,634,29.1091,18455.17,-516.58,USD,MOCK_FEED
POS00300320250601,PORT003,INS0010,2025-06-01,3981,54.2464,215954.92,7901.48,USD,MOCK_FEED
POS00300420250601,PORT003,INS0011,2025-06-01,4023,22.6366,91067.04,-2463.45,INR,MOCK_FEED
POS00300520250601,PORT003,INS0012,2025-06-01,145,9.4049,1363.71,34.23,EUR,MOCK_FEED
POS00300620250601,PORT003,INS0013,2025-06-01,1672,33.3136,55700.34,-79.14,GBP,MOCK_FEED
POS00300720250601,PORT003,INS0014,2025-06-01,4981,13.9369,69419.7,2039.88,INR,MOCK_FEED
POS00300820250601,PORT003,INS0015,2025-06-01,1971,29.8407,58816.02,1863.23,EUR,MOCK_FEED
POS00300920250601,PORT003,INS0016,2025-06-01,3746,44.1139,165250.67,4040.9,EUR,MOCK_FEED
POS00301020250601,PORT003,INS0017,2025-06-01,1678,115.7584,194242.6,2541.1,INR,MOCK_FEED
POS00300120250602,PORT003,INS0008,2025-06-02,4717,59.5268,280787.92,10400.96,INR,MOCK_FEED
POS00300220250602,PORT003,INS0009,2025-06-02,3066,29.3016,89838.71,1392.92,GBP,MOCK_FEED
POS00300320250602,PORT003,INS0010,2025-06-02,4668,54.0024,252083.2,-2987.58,EUR,MOCK_FEED
POS00300420250602,PORT003,INS0011,2025-06-02,4997,22.6177,113020.65,-2582.48,INR,MOCK_FEED
POS00300520250602,PORT003,INS0012,2025-06-02,3854,9.3866,36175.96,1235.21,USD,MOCK_FEED
POS00300620250602,PORT003,INS0013,2025-06-02,2986,32.919,98296.13,-1397.62,INR,MOCK_FEED
POS00300720250602,PORT003,INS0014,2025-06-02,386,13.8585,5349.38,139.53,INR,MOCK_FEED
POS00300820250602,PORT003,INS0015,2025-06-02,2975,30.3651,90336.17,1806.3,GBP,MOCK_FEED
POS00300920250602,PORT003,INS0016,2025-06-02,3856,43.2969,166952.85,-2138.39,USD,MOCK_FEED
POS00301020250602,PORT003,INS0017,2025-06-02,3178,114.4855,363834.92,-7416.87,USD,MOCK_FEED
POS00300120250603,PORT003,INS0008,2025-06-03,2417,58.9617,142510.43,3858.12,EUR,MOCK_FEED
POS00300220250603,PORT003,INS0009,2025-06-03,208,29.3243,6099.45,164.65,INR,MOCK_FEED
POS00300320250603,PORT003,INS0010,2025-06-03,1881,54.1771,101907.13,-2904.91,INR,MOCK_FEED
POS00300420250603,PORT003,INS0011,2025-06-03,2472,22.8198,56410.55,-919.56,EUR,MOCK_FEED
POS00300520250603,PORT003,INS0012,2025-06-03,1902,9.3303,17746.23,-147.57,INR,MOCK_FEED
POS00300620250603,PORT003,INS0013,2025-06-03,2020,32.7268,66108.14,2059.09,INR,MOCK_FEED
POS00300720250603,PORT003,INS0014,2025-06-03,308,13.9547,4298.05,28.87,EUR,MOCK_FEED
POS00300820250603,PORT003,INS0015,2025-06-03,1290,30.1596,38905.88,1311.27,INR,MOCK_FEED
POS00300920250603,PORT003,INS0016,2025-06-03,4995,42.7283,213427.86,6151.6,INR,MOCK_FEED
POS00301020250603,PORT003,INS0017,2025-06-03,1242,112.9476,140280.92,-3158.7,GBP,MOCK_FEED
POS00300120250604,PORT003,INS0008,2025-06-04,2396,58.1129,139238.51,-3718.34,GBP,MOCK_FEED
POS00300220250604,PORT003,INS0009,2025-06-04,4886,29.3749,143525.76,3570.35,USD,MOCK_FEED
POS00300320250604,PORT003,INS0010,2025-06-04,2529,54.3261,137390.71,-572.97,EUR,MOCK_FEED
POS00300420250604,PORT003,INS0011,2025-06-04,1456,22.4985,32757.82,281.19,INR,MOCK_FEED
POS00300520250604,PORT003,INS0012,2025-06-04,1617,9.3205,15071.25,322.61,INR,MOCK_FEED
POS00300620250604,PORT003,INS0013,2025-06-04,2050,32.3905,66400.53,1665.84,EUR,MOCK_FEED
POS00300720250604,PORT003,INS0014,2025-06-04,1182,13.9248,16459.11,398.92,EUR,MOCK_FEED
POS00300820250604,PORT003,INS0015,2025-06-04,2457,30.175,74139.98,1213.81,INR,MOCK_FEED
POS00300920250604,PORT003,INS0016,2025-06-04,3872,42.9336,166238.9,-2396.88,INR,MOCK_FEED
POS00301020250604,PORT003,INS0017,2025-06-04,321,112.0241,35959.74,-279.31,INR,MOCK_FEED
POS00300120250605,PORT003,INS0008,2025-06-05,1111,57.7356,64144.25,-656.34,EUR,MOCK_FEED
POS00300220250605,PORT003,INS0009,2025-06-05,2970,29.323,87089.31,1001.25,INR,MOCK_FEED
POS00300320250605,PORT003,INS0010,2025-06-05,4209,54.999,231490.79,-2833.6,EUR,MOCK_FEED
POS00300420250605,PORT003,INS0011,2025-06-05,2389,22.7534,54357.87,333.59,INR,MOCK_FEED
POS00300520250605,PORT003,INS0012,2025-06-05,459,9.2416,4241.89,57.65,GBP,MOCK_FEED
POS00300620250605,PORT003,INS0013,2025-06-05,4234,32.0481,135691.66,2396.78,INR,MOCK_FEED
POS00300720250605,PORT003,INS0014,2025-06-05,301,13.6407,4105.85,-6.61,GBP,MOCK_FEED
POS00300820250605,PORT003,INS0015,2025-06-05,3384,29.5395,99961.67,1090.9,EUR,MOCK_FEED
POS00300920250605,PORT003,INS0016,2025-06-05,1673,42.7279,71483.78,1843.71,EUR,MOCK_FEED
POS00301020250605,PORT003,INS0017,2025-06-05,2591,111.3179,288424.68,-7806.7,INR,MOCK_FEED
POS00300120250606,PORT003,INS0008,2025-06-06,2476,58.5965,145084.93,4031.69,EUR,MOCK_FEED
POS00300220250606,PORT003,INS0009,2025-06-06,4524,29.414,133068.94,3289.7,INR,MOCK_FEED
POS00300320250606,PORT003,INS0010,2025-06-06,1492,54.8502,81836.5,-228.13,INR,MOCK_FEED
POS00300420250606,PORT003,INS0011,2025-06-06,3696,22.3466,82593.03,-1505.32,EUR,MOCK_FEED
POS00300520250606,PORT003,INS0012,2025-06-06,4215,9.1542,38584.95,-123.0,GBP,MOCK_FEED
POS00300620250606,PORT003,INS0013,2025-06-06,1598,31.9679,51084.7,-927.17,USD,MOCK_FEED
POS00300720250606,PORT003,INS0014,2025-06-06,4626,13.8302,63978.51,2456.61,EUR,MOCK_FEED
POS00300820250606,PORT003,INS0015,2025-06-06,3230,28.7726,92935.5,-789.05,USD,MOCK_FEED
POS00300920250606,PORT003,INS0016,2025-06-06,2488,43.6131,108509.39,4069.86,INR,MOCK_FEED
POS00301020250606,PORT003,INS0017,2025-06-06,4771,112.0584,534630.63,460.19,EUR,MOCK_FEED
POS00300120250607,PORT003,INS0008,2025-06-07,1447,57.1568,82705.89,-494.83,GBP,MOCK_FEED
POS00300220250607,PORT003,INS0009,2025-06-07,3540,28.896,102291.84,-2555.18,INR,MOCK_FEED
POS00300320250607,PORT003,INS0010,2025-06-07,1075,55.5618,59728.93,-828.48,EUR,MOCK_FEED
POS00300420250607,PORT003,INS0011,2025-06-07,620,22.2835,13815.77,505.89,EUR,MOCK_FEED
POS00300520250607,PORT003,INS0012,2025-06-07,3484,9.1798,31982.42,196.03,EUR,MOCK_FEED
POS00300620250607,PORT003,INS0013,2025-06-07,4868,32.244,156963.79,2878.63,INR,MOCK_FEED
POS00300720250607,PORT003,INS0014,2025-06-07,3096,13.8898,43002.82,291.02,EUR,MOCK_FEED
POS00300820250607,PORT003,INS0015,2025-06-07,2658,28.3594,75379.29,2331.3,INR,MOCK_FEED
POS00300920250607,PORT003,INS0016,2025-06-07,1318,44.1107,58137.9,-846.88,INR,MOCK_FEED
POS00301020250607,PORT003,INS0017,2025-06-07,1701,113.192,192539.59,4484.65,GBP,MOCK_FEED
POS00300120250608,PORT003,INS0008,2025-06-08,2756,56.6844,156222.21,2692.97,EUR,MOCK_FEED
POS00300220250608,PORT003,INS0009,2025-06-08,4481,29.6832,133010.42,-3518.71,INR,MOCK_FEED
POS00300320250608,PORT003,INS0010,2025-06-08,4355,55.05,239742.75,493.71,EUR,MOCK_FEED
POS00300420250608,PORT003,INS0011,2025-06-08,1984,22.6631,44963.59,808.76,USD,MOCK_FEED
POS00300520250608,PORT003,INS0012,2025-06-08,970,9.3802,9098.79,-61.4,INR,MOCK_FEED
POS00300620250608,PORT003,INS0013,2025-06-08,4127,31.7661,131098.69,-1470.22,EUR,MOCK_FEED
POS00300720250608,PORT003,INS0014,2025-06-08,1493,13.7671,20554.28,-387.46,GBP,MOCK_FEED
POS00300820250608,PORT003,INS0015,2025-06-08,4042,28.239,114142.04,-2007.9,USD,MOCK_FEED
POS00300920250608,PORT003,INS0016,2025-06-08,3020,43.4283,131153.47,767.56,EUR,MOCK_FEED
POS00301020250608,PORT003,INS0017,2025-06-08,817,114.1853,93289.39,-1011.99,USD,MOCK_FEED
POS00300120250609,PORT003,INS0008,2025-06-09,3795,56.4438,214204.22,-2920.98,GBP,MOCK_FEED
POS00300220250609,PORT003,INS0009,2025-06-09,919,29.9854,27556.58,315.7,GBP,MOCK_FEED
POS00300320250609,PORT003,INS0010,2025-06-09,4073,55.3037,225251.97,-5297.36,EUR,MOCK_FEED
POS00300420250609,PORT003,INS0011,2025-06-09,4379,22.9581,100533.52,377.28,GBP,MOCK_FEED
POS00300520250609,PORT003,INS0012,2025-06-09,4333,9.3088,40335.03,751.57,EUR,MOCK_FEED
POS00300620250609,PORT003,INS0013,2025-06-09,1868,32.0802,59925.81,576.57,GBP,MOCK_FEED
POS00300720250609,PORT003,INS0014,2025-06-09,1696,13.7994,23403.78,-9.61,USD,MOCK_FEED
POS00300820250609,PORT003,INS0015,2025-06-09,4673,28.4692,133036.57,-2921.21,USD,MOCK_FEED
POS00300920250609,PORT003,INS0016,2025-06-09,1237,43.8403,54230.45,1550.05,GBP,MOCK_FEED
POS00301020250609,PORT003,INS0017,2025-06-09,1449,112.9719,163696.28,-94.69,EUR,MOCK_FEED
POS00300120250610,PORT003,INS0008,2025-06-10,2914,56.3947,164334.16,1013.34,GBP,MOCK_FEED
POS00300220250610,PORT003,INS0009,2025-06-10,581,29.9776,17416.99,-369.91,USD,MOCK_FEED
POS00300320250610,PORT003,INS0010,2025-06-10,4928,55.552,273760.26,5282.93,INR,MOCK_FEED
POS00300420250610,PORT003,INS0011,2025-06-10,4879,22.9713,112076.97,1471.57,INR,MOCK_FEED
POS00300520250610,PORT003,INS0012,2025-06-10,3942,9.2758,36565.2,-27.11,EUR,MOCK_FEED
POS00300620250610,PORT003,INS0013,2025-06-10,2275,32.2206,73301.86,2848.83,INR,MOCK_FEED
POS00300720250610,PORT003,INS0014,2025-06-10,2913,13.8821,40438.56,1144.51,INR,MOCK_FEED
POS00300820250610,PORT003,INS0015,2025-06-10,786,28.7169,22571.48,631.97,GBP,MOCK_FEED
POS00300920250610,PORT003,INS0016,2025-06-10,1131,43.8874,49636.65,104.58,USD,MOCK_FEED
POS00301020250610,PORT003,INS0017,2025-06-10,443,112.7717,49957.86,1550.93,INR,MOCK_FEED
POS00300120250611,PORT003,INS0008,2025-06-11,753,57.2409,43102.4,-293.94,GBP,MOCK_FEED
POS00300220250611,PORT003,INS0009,2025-06-11,1442,30.2811,43665.35,1092.01,INR,MOCK_FEED
POS00300320250611,PORT003,INS0010,2025-06-11,2381,56.4231,134343.4,-907.58,EUR,MOCK_FEED
POS00300420250611,PORT003,INS0011,2025-06-11,3839,22.9578,88134.99,-1303.85,USD,MOCK_FEED
POS00300520250611,PORT003,INS0012,2025-06-11,471,9.1769,4322.32,-33.85,EUR,MOCK_FEED
POS00300620250611,PORT003,INS0013,2025-06-11,4456,32.2356,143641.83,4621.73,INR,MOCK_FEED
POS00300720250611,PORT003,INS0014,2025-06-11,3652,14.0806,51422.35,1172.22,USD,MOCK_FEED
POS00300820250611,PORT003,INS0015,2025-06-11,2192,28.9367,63429.25,703.64,EUR,MOCK_FEED
POS00300920250611,PORT003,INS0016,2025-06-11,1904,43.3815,82598.38,1790.96,INR,MOCK_FEED
POS00301020250611,PORT003,INS0017,2025-06-11,415,112.5394,46703.85,-1363.75,GBP,MOCK_FEED
POS00300120250612,PORT003,INS0008,2025-06-12,4466,57.4106,256395.74,-3057.41,INR,MOCK_FEED
POS00300220250612,PORT003,INS0009,2025-06-12,4551,29.9152,136144.08,-2579.76,EUR,MOCK_FEED
POS00300320250612,PORT003,INS0010,2025-06-12,2813,56.5499,159074.87,-2009.56,USD,MOCK_FEED
POS00300420250612,PORT003,INS0011,2025-06-12,155,23.1451,3587.49,9.4,EUR,MOCK_FEED
POS00300520250612,PORT003,INS0012,2025-06-12,2745,9.3506,25667.4,668.54,EUR,MOCK_FEED
POS00300620250612,PORT003,INS0013,2025-06-12,2685,32.23,86537.55,-2134.16,INR,MOCK_FEED
POS00300720250612,PORT003,INS0014,2025-06-12,4183,13.8886,58096.01,765.42,INR,MOCK_FEED
POS00300820250612,PORT003,INS0015,2025-06-12,1724,29.0363,50058.58,-728.37,INR,MOCK_FEED
POS00300920250612,PORT003,INS0016,2025-06-12,3174,43.5022,138075.98,2525.92,GBP,MOCK_FEED
POS00301020250612,PORT003,INS0017,2025-06-12,4411,112.4429,495985.63,18256.94,INR,MOCK_FEED
POS00300120250613,PORT003,INS0008,2025-06-13,894,58.3459,52161.23,1702.22,INR,MOCK_FEED
POS00300220250613,PORT003,INS0009,2025-06-13,3809,29.4981,112358.26,2595.56,EUR,MOCK_FEED
POS00300320250613,PORT003,INS0010,2025-06-13,4776,55.1771,263525.83,192.3,USD,MOCK_FEED
POS00300420250613,PORT003,INS0011,2025-06-13,308,23.359,7194.57,-180.62,GBP,MOCK_FEED
POS00300520250613,PORT003,INS0012,2025-06-13,4382,9.2592,40573.81,1326.99,GBP,MOCK_FEED
POS00300620250613,PORT003,INS0013,2025-06-13,3683,31.9811,117786.39,1713.91,GBP,MOCK_FEED
POS00300720250613,PORT003,INS0014,2025-06-13,811,13.9064,11278.09,223.02,EUR,MOCK_FEED
POS00300820250613,PORT003,INS0015,2025-06-13,3104,29.585,91831.84,-716.16,GBP,MOCK_FEED
POS00300920250613,PORT003,INS0016,2025-06-13,502,43.9349,22055.32,211.4,EUR,MOCK_FEED
POS00301020250613,PORT003,INS0017,2025-06-13,584,112.3923,65637.1,-1126.7,USD,MOCK_FEED
POS00300120250614,PORT003,INS0008,2025-06-14,2344,57.7407,135344.2,1294.77,INR,MOCK_FEED
POS00300220250614,PORT003,INS0009,2025-06-14,3771,29.0933,109710.83,4320.87,INR,MOCK_FEED
POS00300320250614,PORT003,INS0010,2025-06-14,1233,55.4517,68371.95,-1882.03,USD,MOCK_FEED
POS00300420250614,PORT003,INS0011,2025-06-14,356,23.3045,8296.4,-167.79,INR,MOCK_FEED
POS00300520250614,PORT003,INS0012,2025-06-14,1461,9.3098,13601.62,-291.2,GBP,MOCK_FEED
POS00300620250614,PORT003,INS0013,2025-06-14,3085,31.415,96915.27,3523.23,INR,MOCK_FEED
POS00300720250614,PORT003,INS0014,2025-06-14,1538,13.6838,21045.68,567.47,GBP,MOCK_FEED
POS00300820250614,PORT003,INS0015,2025-06-14,3698,29.1745,107887.3,-1395.54,EUR,MOCK_FEED
POS00300920250614,PORT003,INS0016,2025-06-14,124,43.5565,5401.01,73.18,USD,MOCK_FEED
POS00301020250614,PORT003,INS0017,2025-06-14,3279,111.5098,365640.63,11727.95,EUR,MOCK_FEED
POS00300120250615,PORT003,INS0008,2025-06-15,2153,57.2786,123320.83,4145.62,USD,MOCK_FEED
POS00300220250615,PORT003,INS0009,2025-06-15,1485,29.3114,43527.43,1508.77,GBP,MOCK_FEED
POS00300320250615,PORT003,INS0010,2025-06-15,4634,55.8427,258775.07,9000.32,GBP,MOCK_FEED
POS00300420250615,PORT003,INS0011,2025-06-15,2192,23.8749,52333.78,234.28,USD,MOCK_FEED
POS00300520250615,PORT003,INS0012,2025-06-15,2791,9.3154,25999.28,130.35,USD,MOCK_FEED
POS00300620250615,PORT003,INS0013,2025-06-15,4983,30.7775,153364.28,-2106.04,INR,MOCK_FEED
POS00300720250615,PORT003,INS0014,2025-06-15,3614,13.6905,49477.47,-1144.41,EUR,MOCK_FEED
POS00300820250615,PORT003,INS0015,2025-06-15,3823,29.5415,112937.15,4270.36,EUR,MOCK_FEED
POS00300920250615,PORT003,INS0016,2025-06-15,4087,44.7039,182704.84,-266.35,EUR,MOCK_FEED
POS00301020250615,PORT003,INS0017,2025-06-15,4930,112.6434,555331.96,-15256.02,INR,MOCK_FEED
POS00300120250616,PORT003,INS0008,2025-06-16,4256,57.6276,245263.07,-3684.42,INR,MOCK_FEED
POS00300220250616,PORT003,INS0009,2025-06-16,2558,29.1155,74477.45,-2059.54,GBP,MOCK_FEED
POS00300320250616,PORT003,INS0010,2025-06-16,4823,56.205,271076.71,-5563.01,EUR,MOCK_FEED
POS00300420250616,PORT003,INS0011,2025-06-16,967,24.3162,23513.77,-166.39,GBP,MOCK_FEED
POS00300520250616,PORT003,INS0012,2025-06-16,1112,9.4977,10561.44,263.31,INR,MOCK_FEED
POS00300620250616,PORT003,INS0013,2025-06-16,125,31.01,3876.25,95.59,EUR,MOCK_FEED
POS00300720250616,PORT003,INS0014,2025-06-16,3489,13.6166,47508.32,1446.2,EUR,MOCK_FEED
POS00300820250616,PORT003,INS0015,2025-06-16,3883,29.2393,113536.2,-796.1,INR,MOCK_FEED
POS00300920250616,PORT003,INS0016,2025-06-16,4906,44.4021,217836.7,2440.17,INR,MOCK_FEED
POS00301020250616,PORT003,INS0017,2025-06-16,3190,113.0186,360529.33,8099.91,GBP,MOCK_FEED
POS00300120250617,PORT003,INS0008,2025-06-17,4999,57.8883,289383.61,2290.44,USD,MOCK_FEED
POS00300220250617,PORT003,INS0009,2025-06-17,3825,29.536,112975.2,-1340.93,USD,MOCK_FEED
POS00300320250617,PORT003,INS0010,2025-06-17,594,56.0498,33293.58,419.89,INR,MOCK_FEED
POS00300420250617,PORT003,INS0011,2025-06-17,1278,24.5088,31322.25,1002.15,EUR,MOCK_FEED
POS00300520250617,PORT003,INS0012,2025-06-17,411,9.4168,3870.3,135.68,USD,MOCK_FEED
POS00300620250617,PORT003,INS0013,2025-06-17,3692,30.5834,112913.91,-2005.78,EUR,MOCK_FEED
POS00300720250617,PORT003,INS0014,2025-06-17,301,13.5065,4065.46,57.9,EUR,MOCK_FEED
POS00300820250617,PORT003,INS0015,2025-06-17,1917,29.2952,56158.9,-377.23,GBP,MOCK_FEED
POS00300920250617,PORT003,INS0016,2025-06-17,3920,43.9871,172429.43,5787.87,INR,MOCK_FEED
POS00301020250617,PORT003,INS0017,2025-06-17,741,111.5254,82640.32,-511.88,INR,MOCK_FEED
POS00300120250618,PORT003,INS0008,2025-06-18,2015,58.6449,118169.47,-2187.58,EUR,MOCK_FEED
POS00300220250618,PORT003,INS0009,2025-06-18,1034,29.3168,30313.57,1165.98,EUR,MOCK_FEED
POS00300320250618,PORT003,INS0010,2025-06-18,3641,55.6845,202747.26,-3801.78,EUR,MOCK_FEED
POS00300420250618,PORT003,INS0011,2025-06-18,819,24.3891,19974.67,527.21,EUR,MOCK_FEED
POS00300520250618,PORT003,INS0012,2025-06-18,4210,9.5011,39999.63,1051.36,GBP,MOCK_FEED
POS00300620250618,PORT003,INS0013,2025-06-18,501,30.5194,15290.22,-83.12,GBP,MOCK_FEED
POS00300720250618,PORT003,INS0014,2025-06-18,4654,13.3507,62134.16,2453.37,GBP,MOCK_FEED
POS00300820250618,PORT003,INS0015,2025-06-18,4102,29.3991,120595.11,-1960.11,USD,MOCK_FEED
POS00300920250618,PORT003,INS0016,2025-06-18,4792,43.7149,209481.8,-836.44,EUR,MOCK_FEED
POS00301020250618,PORT003,INS0017,2025-06-18,3883,111.7863,434066.2,-9800.49,USD,MOCK_FEED
POS00300120250619,PORT003,INS0008,2025-06-19,1700,59.4507,101066.19,-2607.88,EUR,MOCK_FEED
POS00300220250619,PORT003,INS0009,2025-06-19,2243,29.3596,65853.58,-219.52,EUR,MOCK_FEED
POS00300320250619,PORT003,INS0010,2025-06-19,792,55.7682,44168.41,268.9,INR,MOCK_FEED
POS00300420250619,PORT003,INS0011,2025-06-19,2815,24.4441,68810.14,2071.38,GBP,MOCK_FEED
POS00300520250619,PORT003,INS0012,2025-06-19,2331,9.3157,21714.9,532.84,EUR,MOCK_FEED
POS00300620250619,PORT003,INS0013,2025-06-19,2044,30.5395,62422.74,1610.86,GBP,MOCK_FEED
POS00300720250619,PORT003,INS0014,2025-06-19,2070,13.4937,27931.96,212.84,INR,MOCK_FEED
POS00300820250619,PORT003,INS0015,2025-06-19,206,29.774,6133.44,-80.78,INR,MOCK_FEED
POS00300920250619,PORT003,INS0016,2025-06-19,1464,43.6805,63948.25,1417.69,INR,MOCK_FEED
POS00301020250619,PORT003,INS0017,2025-06-19,1464,114.2012,167190.56,-362.47,INR,MOCK_FEED
POS00300120250620,PORT003,INS0008,2025-06-20,284,59.5342,16907.71,491.43,GBP,MOCK_FEED
POS00300220250620,PORT003,INS0009,2025-06-20,1619,29.2955,47429.41,1253.06,EUR,MOCK_FEED
POS00300320250620,PORT003,INS0010,2025-06-20,4145,56.8446,235620.87,8982.26,EUR,MOCK_FEED
POS00300420250620,PORT003,INS0011,2025-06-20,1487,24.1795,35954.92,671.77,INR,MOCK_FEED
POS00300520250620,PORT003,INS0012,2025-06-20,4755,9.3818,44610.46,270.28,GBP,MOCK_FEED
POS00300620250620,PORT003,INS0013,2025-06-20,2454,29.6845,72845.76,-1811.67,EUR,MOCK_FEED
POS00300720250620,PORT003,INS0014,2025-06-20,3309,13.5389,44800.22,893.89,USD,MOCK_FEED
POS00300820250620,PORT003,INS0015,2025-06-20,2710,29.9483,81159.89,724.3,EUR,MOCK_FEED
POS00300920250620,PORT003,INS0016,2025-06-20,2008,43.774,87898.19,-2330.31,USD,MOCK_FEED
POS00301020250620,PORT003,INS0017,2025-06-20,2107,114.7729,241826.5,3565.91,EUR,MOCK_FEED
POS00300120250621,PORT003,INS0008,2025-06-21,370,58.7445,21735.47,278.12,USD,MOCK_FEED
POS00300220250621,PORT003,INS0009,2025-06-21,1754,29.948,52528.79,832.55,EUR,MOCK_FEED
POS00300320250621,PORT003,INS0010,2025-06-21,4205,56.5249,237687.2,4895.7,USD,MOCK_FEED
POS00300420250621,PORT003,INS0011,2025-06-21,3952,24.0892,95200.52,3480.86,GBP,MOCK_FEED
POS00300520250621,PORT003,INS0012,2025-06-21,1165,9.2956,10829.37,382.54,USD,MOCK_FEED
POS00300620250621,PORT003,INS0013,2025-06-21,2477,30.3192,75100.66,353.91,USD,MOCK_FEED
POS00300720250621,PORT003,INS0014,2025-06-21,2405,13.6259,32770.29,-270.62,USD,MOCK_FEED
POS00300820250621,PORT003,INS0015,2025-06-21,1226,30.1439,36956.42,-1106.12,INR,MOCK_FEED
POS00300920250621,PORT003,INS0016,2025-06-21,2504,43.5248,108986.1,-2436.95,USD,MOCK_FEED
POS00301020250621,PORT003,INS0017,2025-06-21,2143,115.6886,247920.67,-1925.08,GBP,MOCK_FEED
POS00300120250622,PORT003,INS0008,2025-06-22,1630,59.1182,96362.67,-1106.49,USD,MOCK_FEED
POS00300220250622,PORT003,INS0009,2025-06-22,2575,30.6261,78862.21,-1174.43,INR,MOCK_FEED
POS00300320250622,PORT003,INS0010,2025-06-22,4030,56.3312,227014.74,2279.75,INR,MOCK_FEED
POS00300420250622,PORT003,INS0011,2025-06-22,2417,24.5541,59347.26,229.31,GBP,MOCK_FEED
POS00300520250622,PORT003,INS0012,2025-06-22,4638,9.2823,43051.31,-653.5,USD,MOCK_FEED
POS00300620250622,PORT003,INS0013,2025-06-22,2401,30.4801,73182.72,528.63,EUR,MOCK_FEED
POS00300720250622,PORT003,INS0014,2025-06-22,2179,13.5868,29605.64,-738.39,USD,MOCK_FEED
POS00300820250622,PORT003,INS0015,2025-06-22,2301,29.6101,68132.84,-1349.35,INR,MOCK_FEED
POS00300920250622,PORT003,INS0016,2025-06-22,1539,45.2667,69665.45,2218.76,USD,MOCK_FEED
POS00301020250622,PORT003,INS0017,2025-06-22,699,116.7263,81591.68,1435.41,GBP,MOCK_FEED
POS00300120250623,PORT003,INS0008,2025-06-23,3338,60.0785,200542.03,6107.39,USD,MOCK_FEED
POS00300220250623,PORT003,INS0009,2025-06-23,2597,31.2758,81223.25,-194.9,EUR,MOCK_FEED
POS00300320250623,PORT003,INS0010,2025-06-23,1632,57.9435,94563.79,1909.68,INR,MOCK_FEED
POS00300420250623,PORT003,INS0011,2025-06-23,4707,25.2292,118753.84,4728.56,USD,MOCK_FEED
POS00300520250623,PORT003,INS0012,2025-06-23,4457,9.173,40884.06,1543.63,USD,MOCK_FEED
POS00300620250623,PORT003,INS0013,2025-06-23,3167,30.4505,96436.73,624.17,USD,MOCK_FEED
POS00300720250623,PORT003,INS0014,2025-06-23,1028,13.5547,13934.23,-294.78,EUR,MOCK_FEED
POS00300820250623,PORT003,INS0015,2025-06-23,3036,29.483,89510.39,81.04,GBP,MOCK_FEED
POS00300920250623,PORT003,INS0016,2025-06-23,4957,45.5455,225769.04,34.16,GBP,MOCK_FEED
POS00301020250623,PORT003,INS0017,2025-06-23,2445,114.4835,279912.16,9887.1,GBP,MOCK_FEED
POS00300120250624,PORT003,INS0008,2025-06-24,4824,59.4321,286700.45,-816.4,INR,MOCK_FEED
POS00300220250624,PORT003,INS0009,2025-06-24,2903,31.7041,92037.0,466.99,EUR,MOCK_FEED
POS00300320250624,PORT003,INS0010,2025-06-24,1955,57.1856,111797.85,-1979.29,GBP,MOCK_FEED
POS00300420250624,PORT003,INS0011,2025-06-24,3529,24.9872,88179.83,786.75,GBP,MOCK_FEED
POS00300520250624,PORT003,INS0012,2025-06-24,1472,9.2075,13553.44,44.38,INR,MOCK_FEED
POS00300620250624,PORT003,INS0013,2025-06-24,301,30.7504,9255.87,-13.26,GBP,MOCK_FEED
POS00300720250624,PORT003,INS0014,2025-06-24,418,13.3693,5588.37,180.06,EUR,MOCK_FEED
POS00300820250624,PORT003,INS0015,2025-06-24,869,29.2495,25417.82,-351.24,USD,MOCK_FEED
POS00300920250624,PORT003,INS0016,2025-06-24,4874,45.381,221186.99,-5943.46,USD,MOCK_FEED
POS00301020250624,PORT003,INS0017,2025-06-24,1949,117.2445,228509.53,4145.93,INR,MOCK_FEED
POS00300120250625,PORT003,INS0008,2025-06-25,1120,60.5509,67817.01,1705.15,EUR,MOCK_FEED
POS00300220250625,PORT003,INS0009,2025-06-25,870,31.836,27697.32,837.37,USD,MOCK_FEED
POS00300320250625,PORT003,INS0010,2025-06-25,4347,56.9658,247630.33,-4327.76,EUR,MOCK_FEED
POS00300420250625,PORT003,INS0011,2025-06-25,899,25.2326,22684.11,-391.09,GBP,MOCK_FEED
POS00300520250625,PORT003,INS0012,2025-06-25,4073,9.2243,37570.57,-239.74,USD,MOCK_FEED
POS00300620250625,PORT003,INS0013,2025-06-25,3594,30.4487,109432.63,82.44,GBP,MOCK_FEED
POS00300720250625,PORT003,INS0014,2025-06-25,1569,13.4694,21133.49,220.19,EUR,MOCK_FEED
POS00300820250625,PORT003,INS0015,2025-06-25,1998,28.5538,57050.49,-1206.08,INR,MOCK_FEED
POS00300920250625,PORT003,INS0016,2025-06-25,3664,45.5585,166926.34,6356.71,GBP,MOCK_FEED
POS00301020250625,PORT003,INS0017,2025-06-25,3257,119.8765,390437.76,-10956.5,GBP,MOCK_FEED
POS00300120250626,PORT003,INS0008,2025-06-26,1966,60.6761,119289.21,2146.5,INR,MOCK_FEED
POS00300220250626,PORT003,INS0009,2025-06-26,4871,31.2227,152085.77,-554.83,GBP,MOCK_FEED
POS00300320250626,PORT003,INS0010,2025-06-26,2673,56.9117,152124.97,292.98,USD,MOCK_FEED
POS00300420250626,PORT003,INS0011,2025-06-26,4462,25.2739,112772.14,2590.83,GBP,MOCK_FEED
POS00300520250626,PORT003,INS0012,2025-06-26,2014,9.2138,18556.59,-184.42,USD,MOCK_FEED
POS00300620250626,PORT003,INS0013,2025-06-26,830,30.477,25295.91,415.92,USD,MOCK_FEED
POS00300720250626,PORT003,INS0014,2025-06-26,2108,13.5037,28465.8,385.33,USD,MOCK_FEED
POS00300820250626,PORT003,INS0015,2025-06-26,3096,28.2574,87484.91,-1622.49,INR,MOCK_FEED
POS00300920250626,PORT003,INS0016,2025-06-26,782,45.8883,35884.65,-361.71,USD,MOCK_FEED
POS00301020250626,PORT003,INS0017,2025-06-26,2993,120.5289,360743.0,-5370.5,USD,MOCK_FEED
POS00300120250627,PORT003,INS0008,2025-06-27,195,60.7245,11841.28,298.16,USD,MOCK_FEED
POS00300220250627,PORT003,INS0009,2025-06-27,2826,31.6663,89488.96,1897.12,INR,MOCK_FEED
POS00300320250627,PORT003,INS0010,2025-06-27,3275,56.7974,186011.49,6470.77,EUR,MOCK_FEED
POS00300420250627,PORT003,INS0011,2025-06-27,4974,25.0365,124531.55,-1094.38,USD,MOCK_FEED
POS00300520250627,PORT003,INS0012,2025-06-27,4734,9.2895,43976.49,-316.1,USD,MOCK_FEED
POS00300620250627,PORT003,INS0013,2025-06-27,416,30.6974,12770.12,61.32,USD,MOCK_FEED
POS00300720250627,PORT003,INS0014,2025-06-27,1888,13.4356,25366.41,-697.48,EUR,MOCK_FEED
POS00300820250627,PORT003,INS0015,2025-06-27,1939,28.1686,54618.92,-1343.68,EUR,MOCK_FEED
POS00300920250627,PORT003,INS0016,2025-06-27,4956,46.131,228625.24,-100.11,EUR,MOCK_FEED
POS00301020250627,PORT003,INS0017,2025-06-27,2269,120.8707,274255.62,-4726.38,USD,MOCK_FEED
POS00300120250628,PORT003,INS0008,2025-06-28,785,59.4561,46673.04,764.29,INR,MOCK_FEED
POS00300220250628,PORT003,INS0009,2025-06-28,752,31.3924,23607.08,-183.94,GBP,MOCK_FEED
POS00300320250628,PORT003,INS0010,2025-06-28,554,56.7736,31452.57,367.79,USD,MOCK_FEED
POS00300420250628,PORT003,INS0011,2025-06-28,4259,24.9165,106119.37,-2485.24,GBP,MOCK_FEED
POS00300520250628,PORT003,INS0012,2025-06-28,4566,9.4621,43203.95,-875.89,INR,MOCK_FEED
POS00300620250628,PORT003,INS0013,2025-06-28,3920,30.6172,120019.42,-549.53,EUR,MOCK_FEED
POS00300720250628,PORT003,INS0014,2025-06-28,4722,13.6461,64436.88,1407.28,INR,MOCK_FEED
POS00300820250628,PORT003,INS0015,2025-06-28,700,28.0727,19650.89,249.2,GBP,MOCK_FEED
POS00300920250628,PORT003,INS0016,2025-06-28,1264,45.6636,57718.79,1929.6,INR,MOCK_FEED
POS00301020250628,PORT003,INS0017,2025-06-28,832,120.205,100010.56,-1841.84,INR,MOCK_FEED
POS00300120250629,PORT003,INS0008,2025-06-29,3168,58.9162,186646.52,2794.94,GBP,MOCK_FEED
POS00300220250629,PORT003,INS0009,2025-06-29,411,31.6123,12992.66,-253.11,GBP,MOCK_FEED
POS00300320250629,PORT003,INS0010,2025-06-29,349,56.4148,19688.77,76.71,INR,MOCK_FEED
POS00300420250629,PORT003,INS0011,2025-06-29,3740,25.4152,95052.85,-2681.84,USD,MOCK_FEED
POS00300520250629,PORT003,INS0012,2025-06-29,4940,9.6098,47472.41,295.62,EUR,MOCK_FEED
POS00300620250629,PORT003,INS0013,2025-06-29,1152,31.0178,35732.51,1104.77,GBP,MOCK_FEED
POS00300720250629,PORT003,INS0014,2025-06-29,4093,13.6011,55669.3,368.97,USD,MOCK_FEED
POS00300820250629,PORT003,INS0015,2025-06-29,1815,27.6153,50121.77,1968.2,GBP,MOCK_FEED
POS00300920250629,PORT003,INS0016,2025-06-29,2227,45.7121,101800.85,-2186.68,GBP,MOCK_FEED
POS00301020250629,PORT003,INS0017,2025-06-29,4491,116.731,524238.92,-7329.94,EUR,MOCK_FEED
POS00300120250630,PORT003,INS0008,2025-06-30,1487,59.5188,88504.46,2617.92,INR,MOCK_FEED
POS00300220250630,PORT003,INS0009,2025-06-30,3763,31.8158,119722.86,-2194.94,GBP,MOCK_FEED
POS00300320250630,PORT003,INS0010,2025-06-30,693,55.5936,38526.36,1151.37,GBP,MOCK_FEED
POS00300420250630,PORT003,INS0011,2025-06-30,4227,24.9521,105472.53,885.3,USD,MOCK_FEED
POS00300520250630,PORT003,INS0012,2025-06-30,2150,9.9429,21377.24,105.14,USD,MOCK_FEED
POS00300620250630,PORT003,INS0013,2025-06-30,1614,31.1839,50330.81,-1370.51,INR,MOCK_FEED
POS00300720250630,PORT003,INS0014,2025-06-30,3341,13.6096,45469.67,409.85,USD,MOCK_FEED
POS00300820250630,PORT003,INS0015,2025-06-30,3927,27.7831,109104.23,1795.03,INR,MOCK_FEED
POS00300920250630,PORT003,INS0016,2025-06-30,521,45.6406,23778.75,-580.15,EUR,MOCK_FEED
POS00301020250630,PORT003,INS0017,2025-06-30,846,116.9797,98964.83,1673.5,USD,MOCK_FEED
POS00300120250701,PORT003,INS0008,2025-07-01,4269,60.3306,257551.33,2577.11,USD,MOCK_FEED
POS00300220250701,PORT003,INS0009,2025-07-01,3524,31.9687,112657.7,-1483.08,USD,MOCK_FEED
POS00300320250701,PORT003,INS0010,2025-07-01,4074,54.8743,223557.9,665.14,GBP,MOCK_FEED
POS00300420250701,PORT003,INS0011,2025-07-01,4924,24.4699,120489.79,-827.28,GBP,MOCK_FEED
POS00300520250701,PORT003,INS0012,2025-07-01,4482,9.9677,44675.23,324.59,INR,MOCK_FEED
POS00300620250701,PORT003,INS0013,2025-07-01,1640,31.339,51395.96,11.87,INR,MOCK_FEED
POS00300720250701,PORT003,INS0014,2025-07-01,2278,13.6602,31117.94,-521.35,USD,MOCK_FEED
POS00300820250701,PORT003,INS0015,2025-07-01,891,27.5177,24518.27,-682.56,INR,MOCK_FEED
POS00300920250701,PORT003,INS0016,2025-07-01,4419,45.6566,201756.52,332.22,USD,MOCK_FEED
POS00301020250701,PORT003,INS0017,2025-07-01,1356,115.6073,156763.5,1524.12,USD,MOCK_FEED
POS00300120250702,PORT003,INS0008,2025-07-02,3006,61.1011,183669.91,2989.78,GBP,MOCK_FEED
POS00300220250702,PORT003,INS0009,2025-07-02,3651,32.3977,118284.0,2510.61,INR,MOCK_FEED
POS00300320250702,PORT003,INS0010,2025-07-02,4974,55.9716,278402.74,7623.38,GBP,MOCK_FEED
POS00300420250702,PORT003,INS0011,2025-07-02,846,24.2551,20519.81,-195.13,EUR,MOCK_FEED
POS00300520250702,PORT003,INS0012,2025-07-02,3307,10.0659,33287.93,-440.26,USD,MOCK_FEED
POS00300620250702,PORT003,INS0013,2025-07-02,3700,31.0029,114710.73,3036.29,USD,MOCK_FEED
POS00300720250702,PORT003,INS0014,2025-07-02,4337,13.6828,59342.3,-786.1,INR,MOCK_FEED
POS00300820250702,PORT003,INS0015,2025-07-02,2492,27.2192,67830.25,-824.79,EUR,MOCK_FEED
POS00300920250702,PORT003,INS0016,2025-07-02,4256,45.2547,192604.0,6353.18,GBP,MOCK_FEED
POS00301020250702,PORT003,INS0017,2025-07-02,1408,117.417,165323.14,3517.91,GBP,MOCK_FEED
POS00300120250703,PORT003,INS0008,2025-07-03,4773,62.0561,296193.77,-7723.3,EUR,MOCK_FEED
POS00300220250703,PORT003,INS0009,2025-07-03,984,32.3858,31867.63,-202.26,EUR,MOCK_FEED
POS00300320250703,PORT003,INS0010,2025-07-03,995,56.7514,56467.64,2206.05,GBP,MOCK_FEED
POS00300420250703,PORT003,INS0011,2025-07-03,4108,24.1456,99190.12,-2919.21,EUR,MOCK_FEED
POS00300520250703,PORT003,INS0012,2025-07-03,1630,10.2129,16647.03,-21.41,USD,MOCK_FEED
POS00300620250703,PORT003,INS0013,2025-07-03,858,30.6807,26324.04,-49.56,USD,MOCK_FEED
POS00300720250703,PORT003,INS0014,2025-07-03,2266,13.5018,30595.08,-347.8,EUR,MOCK_FEED
POS00300820250703,PORT003,INS0015,2025-07-03,4465,26.7687,119522.25,3113.0,INR,MOCK_FEED
POS00300920250703,PORT003,INS0016,2025-07-03,4685,45.0552,211083.61,-3557.91,INR,MOCK_FEED
POS00301020250703,PORT003,INS0017,2025-07-03,4227,120.5841,509708.99,14634.63,EUR,MOCK_FEED
POS00300120250704,PORT003,INS0008,2025-07-04,1260,62.3217,78525.34,1449.65,INR,MOCK_FEED
POS00300220250704,PORT003,INS0009,2025-07-04,2898,32.5397,94300.05,1181.75,INR,MOCK_FEED
POS00300320250704,PORT003,INS0010,2025-07-04,3685,55.8416,205776.3,-28.14,USD,MOCK_FEED
POS00300420250704,PORT003,INS0011,2025-07-04,1121,24.3819,27332.11,935.37,EUR,MOCK_FEED
POS00300520250704,PORT003,INS0012,2025-07-04,1380,10.1679,14031.7,-297.73,USD,MOCK_FEED
POS00300620250704,PORT003,INS0013,2025-07-04,746,30.8563,23018.8,-582.12,INR,MOCK_FEED
POS00300720250704,PORT003,INS0014,2025-07-04,441,13.4373,5925.85,-42.04,INR,MOCK_FEED
POS00300820250704,PORT003,INS0015,2025-07-04,968,26.6556,25802.62,548.88,EUR,MOCK_FEED
POS00300920250704,PORT003,INS0016,2025-07-04,2002,44.5524,89193.9,2451.04,INR,MOCK_FEED
POS00301020250704,PORT003,INS0017,2025-07-04,2121,119.4154,253280.06,7368.83,USD,MOCK_FEED
POS00300120250705,PORT003,INS0008,2025-07-05,3823,62.6258,239418.43,9343.12,EUR,MOCK_FEED
POS00300220250705,PORT003,INS0009,2025-07-05,2972,32.8311,97574.03,-1505.19,GBP,MOCK_FEED
POS00300320250705,PORT003,INS0010,2025-07-05,3219,56.5882,182157.42,-2425.87,INR,MOCK_FEED
POS00300420250705,PORT003,INS0011,2025-07-05,4725,24.3184,114904.44,1200.2,INR,MOCK_FEED
POS00300520250705,PORT003,INS0012,2025-07-05,4697,10.2962,48361.25,905.71,EUR,MOCK_FEED
POS00300620250705,PORT003,INS0013,2025-07-05,2114,30.9334,65393.21,149.22,GBP,MOCK_FEED
POS00300720250705,PORT003,INS0014,2025-07-05,1001,13.5882,13601.79,-43.2,GBP,MOCK_FEED
POS00300820250705,PORT003,INS0015,2025-07-05,3967,26.792,106283.86,4169.64,GBP,MOCK_FEED
POS00300920250705,PORT003,INS0016,2025-07-05,4456,45.1257,201080.12,2607.09,EUR,MOCK_FEED
POS00301020250705,PORT003,INS0017,2025-07-05,4184,119.5284,500106.83,-9693.55,GBP,MOCK_FEED
POS00300120250706,PORT003,INS0008,2025-07-06,2554,63.5971,162426.99,-990.52,USD,MOCK_FEED
POS00300220250706,PORT003,INS0009,2025-07-06,2501,33.4639,83693.21,2777.91,EUR,MOCK_FEED
POS00300320250706,PORT003,INS0010,2025-07-06,2280,57.0433,130058.72,-3783.39,INR,MOCK_FEED
POS00300420250706,PORT003,INS0011,2025-07-06,4084,24.3779,99559.34,1607.4,EUR,MOCK_FEED
POS00300520250706,PORT003,INS0012,2025-07-06,4552,10.5045,47816.48,-1171.21,USD,MOCK_FEED
POS00300620250706,PORT003,INS0013,2025-07-06,741,30.5073,22605.91,-245.23,EUR,MOCK_FEED
POS00300720250706,PORT003,INS0014,2025-07-06,1234,13.5097,16670.97,421.04,EUR,MOCK_FEED
POS00300820250706,PORT003,INS0015,2025-07-06,464,26.7268,12401.24,469.75,INR,MOCK_FEED
POS00300920250706,PORT003,INS0016,2025-07-06,1389,44.8662,62319.15,2125.52,GBP,MOCK_FEED
POS00301020250706,PORT003,INS0017,2025-07-06,4547,120.8779,549631.81,-5026.65,INR,MOCK_FEED
POS00300120250707,PORT003,INS0008,2025-07-07,1445,62.438,90222.91,355.39,EUR,MOCK_FEED
POS00300220250707,PORT003,INS0009,2025-07-07,2446,32.6865,79951.18,-1532.21,USD,MOCK_FEED
POS00300320250707,PORT003,INS0010,2025-07-07,3311,57.3366,189841.48,2095.99,GBP,MOCK_FEED
POS00300420250707,PORT003,INS0011,2025-07-07,2597,24.5031,63634.55,2532.74,USD,MOCK_FEED
POS00300520250707,PORT003,INS0012,2025-07-07,2008,10.5105,21105.08,-431.52,GBP,MOCK_FEED
POS00300620250707,PORT003,INS0013,2025-07-07,200,30.8108,6162.16,72.09,GBP,MOCK_FEED
POS00300720250707,PORT003,INS0014,2025-07-07,1571,13.5997,21365.13,-169.11,GBP,MOCK_FEED
POS00300820250707,PORT003,INS0015,2025-07-07,663,26.6179,17647.67,11.1,INR,MOCK_FEED
POS00300920250707,PORT003,INS0016,2025-07-07,1863,44.34,82605.42,781.25,INR,MOCK_FEED
POS00301020250707,PORT003,INS0017,2025-07-07,3195,124.0707,396405.89,11642.86,EUR,MOCK_FEED
POS00300120250708,PORT003,INS0008,2025-07-08,4222,62.1326,262323.84,699.32,EUR,MOCK_FEED
POS00300220250708,PORT003,INS0009,2025-07-08,926,32.3574,29962.95,540.41,USD,MOCK_FEED
POS00300320250708,PORT003,INS0010,2025-07-08,121,56.6962,6860.24,-2.3,INR,MOCK_FEED
POS00300420250708,PORT003,INS0011,2025-07-08,447,24.1744,10805.96,70.45,INR,MOCK_FEED
POS00300520250708,PORT003,INS0012,2025-07-08,2278,10.4135,23721.95,772.1,EUR,MOCK_FEED
POS00300620250708,PORT003,INS0013,2025-07-08,411,30.8193,12666.73,487.27,EUR,MOCK_FEED
POS00300720250708,PORT003,INS0014,2025-07-08,4370,13.5163,59066.23,452.48,EUR,MOCK_FEED
POS00300820250708,PORT003,INS0015,2025-07-08,1705,26.2719,44793.59,314.85,INR,MOCK_FEED
POS00300920250708,PORT003,INS0016,2025-07-08,3158,44.279,139833.08,795.43,INR,MOCK_FEED
POS00301020250708,PORT003,INS0017,2025-07-08,3365,124.1857,417884.88,-336.59,INR,MOCK_FEED
POS00300120250709,PORT003,INS0008,2025-07-09,2287,62.7486,143506.05,4044.09,USD,MOCK_FEED
POS00300220250709,PORT003,INS0009,2025-07-09,4533,32.16,145781.28,1928.44,USD,MOCK_FEED
POS00300320250709,PORT003,INS0010,2025-07-09,2726,56.8271,154910.67,4646.9,GBP,MOCK_FEED
POS00300420250709,PORT003,INS0011,2025-07-09,1576,24.2233,38175.92,-237.45,INR,MOCK_FEED
POS00300520250709,PORT003,INS0012,2025-07-09,4791,10.448,50056.37,1528.94,GBP,MOCK_FEED
POS00300620250709,PORT003,INS0013,2025-07-09,3293,31.6615,104261.32,-617.28,USD,MOCK_FEED
POS00300720250709,PORT003,INS0014,2025-07-09,3120,13.5677,42331.22,-1127.71,USD,MOCK_FEED
POS00300820250709,PORT003,INS0015,2025-07-09,1233,25.6521,31629.04,1014.86,GBP,MOCK_FEED
POS00300920250709,PORT003,INS0016,2025-07-09,4311,44.2471,190749.25,-1552.16,GBP,MOCK_FEED
POS00301020250709,PORT003,INS0017,2025-07-09,4286,127.423,546134.98,5340.58,EUR,MOCK_FEED
POS00300120250710,PORT003,INS0008,2025-07-10,796,62.0229,49370.23,1063.1,GBP,MOCK_FEED
POS00300220250710,PORT003,INS0009,2025-07-10,2558,32.0476,81977.76,-606.83,EUR,MOCK_FEED
POS00300320250710,PORT003,INS0010,2025-07-10,1668,57.0337,95132.21,226.4,EUR,MOCK_FEED
POS00300420250710,PORT003,INS0011,2025-07-10,2727,23.7144,64669.17,-543.34,INR,MOCK_FEED
POS00300520250710,PORT003,INS0012,2025-07-10,2366,10.5277,24908.54,509.71,GBP,MOCK_FEED
POS00300620250710,PORT003,INS0013,2025-07-10,4584,31.6929,145280.25,-504.56,USD,MOCK_FEED
POS00300720250710,PORT003,INS0014,2025-07-10,2038,13.6382,27794.65,-142.75,EUR,MOCK_FEED
POS00300820250710,PORT003,INS0015,2025-07-10,3597,25.9106,93200.43,-2758.54,INR,MOCK_FEED
POS00300920250710,PORT003,INS0016,2025-07-10,408,44.0077,17955.14,183.06,GBP,MOCK_FEED
POS00301020250710,PORT003,INS0017,2025-07-10,3845,127.4675,490112.54,-4125.07,USD,MOCK_FEED
POS00300120250711,PORT003,INS0008,2025-07-11,358,61.7785,22116.7,-169.5,GBP,MOCK_FEED
POS00300220250711,PORT003,INS0009,2025-07-11,743,32.009,23782.69,-371.48,INR,MOCK_FEED
POS00300320250711,PORT003,INS0010,2025-07-11,2585,55.892,144480.82,4157.15,INR,MOCK_FEED
POS00300420250711,PORT003,INS0011,2025-07-11,2888,23.946,69156.05,-1135.89,USD,MOCK_FEED
POS00300520250711,PORT003,INS0012,2025-07-11,4279,10.5673,45217.48,1557.12,USD,MOCK_FEED
POS00300620250711,PORT003,INS0013,2025-07-11,4112,31.4775,129435.48,-1469.92,GBP,MOCK_FEED
POS00300720250711,PORT003,INS0014,2025-07-11,4693,13.2397,62133.91,-819.99,GBP,MOCK_FEED
POS00300820250711,PORT003,INS0015,2025-07-11,1371,25.8856,35489.16,1247.54,USD,MOCK_FEED
POS00300920250711,PORT003,INS0016,2025-07-11,2775,44.2628,122829.27,1974.43,EUR,MOCK_FEED
POS00301020250711,PORT003,INS0017,2025-07-11,2633,127.1634,334821.23,-9810.33,EUR,MOCK_FEED
POS00300120250712,PORT003,INS0008,2025-07-12,1112,62.3451,69327.75,2066.39,INR,MOCK_FEED
POS00300220250712,PORT003,INS0009,2025-07-12,3004,31.8532,95687.01,-374.24,INR,MOCK_FEED
POS00300320250712,PORT003,INS0010,2025-07-12,4696,55.2285,259353.04,-7590.87,USD,MOCK_FEED
POS00300420250712,PORT003,INS0011,2025-07-12,2132,24.2145,51625.31,1134.01,INR,MOCK_FEED
POS00300520250712,PORT003,INS0012,2025-07-12,3524,10.5817,37289.91,-475.27,USD,MOCK_FEED
POS00300620250712,PORT003,INS0013,2025-07-12,2050,32.0915,65787.58,1790.41,EUR,MOCK_FEED
POS00300720250712,PORT003,INS0014,2025-07-12,4837,13.167,63688.78,-1414.56,EUR,MOCK_FEED
POS00300820250712,PORT003,INS0015,2025-07-12,2140,26.2075,56084.05,862.69,USD,MOCK_FEED
POS00300920250712,PORT003,INS0016,2025-07-12,2552,44.764,114237.73,-1665.94,USD,MOCK_FEED
POS00301020250712,PORT003,INS0017,2025-07-12,3213,126.3839,406071.47,-2329.4,GBP,MOCK_FEED
POS00300120250713,PORT003,INS0008,2025-07-13,1456,62.1708,90520.68,2086.73,GBP,MOCK_FEED
POS00300220250713,PORT003,INS0009,2025-07-13,2584,31.8316,82252.85,1307.91,EUR,MOCK_FEED
POS00300320250713,PORT003,INS0010,2025-07-13,2063,55.0933,113657.48,-1162.69,INR,MOCK_FEED
POS00300420250713,PORT003,INS0011,2025-07-13,3717,25.0022,92933.18,2460.69,INR,MOCK_FEED
POS00300520250713,PORT003,INS0012,2025-07-13,2687,10.4602,28106.56,624.86,EUR,MOCK_FEED
POS00300620250713,PORT003,INS0013,2025-07-13,3922,32.5142,127520.69,-3433.5,EUR,MOCK_FEED
POS00300720250713,PORT003,INS0014,2025-07-13,370,13.1702,4872.97,161.7,EUR,MOCK_FEED
POS00300820250713,PORT003,INS0015,2025-07-13,1892,25.8124,48837.06,-173.81,INR,MOCK_FEED
POS00300920250713,PORT003,INS0016,2025-07-13,2789,43.5523,121467.36,-3170.1,EUR,MOCK_FEED
POS00301020250713,PORT003,INS0017,2025-07-13,3305,124.0954,410135.3,3087.75,GBP,MOCK_FEED
POS00300120250714,PORT003,INS0008,2025-07-14,3731,62.625,233653.88,-6240.2,USD,MOCK_FEED
POS00300220250714,PORT003,INS0009,2025-07-14,2635,31.6473,83390.64,-535.44,INR,MOCK_FEED
POS00300320250714,PORT003,INS0010,2025-07-14,1317,54.7745,72138.02,-1693.36,INR,MOCK_FEED
POS00300420250714,PORT003,INS0011,2025-07-14,1172,24.6619,28903.75,902.96,USD,MOCK_FEED
POS00300520250714,PORT003,INS0012,2025-07-14,4001,10.6152,42471.42,457.09,INR,MOCK_FEED
POS00300620250714,PORT003,INS0013,2025-07-14,1183,33.502,39632.87,-764.26,USD,MOCK_FEED
POS00300720250714,PORT003,INS0014,2025-07-14,197,12.979,2556.86,-12.47,EUR,MOCK_FEED
POS00300820250714,PORT003,INS0015,2025-07-14,4776,25.8632,123522.64,491.64,INR,MOCK_FEED
POS00300920250714,PORT003,INS0016,2025-07-14,1492,43.9173,65524.61,1253.1,INR,MOCK_FEED
POS00301020250714,PORT003,INS0017,2025-07-14,4256,123.7372,526625.52,-5205.41,INR,MOCK_FEED
POS00300120250715,PORT003,INS0008,2025-07-15,830,63.7257,52892.33,-1345.89,INR,MOCK_FEED
POS00300220250715,PORT003,INS0009,2025-07-15,2768,31.4456,87041.42,-2185.88,EUR,MOCK_FEED
POS00300320250715,PORT003,INS0010,2025-07-15,2095,54.6721,114538.05,-2030.66,INR,MOCK_FEED
POS00300420250715,PORT003,INS0011,2025-07-15,263,24.3579,6406.13,-11.38,USD,MOCK_FEED
POS00300520250715,PORT003,INS0012,2025-07-15,3723,10.7728,40107.13,964.31,GBP,MOCK_FEED
POS00300620250715,PORT003,INS0013,2025-07-15,2922,33.7094,98498.87,1709.03,INR,MOCK_FEED
POS00300720250715,PORT003,INS0014,2025-07-15,4484,12.8597,57662.89,-39.02,INR,MOCK_FEED
POS00300820250715,PORT003,INS0015,2025-07-15,3856,25.6279,98821.18,2801.87,GBP,MOCK_FEED
POS00300920250715,PORT003,INS0016,2025-07-15,4137,44.3524,183485.88,4408.5,USD,MOCK_FEED
POS00301020250715,PORT003,INS0017,2025-07-15,830,122.7735,101902.01,-814.2,USD,MOCK_FEED
POS00300120250716,PORT003,INS0008,2025-07-16,2138,63.8044,136413.81,253.37,GBP,MOCK_FEED
POS00300220250716,PORT003,INS0009,2025-07-16,1298,31.494,40879.21,434.35,USD,MOCK_FEED
POS00300320250716,PORT003,INS0010,2025-07-16,2993,56.0421,167734.01,5615.91,INR,MOCK_FEED
POS00300420250716,PORT003,INS0011,2025-07-16,1189,24.3357,28935.15,-278.31,GBP,MOCK_FEED
POS00300520250716,PORT003,INS0012,2025-07-16,423,10.6998,4526.02,167.11,USD,MOCK_FEED
POS00300620250716,PORT003,INS0013,2025-07-16,1791,33.7978,60531.86,-1189.47,INR,MOCK_FEED
POS00300720250716,PORT003,INS0014,2025-07-16,3484,12.8629,44814.34,1661.84,USD,MOCK_FEED
POS00300820250716,PORT003,INS0015,2025-07-16,3510,25.7677,90444.63,-2692.01,GBP,MOCK_FEED
POS00300920250716,PORT003,INS0016,2025-07-16,1894,44.5775,84429.79,1612.67,EUR,MOCK_FEED
POS00301020250716,PORT003,INS0017,2025-07-16,2307,123.6642,285293.31,8354.52,USD,MOCK_FEED
POS00300120250717,PORT003,INS0008,2025-07-17,1599,64.1221,102531.24,33.27,GBP,MOCK_FEED
POS00300220250717,PORT003,INS0009,2025-07-17,1572,30.9082,48587.69,38.78,USD,MOCK_FEED
POS00300320250717,PORT003,INS0010,2025-07-17,3348,57.3271,191931.13,-976.66,USD,MOCK_FEED
POS00300420250717,PORT003,INS0011,2025-07-17,1067,24.057,25668.82,-615.69,EUR,MOCK_FEED
POS00300520250717,PORT003,INS0012,2025-07-17,2620,10.5808,27721.7,142.71,GBP,MOCK_FEED
POS00300620250717,PORT003,INS0013,2025-07-17,3279,33.2459,109013.31,1044.83,GBP,MOCK_FEED
POS00300720250717,PORT003,INS0014,2025-07-17,4867,12.7893,62245.52,-1621.92,USD,MOCK_FEED
POS00300820250717,PORT003,INS0015,2025-07-17,3850,25.7826,99263.01,1839.62,EUR,MOCK_FEED
POS00300920250717,PORT003,INS0016,2025-07-17,3473,44.0298,152915.5,1276.39,EUR,MOCK_FEED
POS00301020250717,PORT003,INS0017,2025-07-17,1853,125.4982,232548.16,3529.76,GBP,MOCK_FEED
POS00300120250718,PORT003,INS0008,2025-07-18,1506,64.632,97335.79,-2139.08,USD,MOCK_FEED
POS00300220250718,PORT003,INS0009,2025-07-18,2304,31.451,72463.1,-2106.38,GBP,MOCK_FEED
POS00300320250718,PORT003,INS0010,2025-07-18,4527,57.5439,260501.24,-6188.19,EUR,MOCK_FEED
POS00300420250718,PORT003,INS0011,2025-07-18,4623,24.1456,111625.11,1833.78,EUR,MOCK_FEED
POS00300520250718,PORT003,INS0012,2025-07-18,2306,10.4888,24187.17,898.03,GBP,MOCK_FEED
POS00300620250718,PORT003,INS0013,2025-07-18,3350,34.0742,114148.57,-92.22,EUR,MOCK_FEED
POS00300720250718,PORT003,INS0014,2025-07-18,4051,12.8205,51935.85,1546.92,GBP,MOCK_FEED
POS00300820250718,PORT003,INS0015,2025-07-18,3896,25.7045,100144.73,-2137.98,EUR,MOCK_FEED
POS00300920250718,PORT003,INS0016,2025-07-18,2567,44.3046,113729.91,1246.93,EUR,MOCK_FEED
POS00301020250718,PORT003,INS0017,2025-07-18,204,124.9189,25483.46,283.5,EUR,MOCK_FEED
POS00300120250719,PORT003,INS0008,2025-07-19,3784,64.2277,243037.62,1915.83,USD,MOCK_FEED
POS00300220250719,PORT003,INS0009,2025-07-19,2343,31.7704,74438.05,2248.79,GBP,MOCK_FEED
POS00300320250719,PORT003,INS0010,2025-07-19,3428,56.6629,194240.42,-3938.01,INR,MOCK_FEED
POS00300420250719,PORT003,INS0011,2025-07-19,3040,23.9802,72899.81,-1680.42,GBP,MOCK_FEED
POS00300520250719,PORT003,INS0012,2025-07-19,2408,10.5207,25333.85,-377.65,EUR,MOCK_FEED
POS00300620250719,PORT003,INS0013,2025-07-19,675,34.0977,23015.95,-196.66,GBP,MOCK_FEED
POS00300720250719,PORT003,INS0014,2025-07-19,4667,12.7462,59486.52,-583.77,EUR,MOCK_FEED
POS00300820250719,PORT003,INS0015,2025-07-19,3205,25.4939,81707.95,2081.56,GBP,MOCK_FEED
POS00300920250719,PORT003,INS0016,2025-07-19,391,44.5739,17428.39,80.33,USD,MOCK_FEED
POS00301020250719,PORT003,INS0017,2025-07-19,1247,124.7709,155589.31,-529.77,EUR,MOCK_FEED
POS00300120250720,PORT003,INS0008,2025-07-20,2746,64.4678,177028.58,226.31,USD,MOCK_FEED
POS00300220250720,PORT003,INS0009,2025-07-20,800,31.5278,25222.24,607.41,GBP,MOCK_FEED
POS00300320250720,PORT003,INS0010,2025-07-20,822,56.2064,46201.66,333.24,EUR,MOCK_FEED
POS00300420250720,PORT003,INS0011,2025-07-20,2253,23.4515,52836.23,262.42,USD,MOCK_FEED
POS00300520250720,PORT003,INS0012,2025-07-20,4445,10.7113,47611.73,-438.57,USD,MOCK_FEED
POS00300620250720,PORT003,INS0013,2025-07-20,1610,34.1689,55011.93,-705.59,GBP,MOCK_FEED
POS00300720250720,PORT003,INS0014,2025-07-20,506,12.5932,6372.16,36.46,GBP,MOCK_FEED
POS00300820250720,PORT003,INS0015,2025-07-20,1553,25.4251,39485.18,874.76,GBP,MOCK_FEED
POS00300920250720,PORT003,INS0016,2025-07-20,3566,44.1924,157590.1,140.47,EUR,MOCK_FEED
POS00301020250720,PORT003,INS0017,2025-07-20,1114,122.6747,136659.62,-378.15,GBP,MOCK_FEED
POS00300120250721,PORT003,INS0008,2025-07-21,4263,64.095,273236.98,7787.69,EUR,MOCK_FEED
POS00300220250721,PORT003,INS0009,2025-07-21,4845,32.0259,155165.49,1303.92,INR,MOCK_FEED
POS00300320250721,PORT003,INS0010,2025-07-21,1971,56.5887,111536.33,-2891.17,EUR,MOCK_FEED
POS00300420250721,PORT003,INS0011,2025-07-21,3578,23.3585,83576.71,2013.57,GBP,MOCK_FEED
POS00300520250721,PORT003,INS0012,2025-07-21,3157,10.4799,33085.04,-977.12,GBP,MOCK_FEED
POS00300620250721,PORT003,INS0013,2025-07-21,3839,34.1992,131290.73,292.43,USD,MOCK_FEED
POS00300720250721,PORT003,INS0014,2025-07-21,3012,12.6595,38130.41,-1133.13,EUR,MOCK_FEED
POS00300820250721,PORT003,INS0015,2025-07-21,4953,25.312,125370.34,-520.21,GBP,MOCK_FEED
POS00300920250721,PORT003,INS0016,2025-07-21,4029,43.7622,176317.9,4278.1,GBP,MOCK_FEED
POS00301020250721,PORT003,INS0017,2025-07-21,3460,124.2199,429800.85,-3854.88,USD,MOCK_FEED
POS00300120250722,PORT003,INS0008,2025-07-22,2763,64.4385,178043.58,6821.19,EUR,MOCK_FEED
POS00300220250722,PORT003,INS0009,2025-07-22,1526,32.1215,49017.41,765.77,INR,MOCK_FEED
POS00300320250722,PORT003,INS0010,2025-07-22,275,56.5938,15563.3,105.46,EUR,MOCK_FEED
POS00300420250722,PORT003,INS0011,2025-07-22,636,23.3082,14824.02,-136.65,GBP,MOCK_FEED
POS00300520250722,PORT003,INS0012,2025-07-22,4984,10.3619,51643.71,-1014.78,GBP,MOCK_FEED
POS00300620250722,PORT003,INS0013,2025-07-22,211,33.453,7058.58,76.68,EUR,MOCK_FEED
POS00300720250722,PORT003,INS0014,2025-07-22,4745,12.6806,60169.45,912.93,USD,MOCK_FEED
POS00300820250722,PORT003,INS0015,2025-07-22,4810,25.6607,123427.97,3069.91,USD,MOCK_FEED
POS00300920250722,PORT003,INS0016,2025-07-22,3704,44.5397,164975.05,-1114.41,GBP,MOCK_FEED
POS00301020250722,PORT003,INS0017,2025-07-22,3066,124.4886,381682.05,72.91,USD,MOCK_FEED
POS00300120250723,PORT003,INS0008,2025-07-23,4723,64.0678,302592.22,-4973.2,USD,MOCK_FEED
POS00300220250723,PORT003,INS0009,2025-07-23,639,32.0506,20480.33,-351.07,USD,MOCK_FEED
POS00300320250723,PORT003,INS0010,2025-07-23,1566,54.5195,85377.54,-1265.48,EUR,MOCK_FEED
POS00300420250723,PORT003,INS0011,2025-07-23,590,23.4138,13814.14,-154.27,GBP,MOCK_FEED
POS00300520250723,PORT003,INS0012,2025-07-23,1325,10.2552,13588.14,-47.69,EUR,MOCK_FEED
POS00300620250723,PORT003,INS0013,2025-07-23,2479,33.4909,83023.94,-2307.12,GBP,MOCK_FEED
POS00300720250723,PORT003,INS0014,2025-07-23,125,12.6748,1584.35,-8.61,GBP,MOCK_FEED
POS00300820250723,PORT003,INS0015,2025-07-23,3245,25.5096,82778.65,2280.9,EUR,MOCK_FEED
POS00300920250723,PORT003,INS0016,2025-07-23,3032,44.0324,133506.24,-1731.72,INR,MOCK_FEED
POS00301020250723,PORT003,INS0017,2025-07-23,354,124.7657,44167.06,-535.84,USD,MOCK_FEED
POS00300120250724,PORT003,INS0008,2025-07-24,535,64.4139,34461.44,-91.24,GBP,MOCK_FEED
POS00300220250724,PORT003,INS0009,2025-07-24,2850,32.2551,91927.04,461.8,GBP,MOCK_FEED
POS00300320250724,PORT003,INS0010,2025-07-24,4887,54.8424,268014.81,-5614.44,INR,MOCK_FEED
POS00300420250724,PORT003,INS0011,2025-07-24,3369,23.3602,78700.51,-1919.11,USD,MOCK_FEED
POS00300520250724,PORT003,INS0012,2025-07-24,3331,10.1888,33938.89,1271.63,GBP,MOCK_FEED
POS00300620250724,PORT003,INS0013,2025-07-24,3052,33.6735,102771.52,-1990.67,USD,MOCK_FEED
POS00300720250724,PORT003,INS0014,2025-07-24,2704,12.5707,33991.17,875.75,EUR,MOCK_FEED
POS00300820250724,PORT003,INS0015,2025-07-24,2228,25.5605,56948.79,1639.35,USD,MOCK_FEED
POS00300920250724,PORT003,INS0016,2025-07-24,1427,44.5451,63565.86,-451.21,INR,MOCK_FEED
POS00301020250724,PORT003,INS0017,2025-07-24,2497,123.8784,309324.36,-3014.37,INR,MOCK_FEED
POS00300120250725,PORT003,INS0008,2025-07-25,3714,65.1606,242006.47,-1727.66,USD,MOCK_FEED
POS00300220250725,PORT003,INS0009,2025-07-25,3087,32.3601,99895.63,568.46,GBP,MOCK_FEED
POS00300320250725,PORT003,INS0010,2025-07-25,3025,54.4029,164568.77,-1591.11,EUR,MOCK_FEED
POS00300420250725,PORT003,INS0011,2025-07-25,4272,23.5663,100675.23,3921.71,INR,MOCK_FEED
POS00300520250725,PORT003,INS0012,2025-07-25,2110,10.1391,21393.5,-398.3,EUR,MOCK_FEED
POS00300620250725,PORT003,INS0013,2025-07-25,710,33.4934,23780.31,515.55,INR,MOCK_FEED
POS00300720250725,PORT003,INS0014,2025-07-25,730,12.3225,8995.42,53.79,USD,MOCK_FEED
POS00300820250725,PORT003,INS0015,2025-07-25,4045,26.2087,106014.19,3058.03,INR,MOCK_FEED
POS00300920250725,PORT003,INS0016,2025-07-25,3029,44.8717,135916.38,-2602.75,INR,MOCK_FEED
POS00301020250725,PORT003,INS0017,2025-07-25,3380,123.3965,417080.17,-1536.15,GBP,MOCK_FEED
POS00300120250726,PORT003,INS0008,2025-07-26,4712,64.8215,305438.91,-5036.6,GBP,MOCK_FEED
POS00300220250726,PORT003,INS0009,2025-07-26,4808,32.5319,156413.38,-2098.62,GBP,MOCK_FEED
POS00300320250726,PORT003,INS0010,2025-07-26,2548,54.7937,139614.35,5104.93,USD,MOCK_FEED
POS00300420250726,PORT003,INS0011,2025-07-26,4264,22.91,97688.24,2190.68,INR,MOCK_FEED
POS00300520250726,PORT003,INS0012,2025-07-26,2471,9.8912,24441.16,93.81,GBP,MOCK_FEED
POS00300620250726,PORT003,INS0013,2025-07-26,777,33.2511,25836.1,-130.85,GBP,MOCK_FEED
POS00300720250726,PORT003,INS0014,2025-07-26,1832,12.4374,22785.32,285.28,USD,MOCK_FEED
POS00300820250726,PORT003,INS0015,2025-07-26,2396,26.4749,63433.86,-1864.72,INR,MOCK_FEED
POS00300920250726,PORT003,INS0016,2025-07-26,4761,44.2806,210819.94,986.87,INR,MOCK_FEED
POS00301020250726,PORT003,INS0017,2025-07-26,2037,122.2956,249116.14,4182.92,EUR,MOCK_FEED
POS00300120250727,PORT003,INS0008,2025-07-27,2835,65.9362,186929.13,5422.78,USD,MOCK_FEED
POS00300220250727,PORT003,INS0009,2025-07-27,4893,32.7779,160382.26,3216.81,GBP,MOCK_FEED
POS00300320250727,PORT003,INS0010,2025-07-27,4425,54.6026,241616.51,4723.47,INR,MOCK_FEED
POS00300420250727,PORT003,INS0011,2025-07-27,497,22.7561,11309.78,268.13,INR,MOCK_FEED
POS00300520250727,PORT003,INS0012,2025-07-27,2137,10.0903,21562.97,-325.39,GBP,MOCK_FEED
POS00300620250727,PORT003,INS0013,2025-07-27,4792,33.1249,158734.52,495.32,GBP,MOCK_FEED
POS00300720250727,PORT003,INS0014,2025-07-27,4749,12.2587,58216.57,-128.59,GBP,MOCK_FEED
POS00300820250727,PORT003,INS0015,2025-07-27,1565,26.0855,40823.81,623.23,GBP,MOCK_FEED
POS00300920250727,PORT003,INS0016,2025-07-27,2587,44.6263,115448.24,1121.66,USD,MOCK_FEED
POS00301020250727,PORT003,INS0017,2025-07-27,3305,122.8017,405859.62,-2271.85,GBP,MOCK_FEED
POS00300120250728,PORT003,INS0008,2025-07-28,4650,66.1561,307625.86,-5431.76,EUR,MOCK_FEED
POS00300220250728,PORT003,INS0009,2025-07-28,756,32.5074,24575.59,-561.55,USD,MOCK_FEED
POS00300320250728,PORT003,INS0010,2025-07-28,818,55.5991,45480.06,959.4,USD,MOCK_FEED
POS00300420250728,PORT003,INS0011,2025-07-28,4976,23.0324,114609.22,-2358.21,EUR,MOCK_FEED
POS00300520250728,PORT003,INS0012,2025-07-28,2736,10.1614,27801.59,-684.54,USD,MOCK_FEED
POS00300620250728,PORT003,INS0013,2025-07-28,4968,33.2897,165383.23,-4171.23,GBP,MOCK_FEED
POS00300720250728,PORT003,INS0014,2025-07-28,362,12.1863,4411.44,82.59,EUR,MOCK_FEED
POS00300820250728,PORT003,INS0015,2025-07-28,337,26.0357,8774.03,138.15,GBP,MOCK_FEED
POS00300920250728,PORT003,INS0016,2025-07-28,302,44.9979,13589.37,-32.17,GBP,MOCK_FEED
POS00301020250728,PORT003,INS0017,2025-07-28,2794,124.1661,346920.08,11180.48,GBP,MOCK_FEED
POS00300120250729,PORT003,INS0008,2025-07-29,4930,65.2121,321495.65,6549.05,GBP,MOCK_FEED
POS00300220250729,PORT003,INS0009,2025-07-29,4868,32.4389,157912.57,2670.07,INR,MOCK_FEED
POS00300320250729,PORT003,INS0010,2025-07-29,1759,56.8012,99913.31,-898.69,USD,MOCK_FEED
POS00300420250729,PORT003,INS0011,2025-07-29,2569,22.8182,58619.96,2092.53,USD,MOCK_FEED
POS00300520250729,PORT003,INS0012,2025-07-29,1566,10.3236,16166.76,442.08,EUR,MOCK_FEED
POS00300620250729,PORT003,INS0013,2025-07-29,1516,33.336,50537.38,1946.88,INR,MOCK_FEED
POS00300720250729,PORT003,INS0014,2025-07-29,3746,12.3404,46227.14,-94.88,USD,MOCK_FEED
POS00300820250729,PORT003,INS0015,2025-07-29,1216,25.952,31557.63,888.13,USD,MOCK_FEED
POS00300920250729,PORT003,INS0016,2025-07-29,2428,45.4131,110263.01,-1933.88,EUR,MOCK_FEED
POS00301020250729,PORT003,INS0017,2025-07-29,2598,123.0189,319603.1,7036.96,GBP,MOCK_FEED
POS00300120250730,PORT003,INS0008,2025-07-30,4552,63.6427,289701.57,-264.54,GBP,MOCK_FEED
POS00300220250730,PORT003,INS0009,2025-07-30,1932,33.0675,63886.41,2401.42,GBP,MOCK_FEED
POS00300320250730,PORT003,INS0010,2025-07-30,1834,57.0978,104717.37,-390.55,EUR,MOCK_FEED
POS00300420250730,PORT003,INS0011,2025-07-30,1409,22.9279,32305.41,-208.84,INR,MOCK_FEED
POS00300520250730,PORT003,INS0012,2025-07-30,4289,10.4499,44819.62,-82.08,INR,MOCK_FEED
POS00300620250730,PORT003,INS0013,2025-07-30,3713,32.8272,121887.39,181.11,GBP,MOCK_FEED
POS00300720250730,PORT003,INS0014,2025-07-30,4417,12.3822,54692.18,66.4,EUR,MOCK_FEED
POS00300820250730,PORT003,INS0015,2025-07-30,499,25.6086,12778.69,31.02,GBP,MOCK_FEED
POS00300920250730,PORT003,INS0016,2025-07-30,1357,44.525,60420.42,1389.84,GBP,MOCK_FEED
POS00301020250730,PORT003,INS0017,2025-07-30,341,122.1701,41660.0,-599.48,GBP,MOCK_FEED
POS00300120250731,PORT003,INS0008,2025-07-31,1204,63.1386,76018.87,2081.78,USD,MOCK_FEED
POS00300220250731,PORT003,INS0009,2025-07-31,4723,32.9179,155471.24,401.09,INR,MOCK_FEED
POS00300320250731,PORT003,INS0010,2025-07-31,3015,58.3607,175957.51,-3494.66,USD,MOCK_FEED
POS00300420250731,PORT003,INS0011,2025-07-31,109,22.6224,2465.84,90.84,EUR,MOCK_FEED
POS00300520250731,PORT003,INS0012,2025-07-31,2285,10.4574,23895.16,620.26,GBP,MOCK_FEED
POS00300620250731,PORT003,INS0013,2025-07-31,3045,32.7711,99788.0,-551.84,GBP,MOCK_FEED
POS00300720250731,PORT003,INS0014,2025-07-31,1984,12.1997,24204.2,693.32,INR,MOCK_FEED
POS00300820250731,PORT003,INS0015,2025-07-31,4884,25.1591,122877.04,894.42,GBP,MOCK_FEED
POS00300920250731,PORT003,INS0016,2025-07-31,1414,44.802,63350.03,-105.29,GBP,MOCK_FEED
POS00301020250731,PORT003,INS0017,2025-07-31,926,121.195,112226.57,1702.11,USD,MOCK_FEED
POS00300120250801,PORT003,INS0008,2025-08-01,343,62.606,21473.86,225.96,INR,MOCK_FEED
POS00300220250801,PORT003,INS0009,2025-08-01,1731,32.8395,56845.17,-38.32,USD,MOCK_FEED
POS00300320250801,PORT003,INS0010,2025-08-01,474,58.7216,27834.04,-382.7,INR,MOCK_FEED
POS00300420250801,PORT003,INS0011,2025-08-01,3313,22.5459,74694.57,843.98,USD,MOCK_FEED
POS00300520250801,PORT003,INS0012,2025-08-01,4147,10.2571,42536.19,255.61,INR,MOCK_FEED
POS00300620250801,PORT003,INS0013,2025-08-01,4875,32.4204,158049.45,-2426.14,USD,MOCK_FEED
POS00300720250801,PORT003,INS0014,2025-08-01,1133,12.2974,13932.95,-368.44,GBP,MOCK_FEED
POS00300820250801,PORT003,INS0015,2025-08-01,2543,24.7483,62934.93,164.95,INR,MOCK_FEED
POS00300920250801,PORT003,INS0016,2025-08-01,4163,45.7341,190391.06,6438.85,GBP,MOCK_FEED
POS00301020250801,PORT003,INS0017,2025-08-01,1389,122.5549,170228.76,1724.31,INR,MOCK_FEED
POS00300120250802,PORT003,INS0008,2025-08-02,4361,62.3747,272016.07,-4257.19,GBP,MOCK_FEED
POS00300220250802,PORT003,INS0009,2025-08-02,234,32.4298,7588.57,-16.52,USD,MOCK_FEED
POS00300320250802,PORT003,INS0010,2025-08-02,330,58.7311,19381.26,342.42,GBP,MOCK_FEED
POS00300420250802,PORT003,INS0011,2025-08-02,2637,22.257,58691.71,-1553.92,EUR,MOCK_FEED
POS00300520250802,PORT003,INS0012,2025-08-02,667,10.3608,6910.65,-41.79,INR,MOCK_FEED
POS00300620250802,PORT003,INS0013,2025-08-02,4486,32.3226,144999.18,-2891.31,GBP,MOCK_FEED
POS00300720250802,PORT003,INS0014,2025-08-02,183,12.6161,2308.75,0.79,EUR,MOCK_FEED
POS00300820250802,PORT003,INS0015,2025-08-02,4297,24.5713,105582.88,1760.07,GBP,MOCK_FEED
POS00300920250802,PORT003,INS0016,2025-08-02,1216,46.3907,56411.09,-1370.9,USD,MOCK_FEED
POS00301020250802,PORT003,INS0017,2025-08-02,1867,123.6969,230942.11,-5067.39,GBP,MOCK_FEED
POS00300120250803,PORT003,INS0008,2025-08-03,4418,63.2225,279317.01,5467.84,USD,MOCK_FEED
POS00300220250803,PORT003,INS0009,2025-08-03,3805,32.3969,123270.2,-2160.0,GBP,MOCK_FEED
POS00300320250803,PORT003,INS0010,2025-08-03,1073,58.5759,62851.94,-1191.31,USD,MOCK_FEED
POS00300420250803,PORT003,INS0011,2025-08-03,212,22.5273,4775.79,162.37,INR,MOCK_FEED
POS00300520250803,PORT003,INS0012,2025-08-03,4381,10.5452,46198.52,1013.5,EUR,MOCK_FEED
POS00300620250803,PORT003,INS0013,2025-08-03,898,31.6827,28451.06,889.28,EUR,MOCK_FEED
POS00300720250803,PORT003,INS0014,2025-08-03,4066,12.5786,51144.59,-152.96,USD,MOCK_FEED
POS00300820250803,PORT003,INS0015,2025-08-03,4090,24.387,99742.83,3002.63,USD,MOCK_FEED
POS00300920250803,PORT003,INS0016,2025-08-03,3588,46.3088,166155.97,6200.74,GBP,MOCK_FEED
POS00301020250803,PORT003,INS0017,2025-08-03,3904,125.0725,488283.04,6523.1,EUR,MOCK_FEED
POS00300120250804,PORT003,INS0008,2025-08-04,4502,62.5228,281477.65,-2177.67,INR,MOCK_FEED
POS00300220250804,PORT003,INS0009,2025-08-04,4807,32.3734,155618.93,99.27,USD,MOCK_FEED
POS00300320250804,PORT003,INS0010,2025-08-04,4294,57.7073,247795.15,7606.14,EUR,MOCK_FEED
POS00300420250804,PORT003,INS0011,2025-08-04,2220,22.6539,50291.66,1458.61,EUR,MOCK_FEED
POS00300520250804,PORT003,INS0012,2025-08-04,368,10.4772,3855.61,27.98,INR,MOCK_FEED
POS00300620250804,PORT003,INS0013,2025-08-04,316,31.9619,10099.96,82.97,USD,MOCK_FEED
POS00300720250804,PORT003,INS0014,2025-08-04,2853,12.7091,36259.06,-111.11,EUR,MOCK_FEED
POS00300820250804,PORT003,INS0015,2025-08-04,4411,24.7226,109051.39,-1169.05,EUR,MOCK_FEED
POS00300920250804,PORT003,INS0016,2025-08-04,2522,46.2315,116595.84,1874.85,GBP,MOCK_FEED
POS00301020250804,PORT003,INS0017,2025-08-04,661,124.618,82372.5,798.47,INR,MOCK_FEED
POS00300120250805,PORT003,INS0008,2025-08-05,3545,62.758,222477.11,1368.18,USD,MOCK_FEED
POS00300220250805,PORT003,INS0009,2025-08-05,1217,32.915,40057.56,-488.18,INR,MOCK_FEED
POS00300320250805,PORT003,INS0010,2025-08-05,317,56.7437,17987.75,6.74,GBP,MOCK_FEED
POS00300420250805,PORT003,INS0011,2025-08-05,1465,23.0644,33789.35,97.38,EUR,MOCK_FEED
POS00300520250805,PORT003,INS0012,2025-08-05,3468,10.1765,35292.1,547.32,USD,MOCK_FEED
POS00300620250805,PORT003,INS0013,2025-08-05,398,32.2836,12848.87,120.22,USD,MOCK_FEED
POS00300720250805,PORT003,INS0014,2025-08-05,201,12.479,2508.28,48.44,USD,MOCK_FEED
POS00300820250805,PORT003,INS0015,2025-08-05,4788,25.2786,121033.94,456.8,GBP,MOCK_FEED
POS00300920250805,PORT003,INS0016,2025-08-05,3439,47.1107,162013.7,-920.95,EUR,MOCK_FEED
POS00301020250805,PORT003,INS0017,2025-08-05,660,124.4531,82139.05,384.19,USD,MOCK_FEED
POS00300120250806,PORT003,INS0008,2025-08-06,474,62.6069,29675.67,1174.48,EUR,MOCK_FEED
POS00300220250806,PORT003,INS0009,2025-08-06,1117,32.8218,36661.95,-1063.14,USD,MOCK_FEED
POS00300320250806,PORT003,INS0010,2025-08-06,1243,57.0716,70940.0,-1483.97,USD,MOCK_FEED
POS00300420250806,PORT003,INS0011,2025-08-06,2069,22.8542,47285.34,581.98,EUR,MOCK_FEED
POS00300520250806,PORT003,INS0012,2025-08-06,1748,10.2012,17831.7,-521.88,GBP,MOCK_FEED
POS00300620250806,PORT003,INS0013,2025-08-06,817,32.6247,26654.38,904.69,GBP,MOCK_FEED
POS00300720250806,PORT003,INS0014,2025-08-06,2738,12.4798,34169.69,-651.15,GBP,MOCK_FEED
POS00300820250806,PORT003,INS0015,2025-08-06,3789,25.0154,94783.35,297.61,INR,MOCK_FEED
POS00300920250806,PORT003,INS0016,2025-08-06,4953,46.8433,232014.86,-2857.97,GBP,MOCK_FEED
POS00301020250806,PORT003,INS0017,2025-08-06,3272,125.293,409958.7,-7187.31,USD,MOCK_FEED
POS00300120250807,PORT003,INS0008,2025-08-07,272,63.2687,17209.09,-315.11,INR,MOCK_FEED
POS00300220250807,PORT003,INS0009,2025-08-07,1659,32.5546,54008.08,198.17,EUR,MOCK_FEED
POS00300320250807,PORT003,INS0010,2025-08-07,2320,57.1896,132679.87,3045.53,GBP,MOCK_FEED
POS00300420250807,PORT003,INS0011,2025-08-07,1798,22.7518,40907.74,-1193.98,INR,MOCK_FEED
POS00300520250807,PORT003,INS0012,2025-08-07,898,10.1922,9152.6,-242.78,EUR,MOCK_FEED
POS00300620250807,PORT003,INS0013,2025-08-07,1189,32.9888,39223.68,-568.65,INR,MOCK_FEED
POS00300720250807,PORT003,INS0014,2025-08-07,446,12.4468,5551.27,-130.32,EUR,MOCK_FEED
POS00300820250807,PORT003,INS0015,2025-08-07,1060,24.8869,26380.11,997.33,GBP,MOCK_FEED
POS00300920250807,PORT003,INS0016,2025-08-07,4639,47.3523,219667.32,-6379.08,USD,MOCK_FEED
POS00301020250807,PORT003,INS0017,2025-08-07,1590,127.47,202677.3,7140.93,INR,MOCK_FEED
POS00300120250808,PORT003,INS0008,2025-08-08,4571,63.2679,289197.57,-7950.48,USD,MOCK_FEED
POS00300220250808,PORT003,INS0009,2025-08-08,1298,33.021,42861.26,-1043.19,GBP,MOCK_FEED
POS00300320250808,PORT003,INS0010,2025-08-08,3605,57.6876,207963.8,-2927.16,USD,MOCK_FEED
POS00300420250808,PORT003,INS0011,2025-08-08,4162,22.7638,94742.94,-529.08,INR,MOCK_FEED
POS00300520250808,PORT003,INS0012,2025-08-08,4432,10.1657,45054.38,-1288.33,INR,MOCK_FEED
POS00300620250808,PORT003,INS0013,2025-08-08,3565,33.5186,119493.81,4473.21,EUR,MOCK_FEED
POS00300720250808,PORT003,INS0014,2025-08-08,1959,12.453,24395.43,-316.07,EUR,MOCK_FEED
POS00300820250808,PORT003,INS0015,2025-08-08,2026,24.7763,50196.78,-1488.38,GBP,MOCK_FEED
POS00300920250808,PORT003,INS0016,2025-08-08,3172,46.5679,147713.38,311.48,EUR,MOCK_FEED
POS00301020250808,PORT003,INS0017,2025-08-08,827,128.9437,106636.44,-1232.25,GBP,MOCK_FEED
POS00300120250809,PORT003,INS0008,2025-08-09,2754,63.8216,175764.69,255.82,USD,MOCK_FEED
POS00300220250809,PORT003,INS0009,2025-08-09,1828,32.9487,60230.22,-295.39,USD,MOCK_FEED
POS00300320250809,PORT003,INS0010,2025-08-09,3359,58.2546,195677.2,5468.69,EUR,MOCK_FEED
POS00300420250809,PORT003,INS0011,2025-08-09,1081,22.723,24563.56,208.83,USD,MOCK_FEED
POS00300520250809,PORT003,INS0012,2025-08-09,3567,10.1067,36050.6,336.79,GBP,MOCK_FEED
POS00300620250809,PORT003,INS0013,2025-08-09,3360,34.3516,115421.38,-960.22,USD,MOCK_FEED
POS00300720250809,PORT003,INS0014,2025-08-09,1920,12.5714,24137.09,467.71,USD,MOCK_FEED
POS00300820250809,PORT003,INS0015,2025-08-09,1125,24.2666,27299.92,6.6,USD,MOCK_FEED
POS00300920250809,PORT003,INS0016,2025-08-09,4064,47.0337,191144.96,423.24,EUR,MOCK_FEED
POS00301020250809,PORT003,INS0017,2025-08-09,4132,127.1286,525295.38,2034.41,USD,MOCK_FEED
POS00300120250810,PORT003,INS0008,2025-08-10,3180,64.6333,205533.89,6454.03,INR,MOCK_FEED
POS00300220250810,PORT003,INS0009,2025-08-10,831,32.5512,27050.05,191.97,INR,MOCK_FEED
POS00300320250810,PORT003,INS0010,2025-08-10,4674,58.7032,274378.76,-7377.57,GBP,MOCK_FEED
POS00300420250810,PORT003,INS0011,2025-08-10,1968,22.3733,44030.65,86.37,EUR,MOCK_FEED
POS00300520250810,PORT003,INS0012,2025-08-10,4855,10.031,48700.51,1120.03,EUR,MOCK_FEED
POS00300620250810,PORT003,INS0013,2025-08-10,860,34.8278,29951.91,962.17,GBP,MOCK_FEED
POS00300720250810,PORT003,INS0014,2025-08-10,2391,12.7519,30489.79,828.94,EUR,MOCK_FEED
POS00300820250810,PORT003,INS0015,2025-08-10,456,24.2224,11045.41,164.64,EUR,MOCK_FEED
POS00300920250810,PORT003,INS0016,2025-08-10,4438,46.6713,207127.23,-6021.58,USD,MOCK_FEED
POS00301020250810,PORT003,INS0017,2025-08-10,1424,126.085,179545.04,-539.31,USD,MOCK_FEED
POS00300120250811,PORT003,INS0008,2025-08-11,2089,65.397,136614.33,5369.36,USD,MOCK_FEED
POS00300220250811,PORT003,INS0009,2025-08-11,4426,32.1414,142257.84,-2225.49,USD,MOCK_FEED
POS00300320250811,PORT003,INS0010,2025-08-11,2700,58.9282,159106.14,1432.04,USD,MOCK_FEED
POS00300420250811,PORT003,INS0011,2025-08-11,396,22.611,8953.96,-46.63,INR,MOCK_FEED
POS00300520250811,PORT003,INS0012,2025-08-11,2907,9.9821,29017.96,972.61,GBP,MOCK_FEED
POS00300620250811,PORT003,INS0013,2025-08-11,2263,35.4071,80126.27,27.52,INR,MOCK_FEED
POS00300720250811,PORT003,INS0014,2025-08-11,2015,12.5829,25354.54,431.29,GBP,MOCK_FEED
POS00300820250811,PORT003,INS0015,2025-08-11,463,24.4645,11327.06,125.15,INR,MOCK_FEED
POS00300920250811,PORT003,INS0016,2025-08-11,2804,45.8966,128694.07,4539.44,GBP,MOCK_FEED
POS00301020250811,PORT003,INS0017,2025-08-11,1297,125.2672,162471.56,-1556.05,USD,MOCK_FEED
POS00300120250812,PORT003,INS0008,2025-08-12,1767,66.6566,117782.21,-2359.82,USD,MOCK_FEED
POS00300220250812,PORT003,INS0009,2025-08-12,4645,32.0646,148940.07,513.63,INR,MOCK_FEED
POS00300320250812,PORT003,INS0010,2025-08-12,3000,58.054,174162.0,5399.68,GBP,MOCK_FEED
POS00300420250812,PORT003,INS0011,2025-08-12,2127,22.5743,48015.54,833.43,GBP,MOCK_FEED
POS00300520250812,PORT003,INS0012,2025-08-12,4261,10.0942,43011.39,-788.16,USD,MOCK_FEED
POS00300620250812,PORT003,INS0013,2025-08-12,3389,35.2961,119618.48,4410.39,EUR,MOCK_FEED
POS00300720250812,PORT003,INS0014,2025-08-12,1281,12.7482,16330.44,-249.03,INR,MOCK_FEED
POS00300820250812,PORT003,INS0015,2025-08-12,4442,24.4779,108730.83,-110.68,INR,MOCK_FEED
POS00300920250812,PORT003,INS0016,2025-08-12,4453,46.0603,205106.52,-5127.98,GBP,MOCK_FEED
POS00301020250812,PORT003,INS0017,2025-08-12,1974,124.2251,245220.35,-5787.42,USD,MOCK_FEED
POS00300120250813,PORT003,INS0008,2025-08-13,936,66.2919,62049.22,400.39,USD,MOCK_FEED
POS00300220250813,PORT003,INS0009,2025-08-13,505,31.0666,15688.63,-91.67,GBP,MOCK_FEED
POS00300320250813,PORT003,INS0010,2025-08-13,2584,58.1627,150292.42,5617.5,GBP,MOCK_FEED
POS00300420250813,PORT003,INS0011,2025-08-13,3137,22.6523,71060.27,-1251.94,EUR,MOCK_FEED
POS00300520250813,PORT003,INS0012,2025-08-13,1330,10.1957,13560.28,-115.66,EUR,MOCK_FEED
POS00300620250813,PORT003,INS0013,2025-08-13,547,35.0686,19182.52,525.12,GBP,MOCK_FEED
POS00300720250813,PORT003,INS0014,2025-08-13,1383,12.4595,17231.49,-19.45,USD,MOCK_FEED
POS00300820250813,PORT003,INS0015,2025-08-13,2458,24.8627,61112.52,2258.3,EUR,MOCK_FEED
POS00300920250813,PORT003,INS0016,2025-08-13,3525,46.0201,162220.85,6090.0,GBP,MOCK_FEED
POS00301020250813,PORT003,INS0017,2025-08-13,2632,123.4189,324838.54,-1195.85,GBP,MOCK_FEED
POS00300120250814,PORT003,INS0008,2025-08-14,624,66.637,41581.49,831.19,GBP,MOCK_FEED
POS00300220250814,PORT003,INS0009,2025-08-14,2584,30.6833,79285.65,2421.71,USD,MOCK_FEED
POS00300320250814,PORT003,INS0010,2025-08-14,4929,57.6674,284242.61,6782.27,INR,MOCK_FEED
POS00300420250814,PORT003,INS0011,2025-08-14,2507,22.743,57016.7,656.93,GBP,MOCK_FEED
POS00300520250814,PORT003,INS0012,2025-08-14,438,10.2131,4473.34,-19.84,EUR,MOCK_FEED
POS00300620250814,PORT003,INS0013,2025-08-14,2616,35.8307,93733.11,97.09,USD,MOCK_FEED
POS00300720250814,PORT003,INS0014,2025-08-14,2314,12.1006,28000.79,-55.87,USD,MOCK_FEED
POS00300820250814,PORT003,INS0015,2025-08-14,1498,24.9512,37376.9,1393.1,EUR,MOCK_FEED
POS00300920250814,PORT003,INS0016,2025-08-14,2832,45.7952,129692.01,-3631.14,USD,MOCK_FEED
POS00301020250814,PORT003,INS0017,2025-08-14,1803,121.7137,219449.8,2765.31,INR,MOCK_FEED
POS00300120250815,PORT003,INS0008,2025-08-15,1807,66.7985,120704.89,1687.91,USD,MOCK_FEED
POS00300220250815,PORT003,INS0009,2025-08-15,3048,30.7137,93615.36,-486.99,INR,MOCK_FEED
POS00300320250815,PORT003,INS0010,2025-08-15,2289,57.7109,132100.25,3813.77,GBP,MOCK_FEED
POS00300420250815,PORT003,INS0011,2025-08-15,925,22.4725,20787.06,502.49,USD,MOCK_FEED
POS00300520250815,PORT003,INS0012,2025-08-15,914,10.1163,9246.3,40.73,USD,MOCK_FEED
POS00300620250815,PORT003,INS0013,2025-08-15,1690,36.0176,60869.74,1201.52,GBP,MOCK_FEED
POS00300720250815,PORT003,INS0014,2025-08-15,2693,12.1676,32767.35,667.1,INR,MOCK_FEED
POS00300820250815,PORT003,INS0015,2025-08-15,2091,24.6963,51639.96,257.66,USD,MOCK_FEED
POS00300920250815,PORT003,INS0016,2025-08-15,2823,46.2113,130454.5,1835.12,USD,MOCK_FEED
POS00301020250815,PORT003,INS0017,2025-08-15,4949,121.977,603664.17,-1998.7,USD,MOCK_FEED
POS00300120250816,PORT003,INS0008,2025-08-16,4227,67.2325,284191.78,4121.48,INR,MOCK_FEED
POS00300220250816,PORT003,INS0009,2025-08-16,1325,31.4639,41689.67,325.9,USD,MOCK_FEED
POS00300320250816,PORT003,INS0010,2025-08-16,3849,57.4495,221123.13,-2631.82,INR,MOCK_FEED
POS00300420250816,PORT003,INS0011,2025-08-16,175,22.8729,4002.76,-101.79,USD,MOCK_FEED
POS00300520250816,PORT003,INS0012,2025-08-16,3333,10.1434,33807.95,-67.34,USD,MOCK_FEED
POS00300620250816,PORT003,INS0013,2025-08-16,4266,36.6955,156543.0,-3333.46,INR,MOCK_FEED
POS00300720250816,PORT003,INS0014,2025-08-16,4146,12.3534,51217.2,1592.42,GBP,MOCK_FEED
POS00300820250816,PORT003,INS0015,2025-08-16,2875,24.3509,70008.84,-786.08,INR,MOCK_FEED
POS00300920250816,PORT003,INS0016,2025-08-16,2268,46.2336,104857.8,497.16,EUR,MOCK_FEED
POS00301020250816,PORT003,INS0017,2025-08-16,2744,121.5804,333616.62,978.31,INR,MOCK_FEED
POS00300120250817,PORT003,INS0008,2025-08-17,1382,67.4051,93153.85,-2219.55,EUR,MOCK_FEED
POS00300220250817,PORT003,INS0009,2025-08-17,2301,31.2907,71999.9,964.9,GBP,MOCK_FEED
POS00300320250817,PORT003,INS0010,2025-08-17,2167,57.3963,124377.78,-1725.28,USD,MOCK_FEED
POS00300420250817,PORT003,INS0011,2025-08-17,4141,22.5907,93548.09,1737.8,EUR,MOCK_FEED
POS00300520250817,PORT003,INS0012,2025-08-17,1646,10.0009,16461.48,53.21,EUR,MOCK_FEED
POS00300620250817,PORT003,INS0013,2025-08-17,4325,36.7395,158898.34,-893.41,INR,MOCK_FEED
POS00300720250817,PORT003,INS0014,2025-08-17,1523,12.5604,19129.49,622.6,INR,MOCK_FEED
POS00300820250817,PORT003,INS0015,2025-08-17,873,24.2393,21160.91,639.65,GBP,MOCK_FEED
POS00300920250817,PORT003,INS0016,2025-08-17,1118,46.196,51647.13,657.02,INR,MOCK_FEED
POS00301020250817,PORT003,INS0017,2025-08-17,480,121.6901,58411.25,-74.75,EUR,MOCK_FEED
POS00300120250818,PORT003,INS0008,2025-08-18,1102,67.4407,74319.65,2495.92,USD,MOCK_FEED
POS00300220250818,PORT003,INS0009,2025-08-18,3929,31.0878,122143.97,4007.84,INR,MOCK_FEED
POS00300320250818,PORT003,INS0010,2025-08-18,2080,57.9626,120562.21,328.96,INR,MOCK_FEED
POS00300420250818,PORT003,INS0011,2025-08-18,3563,23.1054,82324.54,-1461.09,EUR,MOCK_FEED
POS00300520250818,PORT003,INS0012,2025-08-18,1579,9.9969,15785.11,373.22,INR,MOCK_FEED
POS00300620250818,PORT003,INS0013,2025-08-18,955,36.5658,34920.34,784.44,GBP,MOCK_FEED
POS00300720250818,PORT003,INS0014,2025-08-18,2665,12.3953,33033.47,772.11,GBP,MOCK_FEED
POS00300820250818,PORT003,INS0015,2025-08-18,4866,24.6391,119893.86,2821.67,INR,MOCK_FEED
POS00300920250818,PORT003,INS0016,2025-08-18,2703,45.1433,122022.34,-3408.71,GBP,MOCK_FEED
POS00301020250818,PORT003,INS0017,2025-08-18,1950,122.346,238574.7,-3645.94,USD,MOCK_FEED
POS00300120250819,PORT003,INS0008,2025-08-19,4877,67.1217,327352.53,-4121.62,USD,MOCK_FEED
POS00300220250819,PORT003,INS0009,2025-08-19,2360,31.3787,74053.73,1260.79,USD,MOCK_FEED
POS00300320250819,PORT003,INS0010,2025-08-19,2482,58.4938,145181.61,-1514.36,GBP,MOCK_FEED
POS00300420250819,PORT003,INS0011,2025-08-19,227,22.9783,5216.07,-141.6,EUR,MOCK_FEED
POS00300520250819,PORT003,INS0012,2025-08-19,3347,10.0733,33715.34,-227.89,INR,MOCK_FEED
POS00300620250819,PORT003,INS0013,2025-08-19,3303,36.3045,119913.76,-3530.71,GBP,MOCK_FEED
POS00300720250819,PORT003,INS0014,2025-08-19,293,12.3324,3613.39,-31.66,USD,MOCK_FEED
POS00300820250819,PORT003,INS0015,2025-08-19,442,25.3295,11195.64,-284.05,GBP,MOCK_FEED
POS00300920250819,PORT003,INS0016,2025-08-19,1143,45.3882,51878.71,861.54,USD,MOCK_FEED
POS00301020250819,PORT003,INS0017,2025-08-19,3618,125.1886,452932.35,6252.77,GBP,MOCK_FEED
POS00300120250820,PORT003,INS0008,2025-08-20,939,66.9769,62891.31,-1454.32,EUR,MOCK_FEED
POS00300220250820,PORT003,INS0009,2025-08-20,819,31.07,25446.33,-752.31,USD,MOCK_FEED
POS00300320250820,PORT003,INS0010,2025-08-20,1155,57.6279,66560.22,-638.24,GBP,MOCK_FEED
POS00300420250820,PORT003,INS0011,2025-08-20,4678,23.402,109474.56,797.3,INR,MOCK_FEED
POS00300520250820,PORT003,INS0012,2025-08-20,663,10.023,6645.25,188.27,USD,MOCK_FEED
POS00300620250820,PORT003,INS0013,2025-08-20,3136,36.3162,113887.6,-28.48,INR,MOCK_FEED
POS00300720250820,PORT003,INS0014,2025-08-20,1301,12.4708,16224.51,-293.6,USD,MOCK_FEED
POS00300820250820,PORT003,INS0015,2025-08-20,930,24.912,23168.16,102.16,EUR,MOCK_FEED
POS00300920250820,PORT003,INS0016,2025-08-20,4805,45.432,218300.76,699.74,USD,MOCK_FEED
POS00301020250820,PORT003,INS0017,2025-08-20,1502,127.5341,191556.22,-4410.6,GBP,MOCK_FEED
POS00300120250821,PORT003,INS0008,2025-08-21,4411,67.0756,295870.47,-1981.91,GBP,MOCK_FEED
POS00300220250821,PORT003,INS0009,2025-08-21,3175,31.5816,100271.58,3296.94,GBP,MOCK_FEED
POS00300320250821,PORT003,INS0010,2025-08-21,2023,57.3398,115998.42,-2503.99,GBP,MOCK_FEED
POS00300420250821,PORT003,INS0011,2025-08-21,761,23.3589,17776.12,-329.9,EUR,MOCK_FEED
POS00300520250821,PORT003,INS0012,2025-08-21,3113,10.2976,32056.43,10.16,GBP,MOCK_FEED
POS00300620250821,PORT003,INS0013,2025-08-21,1462,36.2656,53020.31,881.61,INR,MOCK_FEED
POS00300720250821,PORT003,INS0014,2025-08-21,1888,12.5054,23610.2,423.57,USD,MOCK_FEED
POS00300820250821,PORT003,INS0015,2025-08-21,3074,25.6487,78844.1,-2296.21,GBP,MOCK_FEED
POS00300920250821,PORT003,INS0016,2025-08-21,4954,45.2213,224026.32,-5982.68,EUR,MOCK_FEED
POS00301020250821,PORT003,INS0017,2025-08-21,2964,130.4638,386694.7,3482.82,USD,MOCK_FEED
POS00300120250822,PORT003,INS0008,2025-08-22,3300,67.6644,223292.52,-4943.7,EUR,MOCK_FEED
POS00300220250822,PORT003,INS0009,2025-08-22,3521,31.4716,110811.5,-1410.95,USD,MOCK_FEED
POS00300320250822,PORT003,INS0010,2025-08-22,4224,57.2967,242021.26,-4049.64,EUR,MOCK_FEED
POS00300420250822,PORT003,INS0011,2025-08-22,2131,24.0872,51329.82,-333.47,USD,MOCK_FEED
POS00300520250822,PORT003,INS0012,2025-08-22,4498,10.2811,46244.39,-10.49,INR,MOCK_FEED
POS00300620250822,PORT003,INS0013,2025-08-22,2916,36.3576,106018.76,-3013.31,USD,MOCK_FEED
POS00300720250822,PORT003,INS0014,2025-08-22,2386,12.3152,29384.07,3.27,EUR,MOCK_FEED
POS00300820250822,PORT003,INS0015,2025-08-22,2040,26.0655,53173.62,1796.07,USD,MOCK_FEED
POS00300920250822,PORT003,INS0016,2025-08-22,908,44.3144,40237.48,-982.47,EUR,MOCK_FEED
POS00301020250822,PORT003,INS0017,2025-08-22,3704,130.8548,484686.18,-13236.15,GBP,MOCK_FEED
POS00300120250823,PORT003,INS0008,2025-08-23,508,67.3933,34235.8,802.39,GBP,MOCK_FEED
POS00300220250823,PORT003,INS0009,2025-08-23,4478,32.2576,144449.53,5738.93,INR,MOCK_FEED
POS00300320250823,PORT003,INS0010,2025-08-23,3572,57.5286,205492.16,916.54,USD,MOCK_FEED
POS00300420250823,PORT003,INS0011,2025-08-23,488,23.3201,11380.21,-257.64,EUR,MOCK_FEED
POS00300520250823,PORT003,INS0012,2025-08-23,1928,10.3328,19921.64,633.95,USD,MOCK_FEED
POS00300620250823,PORT003,INS0013,2025-08-23,4145,37.107,153808.51,3443.78,EUR,MOCK_FEED
POS00300720250823,PORT003,INS0014,2025-08-23,4972,12.3368,61338.57,569.19,USD,MOCK_FEED
POS00300820250823,PORT003,INS0015,2025-08-23,4420,25.5561,112957.96,2608.93,INR,MOCK_FEED
POS00300920250823,PORT003,INS0016,2025-08-23,3211,44.7991,143849.91,3811.29,USD,MOCK_FEED
POS00301020250823,PORT003,INS0017,2025-08-23,3456,133.8495,462583.87,-9316.68,INR,MOCK_FEED
POS00300120250824,PORT003,INS0008,2025-08-24,2643,67.48,178349.64,-1999.44,EUR,MOCK_FEED
POS00300220250824,PORT003,INS0009,2025-08-24,3633,32.2264,117078.51,3050.27,EUR,MOCK_FEED
POS00300320250824,PORT003,INS0010,2025-08-24,1885,57.6822,108730.95,-1154.38,GBP,MOCK_FEED
POS00300420250824,PORT003,INS0011,2025-08-24,1578,23.3494,36845.35,-32.48,EUR,MOCK_FEED
POS00300520250824,PORT003,INS0012,2025-08-24,4539,10.3381,46924.64,1689.19,INR,MOCK_FEED
POS00300620250824,PORT003,INS0013,2025-08-24,2230,36.7052,81852.6,4.08,EUR,MOCK_FEED
POS00300720250824,PORT003,INS0014,2025-08-24,2170,12.2922,26674.07,196.72,GBP,MOCK_FEED
POS00300820250824,PORT003,INS0015,2025-08-24,348,25.7014,8944.09,-22.91,INR,MOCK_FEED
POS00300920250824,PORT003,INS0016,2025-08-24,3230,45.9751,148499.57,1000.08,INR,MOCK_FEED
POS00301020250824,PORT003,INS0017,2025-08-24,1982,133.9674,265523.39,-3139.91,EUR,MOCK_FEED
POS00300120250825,PORT003,INS0008,2025-08-25,4608,67.6674,311811.38,2016.11,GBP,MOCK_FEED
POS00300220250825,PORT003,INS0009,2025-08-25,1410,31.7659,44789.92,-492.83,EUR,MOCK_FEED
POS00300320250825,PORT003,INS0010,2025-08-25,805,57.2221,46063.79,1312.95,USD,MOCK_FEED
POS00300420250825,PORT003,INS0011,2025-08-25,1762,22.7882,40152.81,-746.22,INR,MOCK_FEED
POS00300520250825,PORT003,INS0012,2025-08-25,1044,10.2812,10733.57,209.77,USD,MOCK_FEED
POS00300620250825,PORT003,INS0013,2025-08-25,4080,36.6322,149459.38,5472.06,EUR,MOCK_FEED
POS00300720250825,PORT003,INS0014,2025-08-25,1271,12.2073,15515.48,1.69,INR,MOCK_FEED
POS00300820250825,PORT003,INS0015,2025-08-25,4897,25.762,126156.51,-1604.5,USD,MOCK_FEED
POS00300920250825,PORT003,INS0016,2025-08-25,4213,46.2483,194844.09,-10.63,EUR,MOCK_FEED
POS00301020250825,PORT003,INS0017,2025-08-25,3038,132.7231,403212.78,6924.54,USD,MOCK_FEED
POS00300120250826,PORT003,INS0008,2025-08-26,3752,66.9372,251148.37,7181.84,USD,MOCK_FEED
POS00300220250826,PORT003,INS0009,2025-08-26,2424,31.5912,76577.07,-826.75,GBP,MOCK_FEED
POS00300320250826,PORT003,INS0010,2025-08-26,2225,57.2642,127412.85,674.53,GBP,MOCK_FEED
POS00300420250826,PORT003,INS0011,2025-08-26,2666,22.479,59929.01,1372.97,EUR,MOCK_FEED
POS00300520250826,PORT003,INS0012,2025-08-26,309,10.1973,3150.97,68.54,GBP,MOCK_FEED
POS00300620250826,PORT003,INS0013,2025-08-26,3937,36.323,143003.65,3986.07,INR,MOCK_FEED
POS00300720250826,PORT003,INS0014,2025-08-26,3089,12.4876,38574.2,152.41,INR,MOCK_FEED
POS00300820250826,PORT003,INS0015,2025-08-26,1340,25.7863,34553.64,1118.19,GBP,MOCK_FEED
POS00300920250826,PORT003,INS0016,2025-08-26,4369,46.5512,203382.19,-3176.86,INR,MOCK_FEED
POS00301020250826,PORT003,INS0017,2025-08-26,3481,132.1203,459910.76,3859.2,USD,MOCK_FEED
POS00300120250827,PORT003,INS0008,2025-08-27,1678,67.2384,112826.04,2940.93,EUR,MOCK_FEED
POS00300220250827,PORT003,INS0009,2025-08-27,2433,31.0367,75512.29,2393.27,INR,MOCK_FEED
POS00300320250827,PORT003,INS0010,2025-08-27,1001,57.5395,57597.04,-400.61,EUR,MOCK_FEED
POS00300420250827,PORT003,INS0011,2025-08-27,3605,22.1571,79876.35,-56.63,GBP,MOCK_FEED
POS00300520250827,PORT003,INS0012,2025-08-27,2489,10.2828,25593.89,107.52,INR,MOCK_FEED
POS00300620250827,PORT003,INS0013,2025-08-27,3991,36.7254,146571.07,3422.73,INR,MOCK_FEED
POS00300720250827,PORT003,INS0014,2025-08-27,108,12.3928,1338.42,42.92,INR,MOCK_FEED
POS00300820250827,PORT003,INS0015,2025-08-27,4410,26.3346,116135.59,815.62,EUR,MOCK_FEED
POS00300920250827,PORT003,INS0016,2025-08-27,4710,46.7647,220261.74,-5457.96,GBP,MOCK_FEED
POS00301020250827,PORT003,INS0017,2025-08-27,4170,131.9509,550235.25,13457.95,GBP,MOCK_FEED
POS00300120250828,PORT003,INS0008,2025-08-28,3816,66.914,255343.82,4699.56,EUR,MOCK_FEED
POS00300220250828,PORT003,INS0009,2025-08-28,4372,30.8603,134921.23,3176.54,EUR,MOCK_FEED
POS00300320250828,PORT003,INS0010,2025-08-28,2303,57.3987,132189.21,3879.24,USD,MOCK_FEED
POS00300420250828,PORT003,INS0011,2025-08-28,254,21.7639,5528.03,160.89,EUR,MOCK_FEED
POS00300520250828,PORT003,INS0012,2025-08-28,2832,10.0753,28533.25,-68.1,EUR,MOCK_FEED
POS00300620250828,PORT003,INS0013,2025-08-28,1452,36.2772,52674.49,-1531.08,EUR,MOCK_FEED
POS00300720250828,PORT003,INS0014,2025-08-28,3148,12.3021,38727.01,1518.34,EUR,MOCK_FEED
POS00300820250828,PORT003,INS0015,2025-08-28,1468,26.284,38584.91,-17.43,USD,MOCK_FEED
POS00300920250828,PORT003,INS0016,2025-08-28,2317,47.0026,108905.02,4117.05,EUR,MOCK_FEED
POS00301020250828,PORT003,INS0017,2025-08-28,2296,133.8287,307270.7,7105.07,EUR,MOCK_FEED
POS00300120250829,PORT003,INS0008,2025-08-29,2351,66.9448,157387.22,5425.0,GBP,MOCK_FEED
POS00300220250829,PORT003,INS0009,2025-08-29,3408,31.001,105651.41,308.11,USD,MOCK_FEED
POS00300320250829,PORT003,INS0010,2025-08-29,2632,58.316,153487.71,1780.58,INR,MOCK_FEED
POS00300420250829,PORT003,INS0011,2025-08-29,4826,21.5777,104133.98,-1305.46,INR,MOCK_FEED
POS00300520250829,PORT003,INS0012,2025-08-29,2011,10.0217,20153.64,12.18,GBP,MOCK_FEED
POS00300620250829,PORT003,INS0013,2025-08-29,2015,36.3947,73335.32,-1550.93,USD,MOCK_FEED
POS00300720250829,PORT003,INS0014,2025-08-29,1720,12.3138,21179.74,254.65,USD,MOCK_FEED
POS00300820250829,PORT003,INS0015,2025-08-29,2009,26.1373,52509.84,211.54,GBP,MOCK_FEED
POS00300920250829,PORT003,INS0016,2025-08-29,293,46.6812,13677.59,421.47,USD,MOCK_FEED
POS00301020250829,PORT003,INS0017,2025-08-29,4532,132.6685,601253.64,8084.12,GBP,MOCK_FEED
POS00300120250830,PORT003,INS0008,2025-08-30,2142,66.2725,141955.69,-3830.15,GBP,MOCK_FEED
POS00300220250830,PORT003,INS0009,2025-08-30,1458,30.4715,44427.45,891.94,USD,MOCK_FEED
POS00300320250830,PORT003,INS0010,2025-08-30,1850,58.1972,107664.82,-865.83,USD,MOCK_FEED
POS00300420250830,PORT003,INS0011,2025-08-30,757,21.5051,16279.36,30.95,GBP,MOCK_FEED
POS00300520250830,PORT003,INS0012,2025-08-30,3611,10.0156,36166.33,75.05,USD,MOCK_FEED
POS00300620250830,PORT003,INS0013,2025-08-30,3468,35.9573,124699.92,4943.55,GBP,MOCK_FEED
POS00300720250830,PORT003,INS0014,2025-08-30,3668,12.315,45171.42,1161.79,GBP,MOCK_FEED
POS00300820250830,PORT003,INS0015,2025-08-30,3131,26.0587,81589.79,877.02,INR,MOCK_FEED
POS00300920250830,PORT003,INS0016,2025-08-30,1464,46.8073,68525.89,2420.72,USD,MOCK_FEED
POS00301020250830,PORT003,INS0017,2025-08-30,702,131.5123,92321.63,-1417.37,GBP,MOCK_FEED
POS00300120250831,PORT003,INS0008,2025-08-31,3791,66.1652,250832.27,-3961.67,USD,MOCK_FEED
POS00300220250831,PORT003,INS0009,2025-08-31,981,30.5433,29962.98,-766.65,GBP,MOCK_FEED
POS00300320250831,PORT003,INS0010,2025-08-31,4485,58.7972,263705.44,-183.61,GBP,MOCK_FEED
POS00300420250831,PORT003,INS0011,2025-08-31,1885,21.3638,40270.76,-897.7,GBP,MOCK_FEED
POS00300520250831,PORT003,INS0012,2025-08-31,4671,10.1665,47487.72,-210.0,GBP,MOCK_FEED
POS00300620250831,PORT003,INS0013,2025-08-31,2392,36.0352,86196.2,-1284.1,INR,MOCK_FEED
POS00300720250831,PORT003,INS0014,2025-08-31,1930,12.0532,23262.68,894.83,GBP,MOCK_FEED
POS00300820250831,PORT003,INS0015,2025-08-31,3984,25.846,102970.46,3742.76,EUR,MOCK_FEED
POS00300920250831,PORT003,INS0016,2025-08-31,1367,46.2811,63266.26,-584.67,INR,MOCK_FEED
POS00301020250831,PORT003,INS0017,2025-08-31,4736,130.9789,620316.07,-14649.58,GBP,MOCK_FEED
POS00300120250901,PORT003,INS0008,2025-09-01,1128,66.9434,75512.16,-2212.22,EUR,MOCK_FEED
POS00300220250901,PORT003,INS0009,2025-09-01,1388,30.4686,42290.42,-611.09,INR,MOCK_FEED
POS00300320250901,PORT003,INS0010,2025-09-01,4251,59.0002,250809.85,3274.06,EUR,MOCK_FEED
POS00300420250901,PORT003,INS0011,2025-09-01,3390,21.8596,74104.04,1733.3,USD,MOCK_FEED
POS00300520250901,PORT003,INS0012,2025-09-01,4892,10.2887,50332.32,732.85,INR,MOCK_FEED
POS00300620250901,PORT003,INS0013,2025-09-01,2445,36.5431,89347.88,2297.59,EUR,MOCK_FEED
POS00300720250901,PORT003,INS0014,2025-09-01,3217,11.8384,38084.13,524.72,INR,MOCK_FEED
POS00300820250901,PORT003,INS0015,2025-09-01,4063,26.1729,106340.49,-1674.11,INR,MOCK_FEED
POS00300920250901,PORT003,INS0016,2025-09-01,3295,46.9336,154646.21,5120.92,GBP,MOCK_FEED
POS00301020250901,PORT003,INS0017,2025-09-01,142,131.1137,18618.15,-104.1,USD,MOCK_FEED
POS00300120250902,PORT003,INS0008,2025-09-02,4913,67.4323,331294.89,-8242.07,EUR,MOCK_FEED
POS00300220250902,PORT003,INS0009,2025-09-02,4071,30.7211,125065.6,3287.18,GBP,MOCK_FEED
POS00300320250902,PORT003,INS0010,2025-09-02,1361,59.556,81055.72,1696.46,USD,MOCK_FEED
POS00300420250902,PORT003,INS0011,2025-09-02,1654,21.9279,36268.75,1010.87,GBP,MOCK_FEED
POS00300520250902,PORT003,INS0012,2025-09-02,4958,10.3923,51525.02,433.32,INR,MOCK_FEED
POS00300620250902,PORT003,INS0013,2025-09-02,650,36.1626,23505.69,835.51,GBP,MOCK_FEED
POS00300720250902,PORT003,INS0014,2025-09-02,3012,12.0763,36373.82,597.06,USD,MOCK_FEED
POS00300820250902,PORT003,INS0015,2025-09-02,1061,26.127,27720.75,1080.16,GBP,MOCK_FEED
POS00300920250902,PORT003,INS0016,2025-09-02,1895,47.7774,90538.17,-1245.84,USD,MOCK_FEED
POS00301020250902,PORT003,INS0017,2025-09-02,2284,135.9901,310601.39,9024.1,INR,MOCK_FEED
POS00300120250903,PORT003,INS0008,2025-09-03,653,67.2802,43933.97,-752.48,EUR,MOCK_FEED
POS00300220250903,PORT003,INS0009,2025-09-03,2254,31.162,70239.15,-385.51,EUR,MOCK_FEED
POS00300320250903,PORT003,INS0010,2025-09-03,1094,60.3243,65994.78,-1431.58,GBP,MOCK_FEED
POS00300420250903,PORT003,INS0011,2025-09-03,4281,22.0222,94277.04,814.25,USD,MOCK_FEED
POS00300520250903,PORT003,INS0012,2025-09-03,855,10.3919,8885.07,68.95,INR,MOCK_FEED
POS00300620250903,PORT003,INS0013,2025-09-03,3384,35.7137,120855.16,-2630.89,INR,MOCK_FEED
POS00300720250903,PORT003,INS0014,2025-09-03,3428,12.0191,41201.47,-7.93,GBP,MOCK_FEED
POS00300820250903,PORT003,INS0015,2025-09-03,4425,26.2555,116180.59,3421.64,USD,MOCK_FEED
POS00300920250903,PORT003,INS0016,2025-09-03,1374,47.7708,65637.08,-1161.4,USD,MOCK_FEED
POS00301020250903,PORT003,INS0017,2025-09-03,2655,139.5877,370605.34,2107.12,USD,MOCK_FEED
POS00300120250904,PORT003,INS0008,2025-09-04,2152,67.5063,145273.56,-2370.93,GBP,MOCK_FEED
POS00300220250904,PORT003,INS0009,2025-09-04,4667,31.414,146609.14,-1922.33,EUR,MOCK_FEED
POS00300320250904,PORT003,INS0010,2025-09-04,914,61.0066,55760.03,-1200.18,INR,MOCK_FEED
POS00300420250904,PORT003,INS0011,2025-09-04,3132,21.9131,68631.83,-23.91,EUR,MOCK_FEED
POS00300520250904,PORT003,INS0012,2025-09-04,4940,10.4829,51785.53,-498.16,EUR,MOCK_FEED
POS00300620250904,PORT003,INS0013,2025-09-04,2249,36.2182,81454.73,-493.98,INR,MOCK_FEED
POS00300720250904,PORT003,INS0014,2025-09-04,2201,11.6856,25720.01,341.86,GBP,MOCK_FEED
POS00300820250904,PORT003,INS0015,2025-09-04,1165,25.8986,30171.87,720.68,USD,MOCK_FEED
POS00300920250904,PORT003,INS0016,2025-09-04,1822,48.9089,89112.02,-1945.49,GBP,MOCK_FEED
POS00301020250904,PORT003,INS0017,2025-09-04,3751,139.4948,523244.99,8666.08,EUR,MOCK_FEED
POS00300120250905,PORT003,INS0008,2025-09-05,4319,67.0799,289718.09,-6715.98,USD,MOCK_FEED
POS00300220250905,PORT003,INS0009,2025-09-05,1669,31.7821,53044.32,-1386.44,EUR,MOCK_FEED
POS00300320250905,PORT003,INS0010,2025-09-05,1744,60.6962,105854.17,-2006.44,USD,MOCK_FEED
POS00300420250905,PORT003,INS0011,2025-09-05,1180,22.3335,26353.53,951.4,USD,MOCK_FEED
POS00300520250905,PORT003,INS0012,2025-09-05,1662,10.4403,17351.78,-478.88,EUR,MOCK_FEED
POS00300620250905,PORT003,INS0013,2025-09-05,1178,36.1405,42573.51,-438.18,GBP,MOCK_FEED
POS00300720250905,PORT003,INS0014,2025-09-05,3482,11.801,41091.08,1164.85,INR,MOCK_FEED
POS00300820250905,PORT003,INS0015,2025-09-05,3274,26.064,85333.54,-1769.4,GBP,MOCK_FEED
POS00300920250905,PORT003,INS0016,2025-09-05,1511,49.6886,75079.47,1460.85,EUR,MOCK_FEED
POS00301020250905,PORT003,INS0017,2025-09-05,601,141.4738,85025.75,-2306.63,INR,MOCK_FEED
POS00300120250906,PORT003,INS0008,2025-09-06,3196,66.8716,213721.63,2428.84,INR,MOCK_FEED
POS00300220250906,PORT003,INS0009,2025-09-06,4477,32.4754,145392.37,-1792.47,EUR,MOCK_FEED
POS00300320250906,PORT003,INS0010,2025-09-06,4470,61.425,274569.75,6807.75,INR,MOCK_FEED
POS00300420250906,PORT003,INS0011,2025-09-06,3318,22.5872,74944.33,2209.78,INR,MOCK_FEED
POS00300520250906,PORT003,INS0012,2025-09-06,598,10.6593,6374.26,165.14,EUR,MOCK_FEED
POS00300620250906,PORT003,INS0013,2025-09-06,3712,35.4966,131763.38,857.51,USD,MOCK_FEED
POS00300720250906,PORT003,INS0014,2025-09-06,1034,11.8912,12295.5,-206.12,EUR,MOCK_FEED
POS00300820250906,PORT003,INS0015,2025-09-06,4628,25.9401,120050.78,-66.29,EUR,MOCK_FEED
POS00300920250906,PORT003,INS0016,2025-09-06,742,49.564,36776.49,404.76,EUR,MOCK_FEED
POS00301020250906,PORT003,INS0017,2025-09-06,1217,140.3743,170835.52,5092.73,GBP,MOCK_FEED
POS00300120250907,PORT003,INS0008,2025-09-07,2660,68.6772,182681.35,4961.08,INR,MOCK_FEED
POS00300220250907,PORT003,INS0009,2025-09-07,2736,32.1328,87915.34,-771.32,INR,MOCK_FEED
POS00300320250907,PORT003,INS0010,2025-09-07,3134,60.747,190381.1,-2464.73,INR,MOCK_FEED
POS00300420250907,PORT003,INS0011,2025-09-07,2984,22.6185,67493.6,602.35,USD,MOCK_FEED
POS00300520250907,PORT003,INS0012,2025-09-07,3029,10.5843,32059.84,-775.1,USD,MOCK_FEED
POS00300620250907,PORT003,INS0013,2025-09-07,4353,34.8542,151720.33,4130.54,USD,MOCK_FEED
POS00300720250907,PORT003,INS0014,2025-09-07,3664,11.6102,42539.77,726.18,INR,MOCK_FEED
POS00300820250907,PORT003,INS0015,2025-09-07,2501,25.8996,64774.9,-530.17,USD,MOCK_FEED
POS00300920250907,PORT003,INS0016,2025-09-07,4454,49.6494,221138.43,4858.8,USD,MOCK_FEED
POS00301020250907,PORT003,INS0017,2025-09-07,2483,140.2038,348126.04,861.36,INR,MOCK_FEED
POS00300120250908,PORT003,INS0008,2025-09-08,1747,69.1866,120868.99,1966.65,GBP,MOCK_FEED
POS00300220250908,PORT003,INS0009,2025-09-08,3783,32.071,121324.59,715.64,EUR,MOCK_FEED
POS00300320250908,PORT003,INS0010,2025-09-08,4628,61.8887,286420.9,-1530.57,INR,MOCK_FEED
POS00300420250908,PORT003,INS0011,2025-09-08,1872,22.2387,41630.85,-1045.9,USD,MOCK_FEED
POS00300520250908,PORT003,INS0012,2025-09-08,174,10.5022,1827.38,-5.02,GBP,MOCK_FEED
POS00300620250908,PORT003,INS0013,2025-09-08,3665,34.9109,127948.45,-124.98,GBP,MOCK_FEED
POS00300720250908,PORT003,INS0014,2025-09-08,1137,11.8023,13419.22,-202.59,USD,MOCK_FEED
POS00300820250908,PORT003,INS0015,2025-09-08,1039,26.1492,27169.02,883.32,INR,MOCK_FEED
POS00300920250908,PORT003,INS0016,2025-09-08,4332,48.897,211821.8,5714.2,INR,MOCK_FEED
POS00301020250908,PORT003,INS0017,2025-09-08,3040,139.9334,425397.54,5231.25,INR,MOCK_FEED
POS00300120250909,PORT003,INS0008,2025-09-09,1983,69.7124,138239.69,-3929.69,INR,MOCK_FEED
POS00300220250909,PORT003,INS0009,2025-09-09,350,32.1341,11246.93,-303.78,GBP,MOCK_FEED
POS00300320250909,PORT003,INS0010,2025-09-09,3454,63.3693,218877.56,-2465.23,INR,MOCK_FEED
POS00300420250909,PORT003,INS0011,2025-09-09,3214,22.7283,73048.76,2880.83,INR,MOCK_FEED
POS00300520250909,PORT003,INS0012,2025-09-09,4571,10.5356,48158.23,-88.34,INR,MOCK_FEED
POS00300620250909,PORT003,INS0013,2025-09-09,833,34.7469,28944.17,-289.64,USD,MOCK_FEED
POS00300720250909,PORT003,INS0014,2025-09-09,3832,11.9265,45702.35,-281.56,GBP,MOCK_FEED
POS00300820250909,PORT003,INS0015,2025-09-09,297,26.1196,7757.52,-104.91,EUR,MOCK_FEED
POS00300920250909,PORT003,INS0016,2025-09-09,4533,48.7653,221053.1,105.0,GBP,MOCK_FEED
POS00301020250909,PORT003,INS0017,2025-09-09,1928,136.6196,263402.59,3498.63,EUR,MOCK_FEED
POS00300120250910,PORT003,INS0008,2025-09-10,3704,70.8598,262464.7,990.87,INR,MOCK_FEED
POS00300220250910,PORT003,INS0009,2025-09-10,1194,30.9916,37003.97,179.84,EUR,MOCK_FEED
POS00300320250910,PORT003,INS0010,2025-09-10,3313,62.1417,205875.45,5268.02,USD,MOCK_FEED
POS00300420250910,PORT003,INS0011,2025-09-10,1065,22.4105,23867.18,-247.25,GBP,MOCK_FEED
POS00300520250910,PORT003,INS0012,2025-09-10,4224,10.434,44073.22,1042.84,INR,MOCK_FEED
POS00300620250910,PORT003,INS0013,2025-09-10,817,34.593,28262.48,766.38,USD,MOCK_FEED
POS00300720250910,PORT003,INS0014,2025-09-10,1759,11.8892,20913.1,-37.39,GBP,MOCK_FEED
POS00300820250910,PORT003,INS0015,2025-09-10,3745,25.4806,95424.85,-1888.91,INR,MOCK_FEED
POS00300920250910,PORT003,INS0016,2025-09-10,4512,48.1144,217092.17,-1761.72,GBP,MOCK_FEED
POS00301020250910,PORT003,INS0017,2025-09-10,462,135.3023,62509.66,858.51,INR,MOCK_FEED
POS00300120250911,PORT003,INS0008,2025-09-11,3239,71.619,231973.94,3493.65,USD,MOCK_FEED
POS00300220250911,PORT003,INS0009,2025-09-11,4247,30.7765,130707.8,1343.57,USD,MOCK_FEED
POS00300320250911,PORT003,INS0010,2025-09-11,4364,62.1515,271229.15,-205.16,USD,MOCK_FEED
POS00300420250911,PORT003,INS0011,2025-09-11,1651,22.2656,36760.51,122.54,GBP,MOCK_FEED
POS00300520250911,PORT003,INS0012,2025-09-11,2938,10.2646,30157.39,-375.74,INR,MOCK_FEED
POS00300620250911,PORT003,INS0013,2025-09-11,4457,34.3155,152944.18,-333.41,INR,MOCK_FEED
POS00300720250911,PORT003,INS0014,2025-09-11,3643,12.0244,43804.89,1482.43,INR,MOCK_FEED
POS00300820250911,PORT003,INS0015,2025-09-11,3152,25.4577,80242.67,653.67,EUR,MOCK_FEED
POS00300920250911,PORT003,INS0016,2025-09-11,2930,47.9549,140507.86,-292.44,GBP,MOCK_FEED
POS00301020250911,PORT003,INS0017,2025-09-11,4200,134.0781,563128.02,-16214.03,USD,MOCK_FEED
POS00300120250912,PORT003,INS0008,2025-09-12,273,71.1778,19431.54,-60.77,USD,MOCK_FEED
POS00300220250912,PORT003,INS0009,2025-09-12,4143,30.7115,127237.74,3491.69,EUR,MOCK_FEED
POS00300320250912,PORT003,INS0010,2025-09-12,1218,60.7027,73935.89,145.03,USD,MOCK_FEED
POS00300420250912,PORT003,INS0011,2025-09-12,2633,22.4841,59200.64,1650.61,EUR,MOCK_FEED
POS00300520250912,PORT003,INS0012,2025-09-12,1785,10.3513,18477.07,-60.2,EUR,MOCK_FEED
POS00300620250912,PORT003,INS0013,2025-09-12,1842,34.9125,64308.83,1842.9,EUR,MOCK_FEED
POS00300720250912,PORT003,INS0014,2025-09-12,894,12.2182,10923.07,-136.74,USD,MOCK_FEED
POS00300820250912,PORT003,INS0015,2025-09-12,2301,25.7187,59178.73,-925.08,EUR,MOCK_FEED
POS00300920250912,PORT003,INS0016,2025-09-12,3526,48.0127,169292.78,-1232.75,GBP,MOCK_FEED
POS00301020250912,PORT003,INS0017,2025-09-12,324,133.1776,43149.54,1446.04,INR,MOCK_FEED
POS00300120250913,PORT003,INS0008,2025-09-13,3676,72.9059,268002.09,4696.56,EUR,MOCK_FEED
POS00300220250913,PORT003,INS0009,2025-09-13,1941,30.6262,59445.45,-273.35,INR,MOCK_FEED
POS00300320250913,PORT003,INS0010,2025-09-13,3184,60.2239,191752.9,6569.37,INR,MOCK_FEED
POS00300420250913,PORT003,INS0011,2025-09-13,1182,22.7005,26831.99,-212.06,USD,MOCK_FEED
POS00300520250913,PORT003,INS0012,2025-09-13,1581,10.3225,16319.87,130.18,EUR,MOCK_FEED
POS00300620250913,PORT003,INS0013,2025-09-13,2867,34.1573,97928.98,-1486.03,EUR,MOCK_FEED
POS00300720250913,PORT003,INS0014,2025-09-13,1128,12.0202,13558.79,-29.84,USD,MOCK_FEED
POS00300820250913,PORT003,INS0015,2025-09-13,130,26.0351,3384.56,65.45,INR,MOCK_FEED
POS00300920250913,PORT003,INS0016,2025-09-13,4014,47.9365,192417.11,6190.27,INR,MOCK_FEED
POS00301020250913,PORT003,INS0017,2025-09-13,3236,132.4893,428735.37,16564.91,INR,MOCK_FEED
POS00300120250914,PORT003,INS0008,2025-09-14,2825,73.4857,207597.1,4653.02,USD,MOCK_FEED
POS00300220250914,PORT003,INS0009,2025-09-14,1531,30.5112,46712.65,-574.63,USD,MOCK_FEED
POS00300320250914,PORT003,INS0010,2025-09-14,3071,60.128,184653.09,-3442.03,INR,MOCK_FEED
POS00300420250914,PORT003,INS0011,2025-09-14,113,22.5398,2547.0,88.58,USD,MOCK_FEED
POS00300520250914,PORT003,INS0012,2025-09-14,3603,10.3314,37224.03,806.76,GBP,MOCK_FEED
POS00300620250914,PORT003,INS0013,2025-09-14,520,33.1662,17246.42,235.44,GBP,MOCK_FEED
POS00300720250914,PORT003,INS0014,2025-09-14,828,11.9336,9881.02,-275.1,GBP,MOCK_FEED
POS00300820250914,PORT003,INS0015,2025-09-14,1491,26.2096,39078.51,-378.96,EUR,MOCK_FEED
POS00300920250914,PORT003,INS0016,2025-09-14,423,47.5268,20103.84,652.2,EUR,MOCK_FEED
POS00301020250914,PORT003,INS0017,2025-09-14,3841,131.5749,505379.19,1007.57,GBP,MOCK_FEED
POS00300120250915,PORT003,INS0008,2025-09-15,1325,72.2174,95688.05,478.16,GBP,MOCK_FEED
POS00300220250915,PORT003,INS0009,2025-09-15,4153,30.5313,126796.49,890.05,GBP,MOCK_FEED
POS00300320250915,PORT003,INS0010,2025-09-15,3750,60.4098,226536.75,-1310.54,USD,MOCK_FEED
POS00300420250915,PORT003,INS0011,2025-09-15,2568,22.7173,58338.03,-528.61,GBP,MOCK_FEED
POS00300520250915,PORT003,INS0012,2025-09-15,758,10.3071,7812.78,151.95,EUR,MOCK_FEED
POS00300620250915,PORT003,INS0013,2025-09-15,731,32.9485,24085.35,36.69,GBP,MOCK_FEED
POS00300720250915,PORT003,INS0014,2025-09-15,784,12.0191,9422.97,-126.79,GBP,MOCK_FEED
POS00300820250915,PORT003,INS0015,2025-09-15,2839,26.1113,74129.98,1176.81,EUR,MOCK_FEED
POS00300920250915,PORT003,INS0016,2025-09-15,3069,48.3054,148249.27,-2389.82,USD,MOCK_FEED
POS00301020250915,PORT003,INS0017,2025-09-15,4633,132.5666,614181.06,-7271.35,INR,MOCK_FEED
POS00300120250916,PORT003,INS0008,2025-09-16,967,71.9676,69592.67,2131.96,GBP,MOCK_FEED
POS00300220250916,PORT003,INS0009,2025-09-16,3198,30.8363,98614.49,886.15,EUR,MOCK_FEED
POS00300320250916,PORT003,INS0010,2025-09-16,989,59.4428,58788.93,421.96,INR,MOCK_FEED
POS00300420250916,PORT003,INS0011,2025-09-16,3357,22.7835,76484.21,-1049.34,GBP,MOCK_FEED
POS00300520250916,PORT003,INS0012,2025-09-16,779,10.1392,7898.44,112.51,GBP,MOCK_FEED
POS00300620250916,PORT003,INS0013,2025-09-16,1118,32.7548,36619.87,1158.62,GBP,MOCK_FEED
POS00300720250916,PORT003,INS0014,2025-09-16,4154,11.9324,49567.19,1759.81,EUR,MOCK_FEED
POS00300820250916,PORT003,INS0015,2025-09-16,1305,26.5127,34599.07,164.6,USD,MOCK_FEED
POS00300920250916,PORT003,INS0016,2025-09-16,556,47.7932,26573.02,922.28,GBP,MOCK_FEED
POS00301020250916,PORT003,INS0017,2025-09-16,437,130.8216,57169.04,179.07,EUR,MOCK_FEED
POS00300120250917,PORT003,INS0008,2025-09-17,3709,69.836,259021.72,4056.09,USD,MOCK_FEED
POS00300220250917,PORT003,INS0009,2025-09-17,1431,30.3073,43369.75,-509.75,USD,MOCK_FEED
POS00300320250917,PORT003,INS0010,2025-09-17,914,59.0411,53963.57,686.77,GBP,MOCK_FEED
POS00300420250917,PORT003,INS0011,2025-09-17,2603,22.7829,59303.89,-1389.57,USD,MOCK_FEED
POS00300520250917,PORT003,INS0012,2025-09-17,2531,10.3473,26189.02,-534.26,GBP,MOCK_FEED
POS00300620250917,PORT003,INS0013,2025-09-17,3368,32.4308,109226.93,2436.28,USD,MOCK_FEED
POS00300720250917,PORT003,INS0014,2025-09-17,4202,12.3581,51928.74,246.88,USD,MOCK_FEED
POS00300820250917,PORT003,INS0015,2025-09-17,2660,26.8145,71326.57,1146.04,GBP,MOCK_FEED
POS00300920250917,PORT003,INS0016,2025-09-17,4741,46.9434,222558.66,-2840.39,USD,MOCK_FEED
POS00301020250917,PORT003,INS0017,2025-09-17,3117,128.9251,401859.54,11582.03,EUR,MOCK_FEED
POS00300120250918,PORT003,INS0008,2025-09-18,2925,69.5826,203529.11,855.59,USD,MOCK_FEED
POS00300220250918,PORT003,INS0009,2025-09-18,1225,29.9626,36704.18,1283.31,USD,MOCK_FEED
POS00300320250918,PORT003,INS0010,2025-09-18,1371,59.3101,81314.15,1486.95,USD,MOCK_FEED
POS00300420250918,PORT003,INS0011,2025-09-18,2022,23.2046,46919.7,-682.14,INR,MOCK_FEED
POS00300520250918,PORT003,INS0012,2025-09-18,4395,10.1872,44772.74,596.76,USD,MOCK_FEED
POS00300620250918,PORT003,INS0013,2025-09-18,3053,32.062,97885.29,-712.76,USD,MOCK_FEED
POS00300720250918,PORT003,INS0014,2025-09-18,2399,12.6343,30309.69,-104.19,GBP,MOCK_FEED
POS00300820250918,PORT003,INS0015,2025-09-18,2991,27.3355,81760.48,2550.83,EUR,MOCK_FEED
POS00300920250918,PORT003,INS0016,2025-09-18,1992,46.9655,93555.28,2385.77,USD,MOCK_FEED
POS00301020250918,PORT003,INS0017,2025-09-18,2060,131.3818,270646.51,6324.22,USD,MOCK_FEED
POS00300120250919,PORT003,INS0008,2025-09-19,2513,70.1954,176401.04,-2724.54,INR,MOCK_FEED
POS00300220250919,PORT003,INS0009,2025-09-19,2693,30.2403,81437.13,2655.83,EUR,MOCK_FEED
POS00300320250919,PORT003,INS0010,2025-09-19,535,60.1904,32201.86,-800.52,GBP,MOCK_FEED
POS00300420250919,PORT003,INS0011,2025-09-19,2624,22.8161,59869.45,2032.97,INR,MOCK_FEED
POS00300520250919,PORT003,INS0012,2025-09-19,2504,10.0447,25151.93,-122.47,GBP,MOCK_FEED
POS00300620250919,PORT003,INS0013,2025-09-19,3315,31.6773,105010.25,2685.74,GBP,MOCK_FEED
POS00300720250919,PORT003,INS0014,2025-09-19,2203,12.571,27693.91,-615.78,INR,MOCK_FEED
POS00300820250919,PORT003,INS0015,2025-09-19,1274,27.6939,35282.03,107.89,INR,MOCK_FEED
POS00300920250919,PORT003,INS0016,2025-09-19,2012,46.793,94147.52,-1434.66,GBP,MOCK_FEED
POS00301020250919,PORT003,INS0017,2025-09-19,1470,130.1264,191285.81,1027.3,USD,MOCK_FEED
POS00300120250920,PORT003,INS0008,2025-09-20,1269,70.4645,89419.45,487.4,USD,MOCK_FEED
POS00300220250920,PORT003,INS0009,2025-09-20,4205,30.7419,129269.69,-1722.57,EUR,MOCK_FEED
POS00300320250920,PORT003,INS0010,2025-09-20,2739,59.8442,163913.26,103.59,USD,MOCK_FEED
POS00300420250920,PORT003,INS0011,2025-09-20,3699,23.0984,85440.98,3071.12,USD,MOCK_FEED
POS00300520250920,PORT003,INS0012,2025-09-20,870,9.8126,8536.96,179.8,GBP,MOCK_FEED
POS00300620250920,PORT003,INS0013,2025-09-20,1789,31.3497,56084.61,486.76,EUR,MOCK_FEED
POS00300720250920,PORT003,INS0014,2025-09-20,4954,12.6323,62580.41,2361.31,EUR,MOCK_FEED
POS00300820250920,PORT003,INS0015,2025-09-20,608,27.2588,16573.35,16.24,USD,MOCK_FEED
POS00300920250920,PORT003,INS0016,2025-09-20,391,46.6672,18246.88,274.01,USD,MOCK_FEED
POS00301020250920,PORT003,INS0017,2025-09-20,3639,129.9322,472823.28,600.5,USD,MOCK_FEED
POS00300120250921,PORT003,INS0008,2025-09-21,3138,70.3706,220822.94,-1154.37,GBP,MOCK_FEED
POS00300220250921,PORT003,INS0009,2025-09-21,1034,30.7473,31792.71,-577.97,EUR,MOCK_FEED
POS00300320250921,PORT003,INS0010,2025-09-21,4887,60.603,296166.86,7182.35,GBP,MOCK_FEED
POS00300420250921,PORT003,INS0011,2025-09-21,1636,23.1452,37865.55,-761.06,INR,MOCK_FEED
POS00300520250921,PORT003,INS0012,2025-09-21,1674,9.5815,16039.43,-101.96,INR,MOCK_FEED
POS00300620250921,PORT003,INS0013,2025-09-21,3452,31.6801,109359.71,-612.41,INR,MOCK_FEED
POS00300720250921,PORT003,INS0014,2025-09-21,1943,12.4333,24157.9,828.92,EUR,MOCK_FEED
POS00300820250921,PORT003,INS0015,2025-09-21,3215,26.5693,85420.3,-2410.88,INR,MOCK_FEED
POS00300920250921,PORT003,INS0016,2025-09-21,1456,46.3666,67509.77,-1540.86,INR,MOCK_FEED
POS00301020250921,PORT003,INS0017,2025-09-21,1451,129.7635,188286.84,-2105.79,GBP,MOCK_FEED
POS00300120250922,PORT003,INS0008,2025-09-22,3315,68.5491,227240.27,-3846.0,INR,MOCK_FEED
POS00300220250922,PORT003,INS0009,2025-09-22,3712,30.764,114195.97,-2356.02,USD,MOCK_FEED
POS00300320250922,PORT003,INS0010,2025-09-22,2947,61.7375,181940.41,-1340.31,USD,MOCK_FEED
POS00300420250922,PORT003,INS0011,2025-09-22,3198,23.4972,75144.05,2046.33,USD,MOCK_FEED
POS00300520250922,PORT003,INS0012,2025-09-22,1673,9.5271,15938.84,-96.77,EUR,MOCK_FEED
POS00300620250922,PORT003,INS0013,2025-09-22,2974,31.8701,94781.68,-2094.63,USD,MOCK_FEED
POS00300720250922,PORT003,INS0014,2025-09-22,4793,12.3382,59136.99,1346.17,GBP,MOCK_FEED
POS00300820250922,PORT003,INS0015,2025-09-22,4041,26.5556,107311.18,-1871.4,INR,MOCK_FEED
POS00300920250922,PORT003,INS0016,2025-09-22,1815,46.9259,85170.51,2459.58,USD,MOCK_FEED
POS00301020250922,PORT003,INS0017,2025-09-22,4424,128.6793,569277.22,-5235.91,INR,MOCK_FEED
POS00300120250923,PORT003,INS0008,2025-09-23,950,68.1521,64744.5,-472.81,INR,MOCK_FEED
POS00300220250923,PORT003,INS0009,2025-09-23,3112,31.1164,96834.24,1659.59,USD,MOCK_FEED
POS00300320250923,PORT003,INS0010,2025-09-23,1787,62.7722,112173.92,-592.37,USD,MOCK_FEED
POS00300420250923,PORT003,INS0011,2025-09-23,1698,23.559,40003.18,182.18,GBP,MOCK_FEED
POS00300520250923,PORT003,INS0012,2025-09-23,153,9.2497,1415.2,-42.23,GBP,MOCK_FEED
POS00300620250923,PORT003,INS0013,2025-09-23,2788,32.2612,89944.23,1132.13,INR,MOCK_FEED
POS00300720250923,PORT003,INS0014,2025-09-23,2328,12.1785,28351.55,832.43,USD,MOCK_FEED
POS00300820250923,PORT003,INS0015,2025-09-23,1929,26.4501,51022.24,172.83,INR,MOCK_FEED
POS00300920250923,PORT003,INS0016,2025-09-23,4281,47.5334,203490.49,-4002.87,USD,MOCK_FEED
POS00301020250923,PORT003,INS0017,2025-09-23,515,128.7106,66285.96,-1164.39,GBP,MOCK_FEED
POS00300120250924,PORT003,INS0008,2025-09-24,1468,67.6658,99333.39,3890.66,GBP,MOCK_FEED
POS00300220250924,PORT003,INS0009,2025-09-24,3119,31.0471,96835.9,1164.57,GBP,MOCK_FEED
POS00300320250924,PORT003,INS0010,2025-09-24,1868,64.0389,119624.67,-3502.35,INR,MOCK_FEED
POS00300420250924,PORT003,INS0011,2025-09-24,4693,23.8682,112013.46,-378.62,INR,MOCK_FEED
POS00300520250924,PORT003,INS0012,2025-09-24,591,9.2863,5488.2,118.23,INR,MOCK_FEED
POS00300620250924,PORT003,INS0013,2025-09-24,3431,32.533,111620.72,-1504.74,INR,MOCK_FEED
POS00300720250924,PORT003,INS0014,2025-09-24,1305,12.2149,15940.44,-185.27,EUR,MOCK_FEED
POS00300820250924,PORT003,INS0015,2025-09-24,1060,26.3464,27927.18,551.49,INR,MOCK_FEED
POS00300920250924,PORT003,INS0016,2025-09-24,142,47.4653,6740.07,55.49,USD,MOCK_FEED
POS00301020250924,PORT003,INS0017,2025-09-24,4679,128.547,601471.41,-7354.58,EUR,MOCK_FEED
POS00300120250925,PORT003,INS0008,2025-09-25,4026,67.1572,270374.89,9335.56,GBP,MOCK_FEED
POS00300220250925,PORT003,INS0009,2025-09-25,1988,31.7065,63032.52,628.87,EUR,MOCK_FEED
POS00300320250925,PORT003,INS0010,2025-09-25,1782,63.4314,113034.75,-1208.06,GBP,MOCK_FEED
POS00300420250925,PORT003,INS0011,2025-09-25,4222,23.3332,98512.77,-2701.49,EUR,MOCK_FEED
POS00300520250925,PORT003,INS0012,2025-09-25,195,9.6477,1881.3,-19.99,INR,MOCK_FEED
POS00300620250925,PORT003,INS0013,2025-09-25,1925,32.7471,63038.17,-1705.83,INR,MOCK_FEED
POS00300720250925,PORT003,INS0014,2025-09-25,1105,12.1675,13445.09,410.54,INR,MOCK_FEED
POS00300820250925,PORT003,INS0015,2025-09-25,4606,26.3638,121431.66,2111.71,USD,MOCK_FEED
POS00300920250925,PORT003,INS0016,2025-09-25,1862,47.702,88821.12,-2511.55,INR,MOCK_FEED
POS00301020250925,PORT003,INS0017,2025-09-25,464,127.7726,59286.49,1849.21,GBP,MOCK_FEED
POS00300120250926,PORT003,INS0008,2025-09-26,3495,67.7932,236937.23,-675.74,INR,MOCK_FEED
POS00300220250926,PORT003,INS0009,2025-09-26,1975,32.0138,63227.26,1063.13,GBP,MOCK_FEED
POS00300320250926,PORT003,INS0010,2025-09-26,3441,64.3977,221592.49,6931.21,GBP,MOCK_FEED
POS00300420250926,PORT003,INS0011,2025-09-26,1636,23.4207,38316.27,383.36,EUR,MOCK_FEED
POS00300520250926,PORT003,INS0012,2025-09-26,946,9.6664,9144.41,195.62,USD,MOCK_FEED
POS00300620250926,PORT003,INS0013,2025-09-26,274,32.1076,8797.48,70.75,USD,MOCK_FEED
POS00300720250926,PORT003,INS0014,2025-09-26,1346,12.1195,16312.85,109.89,GBP,MOCK_FEED
POS00300820250926,PORT003,INS0015,2025-09-26,3043,25.9212,78878.21,2037.38,GBP,MOCK_FEED
POS00300920250926,PORT003,INS0016,2025-09-26,2952,47.3246,139702.22,-3350.32,GBP,MOCK_FEED
POS00301020250926,PORT003,INS0017,2025-09-26,3245,127.9543,415211.7,8454.97,INR,MOCK_FEED
POS00300120250927,PORT003,INS0008,2025-09-27,2545,68.7318,174922.43,-865.27,USD,MOCK_FEED
POS00300220250927,PORT003,INS0009,2025-09-27,3774,31.9179,120458.15,-2478.82,EUR,MOCK_FEED
POS00300320250927,PORT003,INS0010,2025-09-27,4658,63.7848,297109.6,-7077.93,GBP,MOCK_FEED
POS00300420250927,PORT003,INS0011,2025-09-27,2970,23.8275,70767.68,-1307.18,INR,MOCK_FEED
POS00300520250927,PORT003,INS0012,2025-09-27,275,9.4923,2610.38,69.67,INR,MOCK_FEED
POS00300620250927,PORT003,INS0013,2025-09-27,3996,31.9306,127594.68,2064.04,EUR,MOCK_FEED
POS00300720250927,PORT003,INS0014,2025-09-27,3341,12.0336,40204.26,-689.23,EUR,MOCK_FEED
POS00300820250927,PORT003,INS0015,2025-09-27,1773,25.7949,45734.36,1764.64,INR,MOCK_FEED
POS00300920250927,PORT003,INS0016,2025-09-27,502,47.0867,23637.52,659.68,EUR,MOCK_FEED
POS00301020250927,PORT003,INS0017,2025-09-27,492,125.4998,61745.9,-1144.05,INR,MOCK_FEED
POS00300120250928,PORT003,INS0008,2025-09-28,4213,67.9573,286304.1,-6801.71,EUR,MOCK_FEED
POS00300220250928,PORT003,INS0009,2025-09-28,2354,31.4131,73946.44,-180.11,INR,MOCK_FEED
POS00300320250928,PORT003,INS0010,2025-09-28,4674,64.723,302515.3,-8329.16,EUR,MOCK_FEED
POS00300420250928,PORT003,INS0011,2025-09-28,2227,23.4705,52268.8,-629.66,EUR,MOCK_FEED
POS00300520250928,PORT003,INS0012,2025-09-28,3628,9.3151,33795.18,-42.09,EUR,MOCK_FEED
POS00300620250928,PORT003,INS0013,2025-09-28,3647,32.2787,117720.42,1500.81,GBP,MOCK_FEED
POS00300720250928,PORT003,INS0014,2025-09-28,2509,12.3146,30897.33,872.2,INR,MOCK_FEED
POS00300820250928,PORT003,INS0015,2025-09-28,4940,25.5892,126410.65,-1256.97,USD,MOCK_FEED
POS00300920250928,PORT003,INS0016,2025-09-28,3593,46.1152,165691.91,-4146.39,INR,MOCK_FEED
POS00301020250928,PORT003,INS0017,2025-09-28,2785,124.2889,346144.59,12054.67,GBP,MOCK_FEED
POS00300120250929,PORT003,INS0008,2025-09-29,3603,68.6059,247187.06,-2364.67,INR,MOCK_FEED
POS00300220250929,PORT003,INS0009,2025-09-29,784,31.1734,24439.95,492.21,INR,MOCK_FEED
POS00300320250929,PORT003,INS0010,2025-09-29,2919,64.5761,188497.64,5755.91,GBP,MOCK_FEED
POS00300420250929,PORT003,INS0011,2025-09-29,1418,23.4304,33224.31,-949.18,USD,MOCK_FEED
POS00300520250929,PORT003,INS0012,2025-09-29,2936,9.3115,27338.56,964.58,INR,MOCK_FEED
POS00300620250929,PORT003,INS0013,2025-09-29,2906,31.8632,92594.46,-120.58,USD,MOCK_FEED
POS00300720250929,PORT003,INS0014,2025-09-29,4835,12.1477,58734.13,-1100.43,GBP,MOCK_FEED
POS00300820250929,PORT003,INS0015,2025-09-29,1806,25.5895,46214.64,-493.44,EUR,MOCK_FEED
POS00300920250929,PORT003,INS0016,2025-09-29,128,45.9779,5885.17,47.04,EUR,MOCK_FEED
POS00301020250929,PORT003,INS0017,2025-09-29,1073,122.0607,130971.13,3346.9,INR,MOCK_FEED
POS00300120250930,PORT003,INS0008,2025-09-30,2093,69.5306,145527.55,551.18,USD,MOCK_FEED
POS00300220250930,PORT003,INS0009,2025-09-30,314,31.0585,9752.37,244.59,EUR,MOCK_FEED
POS00300320250930,PORT003,INS0010,2025-09-30,1082,64.948,70273.74,-1418.53,USD,MOCK_FEED
POS00300420250930,PORT003,INS0011,2025-09-30,2721,23.6995,64486.34,-1600.02,GBP,MOCK_FEED
POS00300520250930,PORT003,INS0012,2025-09-30,2238,9.3695,20968.94,578.55,INR,MOCK_FEED
POS00300620250930,PORT003,INS0013,2025-09-30,4402,31.3783,138127.28,5177.81,GBP,MOCK_FEED
POS00300720250930,PORT003,INS0014,2025-09-30,2080,12.1068,25182.14,871.02,USD,MOCK_FEED
POS00300820250930,PORT003,INS0015,2025-09-30,1299,26.0955,33898.05,238.98,EUR,MOCK_FEED
POS00300920250930,PORT003,INS0016,2025-09-30,363,45.8114,16629.54,526.5,GBP,MOCK_FEED
POS00301020250930,PORT003,INS0017,2025-09-30,1733,124.8929,216439.4,-5889.59,GBP,MOCK_FEED
POS00300120251001,PORT003,INS0008,2025-10-01,3808,69.2449,263684.58,-3906.96,EUR,MOCK_FEED
POS00300220251001,PORT003,INS0009,2025-10-01,535,31.279,16734.26,349.77,INR,MOCK_FEED
POS00300320251001,PORT003,INS0010,2025-10-01,807,65.2011,52617.29,85.0,GBP,MOCK_FEED
POS00300420251001,PORT003,INS0011,2025-10-01,2419,23.8455,57682.26,1665.3,INR,MOCK_FEED
POS00300520251001,PORT003,INS0012,2025-10-01,1552,9.1751,14239.76,-143.41,GBP,MOCK_FEED
POS00300620251001,PORT003,INS0013,2025-10-01,4014,31.444,126216.22,3235.75,INR,MOCK_FEED
POS00300720251001,PORT003,INS0014,2025-10-01,1338,12.1197,16216.16,278.28,USD,MOCK_FEED
POS00300820251001,PORT003,INS0015,2025-10-01,1560,25.8533,40331.15,636.8,USD,MOCK_FEED
POS00300920251001,PORT003,INS0016,2025-10-01,4329,44.938,194536.6,-2484.91,USD,MOCK_FEED
POS00301020251001,PORT003,INS0017,2025-10-01,1081,125.4497,135611.13,4707.87,USD,MOCK_FEED
POS00300120251002,PORT003,INS0008,2025-10-02,3608,67.5049,243557.68,-1715.63,GBP,MOCK_FEED
POS00300220251002,PORT003,INS0009,2025-10-02,3128,31.5276,98618.33,231.02,USD,MOCK_FEED
POS00300320251002,PORT003,INS0010,2025-10-02,368,64.5266,23745.79,800.29,USD,MOCK_FEED
POS00300420251002,PORT003,INS0011,2025-10-02,2020,24.1167,48715.73,835.43,INR,MOCK_FEED
POS00300520251002,PORT003,INS0012,2025-10-02,4063,9.3613,38034.96,313.13,INR,MOCK_FEED
POS00300620251002,PORT003,INS0013,2025-10-02,2363,31.7693,75070.86,2033.44,EUR,MOCK_FEED
POS00300720251002,PORT003,INS0014,2025-10-02,706,12.3691,8732.58,-56.57,EUR,MOCK_FEED
POS00300820251002,PORT003,INS0015,2025-10-02,2306,25.5107,58827.67,122.51,GBP,MOCK_FEED
POS00300920251002,PORT003,INS0016,2025-10-02,3577,45.2831,161977.65,-4815.89,GBP,MOCK_FEED
POS00301020251002,PORT003,INS0017,2025-10-02,2250,126.9983,285746.17,-8505.87,GBP,MOCK_FEED
POS00300120251003,PORT003,INS0008,2025-10-03,2238,66.6755,149219.77,-3407.18,EUR,MOCK_FEED
POS00300220251003,PORT003,INS0009,2025-10-03,557,31.9732,17809.07,570.96,GBP,MOCK_FEED
POS00300320251003,PORT003,INS0010,2025-10-03,4487,66.0979,296581.28,3014.4,GBP,MOCK_FEED
POS00300420251003,PORT003,INS0011,2025-10-03,1040,24.1355,25100.92,417.39,GBP,MOCK_FEED
POS00300520251003,PORT003,INS0012,2025-10-03,3535,9.1335,32286.92,-414.25,USD,MOCK_FEED
POS00300620251003,PORT003,INS0013,2025-10-03,2162,32.0487,69289.29,-1107.01,EUR,MOCK_FEED
POS00300720251003,PORT003,INS0014,2025-10-03,3613,12.4564,45004.97,-1293.4,USD,MOCK_FEED
POS00300820251003,PORT003,INS0015,2025-10-03,2811,25.5576,71842.41,-1348.89,GBP,MOCK_FEED
POS00300920251003,PORT003,INS0016,2025-10-03,2202,44.949,98977.7,37.44,EUR,MOCK_FEED
POS00301020251003,PORT003,INS0017,2025-10-03,4851,128.4861,623286.07,-12934.57,USD,MOCK_FEED
POS00300120251004,PORT003,INS0008,2025-10-04,1023,66.9344,68473.89,-290.33,GBP,MOCK_FEED
POS00300220251004,PORT003,INS0009,2025-10-04,1858,32.2525,59925.14,560.88,INR,MOCK_FEED
POS00300320251004,PORT003,INS0010,2025-10-04,701,67.0105,46974.36,632.34,GBP,MOCK_FEED
POS00300420251004,PORT003,INS0011,2025-10-04,3671,24.4341,89697.58,-287.53,GBP,MOCK_FEED
POS00300520251004,PORT003,INS0012,2025-10-04,4416,9.2441,40821.95,-7.5,GBP,MOCK_FEED
POS00300620251004,PORT003,INS0013,2025-10-04,162,32.241,5223.04,-115.11,GBP,MOCK_FEED
POS00300720251004,PORT003,INS0014,2025-10-04,138,12.0054,1656.75,15.82,EUR,MOCK_FEED
POS00300820251004,PORT003,INS0015,2025-10-04,1794,25.1711,45156.95,1708.5,USD,MOCK_FEED
POS00300920251004,PORT003,INS0016,2025-10-04,3558,45.6764,162516.63,1718.87,EUR,MOCK_FEED
POS00301020251004,PORT003,INS0017,2025-10-04,3580,126.8226,454024.91,8936.95,INR,MOCK_FEED
POS00300120251005,PORT003,INS0008,2025-10-05,871,67.2094,58539.39,2297.04,EUR,MOCK_FEED
POS00300220251005,PORT003,INS0009,2025-10-05,3128,32.1282,100497.01,2536.9,INR,MOCK_FEED
POS00300320251005,PORT003,INS0010,2025-10-05,2499,66.8645,167094.39,-2905.34,GBP,MOCK_FEED
POS00300420251005,PORT003,INS0011,2025-10-05,1125,23.8134,26790.08,-67.83,GBP,MOCK_FEED
POS00300520251005,PORT003,INS0012,2025-10-05,2145,9.1262,19575.7,-8.3,EUR,MOCK_FEED
POS00300620251005,PORT003,INS0013,2025-10-05,324,32.5745,10554.14,131.39,INR,MOCK_FEED
POS00300720251005,PORT003,INS0014,2025-10-05,1419,12.1794,17282.57,-410.66,INR,MOCK_FEED
POS00300820251005,PORT003,INS0015,2025-10-05,3563,25.1824,89724.89,-643.18,GBP,MOCK_FEED
POS00300920251005,PORT003,INS0016,2025-10-05,2746,45.595,125203.87,2037.87,USD,MOCK_FEED
POS00301020251005,PORT003,INS0017,2025-10-05,4751,126.5662,601316.02,2721.88,EUR,MOCK_FEED
POS00300120251006,PORT003,INS0008,2025-10-06,4196,65.1783,273488.15,-6796.09,EUR,MOCK_FEED
POS00300220251006,PORT003,INS0009,2025-10-06,4429,31.7627,140677.0,-1357.02,USD,MOCK_FEED
POS00300320251006,PORT003,INS0010,2025-10-06,555,65.7271,36478.54,-752.46,EUR,MOCK_FEED
POS00300420251006,PORT003,INS0011,2025-10-06,2306,23.7864,54851.44,1365.25,USD,MOCK_FEED
POS00300520251006,PORT003,INS0012,2025-10-06,1717,9.086,15600.66,-59.23,USD,MOCK_FEED
POS00300620251006,PORT003,INS0013,2025-10-06,1610,32.991,53115.51,-1271.51,USD,MOCK_FEED
POS00300720251006,PORT003,INS0014,2025-10-06,235,12.0815,2839.15,-80.78,EUR,MOCK_FEED
POS00300820251006,PORT003,INS0015,2025-10-06,3314,25.212,83552.57,1529.02,USD,MOCK_FEED
POS00300920251006,PORT003,INS0016,2025-10-06,4084,45.4974,185811.38,974.3,INR,MOCK_FEED
POS00301020251006,PORT003,INS0017,2025-10-06,1847,125.8287,232405.61,-5245.66,USD,MOCK_FEED
POS00300120251007,PORT003,INS0008,2025-10-07,1169,64.8117,75764.88,-2198.25,INR,MOCK_FEED
POS00300220251007,PORT003,INS0009,2025-10-07,4712,31.2326,147168.01,-990.86,EUR,MOCK_FEED
POS00300320251007,PORT003,INS0010,2025-10-07,3841,66.8204,256657.16,8412.38,USD,MOCK_FEED
POS00300420251007,PORT003,INS0011,2025-10-07,1182,23.7646,28089.76,-813.98,USD,MOCK_FEED
POS00300520251007,PORT003,INS0012,2025-10-07,4942,9.017,44562.01,51.49,EUR,MOCK_FEED
POS00300620251007,PORT003,INS0013,2025-10-07,2850,33.0466,94182.81,1887.12,GBP,MOCK_FEED
POS00300720251007,PORT003,INS0014,2025-10-07,3619,12.1694,44041.06,973.66,USD,MOCK_FEED
POS00300820251007,PORT003,INS0015,2025-10-07,355,25.3081,8984.38,230.58,USD,MOCK_FEED
POS00300920251007,PORT003,INS0016,2025-10-07,4672,45.0359,210407.72,6502.24,GBP,MOCK_FEED
POS00301020251007,PORT003,INS0017,2025-10-07,930,124.9301,116184.99,615.31,EUR,MOCK_FEED
POS00300120251008,PORT003,INS0008,2025-10-08,1827,64.1129,117134.27,-3062.42,GBP,MOCK_FEED
POS00300220251008,PORT003,INS0009,2025-10-08,478,31.3771,14998.25,440.87,EUR,MOCK_FEED
POS00300320251008,PORT003,INS0010,2025-10-08,1532,66.9461,102561.43,-63.84,EUR,MOCK_FEED
POS00300420251008,PORT003,INS0011,2025-10-08,4126,24.1063,99462.59,-1045.62,USD,MOCK_FEED
POS00300520251008,PORT003,INS0012,2025-10-08,4226,9.01,38076.26,1369.93,USD,MOCK_FEED
POS00300620251008,PORT003,INS0013,2025-10-08,4110,33.4154,137337.29,-1321.81,INR,MOCK_FEED
POS00300720251008,PORT003,INS0014,2025-10-08,2909,12.0133,34946.69,-683.78,EUR,MOCK_FEED
POS00300820251008,PORT003,INS0015,2025-10-08,4882,25.0983,122529.9,-2453.45,USD,MOCK_FEED
POS00300920251008,PORT003,INS0016,2025-10-08,160,45.1514,7224.22,277.74,GBP,MOCK_FEED
POS00301020251008,PORT003,INS0017,2025-10-08,1505,124.3889,187205.29,1519.74,EUR,MOCK_FEED
POS00300120251009,PORT003,INS0008,2025-10-09,1429,62.0706,88698.89,3069.9,GBP,MOCK_FEED
POS00300220251009,PORT003,INS0009,2025-10-09,3850,31.3543,120714.05,1213.67,USD,MOCK_FEED
POS00300320251009,PORT003,INS0010,2025-10-09,223,68.3857,15250.01,510.65,USD,MOCK_FEED
POS00300420251009,PORT003,INS0011,2025-10-09,4646,23.9474,111259.62,-1222.78,USD,MOCK_FEED
POS00300520251009,PORT003,INS0012,2025-10-09,569,9.0852,5169.48,62.54,USD,MOCK_FEED
POS00300620251009,PORT003,INS0013,2025-10-09,1290,33.6725,43437.53,1384.82,EUR,MOCK_FEED
POS00300720251009,PORT003,INS0014,2025-10-09,3099,11.8436,36703.32,-385.35,EUR,MOCK_FEED
POS00300820251009,PORT003,INS0015,2025-10-09,1138,25.3222,28816.66,1141.63,GBP,MOCK_FEED
POS00300920251009,PORT003,INS0016,2025-10-09,1495,45.9299,68665.2,100.04,INR,MOCK_FEED
POS00301020251009,PORT003,INS0017,2025-10-09,2337,125.3686,292986.42,10561.14,USD,MOCK_FEED
POS00300120251010,PORT003,INS0008,2025-10-10,2354,61.3368,144386.83,-651.21,EUR,MOCK_FEED
POS00300220251010,PORT003,INS0009,2025-10-10,1133,31.5458,35741.39,-51.37,USD,MOCK_FEED
POS00300320251010,PORT003,INS0010,2025-10-10,2761,69.2529,191207.26,3508.8,GBP,MOCK_FEED
POS00300420251010,PORT003,INS0011,2025-10-10,4284,23.5757,100998.3,-232.66,USD,MOCK_FEED
POS00300520251010,PORT003,INS0012,2025-10-10,4767,9.183,43775.36,1581.12,USD,MOCK_FEED
POS00300620251010,PORT003,INS0013,2025-10-10,3516,33.3755,117348.26,3521.09,USD,MOCK_FEED
POS00300720251010,PORT003,INS0014,2025-10-10,4294,11.9213,51190.06,1505.15,GBP,MOCK_FEED
POS00300820251010,PORT003,INS0015,2025-10-10,4719,25.0599,118257.67,2886.08,GBP,MOCK_FEED
POS00300920251010,PORT003,INS0016,2025-10-10,3908,45.4986,177808.53,-1077.01,EUR,MOCK_FEED
POS00301020251010,PORT003,INS0017,2025-10-10,2636,122.6146,323212.09,4793.19,GBP,MOCK_FEED
POS00300120251011,PORT003,INS0008,2025-10-11,252,60.0056,15121.41,-378.17,USD,MOCK_FEED
POS00300220251011,PORT003,INS0009,2025-10-11,4759,31.1588,148284.73,-3792.14,USD,MOCK_FEED
POS00300320251011,PORT003,INS0010,2025-10-11,229,68.7988,15754.93,-270.58,USD,MOCK_FEED
POS00300420251011,PORT003,INS0011,2025-10-11,3315,23.7559,78750.81,-933.02,GBP,MOCK_FEED
POS00300520251011,PORT003,INS0012,2025-10-11,4786,9.1323,43707.19,778.16,INR,MOCK_FEED
POS00300620251011,PORT003,INS0013,2025-10-11,4930,33.1532,163445.28,-1076.76,USD,MOCK_FEED
POS00300720251011,PORT003,INS0014,2025-10-11,2402,11.8812,28538.64,888.78,GBP,MOCK_FEED
POS00300820251011,PORT003,INS0015,2025-10-11,4454,25.7916,114875.79,-1872.51,INR,MOCK_FEED
POS00300920251011,PORT003,INS0016,2025-10-11,1563,45.1049,70498.96,728.11,GBP,MOCK_FEED
POS00301020251011,PORT003,INS0017,2025-10-11,1449,123.5229,178984.68,-4519.82,GBP,MOCK_FEED
POS00300120251012,PORT003,INS0008,2025-10-12,2976,60.9099,181267.86,-5420.63,GBP,MOCK_FEED
POS00300220251012,PORT003,INS0009,2025-10-12,3447,31.2363,107671.53,2091.02,GBP,MOCK_FEED
POS00300320251012,PORT003,INS0010,2025-10-12,4995,69.6065,347684.47,3318.35,EUR,MOCK_FEED
POS00300420251012,PORT003,INS0011,2025-10-12,2289,23.969,54865.04,130.51,GBP,MOCK_FEED
POS00300520251012,PORT003,INS0012,2025-10-12,4347,9.2401,40166.71,-1043.47,GBP,MOCK_FEED
POS00300620251012,PORT003,INS0013,2025-10-12,515,33.6241,17316.41,637.93,EUR,MOCK_FEED
POS00300720251012,PORT003,INS0014,2025-10-12,1261,11.858,14952.94,89.62,USD,MOCK_FEED
POS00300820251012,PORT003,INS0015,2025-10-12,669,26.0366,17418.49,409.53,INR,MOCK_FEED
POS00300920251012,PORT003,INS0016,2025-10-12,4816,44.8572,216032.28,7880.37,USD,MOCK_FEED
POS00301020251012,PORT003,INS0017,2025-10-12,2513,125.0518,314255.17,-5168.43,EUR,MOCK_FEED
POS00300120251013,PORT003,INS0008,2025-10-13,4396,59.7831,262806.51,-1390.04,INR,MOCK_FEED
POS00300220251013,PORT003,INS0009,2025-10-13,1550,31.1335,48256.93,1709.22,INR,MOCK_FEED
POS00300320251013,PORT003,INS0010,2025-10-13,4829,70.3956,339940.35,2092.45,GBP,MOCK_FEED
POS00300420251013,PORT003,INS0011,2025-10-13,2067,23.9783,49563.15,-1088.65,USD,MOCK_FEED
POS00300520251013,PORT003,INS0012,2025-10-13,1713,9.2477,15841.31,-106.75,INR,MOCK_FEED
POS00300620251013,PORT003,INS0013,2025-10-13,4359,34.0018,148213.85,-3525.61,INR,MOCK_FEED
POS00300720251013,PORT003,INS0014,2025-10-13,2561,11.908,30496.39,583.48,GBP,MOCK_FEED
POS00300820251013,PORT003,INS0015,2025-10-13,1911,25.954,49598.09,-43.79,GBP,MOCK_FEED
POS00300920251013,PORT003,INS0016,2025-10-13,2436,44.7488,109008.08,-676.46,USD,MOCK_FEED
POS00301020251013,PORT003,INS0017,2025-10-13,4061,125.455,509472.76,9159.39,EUR,MOCK_FEED
POS00300120251014,PORT003,INS0008,2025-10-14,960,59.3617,56987.23,-898.11,INR,MOCK_FEED
POS00300220251014,PORT003,INS0009,2025-10-14,2825,31.7213,89612.67,1379.25,EUR,MOCK_FEED
POS00300320251014,PORT003,INS0010,2025-10-14,4522,70.4253,318463.21,5517.28,USD,MOCK_FEED
POS00300420251014,PORT003,INS0011,2025-10-14,3842,23.4817,90216.69,-1803.85,INR,MOCK_FEED
POS00300520251014,PORT003,INS0012,2025-10-14,383,9.3957,3598.55,-102.57,INR,MOCK_FEED
POS00300620251014,PORT003,INS0013,2025-10-14,922,33.7736,31139.26,223.79,INR,MOCK_FEED
POS00300720251014,PORT003,INS0014,2025-10-14,1583,11.7183,18550.07,-346.81,USD,MOCK_FEED
POS00300820251014,PORT003,INS0015,2025-10-14,3591,26.1484,93898.9,-506.18,INR,MOCK_FEED
POS00300920251014,PORT003,INS0016,2025-10-14,1169,45.1392,52767.72,1304.93,USD,MOCK_FEED
POS00301020251014,PORT003,INS0017,2025-10-14,974,124.0673,120841.55,1608.11,GBP,MOCK_FEED
POS00300120251015,PORT003,INS0008,2025-10-15,4323,58.1907,251558.4,1633.84,INR,MOCK_FEED
POS00300220251015,PORT003,INS0009,2025-10-15,4788,32.0704,153553.08,1202.07,EUR,MOCK_FEED
POS00300320251015,PORT003,INS0010,2025-10-15,2362,70.9383,167556.26,-1606.12,USD,MOCK_FEED
POS00300420251015,PORT003,INS0011,2025-10-15,1698,23.1791,39358.11,275.42,GBP,MOCK_FEED
POS00300520251015,PORT003,INS0012,2025-10-15,1024,9.2486,9470.57,-146.39,USD,MOCK_FEED
POS00300620251015,PORT003,INS0013,2025-10-15,3916,33.8636,132609.86,-2163.85,EUR,MOCK_FEED
POS00300720251015,PORT003,INS0014,2025-10-15,298,11.8042,3517.65,24.04,GBP,MOCK_FEED
POS00300820251015,PORT003,INS0015,2025-10-15,4293,26.1367,112204.85,-2131.9,INR,MOCK_FEED
POS00300920251015,PORT003,INS0016,2025-10-15,1668,44.819,74758.09,2021.3,GBP,MOCK_FEED
POS00301020251015,PORT003,INS0017,2025-10-15,490,123.6718,60599.18,1022.79,INR,MOCK_FEED
POS00300120251016,PORT003,INS0008,2025-10-16,1487,57.6557,85734.03,-234.68,GBP,MOCK_FEED
POS00300220251016,PORT003,INS0009,2025-10-16,2024,32.1148,65000.36,-1211.36,INR,MOCK_FEED
POS00300320251016,PORT003,INS0010,2025-10-16,4264,71.2092,303636.03,9447.15,EUR,MOCK_FEED
POS00300420251016,PORT003,INS0011,2025-10-16,4233,23.2347,98352.49,537.07,USD,MOCK_FEED
POS00300520251016,PORT003,INS0012,2025-10-16,2481,9.382,23276.74,528.8,EUR,MOCK_FEED
POS00300620251016,PORT003,INS0013,2025-10-16,2129,34.4247,73290.19,-539.31,EUR,MOCK_FEED
POS00300720251016,PORT003,INS0014,2025-10-16,3003,11.7974,35427.59,-880.98,USD,MOCK_FEED
POS00300820251016,PORT003,INS0015,2025-10-16,3956,26.0113,102900.7,676.77,EUR,MOCK_FEED
POS00300920251016,PORT003,INS0016,2025-10-16,2634,44.0737,116090.13,-3334.5,EUR,MOCK_FEED
POS00301020251016,PORT003,INS0017,2025-10-16,1751,125.2645,219338.14,-5475.1,INR,MOCK_FEED
POS00300120251017,PORT003,INS0008,2025-10-17,3779,58.4153,220751.42,8197.47,EUR,MOCK_FEED
POS00300220251017,PORT003,INS0009,2025-10-17,269,32.253,8676.06,4.51,INR,MOCK_FEED
POS00300320251017,PORT003,INS0010,2025-10-17,1463,71.0002,103873.29,3573.96,GBP,MOCK_FEED
POS00300420251017,PORT003,INS0011,2025-10-17,2228,23.8025,53031.97,466.91,GBP,MOCK_FEED
POS00300520251017,PORT003,INS0012,2025-10-17,1517,9.5069,14421.97,-261.07,INR,MOCK_FEED
POS00300620251017,PORT003,INS0013,2025-10-17,3453,34.9646,120732.76,-1319.98,GBP,MOCK_FEED
POS00300720251017,PORT003,INS0014,2025-10-17,1698,11.8938,20195.67,-181.82,EUR,MOCK_FEED
POS00300820251017,PORT003,INS0015,2025-10-17,2254,26.6921,60163.99,2092.15,USD,MOCK_FEED
POS00300920251017,PORT003,INS0016,2025-10-17,4791,43.7371,209544.45,-4552.45,GBP,MOCK_FEED
POS00301020251017,PORT003,INS0017,2025-10-17,1312,127.8314,167714.8,-2275.37,INR,MOCK_FEED
POS00300120251018,PORT003,INS0008,2025-10-18,3020,58.7062,177292.72,-1966.35,INR,MOCK_FEED
POS00300220251018,PORT003,INS0009,2025-10-18,112,32.6522,3657.05,-81.39,INR,MOCK_FEED
POS00300320251018,PORT003,INS0010,2025-10-18,4166,71.5521,298086.05,-156.64,INR,MOCK_FEED
POS00300420251018,PORT003,INS0011,2025-10-18,3141,23.9028,75078.69,-1766.32,USD,MOCK_FEED
POS00300520251018,PORT003,INS0012,2025-10-18,934,9.4503,8826.58,-197.11,EUR,MOCK_FEED
POS00300620251018,PORT003,INS0013,2025-10-18,2144,35.0028,75046.0,621.62,GBP,MOCK_FEED
POS00300720251018,PORT003,INS0014,2025-10-18,371,11.7185,4347.56,115.53,EUR,MOCK_FEED
POS00300820251018,PORT003,INS0015,2025-10-18,154,26.6145,4098.63,-55.28,USD,MOCK_FEED
POS00300920251018,PORT003,INS0016,2025-10-18,3287,44.4126,145984.22,-3488.84,EUR,MOCK_FEED
POS00301020251018,PORT003,INS0017,2025-10-18,1134,125.0132,141764.97,336.01,EUR,MOCK_FEED
POS00300120251019,PORT003,INS0008,2025-10-19,2456,59.2847,145603.22,-3997.92,GBP,MOCK_FEED
POS00300220251019,PORT003,INS0009,2025-10-19,2771,32.2469,89356.16,709.29,EUR,MOCK_FEED
POS00300320251019,PORT003,INS0010,2025-10-19,4112,71.291,293148.59,5157.18,GBP,MOCK_FEED
POS00300420251019,PORT003,INS0011,2025-10-19,846,23.676,20029.9,734.13,INR,MOCK_FEED
POS00300520251019,PORT003,INS0012,2025-10-19,3548,9.5501,33883.75,432.08,INR,MOCK_FEED
POS00300620251019,PORT003,INS0013,2025-10-19,4800,35.0981,168470.88,-1972.12,EUR,MOCK_FEED
POS00300720251019,PORT003,INS0014,2025-10-19,1544,11.8661,18321.26,306.97,EUR,MOCK_FEED
POS00300820251019,PORT003,INS0015,2025-10-19,3785,26.1543,98994.03,-2466.93,INR,MOCK_FEED
POS00300920251019,PORT003,INS0016,2025-10-19,3374,44.5162,150197.66,4844.26,INR,MOCK_FEED
POS00301020251019,PORT003,INS0017,2025-10-19,3677,126.0881,463625.94,-10128.8,USD,MOCK_FEED
POS00300120251020,PORT003,INS0008,2025-10-20,2057,59.6627,122726.17,1906.87,GBP,MOCK_FEED
POS00300220251020,PORT003,INS0009,2025-10-20,3453,31.6175,109175.23,-1508.28,USD,MOCK_FEED
POS00300320251020,PORT003,INS0010,2025-10-20,1710,70.5713,120676.92,1621.67,GBP,MOCK_FEED
POS00300420251020,PORT003,INS0011,2025-10-20,1894,23.8118,45099.55,910.82,USD,MOCK_FEED
POS00300520251020,PORT003,INS0012,2025-10-20,3922,9.554,37470.79,1195.37,INR,MOCK_FEED
POS00300620251020,PORT003,INS0013,2025-10-20,715,34.7762,24864.98,107.87,USD,MOCK_FEED
POS00300720251020,PORT003,INS0014,2025-10-20,3738,11.4738,42889.06,-53.8,INR,MOCK_FEED
POS00300820251020,PORT003,INS0015,2025-10-20,951,26.0611,24784.11,-622.46,EUR,MOCK_FEED
POS00300920251020,PORT003,INS0016,2025-10-20,1011,44.5926,45083.12,821.23,GBP,MOCK_FEED
POS00301020251020,PORT003,INS0017,2025-10-20,4371,128.4335,561382.83,22171.41,EUR,MOCK_FEED
POS00300120251021,PORT003,INS0008,2025-10-21,4969,59.9525,297903.97,5329.21,USD,MOCK_FEED
POS00300220251021,PORT003,INS0009,2025-10-21,718,32.4164,23274.98,806.78,EUR,MOCK_FEED
POS00300320251021,PORT003,INS0010,2025-10-21,3584,70.0837,251179.98,-2702.9,USD,MOCK_FEED
POS00300420251021,PORT003,INS0011,2025-10-21,1269,23.6791,30048.78,550.95,INR,MOCK_FEED
POS00300520251021,PORT003,INS0012,2025-10-21,3914,9.4433,36961.08,-725.07,GBP,MOCK_FEED
POS00300620251021,PORT003,INS0013,2025-10-21,3877,34.8989,135303.04,-1851.19,GBP,MOCK_FEED
POS00300720251021,PORT003,INS0014,2025-10-21,784,11.435,8965.04,-125.7,GBP,MOCK_FEED
POS00300820251021,PORT003,INS0015,2025-10-21,3872,25.8857,100229.43,3577.28,EUR,MOCK_FEED
POS00300920251021,PORT003,INS0016,2025-10-21,1872,44.3754,83070.75,-1699.14,EUR,MOCK_FEED
POS00301020251021,PORT003,INS0017,2025-10-21,2898,127.8816,370600.88,3377.25,INR,MOCK_FEED
POS00300120251022,PORT003,INS0008,2025-10-22,3479,59.9712,208639.8,1860.87,GBP,MOCK_FEED
POS00300220251022,PORT003,INS0009,2025-10-22,3573,32.3432,115562.25,-1128.22,EUR,MOCK_FEED
POS00300320251022,PORT003,INS0010,2025-10-22,1504,71.0804,106904.92,16.83,GBP,MOCK_FEED
POS00300420251022,PORT003,INS0011,2025-10-22,833,23.8813,19893.12,-278.31,INR,MOCK_FEED
POS00300520251022,PORT003,INS0012,2025-10-22,348,9.5064,3308.23,-17.09,EUR,MOCK_FEED
POS00300620251022,PORT003,INS0013,2025-10-22,3546,34.3135,121675.67,-3044.37,USD,MOCK_FEED
POS00300720251022,PORT003,INS0014,2025-10-22,499,11.6147,5795.74,39.59,GBP,MOCK_FEED
POS00300820251022,PORT003,INS0015,2025-10-22,2745,26.3751,72399.65,-2052.54,EUR,MOCK_FEED
POS00300920251022,PORT003,INS0016,2025-10-22,3807,43.8483,166930.48,6111.96,EUR,MOCK_FEED
POS00301020251022,PORT003,INS0017,2025-10-22,3062,127.9854,391891.29,6296.67,INR,MOCK_FEED
POS00300120251023,PORT003,INS0008,2025-10-23,3238,59.4496,192497.8,-5331.55,INR,MOCK_FEED
POS00300220251023,PORT003,INS0009,2025-10-23,2594,33.2656,86290.97,3204.7,EUR,MOCK_FEED
POS00300320251023,PORT003,INS0010,2025-10-23,3111,71.5445,222574.94,-6331.31,INR,MOCK_FEED
POS00300420251023,PORT003,INS0011,2025-10-23,4401,23.9044,105203.26,3806.96,USD,MOCK_FEED
POS00300520251023,PORT003,INS0012,2025-10-23,3622,9.3823,33982.69,-730.36,EUR,MOCK_FEED
POS00300620251023,PORT003,INS0013,2025-10-23,4863,33.8417,164572.19,-1206.9,USD,MOCK_FEED
POS00300720251023,PORT003,INS0014,2025-10-23,3112,11.4981,35782.09,-53.13,USD,MOCK_FEED
POS00300820251023,PORT003,INS0015,2025-10-23,512,26.3507,13491.56,508.04,USD,MOCK_FEED
POS00300920251023,PORT003,INS0016,2025-10-23,278,43.8503,12190.38,-205.65,USD,MOCK_FEED
POS00301020251023,PORT003,INS0017,2025-10-23,4302,128.3447,552138.9,11064.22,GBP,MOCK_FEED
POS00300120251024,PORT003,INS0008,2025-10-24,2476,59.8222,148119.77,5161.58,INR,MOCK_FEED
POS00300220251024,PORT003,INS0009,2025-10-24,664,33.3521,22145.79,-342.48,GBP,MOCK_FEED
POS00300320251024,PORT003,INS0010,2025-10-24,1080,71.9502,77706.22,-1706.79,GBP,MOCK_FEED
POS00300420251024,PORT003,INS0011,2025-10-24,4770,23.4248,111736.3,-1486.21,GBP,MOCK_FEED
POS00300520251024,PORT003,INS0012,2025-10-24,3239,9.4618,30646.77,-130.76,EUR,MOCK_FEED
POS00300620251024,PORT003,INS0013,2025-10-24,2205,33.9468,74852.69,866.65,GBP,MOCK_FEED
POS00300720251024,PORT003,INS0014,2025-10-24,4314,11.3264,48862.09,1392.38,EUR,MOCK_FEED
POS00300820251024,PORT003,INS0015,2025-10-24,2308,26.3232,60753.95,1864.09,EUR,MOCK_FEED
POS00300920251024,PORT003,INS0016,2025-10-24,146,43.5026,6351.38,-126.5,INR,MOCK_FEED
POS00301020251024,PORT003,INS0017,2025-10-24,735,128.4317,94397.3,3664.43,GBP,MOCK_FEED
POS00300120251025,PORT003,INS0008,2025-10-25,1273,60.4274,76924.08,1304.78,USD,MOCK_FEED
POS00300220251025,PORT003,INS0009,2025-10-25,2070,33.1238,68566.27,-396.95,EUR,MOCK_FEED
POS00300320251025,PORT003,INS0010,2025-10-25,3924,72.6409,285042.89,-1288.35,GBP,MOCK_FEED
POS00300420251025,PORT003,INS0011,2025-10-25,1289,23.3641,30116.32,950.23,USD,MOCK_FEED
POS00300520251025,PORT003,INS0012,2025-10-25,2495,9.5223,23758.14,-629.92,USD,MOCK_FEED
POS00300620251025,PORT003,INS0013,2025-10-25,3104,34.59,107367.36,389.82,GBP,MOCK_FEED
POS00300720251025,PORT003,INS0014,2025-10-25,4477,11.4006,51040.49,224.55,GBP,MOCK_FEED
POS00300820251025,PORT003,INS0015,2025-10-25,640,26.3889,16888.9,-276.05,USD,MOCK_FEED
POS00300920251025,PORT003,INS0016,2025-10-25,4643,43.8006,203366.19,5674.35,USD,MOCK_FEED
POS00301020251025,PORT003,INS0017,2025-10-25,4788,127.7894,611855.65,-12361.99,USD,MOCK_FEED
POS00300120251026,PORT003,INS0008,2025-10-26,497,60.8853,30259.99,228.96,USD,MOCK_FEED
POS00300220251026,PORT003,INS0009,2025-10-26,2357,32.1362,75745.02,1053.25,INR,MOCK_FEED
POS00300320251026,PORT003,INS0010,2025-10-26,660,72.7134,47990.84,-1390.2,GBP,MOCK_FEED
POS00300420251026,PORT003,INS0011,2025-10-26,799,23.3061,18621.57,-540.27,GBP,MOCK_FEED
POS00300520251026,PORT003,INS0012,2025-10-26,1046,9.3056,9733.66,179.19,EUR,MOCK_FEED
POS00300620251026,PORT003,INS0013,2025-10-26,3609,34.8284,125695.7,3766.37,INR,MOCK_FEED
POS00300720251026,PORT003,INS0014,2025-10-26,1347,11.2367,15135.83,390.44,GBP,MOCK_FEED
POS00300820251026,PORT003,INS0015,2025-10-26,3661,26.4477,96825.03,3013.29,USD,MOCK_FEED
POS00300920251026,PORT003,INS0016,2025-10-26,2707,43.605,118038.73,31.47,USD,MOCK_FEED
POS00301020251026,PORT003,INS0017,2025-10-26,4757,128.0168,608975.92,-16391.39,USD,MOCK_FEED
POS00300120251027,PORT003,INS0008,2025-10-27,4527,61.4682,278266.54,3974.11,GBP,MOCK_FEED
POS00300220251027,PORT003,INS0009,2025-10-27,712,32.7157,23293.58,91.72,EUR,MOCK_FEED
POS00300320251027,PORT003,INS0010,2025-10-27,967,72.7081,70308.73,-224.88,INR,MOCK_FEED
POS00300420251027,PORT003,INS0011,2025-10-27,2392,23.1118,55283.43,-1195.25,USD,MOCK_FEED
POS00300520251027,PORT003,INS0012,2025-10-27,230,9.3283,2145.51,3.55,EUR,MOCK_FEED
POS00300620251027,PORT003,INS0013,2025-10-27,1841,34.4846,63486.15,1178.11,GBP,MOCK_FEED
POS00300720251027,PORT003,INS0014,2025-10-27,1894,11.1886,21191.21,306.63,INR,MOCK_FEED
POS00300820251027,PORT003,INS0015,2025-10-27,3320,26.458,87840.56,-617.23,GBP,MOCK_FEED
POS00300920251027,PORT003,INS0016,2025-10-27,4640,44.0498,204391.07,-6021.24,EUR,MOCK_FEED
POS00301020251027,PORT003,INS0017,2025-10-27,2318,125.7739,291543.9,-7046.6,EUR,MOCK_FEED
POS00300120251028,PORT003,INS0008,2025-10-28,1057,61.2654,64757.53,2384.61,GBP,MOCK_FEED
POS00300220251028,PORT003,INS0009,2025-10-28,3393,32.4949,110255.2,4401.09,GBP,MOCK_FEED
POS00300320251028,PORT003,INS0010,2025-10-28,1590,71.1559,113137.88,-527.5,EUR,MOCK_FEED
POS00300420251028,PORT003,INS0011,2025-10-28,4836,23.0246,111346.97,-148.85,USD,MOCK_FEED
POS00300520251028,PORT003,INS0012,2025-10-28,2862,9.3318,26707.61,970.18,INR,MOCK_FEED
POS00300620251028,PORT003,INS0013,2025-10-28,4673,33.923,158522.18,-1566.64,USD,MOCK_FEED
POS00300720251028,PORT003,INS0014,2025-10-28,1707,11.1843,19091.6,-150.53,EUR,MOCK_FEED
POS00300820251028,PORT003,INS0015,2025-10-28,1974,25.7668,50863.66,-256.91,EUR,MOCK_FEED
POS00300920251028,PORT003,INS0016,2025-10-28,139,43.5791,6057.49,-74.76,USD,MOCK_FEED
POS00301020251028,PORT003,INS0017,2025-10-28,4503,124.2895,559675.62,-12625.98,GBP,MOCK_FEED
POS00300120251029,PORT003,INS0008,2025-10-29,1223,60.7654,74316.08,2561.46,EUR,MOCK_FEED
POS00300220251029,PORT003,INS0009,2025-10-29,4939,32.3909,159978.66,-4399.7,EUR,MOCK_FEED
POS00300320251029,PORT003,INS0010,2025-10-29,1846,71.3154,131648.23,5087.7,EUR,MOCK_FEED
POS00300420251029,PORT003,INS0011,2025-10-29,4388,22.853,100278.96,431.08,GBP,MOCK_FEED
POS00300520251029,PORT003,INS0012,2025-10-29,3222,9.3952,30271.33,-839.86,EUR,MOCK_FEED
POS00300620251029,PORT003,INS0013,2025-10-29,2916,33.6481,98117.86,3315.01,EUR,MOCK_FEED
POS00300720251029,PORT003,INS0014,2025-10-29,1778,11.0749,19691.17,-417.14,USD,MOCK_FEED
POS00300820251029,PORT003,INS0015,2025-10-29,1104,25.944,28642.18,141.57,GBP,MOCK_FEED
POS00300920251029,PORT003,INS0016,2025-10-29,3250,43.3873,141008.73,3863.44,EUR,MOCK_FEED
POS00301020251029,PORT003,INS0017,2025-10-29,1394,120.0533,167354.3,2991.23,EUR,MOCK_FEED
POS00300120251030,PORT003,INS0008,2025-10-30,1881,61.7953,116236.96,2017.74,EUR,MOCK_FEED
POS00300220251030,PORT003,INS0009,2025-10-30,695,33.1108,23012.01,543.74,GBP,MOCK_FEED
POS00300320251030,PORT003,INS0010,2025-10-30,4926,69.46,342159.96,1418.65,GBP,MOCK_FEED
POS00300420251030,PORT003,INS0011,2025-10-30,3335,23.0471,76862.08,2201.8,EUR,MOCK_FEED
POS00300520251030,PORT003,INS0012,2025-10-30,2370,9.2494,21921.08,96.68,EUR,MOCK_FEED
POS00300620251030,PORT003,INS0013,2025-10-30,2931,33.9297,99447.95,305.04,EUR,MOCK_FEED
POS00300720251030,PORT003,INS0014,2025-10-30,1358,11.2306,15251.15,-259.32,EUR,MOCK_FEED
POS00300820251030,PORT003,INS0015,2025-10-30,672,25.4255,17085.94,333.47,GBP,MOCK_FEED
POS00300920251030,PORT003,INS0016,2025-10-30,2621,43.3708,113674.87,4029.75,EUR,MOCK_FEED
POS00301020251030,PORT003,INS0017,2025-10-30,4472,121.2649,542296.63,1592.0,INR,MOCK_FEED
POS00300120251031,PORT003,INS0008,2025-10-31,2208,61.1599,135041.06,1106.78,INR,MOCK_FEED
POS00300220251031,PORT003,INS0009,2025-10-31,1612,32.6944,52703.37,-1057.2,GBP,MOCK_FEED
POS00300320251031,PORT003,INS0010,2025-10-31,2541,69.249,175961.71,-4067.12,EUR,MOCK_FEED
POS00300420251031,PORT003,INS0011,2025-10-31,2410,23.042,55531.22,859.83,USD,MOCK_FEED
POS00300520251031,PORT003,INS0012,2025-10-31,4973,9.3636,46565.18,611.35,INR,MOCK_FEED
POS00300620251031,PORT003,INS0013,2025-10-31,3746,33.8903,126953.06,-1431.44,GBP,MOCK_FEED
POS00300720251031,PORT003,INS0014,2025-10-31,3982,11.3267,45102.92,-395.48,GBP,MOCK_FEED
POS00300820251031,PORT003,INS0015,2025-10-31,173,25.4049,4395.05,10.01,EUR,MOCK_FEED
POS00300920251031,PORT003,INS0016,2025-10-31,1967,43.3319,85233.85,858.72,EUR,MOCK_FEED
POS00301020251031,PORT003,INS0017,2025-10-31,4253,120.1373,510943.94,-780.36,INR,MOCK_FEED
POS00300120251101,PORT003,INS0008,2025-11-01,2688,61.3635,164945.09,-3186.7,USD,MOCK_FEED
POS00300220251101,PORT003,INS0009,2025-11-01,4386,32.8171,143935.8,143.45,INR,MOCK_FEED
POS00300320251101,PORT003,INS0010,2025-11-01,2105,68.754,144727.17,-872.36,EUR,MOCK_FEED
POS00300420251101,PORT003,INS0011,2025-11-01,872,22.6088,19714.87,-453.59,GBP,MOCK_FEED
POS00300520251101,PORT003,INS0012,2025-11-01,3342,9.3004,31081.94,-328.55,GBP,MOCK_FEED
POS00300620251101,PORT003,INS0013,2025-11-01,3014,33.3114,100400.56,-588.67,GBP,MOCK_FEED
POS00300720251101,PORT003,INS0014,2025-11-01,3091,11.2842,34879.46,280.01,GBP,MOCK_FEED
POS00300820251101,PORT003,INS0015,2025-11-01,607,25.4419,15443.23,260.79,USD,MOCK_FEED
POS00300920251101,PORT003,INS0016,2025-11-01,1595,42.7539,68192.47,-613.78,EUR,MOCK_FEED
POS00301020251101,PORT003,INS0017,2025-11-01,4561,121.5169,554238.58,-1526.23,GBP,MOCK_FEED
POS00300120251102,PORT003,INS0008,2025-11-02,2676,61.9702,165832.26,4863.45,INR,MOCK_FEED
POS00300220251102,PORT003,INS0009,2025-11-02,795,32.4235,25776.68,841.92,EUR,MOCK_FEED
POS00300320251102,PORT003,INS0010,2025-11-02,633,69.2085,43808.98,-78.01,USD,MOCK_FEED
POS00300420251102,PORT003,INS0011,2025-11-02,842,21.9419,18475.08,252.14,GBP,MOCK_FEED
POS00300520251102,PORT003,INS0012,2025-11-02,2081,9.4407,19646.1,279.47,EUR,MOCK_FEED
POS00300620251102,PORT003,INS0013,2025-11-02,383,33.1836,12709.32,443.13,GBP,MOCK_FEED
POS00300720251102,PORT003,INS0014,2025-11-02,4277,11.2239,48004.62,448.84,INR,MOCK_FEED
POS00300820251102,PORT003,INS0015,2025-11-02,930,25.1901,23426.79,-241.55,USD,MOCK_FEED
POS00300920251102,PORT003,INS0016,2025-11-02,3266,42.716,139510.46,-115.91,INR,MOCK_FEED
POS00301020251102,PORT003,INS0017,2025-11-02,4088,120.8137,493886.41,3862.08,USD,MOCK_FEED
POS00300120251103,PORT003,INS0008,2025-11-03,4101,63.0045,258381.45,-4851.72,EUR,MOCK_FEED
POS00300220251103,PORT003,INS0009,2025-11-03,1710,32.4959,55567.99,120.84,GBP,MOCK_FEED
POS00300320251103,PORT003,INS0010,2025-11-03,4318,69.622,300627.8,-6754.17,EUR,MOCK_FEED
POS00300420251103,PORT003,INS0011,2025-11-03,2377,21.8453,51926.28,87.45,GBP,MOCK_FEED
POS00300520251103,PORT003,INS0012,2025-11-03,2838,9.6987,27524.91,857.45,USD,MOCK_FEED
POS00300620251103,PORT003,INS0013,2025-11-03,763,32.4646,24770.49,528.29,INR,MOCK_FEED
POS00300720251103,PORT003,INS0014,2025-11-03,3409,11.2009,38183.87,1031.56,USD,MOCK_FEED
POS00300820251103,PORT003,INS0015,2025-11-03,3555,25.3071,89966.74,-1947.43,GBP,MOCK_FEED
POS00300920251103,PORT003,INS0016,2025-11-03,772,42.9088,33125.59,-605.39,USD,MOCK_FEED
POS00301020251103,PORT003,INS0017,2025-11-03,4386,120.1573,527009.92,6118.97,INR,MOCK_FEED
POS00300120251104,PORT003,INS0008,2025-11-04,115,62.0315,7133.62,-63.81,INR,MOCK_FEED
POS00300220251104,PORT003,INS0009,2025-11-04,1163,32.6771,38003.47,-1108.37,EUR,MOCK_FEED
POS00300320251104,PORT003,INS0010,2025-11-04,3025,69.7255,210919.64,-43.26,EUR,MOCK_FEED
POS00300420251104,PORT003,INS0011,2025-11-04,989,21.6949,21456.26,-151.98,INR,MOCK_FEED
POS00300520251104,PORT003,INS0012,2025-11-04,1797,9.7421,17506.55,-141.14,EUR,MOCK_FEED
POS00300620251104,PORT003,INS0013,2025-11-04,2480,32.3765,80293.72,302.27,GBP,MOCK_FEED
POS00300720251104,PORT003,INS0014,2025-11-04,2380,11.3118,26922.08,-361.45,INR,MOCK_FEED
POS00300820251104,PORT003,INS0015,2025-11-04,327,25.4594,8325.22,230.81,GBP,MOCK_FEED
POS00300920251104,PORT003,INS0016,2025-11-04,2606,43.1916,112557.31,1143.08,EUR,MOCK_FEED
POS00301020251104,PORT003,INS0017,2025-11-04,2851,122.0773,348042.38,-7875.1,GBP,MOCK_FEED
POS00300120251105,PORT003,INS0008,2025-11-05,1194,61.0771,72926.06,1700.83,EUR,MOCK_FEED
POS00300220251105,PORT003,INS0009,2025-11-05,456,32.4822,14811.88,-372.24,GBP,MOCK_FEED
POS00300320251105,PORT003,INS0010,2025-11-05,2792,67.8655,189480.48,5680.08,USD,MOCK_FEED
POS00300420251105,PORT003,INS0011,2025-11-05,1958,21.8818,42844.56,-76.67,GBP,MOCK_FEED
POS00300520251105,PORT003,INS0012,2025-11-05,3332,9.9191,33050.44,52.78,INR,MOCK_FEED
POS00300620251105,PORT003,INS0013,2025-11-05,2460,32.8391,80784.19,-923.38,EUR,MOCK_FEED
POS00300720251105,PORT003,INS0014,2025-11-05,1429,11.455,16369.19,-240.03,EUR,MOCK_FEED
POS00300820251105,PORT003,INS0015,2025-11-05,3614,25.5842,92461.3,1557.72,INR,MOCK_FEED
POS00300920251105,PORT003,INS0016,2025-11-05,2817,42.4919,119699.68,708.23,GBP,MOCK_FEED
POS00301020251105,PORT003,INS0017,2025-11-05,2185,122.4885,267637.37,8103.69,USD,MOCK_FEED
POS00300120251106,PORT003,INS0008,2025-11-06,1493,61.0495,91146.9,1498.78,EUR,MOCK_FEED
POS00300220251106,PORT003,INS0009,2025-11-06,2494,32.9448,82164.33,-428.1,EUR,MOCK_FEED
POS00300320251106,PORT003,INS0010,2025-11-06,1028,68.4717,70388.91,1185.72,USD,MOCK_FEED
POS00300420251106,PORT003,INS0011,2025-11-06,4865,21.9822,106943.4,-257.34,EUR,MOCK_FEED
POS00300520251106,PORT003,INS0012,2025-11-06,3294,9.9309,32712.38,-183.19,GBP,MOCK_FEED
POS00300620251106,PORT003,INS0013,2025-11-06,4046,32.7342,132442.57,1076.95,USD,MOCK_FEED
POS00300720251106,PORT003,INS0014,2025-11-06,1475,11.1382,16428.84,92.69,EUR,MOCK_FEED
POS00300820251106,PORT003,INS0015,2025-11-06,785,25.5658,20069.15,185.43,GBP,MOCK_FEED
POS00300920251106,PORT003,INS0016,2025-11-06,4884,42.8764,209408.34,7275.82,GBP,MOCK_FEED
POS00301020251106,PORT003,INS0017,2025-11-06,3181,124.3092,395427.57,-6085.42,USD,MOCK_FEED
POS00300120251107,PORT003,INS0008,2025-11-07,525,61.0542,32053.46,1146.23,GBP,MOCK_FEED
POS00300220251107,PORT003,INS0009,2025-11-07,2625,33.9281,89061.26,636.21,USD,MOCK_FEED
POS00300320251107,PORT003,INS0010,2025-11-07,4683,67.5517,316344.61,4519.19,USD,MOCK_FEED
POS00300420251107,PORT003,INS0011,2025-11-07,417,21.8865,9126.67,177.96,INR,MOCK_FEED
POS00300520251107,PORT003,INS0012,2025-11-07,2312,10.0268,23181.96,-415.74,USD,MOCK_FEED
POS00300620251107,PORT003,INS0013,2025-11-07,4613,32.6636,150677.19,4.32,INR,MOCK_FEED
POS00300720251107,PORT003,INS0014,2025-11-07,2180,11.0469,24082.24,97.98,USD,MOCK_FEED
POS00300820251107,PORT003,INS0015,2025-11-07,2999,25.3784,76109.82,993.76,INR,MOCK_FEED
POS00300920251107,PORT003,INS0016,2025-11-07,3826,43.0317,164639.28,-4038.59,USD,MOCK_FEED
POS00301020251107,PORT003,INS0017,2025-11-07,3207,123.0976,394774.0,14855.51,USD,MOCK_FEED
POS00300120251108,PORT003,INS0008,2025-11-08,4207,61.2276,257584.51,-988.97,EUR,MOCK_FEED
POS00300220251108,PORT003,INS0009,2025-11-08,3928,34.1083,133977.4,3449.89,USD,MOCK_FEED
POS00300320251108,PORT003,INS0010,2025-11-08,4243,68.6306,291199.64,-978.62,INR,MOCK_FEED
POS00300420251108,PORT003,INS0011,2025-11-08,360,22.2643,8015.15,-67.14,EUR,MOCK_FEED
POS00300520251108,PORT003,INS0012,2025-11-08,472,10.0842,4759.74,151.56,GBP,MOCK_FEED
POS00300620251108,PORT003,INS0013,2025-11-08,1952,32.8268,64077.91,88.66,GBP,MOCK_FEED
POS00300720251108,PORT003,INS0014,2025-11-08,3198,10.9988,35174.16,1164.39,USD,MOCK_FEED
POS00300820251108,PORT003,INS0015,2025-11-08,4670,25.6218,119653.81,1648.25,USD,MOCK_FEED
POS00300920251108,PORT003,INS0016,2025-11-08,3828,42.7347,163588.43,5596.44,INR,MOCK_FEED
POS00301020251108,PORT003,INS0017,2025-11-08,2407,122.8078,295598.37,-51.76,EUR,MOCK_FEED
POS00300120251109,PORT003,INS0008,2025-11-09,1834,61.899,113522.77,1652.4,GBP,MOCK_FEED
POS00300220251109,PORT003,INS0009,2025-11-09,1993,33.6897,67143.57,-1030.79,INR,MOCK_FEED
POS00300320251109,PORT003,INS0010,2025-11-09,827,68.9716,57039.51,1614.6,INR,MOCK_FEED
POS00300420251109,PORT003,INS0011,2025-11-09,3951,22.235,87850.49,-1871.4,USD,MOCK_FEED
POS00300520251109,PORT003,INS0012,2025-11-09,2055,10.2333,21029.43,416.48,GBP,MOCK_FEED
POS00300620251109,PORT003,INS0013,2025-11-09,640,32.3433,20699.71,-336.49,EUR,MOCK_FEED
POS00300720251109,PORT003,INS0014,2025-11-09,857,10.9971,9424.51,297.61,GBP,MOCK_FEED
POS00300820251109,PORT003,INS0015,2025-11-09,2878,25.6345,73776.09,795.71,EUR,MOCK_FEED
POS00300920251109,PORT003,INS0016,2025-11-09,4828,42.95,207362.6,545.16,GBP,MOCK_FEED
POS00301020251109,PORT003,INS0017,2025-11-09,3573,121.1265,432784.98,-10158.0,USD,MOCK_FEED
POS00300120251110,PORT003,INS0008,2025-11-10,419,61.135,25615.56,998.04,USD,MOCK_FEED
POS00300220251110,PORT003,INS0009,2025-11-10,2802,33.2681,93217.22,-1993.7,EUR,MOCK_FEED
POS00300320251110,PORT003,INS0010,2025-11-10,1483,68.5753,101697.17,1921.42,GBP,MOCK_FEED
POS00300420251110,PORT003,INS0011,2025-11-10,2343,22.2398,52107.85,601.43,INR,MOCK_FEED
POS00300520251110,PORT003,INS0012,2025-11-10,1512,10.3072,15584.49,446.59,USD,MOCK_FEED
POS00300620251110,PORT003,INS0013,2025-11-10,2092,32.2045,67371.81,2413.05,EUR,MOCK_FEED
POS00300720251110,PORT003,INS0014,2025-11-10,2805,11.0142,30894.83,157.02,GBP,MOCK_FEED
POS00300820251110,PORT003,INS0015,2025-11-10,2881,25.9425,74740.34,824.98,INR,MOCK_FEED
POS00300920251110,PORT003,INS0016,2025-11-10,1393,43.1428,60097.92,-609.78,INR,MOCK_FEED
POS00301020251110,PORT003,INS0017,2025-11-10,534,120.2025,64188.14,500.01,INR,MOCK_FEED
POS00300120251111,PORT003,INS0008,2025-11-11,3144,62.2863,195828.13,6242.26,USD,MOCK_FEED
POS00300220251111,PORT003,INS0009,2025-11-11,251,33.25,8345.75,313.52,USD,MOCK_FEED
POS00300320251111,PORT003,INS0010,2025-11-11,4034,69.0688,278623.54,-2655.75,INR,MOCK_FEED
POS00300420251111,PORT003,INS0011,2025-11-11,4736,22.3132,105675.32,1915.15,INR,MOCK_FEED
POS00300520251111,PORT003,INS0012,2025-11-11,2950,10.3876,30643.42,669.35,GBP,MOCK_FEED
POS00300620251111,PORT003,INS0013,2025-11-11,1488,32.6601,48598.23,-1254.46,EUR,MOCK_FEED
POS00300720251111,PORT003,INS0014,2025-11-11,2451,11.0328,27041.39,-618.75,GBP,MOCK_FEED
POS00300820251111,PORT003,INS0015,2025-11-11,1553,25.7626,40009.32,1100.27,INR,MOCK_FEED
POS00300920251111,PORT003,INS0016,2025-11-11,488,43.1517,21058.03,-348.39,EUR,MOCK_FEED
POS00301020251111,PORT003,INS0017,2025-11-11,4647,120.6123,560485.36,-16225.83,INR,MOCK_FEED
POS00300120251112,PORT003,INS0008,2025-11-12,1305,62.8636,82037.0,-1041.53,USD,MOCK_FEED
POS00300220251112,PORT003,INS0009,2025-11-12,365,32.8876,12003.97,-97.72,EUR,MOCK_FEED
POS00300320251112,PORT003,INS0010,2025-11-12,754,69.7972,52627.09,-590.41,GBP,MOCK_FEED
POS00300420251112,PORT003,INS0011,2025-11-12,4969,22.509,111847.22,3732.15,USD,MOCK_FEED
POS00300520251112,PORT003,INS0012,2025-11-12,3854,10.074,38825.2,52.02,GBP,MOCK_FEED
POS00300620251112,PORT003,INS0013,2025-11-12,3263,32.6694,106600.25,-3100.36,INR,MOCK_FEED
POS00300720251112,PORT003,INS0014,2025-11-12,1588,11.0074,17479.75,600.89,GBP,MOCK_FEED
POS00300820251112,PORT003,INS0015,2025-11-12,1799,25.6757,46190.58,-685.87,INR,MOCK_FEED
POS00300920251112,PORT003,INS0016,2025-11-12,1623,42.9809,69758.0,1314.97,GBP,MOCK_FEED
POS00301020251112,PORT003,INS0017,2025-11-12,4935,118.4549,584574.93,17598.61,INR,MOCK_FEED
POS00300120251113,PORT003,INS0008,2025-11-13,3337,63.0834,210509.31,5390.79,INR,MOCK_FEED
POS00300220251113,PORT003,INS0009,2025-11-13,1822,32.553,59311.57,-658.31,EUR,MOCK_FEED
POS00300320251113,PORT003,INS0010,2025-11-13,2107,69.3903,146205.36,-761.85,USD,MOCK_FEED
POS00300420251113,PORT003,INS0011,2025-11-13,4465,22.5925,100875.51,-1575.29,INR,MOCK_FEED
POS00300520251113,PORT003,INS0012,2025-11-13,1614,10.303,16629.04,330.29,EUR,MOCK_FEED
POS00300620251113,PORT003,INS0013,2025-11-13,403,32.4149,13063.2,477.28,INR,MOCK_FEED
POS00300720251113,PORT003,INS0014,2025-11-13,1380,11.0703,15277.01,-402.44,INR,MOCK_FEED
POS00300820251113,PORT003,INS0015,2025-11-13,1359,25.5705,34750.31,-496.86,GBP,MOCK_FEED
POS00300920251113,PORT003,INS0016,2025-11-13,3941,43.3375,170793.09,-4563.0,INR,MOCK_FEED
POS00301020251113,PORT003,INS0017,2025-11-13,1967,118.8154,233709.89,3331.35,EUR,MOCK_FEED
POS00300120251114,PORT003,INS0008,2025-11-14,1873,62.3066,116700.26,-1146.41,EUR,MOCK_FEED
POS00300220251114,PORT003,INS0009,2025-11-14,298,32.5292,9693.7,-77.67,INR,MOCK_FEED
POS00300320251114,PORT003,INS0010,2025-11-14,2690,69.8964,188021.32,1794.38,EUR,MOCK_FEED
POS00300420251114,PORT003,INS0011,2025-11-14,2333,22.6508,52844.32,1115.91,GBP,MOCK_FEED
POS00300520251114,PORT003,INS0012,2025-11-14,809,10.2284,8274.78,-129.07,USD,MOCK_FEED
POS00300620251114,PORT003,INS0013,2025-11-14,3004,32.1051,96443.72,3721.26,USD,MOCK_FEED
POS00300720251114,PORT003,INS0014,2025-11-14,1247,11.0261,13749.55,310.36,GBP,MOCK_FEED
POS00300820251114,PORT003,INS0015,2025-11-14,1331,24.9748,33241.46,827.41,EUR,MOCK_FEED
POS00300920251114,PORT003,INS0016,2025-11-14,1631,44.5517,72663.82,-726.57,INR,MOCK_FEED
POS00301020251114,PORT003,INS0017,2025-11-14,269,118.7166,31934.77,-651.37,EUR,MOCK_FEED
POS00300120251115,PORT003,INS0008,2025-11-15,1434,61.484,88168.06,-827.58,INR,MOCK_FEED
POS00300220251115,PORT003,INS0009,2025-11-15,784,32.4352,25429.2,-244.7,GBP,MOCK_FEED
POS00300320251115,PORT003,INS0010,2025-11-15,622,70.17,43645.74,1469.46,EUR,MOCK_FEED
POS00300420251115,PORT003,INS0011,2025-11-15,1704,22.5622,38445.99,1413.61,EUR,MOCK_FEED
POS00300520251115,PORT003,INS0012,2025-11-15,2364,10.1594,24016.82,138.64,INR,MOCK_FEED
POS00300620251115,PORT003,INS0013,2025-11-15,942,32.9321,31022.04,504.81,GBP,MOCK_FEED
POS00300720251115,PORT003,INS0014,2025-11-15,1296,10.6907,13855.15,265.5,EUR,MOCK_FEED
POS00300820251115,PORT003,INS0015,2025-11-15,3671,24.7751,90949.39,639.03,GBP,MOCK_FEED
POS00300920251115,PORT003,INS0016,2025-11-15,3044,45.1301,137376.02,1960.64,EUR,MOCK_FEED
POS00301020251115,PORT003,INS0017,2025-11-15,4935,119.6788,590614.88,-12818.11,GBP,MOCK_FEED
POS00300120251116,PORT003,INS0008,2025-11-16,2286,62.1385,142048.61,-1667.2,INR,MOCK_FEED
POS00300220251116,PORT003,INS0009,2025-11-16,1232,32.0556,39492.5,737.78,INR,MOCK_FEED
POS00300320251116,PORT003,INS0010,2025-11-16,3776,70.2333,265200.94,-3017.93,EUR,MOCK_FEED
POS00300420251116,PORT003,INS0011,2025-11-16,3586,22.6865,81353.79,-269.7,EUR,MOCK_FEED
POS00300520251116,PORT003,INS0012,2025-11-16,1145,10.0261,11479.88,319.18,GBP,MOCK_FEED
POS00300620251116,PORT003,INS0013,2025-11-16,1088,32.7022,35579.99,-777.86,EUR,MOCK_FEED
POS00300720251116,PORT003,INS0014,2025-11-16,1136,10.8355,12309.13,-38.58,GBP,MOCK_FEED
POS00300820251116,PORT003,INS0015,2025-11-16,1700,24.8364,42221.88,671.67,GBP,MOCK_FEED
POS00300920251116,PORT003,INS0016,2025-11-16,4201,44.9419,188800.92,6608.22,EUR,MOCK_FEED
POS00301020251116,PORT003,INS0017,2025-11-16,3251,119.4335,388278.31,-6020.13,INR,MOCK_FEED
POS00300120251117,PORT003,INS0008,2025-11-17,543,63.1157,34271.83,372.84,USD,MOCK_FEED
POS00300220251117,PORT003,INS0009,2025-11-17,3235,31.9138,103241.14,932.12,GBP,MOCK_FEED
POS00300320251117,PORT003,INS0010,2025-11-17,280,70.7191,19801.35,545.25,INR,MOCK_FEED
POS00300420251117,PORT003,INS0011,2025-11-17,3398,22.6909,77103.68,391.3,GBP,MOCK_FEED
POS00300520251117,PORT003,INS0012,2025-11-17,3190,9.9298,31676.06,504.02,GBP,MOCK_FEED
POS00300620251117,PORT003,INS0013,2025-11-17,2550,32.3103,82391.26,2766.65,USD,MOCK_FEED
POS00300720251117,PORT003,INS0014,2025-11-17,3429,10.7681,36923.81,-1039.55,GBP,MOCK_FEED
POS00300820251117,PORT003,INS0015,2025-11-17,2854,24.9095,71091.71,-1308.18,INR,MOCK_FEED
POS00300920251117,PORT003,INS0016,2025-11-17,1066,44.5869,47529.64,-880.02,GBP,MOCK_FEED
POS00301020251117,PORT003,INS0017,2025-11-17,1591,119.6547,190370.63,2411.52,INR,MOCK_FEED
POS00300120251118,PORT003,INS0008,2025-11-18,4944,62.8106,310535.61,-4544.6,GBP,MOCK_FEED
POS00300220251118,PORT003,INS0009,2025-11-18,3847,32.3226,124345.04,4371.58,GBP,MOCK_FEED
POS00300320251118,PORT003,INS0010,2025-11-18,3295,71.1348,234389.17,2235.27,GBP,MOCK_FEED
POS00300420251118,PORT003,INS0011,2025-11-18,326,22.2474,7252.65,243.56,EUR,MOCK_FEED
POS00300520251118,PORT003,INS0012,2025-11-18,4905,9.9143,48629.64,85.61,USD,MOCK_FEED
POS00300620251118,PORT003,INS0013,2025-11-18,1666,33.3313,55529.95,1756.38,INR,MOCK_FEED
POS00300720251118,PORT003,INS0014,2025-11-18,287,10.8543,3115.18,119.03,EUR,MOCK_FEED
POS00300820251118,PORT003,INS0015,2025-11-18,2756,24.9529,68770.19,2502.04,INR,MOCK_FEED
POS00300920251118,PORT003,INS0016,2025-11-18,3922,44.6101,174960.81,-1834.29,GBP,MOCK_FEED
POS00301020251118,PORT003,INS0017,2025-11-18,1955,123.1439,240746.32,7924.0,USD,MOCK_FEED
POS00300120251119,PORT003,INS0008,2025-11-19,2472,62.8866,155455.68,-331.73,USD,MOCK_FEED
POS00300220251119,PORT003,INS0009,2025-11-19,3950,32.5487,128567.36,-2544.18,EUR,MOCK_FEED
POS00300320251119,PORT003,INS0010,2025-11-19,148,71.5898,10595.29,134.74,USD,MOCK_FEED
POS00300420251119,PORT003,INS0011,2025-11-19,2175,22.2497,48393.1,772.23,USD,MOCK_FEED
POS00300520251119,PORT003,INS0012,2025-11-19,1349,9.9343,13401.37,43.33,INR,MOCK_FEED
POS00300620251119,PORT003,INS0013,2025-11-19,4806,34.0172,163486.66,-4392.4,EUR,MOCK_FEED
POS00300720251119,PORT003,INS0014,2025-11-19,488,10.5583,5152.45,-86.69,INR,MOCK_FEED
POS00300820251119,PORT003,INS0015,2025-11-19,4827,24.5489,118497.54,-1354.01,GBP,MOCK_FEED
POS00300920251119,PORT003,INS0016,2025-11-19,2899,44.9066,130184.23,472.08,USD,MOCK_FEED
POS00301020251119,PORT003,INS0017,2025-11-19,2373,123.3448,292697.21,-6798.08,GBP,MOCK_FEED
POS00300120251120,PORT003,INS0008,2025-11-20,735,63.3918,46592.97,0.96,INR,MOCK_FEED
POS00300220251120,PORT003,INS0009,2025-11-20,508,32.1779,16346.37,-52.25,EUR,MOCK_FEED
POS00300320251120,PORT003,INS0010,2025-11-20,1469,71.107,104456.18,-2324.52,INR,MOCK_FEED
POS00300420251120,PORT003,INS0011,2025-11-20,3900,22.1717,86469.63,774.37,EUR,MOCK_FEED
POS00300520251120,PORT003,INS0012,2025-11-20,4255,9.7574,41517.74,-820.62,INR,MOCK_FEED
POS00300620251120,PORT003,INS0013,2025-11-20,4897,33.6434,164751.73,-783.52,EUR,MOCK_FEED
POS00300720251120,PORT003,INS0014,2025-11-20,3307,10.631,35156.72,292.53,GBP,MOCK_FEED
POS00300820251120,PORT003,INS0015,2025-11-20,1949,24.9099,48549.4,370.17,INR,MOCK_FEED
POS00300920251120,PORT003,INS0016,2025-11-20,2930,44.0457,129053.9,-2780.77,EUR,MOCK_FEED
POS00301020251120,PORT003,INS0017,2025-11-20,1295,122.3547,158449.34,1481.09,INR,MOCK_FEED
POS00300120251121,PORT003,INS0008,2025-11-21,2349,63.222,148508.48,-395.71,GBP,MOCK_FEED
POS00300220251121,PORT003,INS0009,2025-11-21,715,32.7465,23413.75,-502.33,USD,MOCK_FEED
POS00300320251121,PORT003,INS0010,2025-11-21,2855,71.1861,203236.32,5908.35,EUR,MOCK_FEED
POS00300420251121,PORT003,INS0011,2025-11-21,1463,22.242,32540.05,-395.21,INR,MOCK_FEED
POS00300520251121,PORT003,INS0012,2025-11-21,893,9.883,8825.52,296.44,GBP,MOCK_FEED
POS00300620251121,PORT003,INS0013,2025-11-21,4513,33.3805,150646.2,3136.0,GBP,MOCK_FEED
POS00300720251121,PORT003,INS0014,2025-11-21,3777,10.5613,39890.03,-681.02,INR,MOCK_FEED
POS00300820251121,PORT003,INS0015,2025-11-21,2136,25.5131,54495.98,-1402.99,USD,MOCK_FEED
POS00300920251121,PORT003,INS0016,2025-11-21,2588,44.8102,115968.8,182.23,GBP,MOCK_FEED
POS00301020251121,PORT003,INS0017,2025-11-21,1452,122.7163,178184.07,-1177.8,USD,MOCK_FEED
POS00300120251122,PORT003,INS0008,2025-11-22,4224,63.6684,268935.32,3141.42,EUR,MOCK_FEED
POS00300220251122,PORT003,INS0009,2025-11-22,1852,32.3746,59957.76,1724.53,USD,MOCK_FEED
POS00300320251122,PORT003,INS0010,2025-11-22,2766,71.1651,196842.67,1501.0,EUR,MOCK_FEED
POS00300420251122,PORT003,INS0011,2025-11-22,4016,21.6772,87055.64,2614.83,EUR,MOCK_FEED
POS00300520251122,PORT003,INS0012,2025-11-22,3002,10.0148,30064.43,604.86,INR,MOCK_FEED
POS00300620251122,PORT003,INS0013,2025-11-22,2075,33.9867,70522.4,-400.22,EUR,MOCK_FEED
POS00300720251122,PORT003,INS0014,2025-11-22,451,10.4463,4711.28,-28.38,USD,MOCK_FEED
POS00300820251122,PORT003,INS0015,2025-11-22,3817,26.0266,99343.53,-2816.43,GBP,MOCK_FEED
POS00300920251122,PORT003,INS0016,2025-11-22,1475,45.065,66470.88,-41.87,EUR,MOCK_FEED
POS00301020251122,PORT003,INS0017,2025-11-22,3535,125.4203,443360.76,-10465.75,USD,MOCK_FEED
POS00300120251123,PORT003,INS0008,2025-11-23,220,64.005,14081.1,413.02,INR,MOCK_FEED
POS00300220251123,PORT003,INS0009,2025-11-23,2552,32.2008,82176.44,2531.1,INR,MOCK_FEED
POS00300320251123,PORT003,INS0010,2025-11-23,328,70.9058,23257.1,-549.3,INR,MOCK_FEED
POS00300420251123,PORT003,INS0011,2025-11-23,4388,21.8727,95977.41,-646.04,INR,MOCK_FEED
POS00300520251123,PORT003,INS0012,2025-11-23,4144,10.1835,42200.42,-1198.51,GBP,MOCK_FEED
POS00300620251123,PORT003,INS0013,2025-11-23,1396,33.6448,46968.14,-388.98,GBP,MOCK_FEED
POS00300720251123,PORT003,INS0014,2025-11-23,1483,10.5431,15635.42,-202.3,INR,MOCK_FEED
POS00300820251123,PORT003,INS0015,2025-11-23,4859,26.3397,127984.6,-3677.12,INR,MOCK_FEED
POS00300920251123,PORT003,INS0016,2025-11-23,3323,44.8983,149197.05,-2914.32,GBP,MOCK_FEED
POS00301020251123,PORT003,INS0017,2025-11-23,2652,127.0392,336907.96,-2203.92,GBP,MOCK_FEED
POS00300120251124,PORT003,INS0008,2025-11-24,1639,64.0653,105003.03,3052.8,INR,MOCK_FEED
POS00300220251124,PORT003,INS0009,2025-11-24,3087,32.0101,98815.18,13.15,INR,MOCK_FEED
POS00300320251124,PORT003,INS0010,2025-11-24,4444,70.8577,314891.62,-5000.38,USD,MOCK_FEED
POS00300420251124,PORT003,INS0011,2025-11-24,793,21.7775,17269.56,502.17,USD,MOCK_FEED
POS00300520251124,PORT003,INS0012,2025-11-24,3671,10.2556,37648.31,-967.95,INR,MOCK_FEED
POS00300620251124,PORT003,INS0013,2025-11-24,3940,34.0315,134084.11,-364.4,GBP,MOCK_FEED
POS00300720251124,PORT003,INS0014,2025-11-24,377,10.4905,3954.92,124.56,INR,MOCK_FEED
POS00300820251124,PORT003,INS0015,2025-11-24,1540,25.9973,40035.84,1205.86,GBP,MOCK_FEED
POS00300920251124,PORT003,INS0016,2025-11-24,1288,44.2204,56955.88,-553.91,EUR,MOCK_FEED
POS00301020251124,PORT003,INS0017,2025-11-24,1615,125.1385,202098.68,-6061.19,INR,MOCK_FEED
POS00300120251125,PORT003,INS0008,2025-11-25,2157,63.681,137359.92,-1082.86,EUR,MOCK_FEED
POS00300220251125,PORT003,INS0009,2025-11-25,4551,32.2709,146864.87,-2127.21,USD,MOCK_FEED
POS00300320251125,PORT003,INS0010,2025-11-25,1318,69.836,92043.85,-201.92,GBP,MOCK_FEED
POS00300420251125,PORT003,INS0011,2025-11-25,1494,21.601,32271.89,799.08,INR,MOCK_FEED
POS00300520251125,PORT003,INS0012,2025-11-25,3372,10.1277,34150.6,1346.54,EUR,MOCK_FEED
POS00300620251125,PORT003,INS0013,2025-11-25,3744,34.0796,127594.02,-2528.08,USD,MOCK_FEED
POS00300720251125,PORT003,INS0014,2025-11-25,1577,10.823,17067.87,-459.1,INR,MOCK_FEED
POS00300820251125,PORT003,INS0015,2025-11-25,2505,26.2877,65850.69,-1435.98,GBP,MOCK_FEED
POS00300920251125,PORT003,INS0016,2025-11-25,3363,45.4093,152711.48,-885.51,EUR,MOCK_FEED
POS00301020251125,PORT003,INS0017,2025-11-25,4895,122.1371,597861.1,-17741.74,EUR,MOCK_FEED
POS00300120251126,PORT003,INS0008,2025-11-26,1373,63.5944,87315.11,2089.58,GBP,MOCK_FEED
POS00300220251126,PORT003,INS0009,2025-11-26,3500,31.8104,111336.4,-2938.82,GBP,MOCK_FEED
POS00300320251126,PORT003,INS0010,2025-11-26,3594,69.9562,251422.58,8423.72,GBP,MOCK_FEED
POS00300420251126,PORT003,INS0011,2025-11-26,2400,21.3056,51133.44,1956.92,USD,MOCK_FEED
POS00300520251126,PORT003,INS0012,2025-11-26,1478,9.8707,14588.89,261.35,EUR,MOCK_FEED
POS00300620251126,PORT003,INS0013,2025-11-26,1158,34.0023,39374.66,1034.86,USD,MOCK_FEED
POS00300720251126,PORT003,INS0014,2025-11-26,2166,10.8191,23434.17,-48.37,GBP,MOCK_FEED
POS00300820251126,PORT003,INS0015,2025-11-26,3535,26.537,93808.29,775.13,INR,MOCK_FEED
POS00300920251126,PORT003,INS0016,2025-11-26,4804,45.4351,218270.22,247.82,USD,MOCK_FEED
POS00301020251126,PORT003,INS0017,2025-11-26,4918,123.7081,608396.44,12265.98,USD,MOCK_FEED
POS00300120251127,PORT003,INS0008,2025-11-27,2272,63.0559,143263.0,1062.5,EUR,MOCK_FEED
POS00300220251127,PORT003,INS0009,2025-11-27,1196,32.2697,38594.56,1331.7,INR,MOCK_FEED
POS00300320251127,PORT003,INS0010,2025-11-27,3167,69.5255,220187.26,2771.69,EUR,MOCK_FEED
POS00300420251127,PORT003,INS0011,2025-11-27,2683,21.5323,57771.16,832.73,INR,MOCK_FEED
POS00300520251127,PORT003,INS0012,2025-11-27,1300,9.79,12727.0,354.94,INR,MOCK_FEED
POS00300620251127,PORT003,INS0013,2025-11-27,316,33.6009,10617.88,341.66,INR,MOCK_FEED
POS00300720251127,PORT003,INS0014,2025-11-27,3372,10.7916,36389.28,-667.27,USD,MOCK_FEED
POS00300820251127,PORT003,INS0015,2025-11-27,235,26.9833,6341.08,31.73,INR,MOCK_FEED
POS00300920251127,PORT003,INS0016,2025-11-27,1279,45.5436,58250.26,469.25,EUR,MOCK_FEED
POS00301020251127,PORT003,INS0017,2025-11-27,3862,126.0723,486891.22,-6632.94,GBP,MOCK_FEED
POS00300120251128,PORT003,INS0008,2025-11-28,3944,62.2681,245585.39,-3899.63,GBP,MOCK_FEED
POS00300220251128,PORT003,INS0009,2025-11-28,3050,32.1988,98206.34,-1589.9,GBP,MOCK_FEED
POS00300320251128,PORT003,INS0010,2025-11-28,3487,69.8521,243574.27,4244.61,USD,MOCK_FEED
POS00300420251128,PORT003,INS0011,2025-11-28,3999,21.5289,86094.07,3325.8,USD,MOCK_FEED
POS00300520251128,PORT003,INS0012,2025-11-28,1061,9.7065,10298.6,196.84,GBP,MOCK_FEED
POS00300620251128,PORT003,INS0013,2025-11-28,1286,34.2282,44017.47,402.41,GBP,MOCK_FEED
POS00300720251128,PORT003,INS0014,2025-11-28,1296,10.6331,13780.5,200.14,USD,MOCK_FEED
POS00300820251128,PORT003,INS0015,2025-11-28,4636,26.9344,124867.88,2285.21,INR,MOCK_FEED
POS00300920251128,PORT003,INS0016,2025-11-28,4651,45.4622,211444.69,-5052.3,USD,MOCK_FEED
POS00301020251128,PORT003,INS0017,2025-11-28,3827,128.2835,490940.95,18359.72,INR,MOCK_FEED
POS00300120251129,PORT003,INS0008,2025-11-29,603,61.9815,37374.84,-932.93,USD,MOCK_FEED
POS00300220251129,PORT003,INS0009,2025-11-29,4698,32.6374,153330.51,5868.06,EUR,MOCK_FEED
POS00300320251129,PORT003,INS0010,2025-11-29,2293,68.9971,158210.35,-215.0,USD,MOCK_FEED
POS00300420251129,PORT003,INS0011,2025-11-29,3868,21.493,83134.92,-1451.71,USD,MOCK_FEED
POS00300520251129,PORT003,INS0012,2025-11-29,3953,9.7034,38357.54,3.91,EUR,MOCK_FEED
POS00300620251129,PORT003,INS0013,2025-11-29,4385,33.8676,148509.43,3099.37,EUR,MOCK_FEED
POS00300720251129,PORT003,INS0014,2025-11-29,2139,10.6744,22832.54,-681.81,GBP,MOCK_FEED
POS00300820251129,PORT003,INS0015,2025-11-29,234,26.649,6235.87,32.54,GBP,MOCK_FEED
POS00300920251129,PORT003,INS0016,2025-11-29,4726,47.0441,222330.42,-3254.51,EUR,MOCK_FEED
POS00301020251129,PORT003,INS0017,2025-11-29,802,127.6097,102342.98,1954.97,INR,MOCK_FEED
POS00300120251130,PORT003,INS0008,2025-11-30,3705,61.8025,228978.26,465.26,INR,MOCK_FEED
POS00300220251130,PORT003,INS0009,2025-11-30,4349,32.6194,141861.77,-1883.83,INR,MOCK_FEED
POS00300320251130,PORT003,INS0010,2025-11-30,1533,70.2067,107626.87,2807.95,USD,MOCK_FEED
POS00300420251130,PORT003,INS0011,2025-11-30,2213,21.341,47227.63,1181.33,INR,MOCK_FEED
POS00300520251130,PORT003,INS0012,2025-11-30,1604,9.6634,15500.09,584.12,EUR,MOCK_FEED
POS00300620251130,PORT003,INS0013,2025-11-30,3434,33.9766,116675.64,2068.91,EUR,MOCK_FEED
POS00300720251130,PORT003,INS0014,2025-11-30,2480,10.7052,26548.9,538.01,GBP,MOCK_FEED
POS00300820251130,PORT003,INS0015,2025-11-30,379,25.9339,9828.95,51.26,USD,MOCK_FEED
POS00300920251130,PORT003,INS0016,2025-11-30,838,46.4266,38905.49,746.93,INR,MOCK_FEED
POS00301020251130,PORT003,INS0017,2025-11-30,2705,129.2395,349592.85,12599.77,GBP,MOCK_FEED
POS00300120251201,PORT003,INS0008,2025-12-01,4333,61.9112,268261.23,3004.74,INR,MOCK_FEED
POS00300220251201,PORT003,INS0009,2025-12-01,3960,32.326,128010.96,4072.05,EUR,MOCK_FEED
POS00300320251201,PORT003,INS0010,2025-12-01,2622,70.3728,184517.48,1387.65,USD,MOCK_FEED
POS00300420251201,PORT003,INS0011,2025-12-01,2338,21.5218,50317.97,1629.26,INR,MOCK_FEED
POS00300520251201,PORT003,INS0012,2025-12-01,4494,9.8661,44338.25,1532.53,USD,MOCK_FEED
POS00300620251201,PORT003,INS0013,2025-12-01,3258,33.1524,108010.52,-2685.16,GBP,MOCK_FEED
POS00300720251201,PORT003,INS0014,2025-12-01,1144,10.7339,12279.58,-309.47,EUR,MOCK_FEED
POS00300820251201,PORT003,INS0015,2025-12-01,3065,25.8603,79261.82,1850.87,GBP,MOCK_FEED
POS00300920251201,PORT003,INS0016,2025-12-01,1478,47.4712,70162.43,-1390.32,USD,MOCK_FEED
POS00301020251201,PORT003,INS0017,2025-12-01,622,129.118,80311.4,-1526.42,GBP,MOCK_FEED
POS00300120251202,PORT003,INS0008,2025-12-02,2180,62.3536,135930.85,3914.84,EUR,MOCK_FEED
POS00300220251202,PORT003,INS0009,2025-12-02,3746,32.1093,120281.44,4393.88,USD,MOCK_FEED
POS00300320251202,PORT003,INS0010,2025-12-02,724,71.4625,51738.85,-64.23,INR,MOCK_FEED
POS00300420251202,PORT003,INS0011,2025-12-02,1089,21.1768,23061.54,466.56,EUR,MOCK_FEED
POS00300520251202,PORT003,INS0012,2025-12-02,1201,9.8545,11835.25,206.85,EUR,MOCK_FEED
POS00300620251202,PORT003,INS0013,2025-12-02,430,32.647,14038.21,470.79,INR,MOCK_FEED
POS00300720251202,PORT003,INS0014,2025-12-02,484,10.8572,5254.88,47.78,INR,MOCK_FEED
POS00300820251202,PORT003,INS0015,2025-12-02,1181,25.6062,30240.92,-862.14,INR,MOCK_FEED
POS00300920251202,PORT003,INS0016,2025-12-02,2077,45.8902,95313.95,-116.28,EUR,MOCK_FEED
POS00301020251202,PORT003,INS0017,2025-12-02,4129,127.6486,527061.07,918.58,EUR,MOCK_FEED
POS00300120251203,PORT003,INS0008,2025-12-03,1683,62.433,105074.74,-2486.21,EUR,MOCK_FEED
POS00300220251203,PORT003,INS0009,2025-12-03,1206,31.9658,38550.75,169.4,EUR,MOCK_FEED
POS00300320251203,PORT003,INS0010,2025-12-03,1172,70.8333,83016.63,1070.01,USD,MOCK_FEED
POS00300420251203,PORT003,INS0011,2025-12-03,2696,21.1262,56956.24,443.75,USD,MOCK_FEED
POS00300520251203,PORT003,INS0012,2025-12-03,4698,9.9396,46696.24,-989.29,EUR,MOCK_FEED
POS00300620251203,PORT003,INS0013,2025-12-03,1696,32.6563,55385.08,1355.64,USD,MOCK_FEED
POS00300720251203,PORT003,INS0014,2025-12-03,4708,10.8212,50946.21,-325.23,USD,MOCK_FEED
POS00300820251203,PORT003,INS0015,2025-12-03,4297,25.6891,110386.06,4408.84,USD,MOCK_FEED
POS00300920251203,PORT003,INS0016,2025-12-03,331,45.3962,15026.14,-367.98,USD,MOCK_FEED
POS00301020251203,PORT003,INS0017,2025-12-03,1828,130.2555,238107.05,7777.87,USD,MOCK_FEED
POS00300120251204,PORT003,INS0008,2025-12-04,2827,61.2948,173280.4,349.17,GBP,MOCK_FEED
POS00300220251204,PORT003,INS0009,2025-12-04,149,31.0647,4628.64,-78.65,USD,MOCK_FEED
POS00300320251204,PORT003,INS0010,2025-12-04,461,70.6219,32556.7,-621.85,GBP,MOCK_FEED
POS00300420251204,PORT003,INS0011,2025-12-04,2838,21.0177,59648.23,-794.81,EUR,MOCK_FEED
POS00300520251204,PORT003,INS0012,2025-12-04,2409,9.9545,23980.39,-141.33,INR,MOCK_FEED
POS00300620251204,PORT003,INS0013,2025-12-04,3967,31.8604,126390.21,4421.44,USD,MOCK_FEED
POS00300720251204,PORT003,INS0014,2025-12-04,3346,10.983,36749.12,-983.88,EUR,MOCK_FEED
POS00300820251204,PORT003,INS0015,2025-12-04,3154,25.8171,81427.13,-1566.33,INR,MOCK_FEED
POS00300920251204,PORT003,INS0016,2025-12-04,1117,45.025,50292.92,-889.07,EUR,MOCK_FEED
POS00301020251204,PORT003,INS0017,2025-12-04,1754,133.5919,234320.19,-1882.87,INR,MOCK_FEED
POS00300120251205,PORT003,INS0008,2025-12-05,3560,60.5645,215609.62,2060.78,GBP,MOCK_FEED
POS00300220251205,PORT003,INS0009,2025-12-05,4898,31.1797,152718.17,-4563.89,INR,MOCK_FEED
POS00300320251205,PORT003,INS0010,2025-12-05,4669,70.4216,328798.45,131.72,USD,MOCK_FEED
POS00300420251205,PORT003,INS0011,2025-12-05,1335,20.6571,27577.23,-385.17,INR,MOCK_FEED
POS00300520251205,PORT003,INS0012,2025-12-05,1841,9.985,18382.38,-28.74,GBP,MOCK_FEED
POS00300620251205,PORT003,INS0013,2025-12-05,2764,32.2045,89013.24,1905.39,USD,MOCK_FEED
POS00300720251205,PORT003,INS0014,2025-12-05,1285,11.1147,14282.39,-183.33,USD,MOCK_FEED
POS00300820251205,PORT003,INS0015,2025-12-05,3434,26.3322,90424.77,-1534.99,USD,MOCK_FEED
POS00300920251205,PORT003,INS0016,2025-12-05,2885,45.6476,131693.33,800.95,GBP,MOCK_FEED
POS00301020251205,PORT003,INS0017,2025-12-05,3292,134.8105,443796.17,-4571.27,GBP,MOCK_FEED
POS00300120251206,PORT003,INS0008,2025-12-06,3096,60.9065,188566.52,7303.71,INR,MOCK_FEED
POS00300220251206,PORT003,INS0009,2025-12-06,3198,30.9582,99004.32,1591.71,USD,MOCK_FEED
POS00300320251206,PORT003,INS0010,2025-12-06,4756,70.8852,337130.01,-5745.56,USD,MOCK_FEED
POS00300420251206,PORT003,INS0011,2025-12-06,2313,20.5234,47470.62,410.05,INR,MOCK_FEED
POS00300520251206,PORT003,INS0012,2025-12-06,409,9.9341,4063.05,40.28,GBP,MOCK_FEED
POS00300620251206,PORT003,INS0013,2025-12-06,1524,31.5699,48112.53,1458.78,INR,MOCK_FEED
POS00300720251206,PORT003,INS0014,2025-12-06,972,11.291,10974.85,-48.21,USD,MOCK_FEED
POS00300820251206,PORT003,INS0015,2025-12-06,2258,26.2792,59338.43,1776.28,EUR,MOCK_FEED
POS00300920251206,PORT003,INS0016,2025-12-06,4880,46.5272,227052.74,5177.22,EUR,MOCK_FEED
POS00301020251206,PORT003,INS0017,2025-12-06,724,136.1355,98562.1,-1750.38,GBP,MOCK_FEED
POS00300120251207,PORT003,INS0008,2025-12-07,2918,61.409,179191.46,-131.09,INR,MOCK_FEED
POS00300220251207,PORT003,INS0009,2025-12-07,4658,31.1608,145147.01,-521.83,INR,MOCK_FEED
POS00300320251207,PORT003,INS0010,2025-12-07,3464,72.0511,249585.01,-4653.93,GBP,MOCK_FEED
POS00300420251207,PORT003,INS0011,2025-12-07,844,20.4605,17268.66,440.32,USD,MOCK_FEED
POS00300520251207,PORT003,INS0012,2025-12-07,787,9.8298,7736.05,73.18,USD,MOCK_FEED
POS00300620251207,PORT003,INS0013,2025-12-07,595,31.8224,18934.33,134.74,USD,MOCK_FEED
POS00300720251207,PORT003,INS0014,2025-12-07,1997,11.3576,22681.13,-172.93,GBP,MOCK_FEED
POS00300820251207,PORT003,INS0015,2025-12-07,3540,26.2477,92916.86,3468.7,USD,MOCK_FEED
POS00300920251207,PORT003,INS0016,2025-12-07,4527,47.501,215037.03,-1048.59,EUR,MOCK_FEED
POS00301020251207,PORT003,INS0017,2025-12-07,849,135.9936,115458.57,3993.87,USD,MOCK_FEED
POS00300120251208,PORT003,INS0008,2025-12-08,4070,62.3421,253732.35,7615.83,GBP,MOCK_FEED
POS00300220251208,PORT003,INS0009,2025-12-08,2076,31.2223,64817.49,1599.57,INR,MOCK_FEED
POS00300320251208,PORT003,INS0010,2025-12-08,150,72.0793,10811.9,16.4,GBP,MOCK_FEED
POS00300420251208,PORT003,INS0011,2025-12-08,460,20.6001,9476.05,-138.77,EUR,MOCK_FEED
POS00300520251208,PORT003,INS0012,2025-12-08,875,9.7073,8493.89,-87.03,EUR,MOCK_FEED
POS00300620251208,PORT003,INS0013,2025-12-08,2401,31.3558,75285.28,-54.64,USD,MOCK_FEED
POS00300720251208,PORT003,INS0014,2025-12-08,1256,11.4832,14422.9,407.42,EUR,MOCK_FEED
POS00300820251208,PORT003,INS0015,2025-12-08,4531,25.9071,117385.07,697.23,INR,MOCK_FEED
POS00300920251208,PORT003,INS0016,2025-12-08,2754,48.4325,133383.1,4315.29,INR,MOCK_FEED
POS00301020251208,PORT003,INS0017,2025-12-08,2450,137.6008,337121.96,-9541.08,EUR,MOCK_FEED
POS00300120251209,PORT003,INS0008,2025-12-09,3232,63.0687,203838.04,-1628.93,USD,MOCK_FEED
POS00300220251209,PORT003,INS0009,2025-12-09,3870,31.1519,120557.85,-3422.28,INR,MOCK_FEED
POS00300320251209,PORT003,INS0010,2025-12-09,2039,72.4887,147804.46,1862.82,INR,MOCK_FEED
POS00300420251209,PORT003,INS0011,2025-12-09,4725,20.4386,96572.39,-1356.89,GBP,MOCK_FEED
POS00300520251209,PORT003,INS0012,2025-12-09,129,9.7785,1261.43,39.42,INR,MOCK_FEED
POS00300620251209,PORT003,INS0013,2025-12-09,345,31.5467,10883.61,-22.67,EUR,MOCK_FEED
POS00300720251209,PORT003,INS0014,2025-12-09,2780,11.5686,32160.71,-453.91,EUR,MOCK_FEED
POS00300820251209,PORT003,INS0015,2025-12-09,561,25.966,14566.93,-223.92,INR,MOCK_FEED
POS00300920251209,PORT003,INS0016,2025-12-09,427,48.0394,20512.82,426.38,EUR,MOCK_FEED
POS00301020251209,PORT003,INS0017,2025-12-09,1468,134.9816,198152.99,-3640.06,GBP,MOCK_FEED
POS00300120251210,PORT003,INS0008,2025-12-10,104,63.2893,6582.09,118.05,INR,MOCK_FEED
POS00300220251210,PORT003,INS0009,2025-12-10,3865,30.8796,119349.65,2158.98,EUR,MOCK_FEED
POS00300320251210,PORT003,INS0010,2025-12-10,4577,72.5208,331927.7,1879.21,USD,MOCK_FEED
POS00300420251210,PORT003,INS0011,2025-12-10,4266,20.263,86441.96,-480.15,GBP,MOCK_FEED
POS00300520251210,PORT003,INS0012,2025-12-10,3877,9.8829,38316.0,-914.95,EUR,MOCK_FEED
POS00300620251210,PORT003,INS0013,2025-12-10,4235,31.4572,133221.24,2780.02,EUR,MOCK_FEED
POS00300720251210,PORT003,INS0014,2025-12-10,4199,11.5728,48594.19,1322.06,INR,MOCK_FEED
POS00300820251210,PORT003,INS0015,2025-12-10,4307,25.9241,111655.1,-959.53,INR,MOCK_FEED
POS00300920251210,PORT003,INS0016,2025-12-10,458,48.5039,22214.79,606.32,EUR,MOCK_FEED
POS00301020251210,PORT003,INS0017,2025-12-10,1574,136.2662,214483.0,-451.43,USD,MOCK_FEED
POS00300120251211,PORT003,INS0008,2025-12-11,3147,63.1876,198851.38,6241.85,EUR,MOCK_FEED
POS00300220251211,PORT003,INS0009,2025-12-11,1231,30.8314,37953.45,-1031.99,EUR,MOCK_FEED
POS00300320251211,PORT003,INS0010,2025-12-11,2687,72.2092,194026.12,6583.05,GBP,MOCK_FEED
POS00300420251211,PORT003,INS0011,2025-12-11,136,20.0931,2732.66,106.36,GBP,MOCK_FEED
POS00300520251211,PORT003,INS0012,2025-12-11,1066,9.7897,10435.82,-2.3,EUR,MOCK_FEED
POS00300620251211,PORT003,INS0013,2025-12-11,3730,32.1561,119942.25,-3113.85,GBP,MOCK_FEED
POS00300720251211,PORT003,INS0014,2025-12-11,289,11.5825,3347.34,-64.42,GBP,MOCK_FEED
POS00300820251211,PORT003,INS0015,2025-12-11,355,25.9538,9213.6,96.48,GBP,MOCK_FEED
POS00300920251211,PORT003,INS0016,2025-12-11,2915,48.6308,141758.78,-2364.49,USD,MOCK_FEED
POS00301020251211,PORT003,INS0017,2025-12-11,4832,134.0626,647790.48,20808.67,GBP,MOCK_FEED
POS00300120251212,PORT003,INS0008,2025-12-12,2792,63.0885,176143.09,-2080.31,USD,MOCK_FEED
POS00300220251212,PORT003,INS0009,2025-12-12,183,30.6023,5600.22,101.44,USD,MOCK_FEED
POS00300320251212,PORT003,INS0010,2025-12-12,1182,71.9739,85073.15,687.56,INR,MOCK_FEED
POS00300420251212,PORT003,INS0011,2025-12-12,2606,20.0963,52370.96,-1463.32,INR,MOCK_FEED
POS00300520251212,PORT003,INS0012,2025-12-12,4283,9.7165,41615.77,503.38,EUR,MOCK_FEED
POS00300620251212,PORT003,INS0013,2025-12-12,3576,31.861,113934.94,-735.81,USD,MOCK_FEED
POS00300720251212,PORT003,INS0014,2025-12-12,1611,11.851,19091.96,222.35,INR,MOCK_FEED
POS00300820251212,PORT003,INS0015,2025-12-12,562,26.3649,14817.07,50.4,EUR,MOCK_FEED
POS00300920251212,PORT003,INS0016,2025-12-12,3970,49.1794,195242.22,2198.6,USD,MOCK_FEED
POS00301020251212,PORT003,INS0017,2025-12-12,1527,135.5266,206949.12,-2727.96,EUR,MOCK_FEED
POS00300120251213,PORT003,INS0008,2025-12-13,2155,63.5285,136903.92,1170.92,EUR,MOCK_FEED
POS00300220251213,PORT003,INS0009,2025-12-13,4485,31.2838,140307.84,4572.58,USD,MOCK_FEED
POS00300320251213,PORT003,INS0010,2025-12-13,4001,71.4319,285799.03,11121.05,USD,MOCK_FEED
POS00300420251213,PORT003,INS0011,2025-12-13,2221,20.33,45152.93,203.56,EUR,MOCK_FEED
POS00300520251213,PORT003,INS0012,2025-12-13,1180,9.857,11631.26,-344.75,GBP,MOCK_FEED
POS00300620251213,PORT003,INS0013,2025-12-13,192,31.6332,6073.57,70.68,GBP,MOCK_FEED
POS00300720251213,PORT003,INS0014,2025-12-13,1465,11.8635,17380.03,219.02,GBP,MOCK_FEED
POS00300820251213,PORT003,INS0015,2025-12-13,2909,26.4809,77032.94,1962.1,INR,MOCK_FEED
POS00300920251213,PORT003,INS0016,2025-12-13,2231,50.2355,112075.4,4265.97,GBP,MOCK_FEED
POS00301020251213,PORT003,INS0017,2025-12-13,2454,135.1845,331742.76,-6182.11,INR,MOCK_FEED
POS00300120251214,PORT003,INS0008,2025-12-14,1749,64.7034,113166.25,-396.38,EUR,MOCK_FEED
POS00300220251214,PORT003,INS0009,2025-12-14,3542,31.1843,110454.79,4295.92,GBP,MOCK_FEED
POS00300320251214,PORT003,INS0010,2025-12-14,3578,69.532,248785.5,4698.32,USD,MOCK_FEED
POS00300420251214,PORT003,INS0011,2025-12-14,4025,20.1059,80926.25,-108.65,GBP,MOCK_FEED
POS00300520251214,PORT003,INS0012,2025-12-14,4510,9.7767,44092.92,-730.83,EUR,MOCK_FEED
POS00300620251214,PORT003,INS0013,2025-12-14,4121,31.2653,128844.3,2208.65,GBP,MOCK_FEED
POS00300720251214,PORT003,INS0014,2025-12-14,2941,12.0175,35343.47,819.7,GBP,MOCK_FEED
POS00300820251214,PORT003,INS0015,2025-12-14,3166,26.27,83170.82,763.95,USD,MOCK_FEED
POS00300920251214,PORT003,INS0016,2025-12-14,744,49.7593,37020.92,-465.5,INR,MOCK_FEED
POS00301020251214,PORT003,INS0017,2025-12-14,2727,135.1547,368566.87,-2212.91,USD,MOCK_FEED
POS00300120251215,PORT003,INS0008,2025-12-15,4595,65.7056,301917.23,-7262.09,GBP,MOCK_FEED
POS00300220251215,PORT003,INS0009,2025-12-15,2486,31.594,78542.68,-1530.02,GBP,MOCK_FEED
POS00300320251215,PORT003,INS0010,2025-12-15,3296,70.4859,232321.53,-3586.18,USD,MOCK_FEED
POS00300420251215,PORT003,INS0011,2025-12-15,4226,20.0672,84803.99,2714.78,INR,MOCK_FEED
POS00300520251215,PORT003,INS0012,2025-12-15,1577,9.8527,15537.71,205.74,GBP,MOCK_FEED
POS00300620251215,PORT003,INS0013,2025-12-15,511,31.2699,15978.92,-252.14,INR,MOCK_FEED
POS00300720251215,PORT003,INS0014,2025-12-15,786,11.9874,9422.1,143.39,EUR,MOCK_FEED
POS00300820251215,PORT003,INS0015,2025-12-15,4432,26.7759,118670.79,3471.81,USD,MOCK_FEED
POS00300920251215,PORT003,INS0016,2025-12-15,3423,50.1739,171745.26,6379.57,EUR,MOCK_FEED
POS00301020251215,PORT003,INS0017,2025-12-15,1857,131.5396,244269.04,-2240.45,USD,MOCK_FEED
POS00300120251216,PORT003,INS0008,2025-12-16,2776,66.0106,183245.43,-962.29,USD,MOCK_FEED
POS00300220251216,PORT003,INS0009,2025-12-16,3015,31.6355,95381.03,3135.61,GBP,MOCK_FEED
POS00300320251216,PORT003,INS0010,2025-12-16,2860,68.7011,196485.15,-4949.97,GBP,MOCK_FEED
POS00300420251216,PORT003,INS0011,2025-12-16,1081,19.904,21516.22,-500.38,USD,MOCK_FEED
POS00300520251216,PORT003,INS0012,2025-12-16,781,9.7534,7617.41,66.1,USD,MOCK_FEED
POS00300620251216,PORT003,INS0013,2025-12-16,3738,31.3495,117184.43,-180.9,GBP,MOCK_FEED
POS00300720251216,PORT003,INS0014,2025-12-16,3134,11.9979,37601.42,305.51,USD,MOCK_FEED
POS00300820251216,PORT003,INS0015,2025-12-16,1459,27.0765,39504.61,952.31,EUR,MOCK_FEED
POS00300920251216,PORT003,INS0016,2025-12-16,1000,49.8368,49836.8,-977.28,INR,MOCK_FEED
POS00301020251216,PORT003,INS0017,2025-12-16,773,128.9324,99664.75,-1221.74,USD,MOCK_FEED
POS00300120251217,PORT003,INS0008,2025-12-17,4487,67.0816,300995.14,-2082.64,EUR,MOCK_FEED
POS00300220251217,PORT003,INS0009,2025-12-17,3556,31.7679,112966.65,593.58,EUR,MOCK_FEED
POS00300320251217,PORT003,INS0010,2025-12-17,1726,68.1287,117590.14,480.08,GBP,MOCK_FEED
POS00300420251217,PORT003,INS0011,2025-12-17,2070,20.3612,42147.68,8.3,USD,MOCK_FEED
POS00300520251217,PORT003,INS0012,2025-12-17,984,9.88,9721.92,-284.53,EUR,MOCK_FEED
POS00300620251217,PORT003,INS0013,2025-12-17,2192,31.4544,68948.04,2256.18,USD,MOCK_FEED
POS00300720251217,PORT003,INS0014,2025-12-17,242,11.8846,2876.07,11.43,USD,MOCK_FEED
POS00300820251217,PORT003,INS0015,2025-12-17,890,27.0413,24066.76,-384.24,INR,MOCK_FEED
POS00300920251217,PORT003,INS0016,2025-12-17,1787,49.3324,88157.0,3437.12,EUR,MOCK_FEED
POS00301020251217,PORT003,INS0017,2025-12-17,3632,126.7927,460511.09,-5802.18,INR,MOCK_FEED
POS00300120251218,PORT003,INS0008,2025-12-18,993,67.5618,67088.87,2347.52,GBP,MOCK_FEED
POS00300220251218,PORT003,INS0009,2025-12-18,1221,31.3775,38311.93,570.09,USD,MOCK_FEED
POS00300320251218,PORT003,INS0010,2025-12-18,651,69.4478,45210.52,1480.39,USD,MOCK_FEED
POS00300420251218,PORT003,INS0011,2025-12-18,3352,20.3611,68250.41,-1359.32,GBP,MOCK_FEED
POS00300520251218,PORT003,INS0012,2025-12-18,3402,10.0492,34187.38,-384.29,EUR,MOCK_FEED
POS00300620251218,PORT003,INS0013,2025-12-18,2931,31.0621,91043.02,905.99,INR,MOCK_FEED
POS00300720251218,PORT003,INS0014,2025-12-18,4775,11.7243,55983.53,2074.59,USD,MOCK_FEED
POS00300820251218,PORT003,INS0015,2025-12-18,2672,27.3337,73035.65,1107.68,USD,MOCK_FEED
POS00300920251218,PORT003,INS0016,2025-12-18,4594,49.386,226879.28,8562.88,EUR,MOCK_FEED
POS00301020251218,PORT003,INS0017,2025-12-18,2042,127.2655,259876.15,-6291.22,GBP,MOCK_FEED
POS00300120251219,PORT003,INS0008,2025-12-19,2181,68.8522,150166.65,2105.86,INR,MOCK_FEED
POS00300220251219,PORT003,INS0009,2025-12-19,2312,31.2818,72323.52,963.67,INR,MOCK_FEED
POS00300320251219,PORT003,INS0010,2025-12-19,3318,70.0863,232546.34,3825.41,GBP,MOCK_FEED
POS00300420251219,PORT003,INS0011,2025-12-19,2577,20.7663,53514.76,2133.65,USD,MOCK_FEED
POS00300520251219,PORT003,INS0012,2025-12-19,2222,9.8728,21937.36,4.95,EUR,MOCK_FEED
POS00300620251219,PORT003,INS0013,2025-12-19,4359,31.3917,136836.42,-1831.24,INR,MOCK_FEED
POS00300720251219,PORT003,INS0014,2025-12-19,4396,11.6491,51209.44,1095.14,USD,MOCK_FEED
POS00300820251219,PORT003,INS0015,2025-12-19,2913,27.0585,78821.41,1084.49,USD,MOCK_FEED
POS00300920251219,PORT003,INS0016,2025-12-19,619,50.3877,31189.99,1007.98,INR,MOCK_FEED
POS00301020251219,PORT003,INS0017,2025-12-19,4823,126.5518,610359.33,10917.64,GBP,MOCK_FEED
POS00300120251220,PORT003,INS0008,2025-12-20,4703,69.7471,328020.61,5018.5,EUR,MOCK_FEED
POS00300220251220,PORT003,INS0009,2025-12-20,2446,31.2787,76507.7,1640.84,GBP,MOCK_FEED
POS00300320251220,PORT003,INS0010,2025-12-20,3517,71.1525,250243.34,-6935.18,INR,MOCK_FEED
POS00300420251220,PORT003,INS0011,2025-12-20,3766,20.7599,78181.78,-1769.19,USD,MOCK_FEED
POS00300520251220,PORT003,INS0012,2025-12-20,4562,9.6027,43807.52,1435.69,INR,MOCK_FEED
POS00300620251220,PORT003,INS0013,2025-12-20,2863,31.6913,90732.19,3392.85,GBP,MOCK_FEED
POS00300720251220,PORT003,INS0014,2025-12-20,2177,11.3574,24725.06,60.76,INR,MOCK_FEED
POS00300820251220,PORT003,INS0015,2025-12-20,2178,27.0188,58846.95,-542.27,USD,MOCK_FEED
POS00300920251220,PORT003,INS0016,2025-12-20,2784,50.2141,139796.05,4291.58,USD,MOCK_FEED
POS00301020251220,PORT003,INS0017,2025-12-20,3569,127.317,454394.37,-11998.24,EUR,MOCK_FEED
POS00300120251221,PORT003,INS0008,2025-12-21,4426,69.7699,308801.58,1292.69,EUR,MOCK_FEED
POS00300220251221,PORT003,INS0009,2025-12-21,672,31.679,21288.29,672.11,EUR,MOCK_FEED
POS00300320251221,PORT003,INS0010,2025-12-21,640,71.417,45706.88,-103.95,INR,MOCK_FEED
POS00300420251221,PORT003,INS0011,2025-12-21,3567,20.9778,74827.81,302.23,EUR,MOCK_FEED
POS00300520251221,PORT003,INS0012,2025-12-21,2989,9.7296,29081.77,1000.34,GBP,MOCK_FEED
POS00300620251221,PORT003,INS0013,2025-12-21,3644,31.5684,115035.25,-2971.11,INR,MOCK_FEED
POS00300720251221,PORT003,INS0014,2025-12-21,3200,11.5703,37024.96,502.42,USD,MOCK_FEED
POS00300820251221,PORT003,INS0015,2025-12-21,1745,27.0551,47211.15,840.1,EUR,MOCK_FEED
POS00300920251221,PORT003,INS0016,2025-12-21,2148,50.6476,108791.04,158.16,GBP,MOCK_FEED
POS00301020251221,PORT003,INS0017,2025-12-21,2700,125.0991,337767.57,-4552.57,USD,MOCK_FEED
POS00300120251222,PORT003,INS0008,2025-12-22,4555,68.7958,313364.87,8820.13,GBP,MOCK_FEED
POS00300220251222,PORT003,INS0009,2025-12-22,3621,31.5302,114170.85,185.18,INR,MOCK_FEED
POS00300320251222,PORT003,INS0010,2025-12-22,4554,70.5585,321323.41,1990.45,EUR,MOCK_FEED
POS00300420251222,PORT003,INS0011,2025-12-22,4785,21.2103,101491.29,-2998.01,INR,MOCK_FEED
POS00300520251222,PORT003,INS0012,2025-12-22,4250,9.6243,40903.28,1627.21,INR,MOCK_FEED
POS00300620251222,PORT003,INS0013,2025-12-22,834,31.5782,26336.22,-747.0,USD,MOCK_FEED
POS00300720251222,PORT003,INS0014,2025-12-22,3195,11.5363,36858.48,-535.95,USD,MOCK_FEED
POS00300820251222,PORT003,INS0015,2025-12-22,3219,26.7616,86145.59,-2010.07,USD,MOCK_FEED
POS00300920251222,PORT003,INS0016,2025-12-22,4570,51.4973,235342.66,1880.23,INR,MOCK_FEED
POS00301020251222,PORT003,INS0017,2025-12-22,973,127.2003,123765.89,-263.12,EUR,MOCK_FEED
POS00300120251223,PORT003,INS0008,2025-12-23,287,67.2047,19287.75,-569.79,INR,MOCK_FEED
POS00300220251223,PORT003,INS0009,2025-12-23,4089,31.2043,127594.38,-1119.42,EUR,MOCK_FEED
POS00300320251223,PORT003,INS0010,2025-12-23,2944,71.6264,210868.12,-5438.74,EUR,MOCK_FEED
POS00300420251223,PORT003,INS0011,2025-12-23,606,21.2226,12860.9,-337.91,EUR,MOCK_FEED
POS00300520251223,PORT003,INS0012,2025-12-23,2333,9.6889,22604.2,510.18,GBP,MOCK_FEED
POS00300620251223,PORT003,INS0013,2025-12-23,651,31.9774,20817.29,731.0,EUR,MOCK_FEED
POS00300720251223,PORT003,INS0014,2025-12-23,256,11.5766,2963.61,-33.01,USD,MOCK_FEED
POS00300820251223,PORT003,INS0015,2025-12-23,4716,27.1494,128036.57,4828.16,INR,MOCK_FEED
POS00300920251223,PORT003,INS0016,2025-12-23,3802,51.7824,196876.68,803.63,GBP,MOCK_FEED
POS00301020251223,PORT003,INS0017,2025-12-23,4226,127.2078,537580.16,9069.29,GBP,MOCK_FEED
POS00300120251224,PORT003,INS0008,2025-12-24,3745,66.8432,250327.78,8921.21,INR,MOCK_FEED
POS00300220251224,PORT003,INS0009,2025-12-24,4875,30.5733,149044.84,2014.23,INR,MOCK_FEED
POS00300320251224,PORT003,INS0010,2025-12-24,1861,71.3592,132799.47,245.52,GBP,MOCK_FEED
POS00300420251224,PORT003,INS0011,2025-12-24,4679,21.6994,101531.49,-1215.04,EUR,MOCK_FEED
POS00300520251224,PORT003,INS0012,2025-12-24,946,9.6548,9133.44,363.99,USD,MOCK_FEED
POS00300620251224,PORT003,INS0013,2025-12-24,3633,32.2368,117116.29,1826.02,USD,MOCK_FEED
POS00300720251224,PORT003,INS0014,2025-12-24,2220,11.5397,25618.13,-237.59,EUR,MOCK_FEED
POS00300820251224,PORT003,INS0015,2025-12-24,4419,27.4017,121088.11,-1160.19,USD,MOCK_FEED
POS00300920251224,PORT003,INS0016,2025-12-24,1741,51.3905,89470.86,-2260.87,EUR,MOCK_FEED
POS00301020251224,PORT003,INS0017,2025-12-24,132,127.9338,16887.26,-108.16,EUR,MOCK_FEED
POS00300120251225,PORT003,INS0008,2025-12-25,1291,67.5437,87198.92,-19.5,USD,MOCK_FEED
POS00300220251225,PORT003,INS0009,2025-12-25,1489,30.3655,45214.23,643.9,EUR,MOCK_FEED
POS00300320251225,PORT003,INS0010,2025-12-25,3737,71.1817,266006.01,2133.43,INR,MOCK_FEED
POS00300420251225,PORT003,INS0011,2025-12-25,3387,22.0705,74752.78,2653.76,GBP,MOCK_FEED
POS00300520251225,PORT003,INS0012,2025-12-25,1874,9.5218,17843.85,-334.25,EUR,MOCK_FEED
POS00300620251225,PORT003,INS0013,2025-12-25,4754,32.2447,153291.3,3493.06,EUR,MOCK_FEED
POS00300720251225,PORT003,INS0014,2025-12-25,951,11.5943,11026.18,147.5,INR,MOCK_FEED
POS00300820251225,PORT003,INS0015,2025-12-25,1290,27.2509,35153.66,-926.21,EUR,MOCK_FEED
POS00300920251225,PORT003,INS0016,2025-12-25,4695,51.6556,242523.04,3892.76,EUR,MOCK_FEED
POS00301020251225,PORT003,INS0017,2025-12-25,4391,127.0169,557731.21,14419.84,INR,MOCK_FEED
POS00300120251226,PORT003,INS0008,2025-12-26,3592,67.534,242582.13,2498.61,USD,MOCK_FEED
POS00300220251226,PORT003,INS0009,2025-12-26,2273,29.9703,68122.49,239.43,USD,MOCK_FEED
POS00300320251226,PORT003,INS0010,2025-12-26,2253,71.1786,160365.39,3034.91,GBP,MOCK_FEED
POS00300420251226,PORT003,INS0011,2025-12-26,2237,22.142,49531.65,-1082.82,GBP,MOCK_FEED
POS00300520251226,PORT003,INS0012,2025-12-26,1887,9.4479,17828.19,266.93,GBP,MOCK_FEED
POS00300620251226,PORT003,INS0013,2025-12-26,2608,31.7064,82690.29,804.64,USD,MOCK_FEED
POS00300720251226,PORT003,INS0014,2025-12-26,3050,11.7031,35694.45,684.13,USD,MOCK_FEED
POS00300820251226,PORT003,INS0015,2025-12-26,3638,27.3821,99616.08,-1219.87,USD,MOCK_FEED
POS00300920251226,PORT003,INS0016,2025-12-26,1130,52.229,59018.77,-1516.97,INR,MOCK_FEED
POS00301020251226,PORT003,INS0017,2025-12-26,4390,128.0834,562286.13,18003.37,EUR,MOCK_FEED
POS00300120251227,PORT003,INS0008,2025-12-27,4406,67.5943,297820.49,5381.1,GBP,MOCK_FEED
POS00300220251227,PORT003,INS0009,2025-12-27,401,29.3563,11771.88,-201.58,EUR,MOCK_FEED
POS00300320251227,PORT003,INS0010,2025-12-27,1760,71.9207,126580.43,-1843.69,GBP,MOCK_FEED
POS00300420251227,PORT003,INS0011,2025-12-27,2995,21.8531,65450.03,2564.05,USD,MOCK_FEED
POS00300520251227,PORT003,INS0012,2025-12-27,1096,9.5421,10458.14,186.31,GBP,MOCK_FEED
POS00300620251227,PORT003,INS0013,2025-12-27,2557,32.1739,82268.66,23.81,USD,MOCK_FEED
POS00300720251227,PORT003,INS0014,2025-12-27,1399,11.7133,16386.91,142.85,INR,MOCK_FEED
POS00300820251227,PORT003,INS0015,2025-12-27,2852,27.4667,78335.03,-565.19,USD,MOCK_FEED
POS00300920251227,PORT003,INS0016,2025-12-27,3965,51.7314,205115.0,-2172.21,INR,MOCK_FEED
POS00301020251227,PORT003,INS0017,2025-12-27,1605,129.5383,207908.97,3811.55,GBP,MOCK_FEED
POS00300120251228,PORT003,INS0008,2025-12-28,1353,67.2317,90964.49,-2540.25,EUR,MOCK_FEED
POS00300220251228,PORT003,INS0009,2025-12-28,3310,29.6048,97991.89,-1516.47,GBP,MOCK_FEED
POS00300320251228,PORT003,INS0010,2025-12-28,223,72.0577,16068.87,416.11,GBP,MOCK_FEED
POS00300420251228,PORT003,INS0011,2025-12-28,1916,22.187,42510.29,187.4,INR,MOCK_FEED
POS00300520251228,PORT003,INS0012,2025-12-28,2139,9.5073,20336.11,-510.14,GBP,MOCK_FEED
POS00300620251228,PORT003,INS0013,2025-12-28,1765,32.6717,57665.55,232.33,INR,MOCK_FEED
POS00300720251228,PORT003,INS0014,2025-12-28,4272,11.8166,50480.52,-860.41,INR,MOCK_FEED
POS00300820251228,PORT003,INS0015,2025-12-28,1365,27.1041,36997.1,-70.65,EUR,MOCK_FEED
POS00300920251228,PORT003,INS0016,2025-12-28,548,50.9832,27938.79,-308.58,USD,MOCK_FEED
POS00301020251228,PORT003,INS0017,2025-12-28,1154,130.241,150298.11,-1837.28,INR,MOCK_FEED
POS00300120251229,PORT003,INS0008,2025-12-29,3131,66.9958,209763.85,-1246.15,GBP,MOCK_FEED
POS00300220251229,PORT003,INS0009,2025-12-29,3176,29.0787,92353.95,-1683.69,USD,MOCK_FEED
POS00300320251229,PORT003,INS0010,2025-12-29,1180,72.1027,85081.19,333.72,USD,MOCK_FEED
POS00300420251229,PORT003,INS0011,2025-12-29,4978,22.1795,110409.55,-941.05,INR,MOCK_FEED
POS00300520251229,PORT003,INS0012,2025-12-29,4057,9.5022,38550.43,-993.45,USD,MOCK_FEED
POS00300620251229,PORT003,INS0013,2025-12-29,3317,32.7005,108467.56,2459.26,GBP,MOCK_FEED
POS00300720251229,PORT003,INS0014,2025-12-29,1119,11.8381,13246.83,299.56,INR,MOCK_FEED
POS00300820251229,PORT003,INS0015,2025-12-29,2405,27.4222,65950.39,2348.19,EUR,MOCK_FEED
POS00300920251229,PORT003,INS0016,2025-12-29,1417,51.0841,72386.17,482.93,USD,MOCK_FEED
POS00301020251229,PORT003,INS0017,2025-12-29,1688,131.4686,221919.0,6858.71,GBP,MOCK_FEED
POS00300120251230,PORT003,INS0008,2025-12-30,1735,66.926,116116.61,720.98,GBP,MOCK_FEED
POS00300220251230,PORT003,INS0009,2025-12-30,2947,29.325,86420.77,1845.77,USD,MOCK_FEED
POS00300320251230,PORT003,INS0010,2025-12-30,1045,72.478,75739.51,-1658.63,EUR,MOCK_FEED
POS00300420251230,PORT003,INS0011,2025-12-30,2816,21.9913,61927.5,-207.01,USD,MOCK_FEED
POS00300520251230,PORT003,INS0012,2025-12-30,4170,9.6788,40360.6,1292.13,INR,MOCK_FEED
POS00300620251230,PORT003,INS0013,2025-12-30,4612,32.9896,152148.04,-4523.27,INR,MOCK_FEED
POS00300720251230,PORT003,INS0014,2025-12-30,3268,11.821,38631.03,-659.98,GBP,MOCK_FEED
POS00300820251230,PORT003,INS0015,2025-12-30,2150,27.5756,59287.54,-1562.08,USD,MOCK_FEED
POS00300920251230,PORT003,INS0016,2025-12-30,1677,50.4954,84680.79,1320.27,GBP,MOCK_FEED
POS00301020251230,PORT003,INS0017,2025-12-30,2247,129.0759,290033.55,-4938.16,GBP,MOCK_FEED
POS00300120251231,PORT003,INS0008,2025-12-31,4426,66.9535,296336.19,-634.49,USD,MOCK_FEED
POS00300220251231,PORT003,INS0009,2025-12-31,4348,29.6588,128956.46,-3469.42,USD,MOCK_FEED
POS00300320251231,PORT003,INS0010,2025-12-31,4430,72.7442,322256.81,-6380.12,EUR,MOCK_FEED
POS00300420251231,PORT003,INS0011,2025-12-31,4952,22.4929,111384.84,2690.86,USD,MOCK_FEED
POS00300520251231,PORT003,INS0012,2025-12-31,893,9.7439,8701.3,-172.43,GBP,MOCK_FEED
POS00300620251231,PORT003,INS0013,2025-12-31,4821,32.6979,157636.58,1947.36,GBP,MOCK_FEED
POS00300720251231,PORT003,INS0014,2025-12-31,1338,11.7926,15778.5,293.21,USD,MOCK_FEED
POS00300820251231,PORT003,INS0015,2025-12-31,2360,27.3561,64560.4,-1886.91,USD,MOCK_FEED
POS00300920251231,PORT003,INS0016,2025-12-31,4566,50.1138,228819.61,8480.65,GBP,MOCK_FEED
POS00301020251231,PORT003,INS0017,2025-12-31,652,131.1966,85540.18,1337.2,USD,MOCK_FEED
POS00300120260101,PORT003,INS0008,2026-01-01,3381,65.4495,221284.76,8169.4,EUR,MOCK_FEED
POS00300220260101,PORT003,INS0009,2026-01-01,1941,30.099,58422.16,-1037.42,USD,MOCK_FEED
POS00300320260101,PORT003,INS0010,2026-01-01,3238,71.7574,232350.46,-5845.62,USD,MOCK_FEED
POS00300420260101,PORT003,INS0011,2026-01-01,4826,22.4429,108309.44,2862.32,INR,MOCK_FEED
POS00300520260101,PORT003,INS0012,2026-01-01,1085,9.5639,10376.83,257.88,USD,MOCK_FEED
POS00300620260101,PORT003,INS0013,2026-01-01,1244,31.9477,39742.94,1552.52,GBP,MOCK_FEED
POS00300720260101,PORT003,INS0014,2026-01-01,735,11.9513,8784.21,225.65,USD,MOCK_FEED
POS00300820260101,PORT003,INS0015,2026-01-01,2250,27.4909,61854.53,910.0,USD,MOCK_FEED
POS00300920260101,PORT003,INS0016,2026-01-01,4069,50.4453,205261.93,3740.33,USD,MOCK_FEED
POS00301020260101,PORT003,INS0017,2026-01-01,2978,131.7534,392361.63,-85.92,EUR,MOCK_FEED
POS00300120260102,PORT003,INS0008,2026-01-02,3972,65.6116,260609.28,6581.4,INR,MOCK_FEED
POS00300220260102,PORT003,INS0009,2026-01-02,230,30.1414,6932.52,-198.73,EUR,MOCK_FEED
POS00300320260102,PORT003,INS0010,2026-01-02,1169,71.5273,83615.41,628.2,EUR,MOCK_FEED
POS00300420260102,PORT003,INS0011,2026-01-02,3774,22.6239,85382.6,-1252.71,GBP,MOCK_FEED
POS00300520260102,PORT003,INS0012,2026-01-02,474,9.3352,4424.88,137.7,USD,MOCK_FEED
POS00300620260102,PORT003,INS0013,2026-01-02,1942,32.3278,62780.59,-1570.54,INR,MOCK_FEED
POS00300720260102,PORT003,INS0014,2026-01-02,4952,11.9308,59081.32,-1570.83,USD,MOCK_FEED
POS00300820260102,PORT003,INS0015,2026-01-02,4363,27.3796,119457.19,2473.97,USD,MOCK_FEED
POS00300920260102,PORT003,INS0016,2026-01-02,3206,50.2752,161182.29,-1958.25,USD,MOCK_FEED
POS00301020260102,PORT003,INS0017,2026-01-02,2645,129.1832,341689.56,10676.55,EUR,MOCK_FEED
POS00300120260103,PORT003,INS0008,2026-01-03,1764,65.1646,114950.35,-94.79,USD,MOCK_FEED
POS00300220260103,PORT003,INS0009,2026-01-03,783,29.9838,23477.32,-487.42,INR,MOCK_FEED
POS00300320260103,PORT003,INS0010,2026-01-03,2630,72.6183,190986.13,6873.34,INR,MOCK_FEED
POS00300420260103,PORT003,INS0011,2026-01-03,3361,22.9937,77281.83,1019.72,GBP,MOCK_FEED
POS00300520260103,PORT003,INS0012,2026-01-03,4919,9.3286,45887.38,-557.05,GBP,MOCK_FEED
POS00300620260103,PORT003,INS0013,2026-01-03,1040,32.0431,33324.82,1131.8,GBP,MOCK_FEED
POS00300720260103,PORT003,INS0014,2026-01-03,262,12.0858,3166.48,116.03,GBP,MOCK_FEED
POS00300820260103,PORT003,INS0015,2026-01-03,502,27.2894,13699.28,-206.31,GBP,MOCK_FEED
POS00300920260103,PORT003,INS0016,2026-01-03,506,50.1862,25394.22,755.52,EUR,MOCK_FEED
POS00301020260103,PORT003,INS0017,2026-01-03,1459,131.0842,191251.85,-2940.02,USD,MOCK_FEED
POS00300120260104,PORT003,INS0008,2026-01-04,2186,64.6128,141243.58,4037.4,INR,MOCK_FEED
POS00300220260104,PORT003,INS0009,2026-01-04,2489,29.5026,73431.97,-1257.28,USD,MOCK_FEED
POS00300320260104,PORT003,INS0010,2026-01-04,4391,72.5148,318412.49,9215.92,INR,MOCK_FEED
POS00300420260104,PORT003,INS0011,2026-01-04,1275,23.1937,29571.97,-375.61,EUR,MOCK_FEED
POS00300520260104,PORT003,INS0012,2026-01-04,4110,9.2241,37911.05,-267.59,GBP,MOCK_FEED
POS00300620260104,PORT003,INS0013,2026-01-04,2099,32.099,67375.8,1093.9,EUR,MOCK_FEED
POS00300720260104,PORT003,INS0014,2026-01-04,3439,11.8465,40740.11,-1084.84,EUR,MOCK_FEED
POS00300820260104,PORT003,INS0015,2026-01-04,2138,27.2428,58245.11,-1005.55,EUR,MOCK_FEED
POS00300920260104,PORT003,INS0016,2026-01-04,2337,50.6728,118422.33,-1541.88,GBP,MOCK_FEED
POS00301020260104,PORT003,INS0017,2026-01-04,1391,129.3702,179953.95,-5001.06,INR,MOCK_FEED
POS00300120260105,PORT003,INS0008,2026-01-05,2650,63.9611,169496.92,-1379.71,INR,MOCK_FEED
POS00300220260105,PORT003,INS0009,2026-01-05,759,29.4497,22352.32,694.49,INR,MOCK_FEED
POS00300320260105,PORT003,INS0010,2026-01-05,4734,71.3259,337656.81,-2875.97,GBP,MOCK_FEED
POS00300420260105,PORT003,INS0011,2026-01-05,3813,23.0374,87841.61,2718.93,USD,MOCK_FEED
POS00300520260105,PORT003,INS0012,2026-01-05,3754,9.5024,35672.01,130.38,EUR,MOCK_FEED
POS00300620260105,PORT003,INS0013,2026-01-05,3251,31.339,101883.09,3885.58,GBP,MOCK_FEED
POS00300720260105,PORT003,INS0014,2026-01-05,3459,11.9515,41340.24,1345.21,USD,MOCK_FEED
POS00300820260105,PORT003,INS0015,2026-01-05,4109,27.1162,111420.47,613.91,EUR,MOCK_FEED
POS00300920260105,PORT003,INS0016,2026-01-05,1559,50.2968,78412.71,2962.5,GBP,MOCK_FEED
POS00301020260105,PORT003,INS0017,2026-01-05,937,129.5489,121387.32,-2214.56,USD,MOCK_FEED
POS00300120260106,PORT003,INS0008,2026-01-06,2764,64.3024,177731.83,6855.32,INR,MOCK_FEED
POS00300220260106,PORT003,INS0009,2026-01-06,102,29.7127,3030.7,34.82,EUR,MOCK_FEED
POS00300320260106,PORT003,INS0010,2026-01-06,2948,72.2343,212946.72,3040.02,EUR,MOCK_FEED
POS00300420260106,PORT003,INS0011,2026-01-06,4598,23.2577,106938.9,1775.5,INR,MOCK_FEED
POS00300520260106,PORT003,INS0012,2026-01-06,2574,9.4836,24410.79,866.42,USD,MOCK_FEED
POS00300620260106,PORT003,INS0013,2026-01-06,3644,31.7048,115532.29,2619.04,EUR,MOCK_FEED
POS00300720260106,PORT003,INS0014,2026-01-06,1160,11.681,13549.96,271.18,USD,MOCK_FEED
POS00300820260106,PORT003,INS0015,2026-01-06,2849,27.4103,78091.94,576.04,GBP,MOCK_FEED
POS00300920260106,PORT003,INS0016,2026-01-06,4396,50.0833,220166.19,-5919.22,GBP,MOCK_FEED
POS00301020260106,PORT003,INS0017,2026-01-06,217,128.8634,27963.36,820.54,USD,MOCK_FEED
POS00300120260107,PORT003,INS0008,2026-01-07,1899,62.398,118493.8,3399.62,EUR,MOCK_FEED
POS00300220260107,PORT003,INS0009,2026-01-07,2407,30.4722,73346.59,-162.93,GBP,MOCK_FEED
POS00300320260107,PORT003,INS0010,2026-01-07,4946,72.7902,360020.33,13928.02,INR,MOCK_FEED
POS00300420260107,PORT003,INS0011,2026-01-07,907,23.3155,21147.16,474.75,EUR,MOCK_FEED
POS00300520260107,PORT003,INS0012,2026-01-07,2852,9.4987,27090.29,1059.92,INR,MOCK_FEED
POS00300620260107,PORT003,INS0013,2026-01-07,4565,31.4991,143793.39,-1543.12,USD,MOCK_FEED
POS00300720260107,PORT003,INS0014,2026-01-07,255,11.7104,2986.15,118.75,EUR,MOCK_FEED
POS00300820260107,PORT003,INS0015,2026-01-07,1895,27.5699,52244.96,-1163.03,USD,MOCK_FEED
POS00300920260107,PORT003,INS0016,2026-01-07,2752,49.7749,136980.52,709.4,GBP,MOCK_FEED
POS00301020260107,PORT003,INS0017,2026-01-07,2362,126.2321,298160.22,621.43,GBP,MOCK_FEED
POS00300120260108,PORT003,INS0008,2026-01-08,1786,63.1354,112759.82,-1010.25,USD,MOCK_FEED
POS00300220260108,PORT003,INS0009,2026-01-08,3705,30.647,113547.13,4443.12,INR,MOCK_FEED
POS00300320260108,PORT003,INS0010,2026-01-08,1872,71.7156,134251.6,614.68,GBP,MOCK_FEED
POS00300420260108,PORT003,INS0011,2026-01-08,2190,22.9822,50331.02,303.68,INR,MOCK_FEED
POS00300520260108,PORT003,INS0012,2026-01-08,3124,9.3821,29309.68,981.58,EUR,MOCK_FEED
POS00300620260108,PORT003,INS0013,2026-01-08,2673,31.6205,84521.6,2180.45,USD,MOCK_FEED
POS00300720260108,PORT003,INS0014,2026-01-08,3449,11.6841,40298.46,-492.22,GBP,MOCK_FEED
POS00300820260108,PORT003,INS0015,2026-01-08,695,27.1316,18856.46,523.3,GBP,MOCK_FEED
POS00300920260108,PORT003,INS0016,2026-01-08,4897,49.8473,244102.23,3573.22,EUR,MOCK_FEED
POS00301020260108,PORT003,INS0017,2026-01-08,1424,125.2084,178296.76,-865.39,INR,MOCK_FEED
POS00300120260109,PORT003,INS0008,2026-01-09,1875,62.9049,117946.69,4468.44,GBP,MOCK_FEED
POS00300220260109,PORT003,INS0009,2026-01-09,4973,29.8926,148655.9,-342.82,GBP,MOCK_FEED
POS00300320260109,PORT003,INS0010,2026-01-09,1233,72.6966,89634.91,-2044.15,INR,MOCK_FEED
POS00300420260109,PORT003,INS0011,2026-01-09,1824,23.087,42110.69,1428.47,INR,MOCK_FEED
POS00300520260109,PORT003,INS0012,2026-01-09,3286,9.3371,30681.71,-798.25,GBP,MOCK_FEED
POS00300620260109,PORT003,INS0013,2026-01-09,4917,32.2447,158547.19,-304.45,USD,MOCK_FEED
POS00300720260109,PORT003,INS0014,2026-01-09,569,11.595,6597.56,88.51,EUR,MOCK_FEED
POS00300820260109,PORT003,INS0015,2026-01-09,3341,27.2103,90909.61,-1635.78,INR,MOCK_FEED
POS00300920260109,PORT003,INS0016,2026-01-09,132,49.6753,6557.14,-74.43,USD,MOCK_FEED
POS00301020260109,PORT003,INS0017,2026-01-09,1020,128.9071,131485.24,257.88,GBP,MOCK_FEED
POS00300120260110,PORT003,INS0008,2026-01-10,3051,61.9314,188952.7,3631.83,USD,MOCK_FEED
POS00300220260110,PORT003,INS0009,2026-01-10,4524,30.178,136525.27,-1801.99,USD,MOCK_FEED
POS00300320260110,PORT003,INS0010,2026-01-10,2301,72.4366,166676.62,566.58,EUR,MOCK_FEED
POS00300420260110,PORT003,INS0011,2026-01-10,4421,23.4706,103763.52,-83.21,USD,MOCK_FEED
POS00300520260110,PORT003,INS0012,2026-01-10,2049,9.2966,19048.73,195.03,GBP,MOCK_FEED
POS00300620260110,PORT003,INS0013,2026-01-10,2755,32.4357,89360.35,970.07,INR,MOCK_FEED
POS00300720260110,PORT003,INS0014,2026-01-10,2318,11.6462,26995.89,-413.23,GBP,MOCK_FEED
POS00300820260110,PORT003,INS0015,2026-01-10,4213,26.4372,111379.92,1697.36,EUR,MOCK_FEED
POS00300920260110,PORT003,INS0016,2026-01-10,438,49.6587,21750.51,612.19,EUR,MOCK_FEED
POS00301020260110,PORT003,INS0017,2026-01-10,4096,130.3248,533810.38,17031.63,INR,MOCK_FEED
POS00300120260111,PORT003,INS0008,2026-01-11,4623,61.2807,283300.68,2541.78,GBP,MOCK_FEED
POS00300220260111,PORT003,INS0009,2026-01-11,947,30.6001,28978.29,902.73,USD,MOCK_FEED
POS00300320260111,PORT003,INS0010,2026-01-11,3066,71.9117,220481.27,6102.44,INR,MOCK_FEED
POS00300420260111,PORT003,INS0011,2026-01-11,2225,23.367,51991.58,-759.23,INR,MOCK_FEED
POS00300520260111,PORT003,INS0012,2026-01-11,1432,9.1572,13113.11,92.06,EUR,MOCK_FEED
POS00300620260111,PORT003,INS0013,2026-01-11,1452,32.9371,47824.67,-1309.0,INR,MOCK_FEED
POS00300720260111,PORT003,INS0014,2026-01-11,3994,11.4902,45891.86,-691.24,USD,MOCK_FEED
POS00300820260111,PORT003,INS0015,2026-01-11,4315,26.6727,115092.7,-2654.89,GBP,MOCK_FEED
POS00300920260111,PORT003,INS0016,2026-01-11,2771,50.3245,139449.19,4556.87,INR,MOCK_FEED
POS00301020260111,PORT003,INS0017,2026-01-11,564,128.2513,72333.73,-1348.46,GBP,MOCK_FEED
POS00300120260112,PORT003,INS0008,2026-01-12,2388,61.1105,145931.87,-3331.46,USD,MOCK_FEED
POS00300220260112,PORT003,INS0009,2026-01-12,4521,30.6837,138721.01,4053.08,EUR,MOCK_FEED
POS00300320260112,PORT003,INS0010,2026-01-12,3736,73.2572,273688.9,-4856.28,USD,MOCK_FEED
POS00300420260112,PORT003,INS0011,2026-01-12,1633,23.0716,37675.92,1195.67,EUR,MOCK_FEED
POS00300520260112,PORT003,INS0012,2026-01-12,798,9.1397,7293.48,279.14,USD,MOCK_FEED
POS00300620260112,PORT003,INS0013,2026-01-12,322,32.8846,10588.84,381.59,EUR,MOCK_FEED
POS00300720260112,PORT003,INS0014,2026-01-12,2341,11.2764,26398.05,503.23,USD,MOCK_FEED
POS00300820260112,PORT003,INS0015,2026-01-12,4434,26.2236,116275.44,-3059.72,EUR,MOCK_FEED
POS00300920260112,PORT003,INS0016,2026-01-12,4007,51.1409,204921.59,7041.67,USD,MOCK_FEED
POS00301020260112,PORT003,INS0017,2026-01-12,3676,127.3577,468166.91,3882.04,EUR,MOCK_FEED
POS00300120260113,PORT003,INS0008,2026-01-13,1595,60.8353,97032.3,3528.13,GBP,MOCK_FEED
POS00300220260113,PORT003,INS0009,2026-01-13,2826,31.0672,87795.91,-2080.81,USD,MOCK_FEED
POS00300320260113,PORT003,INS0010,2026-01-13,4771,74.2273,354138.45,3045.97,USD,MOCK_FEED
POS00300420260113,PORT003,INS0011,2026-01-13,2069,23.4398,48496.95,1402.73,INR,MOCK_FEED
POS00300520260113,PORT003,INS0012,2026-01-13,3635,9.0805,33007.62,571.03,EUR,MOCK_FEED
POS00300620260113,PORT003,INS0013,2026-01-13,2023,32.3482,65440.41,768.89,GBP,MOCK_FEED
POS00300720260113,PORT003,INS0014,2026-01-13,4196,10.9932,46127.47,-1348.32,GBP,MOCK_FEED
POS00300820260113,PORT003,INS0015,2026-01-13,2297,26.2748,60353.22,-733.15,GBP,MOCK_FEED
POS00300920260113,PORT003,INS0016,2026-01-13,2258,50.3115,113603.37,2433.55,EUR,MOCK_FEED
POS00301020260113,PORT003,INS0017,2026-01-13,685,127.7876,87534.51,2427.62,EUR,MOCK_FEED
POS00300120260114,PORT003,INS0008,2026-01-14,3508,61.0249,214075.35,1372.98,INR,MOCK_FEED
POS00300220260114,PORT003,INS0009,2026-01-14,4111,31.1326,127986.12,3107.53,EUR,MOCK_FEED
POS00300320260114,PORT003,INS0010,2026-01-14,3767,76.0072,286319.12,2464.77,EUR,MOCK_FEED
POS00300420260114,PORT003,INS0011,2026-01-14,4452,23.0927,102808.7,1419.9,GBP,MOCK_FEED
POS00300520260114,PORT003,INS0012,2026-01-14,3189,9.1164,29072.2,37.93,EUR,MOCK_FEED
POS00300620260114,PORT003,INS0013,2026-01-14,2400,31.7203,76128.72,2241.41,INR,MOCK_FEED
POS00300720260114,PORT003,INS0014,2026-01-14,2898,10.8651,31487.06,-29.04,EUR,MOCK_FEED
POS00300820260114,PORT003,INS0015,2026-01-14,2653,26.01,69004.53,2302.24,INR,MOCK_FEED
POS00300920260114,PORT003,INS0016,2026-01-14,2671,50.5798,135098.65,762.44,INR,MOCK_FEED
POS00301020260114,PORT003,INS0017,2026-01-14,1613,127.5991,205817.35,-3399.1,GBP,MOCK_FEED
POS00300120260115,PORT003,INS0008,2026-01-15,1434,60.6202,86929.37,-572.47,INR,MOCK_FEED
POS00300220260115,PORT003,INS0009,2026-01-15,3055,31.2421,95444.62,-2216.98,EUR,MOCK_FEED
POS00300320260115,PORT003,INS0010,2026-01-15,903,75.2102,67914.81,716.34,EUR,MOCK_FEED
POS00300420260115,PORT003,INS0011,2026-01-15,2264,22.9879,52044.61,-1431.85,GBP,MOCK_FEED
POS00300520260115,PORT003,INS0012,2026-01-15,4755,9.1046,43292.37,-803.8,USD,MOCK_FEED
POS00300620260115,PORT003,INS0013,2026-01-15,4617,31.8091,146862.61,2962.23,INR,MOCK_FEED
POS00300720260115,PORT003,INS0014,2026-01-15,2227,10.8276,24113.07,-677.89,GBP,MOCK_FEED
POS00300820260115,PORT003,INS0015,2026-01-15,4147,26.1891,108606.2,3529.54,EUR,MOCK_FEED
POS00300920260115,PORT003,INS0016,2026-01-15,1586,51.4484,81597.16,2026.86,GBP,MOCK_FEED
POS00301020260115,PORT003,INS0017,2026-01-15,4083,125.7219,513322.52,15310.6,GBP,MOCK_FEED
POS00300120260116,PORT003,INS0008,2026-01-16,1418,61.7516,87563.77,83.51,INR,MOCK_FEED
POS00300220260116,PORT003,INS0009,2026-01-16,3932,31.4725,123749.87,-3451.2,EUR,MOCK_FEED
POS00300320260116,PORT003,INS0010,2026-01-16,2518,74.9,188598.2,-3286.36,INR,MOCK_FEED
POS00300420260116,PORT003,INS0011,2026-01-16,3869,22.5979,87431.28,1968.14,EUR,MOCK_FEED
POS00300520260116,PORT003,INS0012,2026-01-16,2250,9.1008,20476.8,633.68,GBP,MOCK_FEED
POS00300620260116,PORT003,INS0013,2026-01-16,3468,31.5068,109265.58,2440.22,USD,MOCK_FEED
POS00300720260116,PORT003,INS0014,2026-01-16,4516,10.991,49635.36,-1424.22,USD,MOCK_FEED
POS00300820260116,PORT003,INS0015,2026-01-16,2444,26.0308,63619.28,-289.55,INR,MOCK_FEED
POS00300920260116,PORT003,INS0016,2026-01-16,1898,51.452,97655.9,2560.52,EUR,MOCK_FEED
POS00301020260116,PORT003,INS0017,2026-01-16,4483,125.8689,564270.28,4455.7,EUR,MOCK_FEED
POS00300120260117,PORT003,INS0008,2026-01-17,4981,61.898,308313.94,-42.2,USD,MOCK_FEED
POS00300220260117,PORT003,INS0009,2026-01-17,4566,31.9446,145859.04,4263.94,EUR,MOCK_FEED
POS00300320260117,PORT003,INS0010,2026-01-17,683,75.6627,51677.62,-722.57,GBP,MOCK_FEED
POS00300420260117,PORT003,INS0011,2026-01-17,4349,22.9459,99791.72,-372.25,INR,MOCK_FEED
POS00300520260117,PORT003,INS0012,2026-01-17,3073,9.0864,27922.51,312.36,EUR,MOCK_FEED
POS00300620260117,PORT003,INS0013,2026-01-17,2710,31.5994,85634.37,2580.6,USD,MOCK_FEED
POS00300720260117,PORT003,INS0014,2026-01-17,4252,10.8524,46144.4,-720.63,GBP,MOCK_FEED
POS00300820260117,PORT003,INS0015,2026-01-17,1664,25.9489,43178.97,-1097.67,USD,MOCK_FEED
POS00300920260117,PORT003,INS0016,2026-01-17,368,49.5101,18219.72,185.55,INR,MOCK_FEED
POS00301020260117,PORT003,INS0017,2026-01-17,1097,125.724,137919.23,3021.33,GBP,MOCK_FEED
POS00300120260118,PORT003,INS0008,2026-01-18,1827,62.2173,113671.01,-1310.44,USD,MOCK_FEED
POS00300220260118,PORT003,INS0009,2026-01-18,2663,31.6664,84327.62,2579.05,GBP,MOCK_FEED
POS00300320260118,PORT003,INS0010,2026-01-18,1633,77.0615,125841.43,-248.17,GBP,MOCK_FEED
POS00300420260118,PORT003,INS0011,2026-01-18,385,22.892,8813.42,-195.48,EUR,MOCK_FEED
POS00300520260118,PORT003,INS0012,2026-01-18,2205,9.2074,20302.32,-599.56,INR,MOCK_FEED
POS00300620260118,PORT003,INS0013,2026-01-18,1451,31.9694,46387.6,-361.44,INR,MOCK_FEED
POS00300720260118,PORT003,INS0014,2026-01-18,2218,10.9691,24329.46,928.41,INR,MOCK_FEED
POS00300820260118,PORT003,INS0015,2026-01-18,1042,26.1259,27223.19,-179.46,GBP,MOCK_FEED
POS00300920260118,PORT003,INS0016,2026-01-18,1621,49.298,79912.06,-1488.33,USD,MOCK_FEED
POS00301020260118,PORT003,INS0017,2026-01-18,1807,128.2222,231697.52,-4847.82,GBP,MOCK_FEED
POS00300120260119,PORT003,INS0008,2026-01-19,3261,62.7295,204560.9,-1650.32,EUR,MOCK_FEED
POS00300220260119,PORT003,INS0009,2026-01-19,1022,31.7341,32432.25,-808.17,INR,MOCK_FEED
POS00300320260119,PORT003,INS0010,2026-01-19,4233,76.2676,322840.75,3163.11,INR,MOCK_FEED
POS00300420260119,PORT003,INS0011,2026-01-19,1261,22.6877,28609.19,322.39,INR,MOCK_FEED
POS00300520260119,PORT003,INS0012,2026-01-19,4294,9.1755,39399.6,-478.85,INR,MOCK_FEED
POS00300620260119,PORT003,INS0013,2026-01-19,4159,32.6868,135944.4,-1235.82,INR,MOCK_FEED
POS00300720260119,PORT003,INS0014,2026-01-19,1578,11.2175,17701.22,350.61,EUR,MOCK_FEED
POS00300820260119,PORT003,INS0015,2026-01-19,1524,25.6499,39090.45,685.53,EUR,MOCK_FEED
POS00300920260119,PORT003,INS0016,2026-01-19,2326,49.58,115323.08,-2127.12,USD,MOCK_FEED
POS00301020260119,PORT003,INS0017,2026-01-19,3494,129.3078,451801.45,13664.71,USD,MOCK_FEED
POS00300120260120,PORT003,INS0008,2026-01-20,4291,62.5844,268549.66,-2675.41,INR,MOCK_FEED
POS00300220260120,PORT003,INS0009,2026-01-20,4256,31.3328,133352.4,716.01,EUR,MOCK_FEED
POS00300320260120,PORT003,INS0010,2026-01-20,1254,75.588,94787.35,512.77,GBP,MOCK_FEED
POS00300420260120,PORT003,INS0011,2026-01-20,3177,22.9492,72909.61,-2094.1,INR,MOCK_FEED
POS00300520260120,PORT003,INS0012,2026-01-20,415,9.2559,3841.2,-37.85,USD,MOCK_FEED
POS00300620260120,PORT003,INS0013,2026-01-20,1804,32.7057,59001.08,-1375.18,USD,MOCK_FEED
POS00300720260120,PORT003,INS0014,2026-01-20,2791,11.2362,31360.23,-539.57,INR,MOCK_FEED
POS00300820260120,PORT003,INS0015,2026-01-20,1405,25.9254,36425.19,284.69,USD,MOCK_FEED
POS00300920260120,PORT003,INS0016,2026-01-20,1748,48.9481,85561.28,-2238.06,GBP,MOCK_FEED
POS00301020260120,PORT003,INS0017,2026-01-20,3942,128.6615,507183.63,699.83,EUR,MOCK_FEED
POS00300120260121,PORT003,INS0008,2026-01-21,2680,63.4586,170069.05,-1136.87,GBP,MOCK_FEED
POS00300220260121,PORT003,INS0009,2026-01-21,3707,31.472,116666.7,-1445.63,EUR,MOCK_FEED
POS00300320260121,PORT003,INS0010,2026-01-21,793,75.4151,59804.17,-84.5,USD,MOCK_FEED
POS00300420260121,PORT003,INS0011,2026-01-21,3819,22.5086,85960.34,2603.22,GBP,MOCK_FEED
POS00300520260121,PORT003,INS0012,2026-01-21,2238,9.4202,21082.41,211.33,INR,MOCK_FEED
POS00300620260121,PORT003,INS0013,2026-01-21,993,32.7154,32486.39,264.04,GBP,MOCK_FEED
POS00300720260121,PORT003,INS0014,2026-01-21,3942,11.1441,43930.04,565.91,INR,MOCK_FEED
POS00300820260121,PORT003,INS0015,2026-01-21,123,25.6332,3152.88,32.45,USD,MOCK_FEED
POS00300920260121,PORT003,INS0016,2026-01-21,3126,48.6099,151954.55,3916.42,EUR,MOCK_FEED
POS00301020260121,PORT003,INS0017,2026-01-21,4317,128.9666,556748.81,3213.62,USD,MOCK_FEED
POS00300120260122,PORT003,INS0008,2026-01-22,2518,62.4492,157247.09,1662.63,INR,MOCK_FEED
POS00300220260122,PORT003,INS0009,2026-01-22,3059,32.1098,98223.88,-986.62,EUR,MOCK_FEED
POS00300320260122,PORT003,INS0010,2026-01-22,116,74.6789,8662.75,-249.22,EUR,MOCK_FEED
POS00300420260122,PORT003,INS0011,2026-01-22,3873,22.6288,87641.34,2266.41,GBP,MOCK_FEED
POS00300520260122,PORT003,INS0012,2026-01-22,3988,9.4116,37533.46,-130.22,USD,MOCK_FEED
POS00300620260122,PORT003,INS0013,2026-01-22,494,32.059,15837.15,305.89,INR,MOCK_FEED
POS00300720260122,PORT003,INS0014,2026-01-22,4822,11.198,53996.76,900.96,INR,MOCK_FEED
POS00300820260122,PORT003,INS0015,2026-01-22,4338,25.1741,109205.25,1892.66,EUR,MOCK_FEED
POS00300920260122,PORT003,INS0016,2026-01-22,1469,48.4261,71137.94,1078.44,EUR,MOCK_FEED
POS00301020260122,PORT003,INS0017,2026-01-22,924,126.4586,116847.75,1298.18,USD,MOCK_FEED
POS00300120260123,PORT003,INS0008,2026-01-23,4525,62.6614,283542.84,-3582.69,GBP,MOCK_FEED
POS00300220260123,PORT003,INS0009,2026-01-23,3318,31.8658,105730.72,-107.77,EUR,MOCK_FEED
POS00300320260123,PORT003,INS0010,2026-01-23,547,74.1372,40553.05,-891.2,GBP,MOCK_FEED
POS00300420260123,PORT003,INS0011,2026-01-23,209,22.0073,4599.53,14.51,GBP,MOCK_FEED
POS00300520260123,PORT003,INS0012,2026-01-23,517,9.3375,4827.49,-43.67,GBP,MOCK_FEED
POS00300620260123,PORT003,INS0013,2026-01-23,166,31.4933,5227.89,105.0,USD,MOCK_FEED
POS00300720260123,PORT003,INS0014,2026-01-23,4289,11.2262,48149.17,750.95,GBP,MOCK_FEED
POS00300820260123,PORT003,INS0015,2026-01-23,3938,25.4249,100123.26,423.27,EUR,MOCK_FEED
POS00300920260123,PORT003,INS0016,2026-01-23,1956,48.4856,94837.83,-310.89,GBP,MOCK_FEED
POS00301020260123,PORT003,INS0017,2026-01-23,1883,125.9822,237224.48,2075.01,USD,MOCK_FEED
POS00300120260124,PORT003,INS0008,2026-01-24,3907,61.8277,241560.82,-1635.38,GBP,MOCK_FEED
POS00300220260124,PORT003,INS0009,2026-01-24,502,31.926,16026.85,456.83,USD,MOCK_FEED
POS00300320260124,PORT003,INS0010,2026-01-24,2536,73.8415,187262.04,-5441.6,EUR,MOCK_FEED
POS00300420260124,PORT003,INS0011,2026-01-24,4945,21.8667,108130.83,-2131.43,INR,MOCK_FEED
POS00300520260124,PORT003,INS0012,2026-01-24,3142,9.2978,29213.69,775.01,INR,MOCK_FEED
POS00300620260124,PORT003,INS0013,2026-01-24,1784,31.1644,55597.29,810.81,USD,MOCK_FEED
POS00300720260124,PORT003,INS0014,2026-01-24,4881,11.1414,54381.17,-927.21,USD,MOCK_FEED
POS00300820260124,PORT003,INS0015,2026-01-24,3027,25.1088,76004.34,2932.68,USD,MOCK_FEED
POS00300920260124,PORT003,INS0016,2026-01-24,2306,47.7379,110083.6,3660.59,GBP,MOCK_FEED
POS00301020260124,PORT003,INS0017,2026-01-24,731,125.9323,92056.51,1038.03,EUR,MOCK_FEED
POS00300120260125,PORT003,INS0008,2026-01-25,220,61.3285,13492.27,109.55,INR,MOCK_FEED
POS00300220260125,PORT003,INS0009,2026-01-25,3205,31.7024,101606.19,2461.28,INR,MOCK_FEED
POS00300320260125,PORT003,INS0010,2026-01-25,4676,74.2663,347269.22,1997.95,INR,MOCK_FEED
POS00300420260125,PORT003,INS0011,2026-01-25,369,21.709,8010.62,114.4,GBP,MOCK_FEED
POS00300520260125,PORT003,INS0012,2026-01-25,2555,9.2992,23759.46,-268.19,EUR,MOCK_FEED
POS00300620260125,PORT003,INS0013,2026-01-25,2646,31.191,82531.39,1051.16,INR,MOCK_FEED
POS00300720260125,PORT003,INS0014,2026-01-25,2547,10.9733,27949.0,-349.16,INR,MOCK_FEED
POS00300820260125,PORT003,INS0015,2026-01-25,3173,24.6482,78208.74,469.5,EUR,MOCK_FEED
POS00300920260125,PORT003,INS0016,2026-01-25,805,47.6769,38379.9,1159.1,GBP,MOCK_FEED
POS00301020260125,PORT003,INS0017,2026-01-25,3094,128.5489,397730.3,-9946.77,INR,MOCK_FEED
POS00300120260126,PORT003,INS0008,2026-01-26,137,60.8412,8335.24,-231.01,GBP,MOCK_FEED
POS00300220260126,PORT003,INS0009,2026-01-26,455,32.3712,14728.9,-152.52,GBP,MOCK_FEED
POS00300320260126,PORT003,INS0010,2026-01-26,4990,73.2649,365591.85,-7942.64,USD,MOCK_FEED
POS00300420260126,PORT003,INS0011,2026-01-26,522,22.1272,11550.4,-209.98,GBP,MOCK_FEED
POS00300520260126,PORT003,INS0012,2026-01-26,2202,9.2292,20322.7,812.08,GBP,MOCK_FEED
POS00300620260126,PORT003,INS0013,2026-01-26,2627,31.1481,81826.06,2281.45,USD,MOCK_FEED
POS00300720260126,PORT003,INS0014,2026-01-26,1649,10.9212,18009.06,72.46,USD,MOCK_FEED
POS00300820260126,PORT003,INS0015,2026-01-26,3425,24.4663,83797.08,-1277.84,INR,MOCK_FEED
POS00300920260126,PORT003,INS0016,2026-01-26,3646,48.0033,175020.03,-4969.89,INR,MOCK_FEED
POS00301020260126,PORT003,INS0017,2026-01-26,1660,129.73,215351.8,-755.91,GBP,MOCK_FEED
POS00300120260127,PORT003,INS0008,2026-01-27,2275,60.1509,136843.3,-1873.85,INR,MOCK_FEED
POS00300220260127,PORT003,INS0009,2026-01-27,1646,33.1242,54522.43,-361.03,INR,MOCK_FEED
POS00300320260127,PORT003,INS0010,2026-01-27,1289,74.2829,95750.66,498.87,USD,MOCK_FEED
POS00300420260127,PORT003,INS0011,2026-01-27,3268,22.0437,72038.81,448.53,INR,MOCK_FEED
POS00300520260127,PORT003,INS0012,2026-01-27,1801,9.162,16500.76,-452.08,INR,MOCK_FEED
POS00300620260127,PORT003,INS0013,2026-01-27,3476,31.2857,108749.09,-1504.2,EUR,MOCK_FEED
POS00300720260127,PORT003,INS0014,2026-01-27,3520,11.0615,38936.48,-889.8,USD,MOCK_FEED
POS00300820260127,PORT003,INS0015,2026-01-27,4485,24.6203,110422.05,223.02,INR,MOCK_FEED
POS00300920260127,PORT003,INS0016,2026-01-27,4957,48.2166,239009.69,9411.24,USD,MOCK_FEED
POS00301020260127,PORT003,INS0017,2026-01-27,3627,128.6719,466692.98,-81.7,INR,MOCK_FEED
POS00300120260128,PORT003,INS0008,2026-01-28,1239,60.1617,74540.35,-491.83,GBP,MOCK_FEED
POS00300220260128,PORT003,INS0009,2026-01-28,3518,33.2528,116983.35,1997.77,INR,MOCK_FEED
POS00300320260128,PORT003,INS0010,2026-01-28,1224,73.7323,90248.34,-2384.26,EUR,MOCK_FEED
POS00300420260128,PORT003,INS0011,2026-01-28,3333,21.2273,70750.59,1716.01,EUR,MOCK_FEED
POS00300520260128,PORT003,INS0012,2026-01-28,1666,9.1873,15306.04,589.35,INR,MOCK_FEED
POS00300620260128,PORT003,INS0013,2026-01-28,3173,31.5854,100220.47,-385.63,INR,MOCK_FEED
POS00300720260128,PORT003,INS0014,2026-01-28,4391,11.2152,49245.94,103.26,GBP,MOCK_FEED
POS00300820260128,PORT003,INS0015,2026-01-28,207,24.4893,5069.29,-76.24,GBP,MOCK_FEED
POS00300920260128,PORT003,INS0016,2026-01-28,745,47.8228,35627.99,-429.0,EUR,MOCK_FEED
POS00301020260128,PORT003,INS0017,2026-01-28,3701,126.7477,469093.24,-344.33,GBP,MOCK_FEED
POS00300120260129,PORT003,INS0008,2026-01-29,1688,60.0416,101350.22,1860.27,INR,MOCK_FEED
POS00300220260129,PORT003,INS0009,2026-01-29,1264,33.5819,42447.52,978.28,USD,MOCK_FEED
POS00300320260129,PORT003,INS0010,2026-01-29,392,74.0767,29038.07,1001.89,USD,MOCK_FEED
POS00300420260129,PORT003,INS0011,2026-01-29,2123,21.3457,45316.92,1203.44,GBP,MOCK_FEED
POS00300520260129,PORT003,INS0012,2026-01-29,304,9.016,2740.86,-69.84,EUR,MOCK_FEED
POS00300620260129,PORT003,INS0013,2026-01-29,4023,31.9903,128696.98,-1055.32,GBP,MOCK_FEED
POS00300720260129,PORT003,INS0014,2026-01-29,3931,11.2262,44130.19,360.58,GBP,MOCK_FEED
POS00300820260129,PORT003,INS0015,2026-01-29,1666,24.4811,40785.51,-470.48,INR,MOCK_FEED
POS00300920260129,PORT003,INS0016,2026-01-29,229,48.6379,11138.08,328.55,GBP,MOCK_FEED
POS00301020260129,PORT003,INS0017,2026-01-29,809,123.686,100061.97,-516.86,EUR,MOCK_FEED
POS00300120260130,PORT003,INS0008,2026-01-30,4041,59.9347,242196.12,-5710.25,EUR,MOCK_FEED
POS00300220260130,PORT003,INS0009,2026-01-30,1433,33.1187,47459.1,1353.94,USD,MOCK_FEED
POS00300320260130,PORT003,INS0010,2026-01-30,4286,72.8072,312051.66,5906.97,USD,MOCK_FEED
POS00300420260130,PORT003,INS0011,2026-01-30,4723,21.2307,100272.6,3091.73,EUR,MOCK_FEED
POS00300520260130,PORT003,INS0012,2026-01-30,4336,9.2291,40017.38,223.72,INR,MOCK_FEED
POS00300620260130,PORT003,INS0013,2026-01-30,1400,32.2719,45180.66,-1018.2,GBP,MOCK_FEED
POS00300720260130,PORT003,INS0014,2026-01-30,3154,11.2159,35374.95,1128.36,EUR,MOCK_FEED
POS00300820260130,PORT003,INS0015,2026-01-30,2096,25.0879,52584.24,1221.56,INR,MOCK_FEED
POS00300920260130,PORT003,INS0016,2026-01-30,1445,49.5095,71541.23,-254.77,INR,MOCK_FEED
POS00301020260130,PORT003,INS0017,2026-01-30,3898,123.5473,481587.38,16508.45,INR,MOCK_FEED
POS00300120260131,PORT003,INS0008,2026-01-31,129,60.0281,7743.62,41.18,USD,MOCK_FEED
POS00300220260131,PORT003,INS0009,2026-01-31,2293,33.4215,76635.5,-2199.39,EUR,MOCK_FEED
POS00300320260131,PORT003,INS0010,2026-01-31,4796,74.1747,355741.86,-7633.98,EUR,MOCK_FEED
POS00300420260131,PORT003,INS0011,2026-01-31,1877,21.1828,39760.12,-1079.35,EUR,MOCK_FEED
POS00300520260131,PORT003,INS0012,2026-01-31,242,9.2012,2226.69,-22.95,USD,MOCK_FEED
POS00300620260131,PORT003,INS0013,2026-01-31,2041,31.6417,64580.71,19.74,GBP,MOCK_FEED
POS00300720260131,PORT003,INS0014,2026-01-31,1515,11.2223,17001.78,111.72,INR,MOCK_FEED
POS00300820260131,PORT003,INS0015,2026-01-31,633,25.2972,16013.13,52.36,EUR,MOCK_FEED
POS00300920260131,PORT003,INS0016,2026-01-31,1909,49.581,94650.13,-583.09,EUR,MOCK_FEED
POS00301020260131,PORT003,INS0017,2026-01-31,3685,123.2911,454327.7,-3061.61,INR,MOCK_FEED
POS00300120260201,PORT003,INS0008,2026-02-01,549,60.6677,33306.57,820.24,INR,MOCK_FEED
POS00300220260201,PORT003,INS0009,2026-02-01,4846,32.8907,159388.33,6.13,EUR,MOCK_FEED
POS00300320260201,PORT003,INS0010,2026-02-01,472,73.8028,34834.92,514.98,INR,MOCK_FEED
POS00300420260201,PORT003,INS0011,2026-02-01,3461,21.3288,73818.98,2236.45,USD,MOCK_FEED
POS00300520260201,PORT003,INS0012,2026-02-01,3730,9.462,35293.26,1072.8,GBP,MOCK_FEED
POS00300620260201,PORT003,INS0013,2026-02-01,2045,32.2119,65873.34,-1826.7,GBP,MOCK_FEED
POS00300720260201,PORT003,INS0014,2026-02-01,2998,11.1265,33357.25,-46.99,INR,MOCK_FEED
POS00300820260201,PORT003,INS0015,2026-02-01,384,25.3872,9748.68,144.21,INR,MOCK_FEED
POS00300920260201,PORT003,INS0016,2026-02-01,1480,49.7811,73676.03,-131.73,EUR,MOCK_FEED
POS00301020260201,PORT003,INS0017,2026-02-01,896,124.4333,111492.24,2192.6,GBP,MOCK_FEED
POS00300120260202,PORT003,INS0008,2026-02-02,725,60.9491,44188.1,-1114.52,INR,MOCK_FEED
POS00300220260202,PORT003,INS0009,2026-02-02,1713,32.6008,55845.17,-477.76,EUR,MOCK_FEED
POS00300320260202,PORT003,INS0010,2026-02-02,811,74.705,60585.75,1811.8,GBP,MOCK_FEED
POS00300420260202,PORT003,INS0011,2026-02-02,426,21.3308,9086.92,62.75,EUR,MOCK_FEED
POS00300520260202,PORT003,INS0012,2026-02-02,933,9.585,8942.81,6.17,USD,MOCK_FEED
POS00300620260202,PORT003,INS0013,2026-02-02,850,31.7073,26951.21,245.09,GBP,MOCK_FEED
POS00300720260202,PORT003,INS0014,2026-02-02,4648,10.9772,51022.03,1839.78,GBP,MOCK_FEED
POS00300820260202,PORT003,INS0015,2026-02-02,3409,25.41,86622.69,416.92,INR,MOCK_FEED
POS00300920260202,PORT003,INS0016,2026-02-02,3150,48.6998,153404.37,-102.41,EUR,MOCK_FEED
POS00301020260202,PORT003,INS0017,2026-02-02,1605,123.6384,198439.63,-850.23,USD,MOCK_FEED
POS00300120260203,PORT003,INS0008,2026-02-03,362,60.5084,21904.04,-314.67,INR,MOCK_FEED
POS00300220260203,PORT003,INS0009,2026-02-03,2473,32.2116,79659.29,-866.61,USD,MOCK_FEED
POS00300320260203,PORT003,INS0010,2026-02-03,1264,73.7341,93199.9,283.96,USD,MOCK_FEED
POS00300420260203,PORT003,INS0011,2026-02-03,164,21.1488,3468.4,-4.55,EUR,MOCK_FEED
POS00300520260203,PORT003,INS0012,2026-02-03,3620,9.5716,34649.19,1119.81,USD,MOCK_FEED
POS00300620260203,PORT003,INS0013,2026-02-03,1706,31.3114,53417.25,-1233.68,EUR,MOCK_FEED
POS00300720260203,PORT003,INS0014,2026-02-03,3608,11.0108,39726.97,211.99,INR,MOCK_FEED
POS00300820260203,PORT003,INS0015,2026-02-03,1732,25.4233,44033.16,-1037.21,USD,MOCK_FEED
POS00300920260203,PORT003,INS0016,2026-02-03,196,48.1293,9433.34,-14.6,GBP,MOCK_FEED
POS00301020260203,PORT003,INS0017,2026-02-03,1792,126.5894,226848.2,6597.39,USD,MOCK_FEED
POS00300120260204,PORT003,INS0008,2026-02-04,4541,60.4165,274351.33,7717.58,USD,MOCK_FEED
POS00300220260204,PORT003,INS0009,2026-02-04,2941,32.0532,94268.46,2083.78,GBP,MOCK_FEED
POS00300320260204,PORT003,INS0010,2026-02-04,1028,74.3208,76401.78,-52.53,EUR,MOCK_FEED
POS00300420260204,PORT003,INS0011,2026-02-04,2932,21.2987,62447.79,592.83,INR,MOCK_FEED
POS00300520260204,PORT003,INS0012,2026-02-04,2089,9.4861,19816.46,91.65,EUR,MOCK_FEED
POS00300620260204,PORT003,INS0013,2026-02-04,2519,31.7744,80039.71,181.68,EUR,MOCK_FEED
POS00300720260204,PORT003,INS0014,2026-02-04,1077,10.8724,11709.57,345.38,EUR,MOCK_FEED
POS00300820260204,PORT003,INS0015,2026-02-04,921,25.1683,23180.0,-571.91,GBP,MOCK_FEED
POS00300920260204,PORT003,INS0016,2026-02-04,4951,48.6242,240738.41,-3297.01,INR,MOCK_FEED
POS00301020260204,PORT003,INS0017,2026-02-04,2217,128.8441,285647.37,-3563.44,USD,MOCK_FEED
POS00300120260205,PORT003,INS0008,2026-02-05,3147,60.4851,190346.61,7522.51,EUR,MOCK_FEED
POS00300220260205,PORT003,INS0009,2026-02-05,1462,31.6866,46325.81,596.5,INR,MOCK_FEED
POS00300320260205,PORT003,INS0010,2026-02-05,794,74.7512,59352.45,-1081.27,INR,MOCK_FEED
POS00300420260205,PORT003,INS0011,2026-02-05,4333,21.5797,93504.84,2791.56,GBP,MOCK_FEED
POS00300520260205,PORT003,INS0012,2026-02-05,3176,9.6469,30638.55,289.87,USD,MOCK_FEED
POS00300620260205,PORT003,INS0013,2026-02-05,4820,31.5103,151879.65,-4026.02,EUR,MOCK_FEED
POS00300720260205,PORT003,INS0014,2026-02-05,3169,10.912,34580.13,-544.21,INR,MOCK_FEED
POS00300820260205,PORT003,INS0015,2026-02-05,3107,25.5781,79471.16,1142.96,GBP,MOCK_FEED
POS00300920260205,PORT003,INS0016,2026-02-05,4658,48.3445,225188.68,3304.17,GBP,MOCK_FEED
POS00301020260205,PORT003,INS0017,2026-02-05,4920,128.5526,632478.79,-5816.48,USD,MOCK_FEED
POS00300120260206,PORT003,INS0008,2026-02-06,3125,60.4636,188948.75,-4313.73,USD,MOCK_FEED
POS00300220260206,PORT003,INS0009,2026-02-06,3168,31.8979,101052.55,3533.38,USD,MOCK_FEED
POS00300320260206,PORT003,INS0010,2026-02-06,2356,75.2683,177332.11,4133.82,USD,MOCK_FEED
POS00300420260206,PORT003,INS0011,2026-02-06,3413,21.7672,74291.45,2292.77,EUR,MOCK_FEED
POS00300520260206,PORT003,INS0012,2026-02-06,103,9.7191,1001.07,0.57,GBP,MOCK_FEED
POS00300620260206,PORT003,INS0013,2026-02-06,4786,31.768,152041.65,-331.92,INR,MOCK_FEED
POS00300720260206,PORT003,INS0014,2026-02-06,4079,10.9519,44672.8,968.54,INR,MOCK_FEED
POS00300820260206,PORT003,INS0015,2026-02-06,1366,25.8337,35288.83,375.97,INR,MOCK_FEED
POS00300920260206,PORT003,INS0016,2026-02-06,3233,48.5256,156883.26,94.67,GBP,MOCK_FEED
POS00301020260206,PORT003,INS0017,2026-02-06,320,128.3397,41068.7,1526.18,GBP,MOCK_FEED
POS00300120260207,PORT003,INS0008,2026-02-07,593,60.6985,35994.21,-695.03,INR,MOCK_FEED
POS00300220260207,PORT003,INS0009,2026-02-07,2035,32.6143,66370.1,2438.72,GBP,MOCK_FEED
POS00300320260207,PORT003,INS0010,2026-02-07,2684,75.7932,203428.95,-5527.84,INR,MOCK_FEED
POS00300420260207,PORT003,INS0011,2026-02-07,3234,21.6526,70024.51,-588.39,EUR,MOCK_FEED
POS00300520260207,PORT003,INS0012,2026-02-07,4764,9.9061,47192.66,773.82,INR,MOCK_FEED
POS00300620260207,PORT003,INS0013,2026-02-07,2851,31.54,89920.54,601.16,USD,MOCK_FEED
POS00300720260207,PORT003,INS0014,2026-02-07,2836,11.0616,31370.7,445.42,USD,MOCK_FEED
POS00300820260207,PORT003,INS0015,2026-02-07,1227,26.1574,32095.13,-376.89,USD,MOCK_FEED
POS00300920260207,PORT003,INS0016,2026-02-07,3304,48.6004,160575.72,783.11,INR,MOCK_FEED
POS00301020260207,PORT003,INS0017,2026-02-07,2774,128.0112,355103.07,10359.38,EUR,MOCK_FEED
POS00300120260208,PORT003,INS0008,2026-02-08,3839,60.1848,231049.45,-1541.41,EUR,MOCK_FEED
POS00300220260208,PORT003,INS0009,2026-02-08,4721,32.6693,154231.77,1157.97,USD,MOCK_FEED
POS00300320260208,PORT003,INS0010,2026-02-08,4781,77.1928,369058.78,11318.79,EUR,MOCK_FEED
POS00300420260208,PORT003,INS0011,2026-02-08,4980,21.643,107782.14,3011.46,USD,MOCK_FEED
POS00300520260208,PORT003,INS0012,2026-02-08,1261,9.924,12514.16,401.76,EUR,MOCK_FEED
POS00300620260208,PORT003,INS0013,2026-02-08,2348,31.8006,74667.81,-1414.77,EUR,MOCK_FEED
POS00300720260208,PORT003,INS0014,2026-02-08,1402,11.0003,15422.42,315.55,INR,MOCK_FEED
POS00300820260208,PORT003,INS0015,2026-02-08,1734,26.3381,45670.27,1776.62,INR,MOCK_FEED
POS00300920260208,PORT003,INS0016,2026-02-08,1513,47.4964,71862.05,-228.87,USD,MOCK_FEED
POS00301020260208,PORT003,INS0017,2026-02-08,4965,128.3347,637181.79,-3002.74,USD,MOCK_FEED
POS00300120260209,PORT003,INS0008,2026-02-09,2241,61.0509,136815.07,5215.53,INR,MOCK_FEED
POS00300220260209,PORT003,INS0009,2026-02-09,3658,32.1692,117674.93,1467.38,INR,MOCK_FEED
POS00300320260209,PORT003,INS0010,2026-02-09,4258,77.0013,327871.54,-280.01,EUR,MOCK_FEED
POS00300420260209,PORT003,INS0011,2026-02-09,1702,21.5416,36663.8,681.95,USD,MOCK_FEED
POS00300520260209,PORT003,INS0012,2026-02-09,1433,10.0434,14392.19,271.85,GBP,MOCK_FEED
POS00300620260209,PORT003,INS0013,2026-02-09,1078,31.3801,33827.75,67.23,GBP,MOCK_FEED
POS00300720260209,PORT003,INS0014,2026-02-09,2997,10.998,32961.01,347.86,EUR,MOCK_FEED
POS00300820260209,PORT003,INS0015,2026-02-09,4011,26.2049,105107.85,-1829.0,INR,MOCK_FEED
POS00300920260209,PORT003,INS0016,2026-02-09,2030,47.0996,95612.19,1057.57,INR,MOCK_FEED
POS00301020260209,PORT003,INS0017,2026-02-09,1641,129.815,213026.42,7924.7,INR,MOCK_FEED
POS00300120260210,PORT003,INS0008,2026-02-10,3936,60.7077,238945.51,8227.72,USD,MOCK_FEED
POS00300220260210,PORT003,INS0009,2026-02-10,1788,32.434,57991.99,998.62,EUR,MOCK_FEED
POS00300320260210,PORT003,INS0010,2026-02-10,3121,77.7824,242758.87,1258.42,GBP,MOCK_FEED
POS00300420260210,PORT003,INS0011,2026-02-10,2528,21.3672,54016.28,694.92,GBP,MOCK_FEED
POS00300520260210,PORT003,INS0012,2026-02-10,1005,10.0185,10068.59,186.57,EUR,MOCK_FEED
POS00300620260210,PORT003,INS0013,2026-02-10,4759,30.7224,146207.9,2229.21,GBP,MOCK_FEED
POS00300720260210,PORT003,INS0014,2026-02-10,674,10.8961,7343.97,254.19,INR,MOCK_FEED
POS00300820260210,PORT003,INS0015,2026-02-10,2652,26.1593,69374.46,2118.41,EUR,MOCK_FEED
POS00300920260210,PORT003,INS0016,2026-02-10,2761,47.6187,131475.23,3896.87,EUR,MOCK_FEED
POS00301020260210,PORT003,INS0017,2026-02-10,3865,129.3406,499901.42,3477.18,USD,MOCK_FEED
POS00300120260211,PORT003,INS0008,2026-02-11,960,61.285,58833.6,-1309.03,EUR,MOCK_FEED
POS00300220260211,PORT003,INS0009,2026-02-11,1135,33.1088,37578.49,-1073.3,EUR,MOCK_FEED
POS00300320260211,PORT003,INS0010,2026-02-11,1052,76.9672,80969.49,-390.84,GBP,MOCK_FEED
POS00300420260211,PORT003,INS0011,2026-02-11,4214,21.6947,91421.47,2516.41,GBP,MOCK_FEED
POS00300520260211,PORT003,INS0012,2026-02-11,4344,10.0789,43782.74,-471.5,USD,MOCK_FEED
POS00300620260211,PORT003,INS0013,2026-02-11,3686,30.7278,113262.67,-985.39,EUR,MOCK_FEED
POS00300720260211,PORT003,INS0014,2026-02-11,1783,11.0404,19685.03,-447.24,GBP,MOCK_FEED
POS00300820260211,PORT003,INS0015,2026-02-11,4780,25.9666,124120.35,2680.66,EUR,MOCK_FEED
POS00300920260211,PORT003,INS0016,2026-02-11,2648,47.2906,125225.51,4238.02,INR,MOCK_FEED
POS00301020260211,PORT003,INS0017,2026-02-11,2165,128.4141,278016.53,8642.45,USD,MOCK_FEED
POS00300120260212,PORT003,INS0008,2026-02-12,1152,60.459,69648.77,1655.9,GBP,MOCK_FEED
POS00300220260212,PORT003,INS0009,2026-02-12,317,32.8827,10423.82,-104.71,USD,MOCK_FEED
POS00300320260212,PORT003,INS0010,2026-02-12,1229,78.691,96711.24,881.78,INR,MOCK_FEED
POS00300420260212,PORT003,INS0011,2026-02-12,582,22.0775,12849.1,252.17,USD,MOCK_FEED
POS00300520260212,PORT003,INS0012,2026-02-12,3406,10.1264,34490.52,1324.34,GBP,MOCK_FEED
POS00300620260212,PORT003,INS0013,2026-02-12,3391,30.2856,102698.47,934.11,EUR,MOCK_FEED
POS00300720260212,PORT003,INS0014,2026-02-12,4804,10.9421,52565.85,-1093.93,INR,MOCK_FEED
POS00300820260212,PORT003,INS0015,2026-02-12,4003,25.8994,103675.3,1864.99,GBP,MOCK_FEED
POS00300920260212,PORT003,INS0016,2026-02-12,3923,47.252,185369.6,-4059.81,USD,MOCK_FEED
POS00301020260212,PORT003,INS0017,2026-02-12,3720,127.8506,475604.23,-2580.19,USD,MOCK_FEED
POS00300120260213,PORT003,INS0008,2026-02-13,2454,59.6286,146328.58,-2512.26,USD,MOCK_FEED
POS00300220260213,PORT003,INS0009,2026-02-13,145,32.4443,4704.42,-79.69,USD,MOCK_FEED
POS00300320260213,PORT003,INS0010,2026-02-13,3422,78.4058,268304.65,6131.5,EUR,MOCK_FEED
POS00300420260213,PORT003,INS0011,2026-02-13,779,21.5552,16791.5,438.64,EUR,MOCK_FEED
POS00300520260213,PORT003,INS0012,2026-02-13,1245,10.1388,12622.81,411.15,USD,MOCK_FEED
POS00300620260213,PORT003,INS0013,2026-02-13,840,30.3456,25490.3,807.45,INR,MOCK_FEED
POS00300720260213,PORT003,INS0014,2026-02-13,4671,11.0308,51524.87,-1237.76,EUR,MOCK_FEED
POS00300820260213,PORT003,INS0015,2026-02-13,3496,25.6406,89639.54,3238.17,USD,MOCK_FEED
POS00300920260213,PORT003,INS0016,2026-02-13,3365,47.1797,158759.69,5309.89,EUR,MOCK_FEED
POS00301020260213,PORT003,INS0017,2026-02-13,2992,128.2842,383826.33,14102.16,USD,MOCK_FEED
POS00300120260214,PORT003,INS0008,2026-02-14,3671,59.9199,219965.95,1077.98,EUR,MOCK_FEED
POS00300220260214,PORT003,INS0009,2026-02-14,818,32.6214,26684.31,785.37,INR,MOCK_FEED
POS00300320260214,PORT003,INS0010,2026-02-14,3992,77.8149,310637.08,-1814.57,GBP,MOCK_FEED
POS00300420260214,PORT003,INS0011,2026-02-14,2488,21.6512,53868.19,200.21,EUR,MOCK_FEED
POS00300520260214,PORT003,INS0012,2026-02-14,1699,10.1721,17282.4,253.43,USD,MOCK_FEED
POS00300620260214,PORT003,INS0013,2026-02-14,2500,30.1565,75391.25,974.79,INR,MOCK_FEED
POS00300720260214,PORT003,INS0014,2026-02-14,4213,11.2768,47509.16,-870.36,EUR,MOCK_FEED
POS00300820260214,PORT003,INS0015,2026-02-14,1812,25.7982,46746.34,1404.32,USD,MOCK_FEED
POS00300920260214,PORT003,INS0016,2026-02-14,3198,46.678,149276.24,-4332.07,EUR,MOCK_FEED
POS00301020260214,PORT003,INS0017,2026-02-14,1513,128.305,194125.46,-1911.07,INR,MOCK_FEED
POS00300120260215,PORT003,INS0008,2026-02-15,2045,60.4763,123674.03,867.52,USD,MOCK_FEED
POS00300220260215,PORT003,INS0009,2026-02-15,3968,32.7894,130108.34,2512.24,EUR,MOCK_FEED
POS00300320260215,PORT003,INS0010,2026-02-15,1346,78.209,105269.31,-3098.77,GBP,MOCK_FEED
POS00300420260215,PORT003,INS0011,2026-02-15,3773,21.6819,81805.81,-1574.11,EUR,MOCK_FEED
POS00300520260215,PORT003,INS0012,2026-02-15,1802,9.9793,17982.7,135.91,EUR,MOCK_FEED
POS00300620260215,PORT003,INS0013,2026-02-15,4725,30.028,141882.3,-2033.37,GBP,MOCK_FEED
POS00300720260215,PORT003,INS0014,2026-02-15,3222,11.2725,36320.0,510.09,INR,MOCK_FEED
POS00300820260215,PORT003,INS0015,2026-02-15,4079,25.8786,105558.81,2259.78,USD,MOCK_FEED
POS00300920260215,PORT003,INS0016,2026-02-15,127,45.8786,5826.58,-172.2,USD,MOCK_FEED
POS00301020260215,PORT003,INS0017,2026-02-15,3415,131.4405,448869.31,6658.56,GBP,MOCK_FEED
POS00300120260216,PORT003,INS0008,2026-02-16,1853,59.4059,110079.13,-2265.41,INR,MOCK_FEED
POS00300220260216,PORT003,INS0009,2026-02-16,3039,32.8431,99810.18,-1954.92,GBP,MOCK_FEED
POS00300320260216,PORT003,INS0010,2026-02-16,4370,78.9467,344997.08,-4703.69,EUR,MOCK_FEED
POS00300420260216,PORT003,INS0011,2026-02-16,1694,21.9705,37218.03,-295.18,USD,MOCK_FEED
POS00300520260216,PORT003,INS0012,2026-02-16,4402,10.2123,44954.54,-1294.94,EUR,MOCK_FEED
POS00300620260216,PORT003,INS0013,2026-02-16,2540,30.842,78338.68,2133.98,GBP,MOCK_FEED
POS00300720260216,PORT003,INS0014,2026-02-16,1443,11.091,16004.31,-201.94,USD,MOCK_FEED
POS00300820260216,PORT003,INS0015,2026-02-16,3499,25.9967,90962.45,412.86,EUR,MOCK_FEED
POS00300920260216,PORT003,INS0016,2026-02-16,1146,46.0351,52756.22,-890.85,EUR,MOCK_FEED
POS00301020260216,PORT003,INS0017,2026-02-16,2213,134.229,297048.78,-7477.23,INR,MOCK_FEED
POS00300120260217,PORT003,INS0008,2026-02-17,2583,59.8302,154541.41,-2698.73,EUR,MOCK_FEED
POS00300220260217,PORT003,INS0009,2026-02-17,2957,32.5718,96314.81,3381.45,INR,MOCK_FEED
POS00300320260217,PORT003,INS0010,2026-02-17,1866,78.8222,147082.23,3946.86,EUR,MOCK_FEED
POS00300420260217,PORT003,INS0011,2026-02-17,3683,21.9977,81017.53,1134.45,INR,MOCK_FEED
POS00300520260217,PORT003,INS0012,2026-02-17,3339,10.1512,33894.86,-781.13,INR,MOCK_FEED
POS00300620260217,PORT003,INS0013,2026-02-17,1310,30.9441,40536.77,-254.92,EUR,MOCK_FEED
POS00300720260217,PORT003,INS0014,2026-02-17,392,11.2085,4393.73,6.21,INR,MOCK_FEED
POS00300820260217,PORT003,INS0015,2026-02-17,4815,26.022,125295.93,-78.45,USD,MOCK_FEED
POS00300920260217,PORT003,INS0016,2026-02-17,4585,45.7523,209774.3,1402.64,USD,MOCK_FEED
POS00301020260217,PORT003,INS0017,2026-02-17,4297,134.9582,579915.39,-16521.12,EUR,MOCK_FEED
POS00300120260218,PORT003,INS0008,2026-02-18,4417,60.675,268001.47,4327.29,INR,MOCK_FEED
POS00300220260218,PORT003,INS0009,2026-02-18,858,32.5158,27898.56,-156.78,USD,MOCK_FEED
POS00300320260218,PORT003,INS0010,2026-02-18,1018,79.8831,81321.0,1237.73,GBP,MOCK_FEED
POS00300420260218,PORT003,INS0011,2026-02-18,3828,22.2934,85339.14,2829.3,GBP,MOCK_FEED
POS00300520260218,PORT003,INS0012,2026-02-18,4548,10.1207,46028.94,1386.27,INR,MOCK_FEED
POS00300620260218,PORT003,INS0013,2026-02-18,4465,31.7805,141899.93,-550.88,INR,MOCK_FEED
POS00300720260218,PORT003,INS0014,2026-02-18,979,11.292,11054.87,348.38,EUR,MOCK_FEED
POS00300820260218,PORT003,INS0015,2026-02-18,841,26.5792,22353.11,732.03,USD,MOCK_FEED
POS00300920260218,PORT003,INS0016,2026-02-18,2094,45.6565,95604.71,2446.49,USD,MOCK_FEED
POS00301020260218,PORT003,INS0017,2026-02-18,3303,137.6884,454784.79,-2041.88,EUR,MOCK_FEED
POS00300120260219,PORT003,INS0008,2026-02-19,2517,59.9995,151018.74,-499.3,EUR,MOCK_FEED
POS00300220260219,PORT003,INS0009,2026-02-19,917,31.65,29023.05,720.13,INR,MOCK_FEED
POS00300320260219,PORT003,INS0010,2026-02-19,4807,80.5752,387324.99,-2733.32,INR,MOCK_FEED
POS00300420260219,PORT003,INS0011,2026-02-19,1322,22.0729,29180.37,659.28,GBP,MOCK_FEED
POS00300520260219,PORT003,INS0012,2026-02-19,3225,10.0387,32374.81,1145.8,GBP,MOCK_FEED
POS00300620260219,PORT003,INS0013,2026-02-19,3404,32.2846,109896.78,-2868.57,INR,MOCK_FEED
POS00300720260219,PORT003,INS0014,2026-02-19,398,11.4823,4569.96,-132.22,INR,MOCK_FEED
POS00300820260219,PORT003,INS0015,2026-02-19,2551,26.669,68032.62,296.01,EUR,MOCK_FEED
POS00300920260219,PORT003,INS0016,2026-02-19,4426,45.4886,201332.54,-4701.42,EUR,MOCK_FEED
POS00301020260219,PORT003,INS0017,2026-02-19,4702,139.2519,654762.43,-18345.71,EUR,MOCK_FEED
POS00300120260220,PORT003,INS0008,2026-02-20,3596,58.7031,211096.35,-471.34,EUR,MOCK_FEED
POS00300220260220,PORT003,INS0009,2026-02-20,904,31.4838,28461.36,284.93,USD,MOCK_FEED
POS00300320260220,PORT003,INS0010,2026-02-20,3788,81.1626,307443.93,-145.87,GBP,MOCK_FEED
POS00300420260220,PORT003,INS0011,2026-02-20,2420,21.9119,53026.8,-1315.18,GBP,MOCK_FEED
POS00300520260220,PORT003,INS0012,2026-02-20,857,10.0366,8601.37,-191.73,EUR,MOCK_FEED
POS00300620260220,PORT003,INS0013,2026-02-20,4965,32.356,160647.54,4749.73,GBP,MOCK_FEED
POS00300720260220,PORT003,INS0014,2026-02-20,3210,11.3842,36543.28,1336.45,USD,MOCK_FEED
POS00300820260220,PORT003,INS0015,2026-02-20,1204,26.7753,32237.46,-351.46,GBP,MOCK_FEED
POS00300920260220,PORT003,INS0016,2026-02-20,123,45.7267,5624.38,107.8,EUR,MOCK_FEED
POS00301020260220,PORT003,INS0017,2026-02-20,4564,139.3471,635980.16,18012.1,USD,MOCK_FEED
POS00300120260221,PORT003,INS0008,2026-02-21,2709,59.0109,159860.53,-4299.79,GBP,MOCK_FEED
POS00300220260221,PORT003,INS0009,2026-02-21,3780,31.3478,118494.68,1759.11,INR,MOCK_FEED
POS00300320260221,PORT003,INS0010,2026-02-21,106,80.4942,8532.39,-143.57,GBP,MOCK_FEED
POS00300420260221,PORT003,INS0011,2026-02-21,1851,21.7741,40303.86,1208.34,EUR,MOCK_FEED
POS00300520260221,PORT003,INS0012,2026-02-21,3868,10.1726,39347.62,1009.67,INR,MOCK_FEED
POS00300620260221,PORT003,INS0013,2026-02-21,4491,32.2282,144736.85,-3895.66,INR,MOCK_FEED
POS00300720260221,PORT003,INS0014,2026-02-21,618,11.257,6956.83,-174.14,EUR,MOCK_FEED
POS00300820260221,PORT003,INS0015,2026-02-21,1689,26.7015,45098.83,1185.48,EUR,MOCK_FEED
POS00300920260221,PORT003,INS0016,2026-02-21,870,45.2003,39324.26,-968.93,INR,MOCK_FEED
POS00301020260221,PORT003,INS0017,2026-02-21,2180,138.5931,302132.96,10618.01,INR,MOCK_FEED
POS00300120260222,PORT003,INS0008,2026-02-22,1844,58.3688,107632.07,184.06,USD,MOCK_FEED
POS00300220260222,PORT003,INS0009,2026-02-22,462,31.9481,14760.02,66.87,USD,MOCK_FEED
POS00300320260222,PORT003,INS0010,2026-02-22,1367,80.019,109385.97,205.52,INR,MOCK_FEED
POS00300420260222,PORT003,INS0011,2026-02-22,106,21.3689,2265.1,9.33,USD,MOCK_FEED
POS00300520260222,PORT003,INS0012,2026-02-22,4041,10.2103,41259.82,36.62,EUR,MOCK_FEED
POS00300620260222,PORT003,INS0013,2026-02-22,3156,32.0364,101106.88,-700.72,USD,MOCK_FEED
POS00300720260222,PORT003,INS0014,2026-02-22,4627,11.171,51688.22,-1361.66,EUR,MOCK_FEED
POS00300820260222,PORT003,INS0015,2026-02-22,3251,26.7792,87059.18,-1116.26,EUR,MOCK_FEED
POS00300920260222,PORT003,INS0016,2026-02-22,2144,44.265,94904.16,-1357.89,USD,MOCK_FEED
POS00301020260222,PORT003,INS0017,2026-02-22,2952,141.6072,418024.45,-8137.13,GBP,MOCK_FEED
POS00300120260223,PORT003,INS0008,2026-02-23,2084,57.4321,119688.5,-1297.72,GBP,MOCK_FEED
POS00300220260223,PORT003,INS0009,2026-02-23,1409,32.0759,45194.94,483.68,EUR,MOCK_FEED
POS00300320260223,PORT003,INS0010,2026-02-23,2005,78.2567,156904.68,-4403.25,USD,MOCK_FEED
POS00300420260223,PORT003,INS0011,2026-02-23,3929,21.491,84438.14,-1108.01,GBP,MOCK_FEED
POS00300520260223,PORT003,INS0012,2026-02-23,1937,10.2768,19906.16,161.5,EUR,MOCK_FEED
POS00300620260223,PORT003,INS0013,2026-02-23,2843,31.9431,90814.23,622.1,EUR,MOCK_FEED
POS00300720260223,PORT003,INS0014,2026-02-23,3391,11.0029,37310.83,-636.9,EUR,MOCK_FEED
POS00300820260223,PORT003,INS0015,2026-02-23,1763,26.956,47523.43,510.8,USD,MOCK_FEED
POS00300920260223,PORT003,INS0016,2026-02-23,1118,45.0698,50388.04,-498.16,GBP,MOCK_FEED
POS00301020260223,PORT003,INS0017,2026-02-23,886,139.4419,123545.52,-2235.1,INR,MOCK_FEED
POS00300120260224,PORT003,INS0008,2026-02-24,2904,56.3836,163737.97,4490.07,EUR,MOCK_FEED
POS00300220260224,PORT003,INS0009,2026-02-24,4157,31.9594,132855.23,1831.03,INR,MOCK_FEED
POS00300320260224,PORT003,INS0010,2026-02-24,857,78.7558,67493.72,1738.79,EUR,MOCK_FEED
POS00300420260224,PORT003,INS0011,2026-02-24,1223,21.4986,26292.79,-187.79,USD,MOCK_FEED
POS00300520260224,PORT003,INS0012,2026-02-24,1568,10.3983,16304.53,-88.48,INR,MOCK_FEED
POS00300620260224,PORT003,INS0013,2026-02-24,2971,31.1108,92430.19,2653.3,INR,MOCK_FEED
POS00300720260224,PORT003,INS0014,2026-02-24,216,10.6862,2308.22,-14.53,EUR,MOCK_FEED
POS00300820260224,PORT003,INS0015,2026-02-24,3789,27.8568,105549.42,-514.85,INR,MOCK_FEED
POS00300920260224,PORT003,INS0016,2026-02-24,3375,45.1168,152269.2,-2343.77,USD,MOCK_FEED
POS00301020260224,PORT003,INS0017,2026-02-24,1622,134.9831,218942.59,-1955.85,EUR,MOCK_FEED
POS00300120260225,PORT003,INS0008,2026-02-25,392,56.1514,22011.35,-120.17,INR,MOCK_FEED
POS00300220260225,PORT003,INS0009,2026-02-25,4631,31.721,146899.95,4220.3,EUR,MOCK_FEED
POS00300320260225,PORT003,INS0010,2026-02-25,360,79.2972,28546.99,773.72,GBP,MOCK_FEED
POS00300420260225,PORT003,INS0011,2026-02-25,2768,21.287,58922.42,930.29,INR,MOCK_FEED
POS00300520260225,PORT003,INS0012,2026-02-25,3202,10.4105,33334.42,698.06,INR,MOCK_FEED
POS00300620260225,PORT003,INS0013,2026-02-25,3360,30.7821,103427.86,-18.87,INR,MOCK_FEED
POS00300720260225,PORT003,INS0014,2026-02-25,678,10.5924,7181.65,136.9,EUR,MOCK_FEED
POS00300820260225,PORT003,INS0015,2026-02-25,4253,27.2166,115752.2,-2480.89,GBP,MOCK_FEED
POS00300920260225,PORT003,INS0016,2026-02-25,4407,44.8361,197592.69,6360.81,USD,MOCK_FEED
POS00301020260225,PORT003,INS0017,2026-02-25,592,134.8474,79829.66,3167.11,EUR,MOCK_FEED
POS00300120260226,PORT003,INS0008,2026-02-26,4256,56.364,239885.18,6460.02,GBP,MOCK_FEED
POS00300220260226,PORT003,INS0009,2026-02-26,3442,31.5242,108506.3,-2763.92,GBP,MOCK_FEED
POS00300320260226,PORT003,INS0010,2026-02-26,3014,80.3229,242093.22,6827.27,EUR,MOCK_FEED
POS00300420260226,PORT003,INS0011,2026-02-26,2570,21.3823,54952.51,315.89,INR,MOCK_FEED
POS00300520260226,PORT003,INS0012,2026-02-26,2007,10.3115,20695.18,685.14,USD,MOCK_FEED
POS00300620260226,PORT003,INS0013,2026-02-26,1790,30.3469,54320.95,278.84,USD,MOCK_FEED
POS00300720260226,PORT003,INS0014,2026-02-26,3446,10.6655,36753.31,1256.94,GBP,MOCK_FEED
POS00300820260226,PORT003,INS0015,2026-02-26,2965,27.1935,80628.73,1935.88,USD,MOCK_FEED
POS00300920260226,PORT003,INS0016,2026-02-26,1742,44.6136,77716.89,-1738.69,INR,MOCK_FEED
POS00301020260226,PORT003,INS0017,2026-02-26,3079,133.069,409719.45,10753.62,USD,MOCK_FEED
POS00300120260227,PORT003,INS0008,2026-02-27,4734,56.7032,268432.95,-3612.42,GBP,MOCK_FEED
POS00300220260227,PORT003,INS0009,2026-02-27,1133,31.0379,35165.94,-98.81,GBP,MOCK_FEED
POS00300320260227,PORT003,INS0010,2026-02-27,4793,80.6581,386594.27,-10214.36,INR,MOCK_FEED
POS00300420260227,PORT003,INS0011,2026-02-27,2058,20.9775,43171.69,-836.26,INR,MOCK_FEED
POS00300520260227,PORT003,INS0012,2026-02-27,2567,10.3721,26625.18,36.85,USD,MOCK_FEED
POS00300620260227,PORT003,INS0013,2026-02-27,4148,29.6052,122802.37,2424.6,USD,MOCK_FEED
POS00300720260227,PORT003,INS0014,2026-02-27,4402,10.66,46925.32,-1346.88,INR,MOCK_FEED
POS00300820260227,PORT003,INS0015,2026-02-27,1008,27.1162,27333.13,409.35,EUR,MOCK_FEED
POS00300920260227,PORT003,INS0016,2026-02-27,2511,45.2695,113671.71,3605.14,USD,MOCK_FEED
POS00301020260227,PORT003,INS0017,2026-02-27,1962,133.8805,262673.54,1428.53,USD,MOCK_FEED
POS00300120260228,PORT003,INS0008,2026-02-28,2042,56.655,115689.51,-836.01,INR,MOCK_FEED
POS00300220260228,PORT003,INS0009,2026-02-28,3876,30.9208,119849.02,-41.61,GBP,MOCK_FEED
POS00300320260228,PORT003,INS0010,2026-02-28,2288,81.1846,185750.36,93.57,USD,MOCK_FEED
POS00300420260228,PORT003,INS0011,2026-02-28,1626,21.3612,34733.31,890.68,EUR,MOCK_FEED
POS00300520260228,PORT003,INS0012,2026-02-28,166,10.5049,1743.81,22.76,EUR,MOCK_FEED
POS00300620260228,PORT003,INS0013,2026-02-28,4910,29.7135,145893.29,3919.19,EUR,MOCK_FEED
POS00300720260228,PORT003,INS0014,2026-02-28,2694,10.5673,28468.31,-382.72,EUR,MOCK_FEED
POS00300820260228,PORT003,INS0015,2026-02-28,3975,26.5434,105510.01,2867.47,GBP,MOCK_FEED
POS00300920260228,PORT003,INS0016,2026-02-28,435,45.0796,19609.63,-270.9,INR,MOCK_FEED
POS00301020260228,PORT003,INS0017,2026-02-28,4750,133.4455,633866.12,17791.23,INR,MOCK_FEED
POS00300120260301,PORT003,INS0008,2026-03-01,2635,57.1311,150540.45,786.46,USD,MOCK_FEED
POS00300220260301,PORT003,INS0009,2026-03-01,3663,31.561,115607.94,-2545.53,EUR,MOCK_FEED
POS00300320260301,PORT003,INS0010,2026-03-01,2823,81.3295,229593.18,-6035.88,INR,MOCK_FEED
POS00300420260301,PORT003,INS0011,2026-03-01,1264,21.8399,27605.63,-622.31,USD,MOCK_FEED
POS00300520260301,PORT003,INS0012,2026-03-01,4920,10.3287,50817.2,850.08,INR,MOCK_FEED
POS00300620260301,PORT003,INS0013,2026-03-01,1472,29.6258,43609.18,542.15,INR,MOCK_FEED
POS00300720260301,PORT003,INS0014,2026-03-01,2553,10.2855,26258.88,-261.56,USD,MOCK_FEED
POS00300820260301,PORT003,INS0015,2026-03-01,120,26.6227,3194.72,-5.95,USD,MOCK_FEED
POS00300920260301,PORT003,INS0016,2026-03-01,4933,45.7894,225879.11,-4346.06,USD,MOCK_FEED
POS00301020260301,PORT003,INS0017,2026-03-01,1448,133.5535,193385.47,-3171.18,USD,MOCK_FEED
POS00300120260302,PORT003,INS0008,2026-03-02,521,57.8274,30128.08,904.06,EUR,MOCK_FEED
POS00300220260302,PORT003,INS0009,2026-03-02,2809,31.9389,89716.37,-2264.18,EUR,MOCK_FEED
POS00300320260302,PORT003,INS0010,2026-03-02,1516,83.014,125849.22,3487.29,INR,MOCK_FEED
POS00300420260302,PORT003,INS0011,2026-03-02,4333,22.0049,95347.23,1093.39,EUR,MOCK_FEED
POS00300520260302,PORT003,INS0012,2026-03-02,2048,10.1722,20832.67,295.07,GBP,MOCK_FEED
POS00300620260302,PORT003,INS0013,2026-03-02,1031,29.3421,30251.71,1064.65,GBP,MOCK_FEED
POS00300720260302,PORT003,INS0014,2026-03-02,3698,10.2955,38072.76,-113.46,INR,MOCK_FEED
POS00300820260302,PORT003,INS0015,2026-03-02,2381,26.8479,63924.85,943.85,EUR,MOCK_FEED
POS00300920260302,PORT003,INS0016,2026-03-02,4294,46.3448,199004.57,7523.21,INR,MOCK_FEED
POS00301020260302,PORT003,INS0017,2026-03-02,4740,134.0859,635567.17,-11491.86,USD,MOCK_FEED
POS00300120260303,PORT003,INS0008,2026-03-03,3186,58.7427,187154.24,6567.01,GBP,MOCK_FEED
POS00300220260303,PORT003,INS0009,2026-03-03,1363,32.0145,43635.76,1457.98,EUR,MOCK_FEED
POS00300320260303,PORT003,INS0010,2026-03-03,3340,82.39,275182.6,8497.28,EUR,MOCK_FEED
POS00300420260303,PORT003,INS0011,2026-03-03,1774,22.2383,39450.74,113.49,INR,MOCK_FEED
POS00300520260303,PORT003,INS0012,2026-03-03,1588,10.0866,16017.52,560.12,USD,MOCK_FEED
POS00300620260303,PORT003,INS0013,2026-03-03,342,29.6935,10155.18,-58.47,INR,MOCK_FEED
POS00300720260303,PORT003,INS0014,2026-03-03,860,10.3049,8862.21,-5.33,GBP,MOCK_FEED
POS00300820260303,PORT003,INS0015,2026-03-03,4041,26.8483,108493.98,-2789.2,USD,MOCK_FEED
POS00300920260303,PORT003,INS0016,2026-03-03,339,46.6082,15800.18,226.55,INR,MOCK_FEED
POS00301020260303,PORT003,INS0017,2026-03-03,1129,134.6596,152030.69,2480.8,INR,MOCK_FEED
POS00300120260304,PORT003,INS0008,2026-03-04,662,58.1083,38467.69,239.11,USD,MOCK_FEED
POS00300220260304,PORT003,INS0009,2026-03-04,3450,31.4998,108674.31,1744.17,GBP,MOCK_FEED
POS00300320260304,PORT003,INS0010,2026-03-04,3573,81.8059,292292.48,-3985.89,GBP,MOCK_FEED
POS00300420260304,PORT003,INS0011,2026-03-04,3090,22.9524,70922.92,-841.3,INR,MOCK_FEED
POS00300520260304,PORT003,INS0012,2026-03-04,3020,10.0649,30396.0,-460.24,EUR,MOCK_FEED
POS00300620260304,PORT003,INS0013,2026-03-04,3193,29.648,94666.06,3165.4,INR,MOCK_FEED
POS00300720260304,PORT003,INS0014,2026-03-04,4655,10.3752,48296.56,1532.97,USD,MOCK_FEED
POS00300820260304,PORT003,INS0015,2026-03-04,3374,26.5474,89570.93,-1153.45,GBP,MOCK_FEED
POS00300920260304,PORT003,INS0016,2026-03-04,1740,45.9124,79887.58,2406.4,EUR,MOCK_FEED
POS00301020260304,PORT003,INS0017,2026-03-04,3655,133.6029,488318.6,-9766.49,EUR,MOCK_FEED
POS00300120260305,PORT003,INS0008,2026-03-05,1288,57.5009,74061.16,1109.34,INR,MOCK_FEED
POS00300220260305,PORT003,INS0009,2026-03-05,3007,31.0435,93347.8,1204.89,EUR,MOCK_FEED
POS00300320260305,PORT003,INS0010,2026-03-05,4585,82.1299,376565.59,-6893.76,EUR,MOCK_FEED
POS00300420260305,PORT003,INS0011,2026-03-05,3950,23.067,91114.65,-2135.83,USD,MOCK_FEED
POS00300520260305,PORT003,INS0012,2026-03-05,3728,10.0393,37426.51,48.83,INR,MOCK_FEED
POS00300620260305,PORT003,INS0013,2026-03-05,303,29.3931,8906.11,240.34,EUR,MOCK_FEED
POS00300720260305,PORT003,INS0014,2026-03-05,1056,10.5915,11184.62,267.05,GBP,MOCK_FEED
POS00300820260305,PORT003,INS0015,2026-03-05,4700,26.5492,124781.24,2007.11,EUR,MOCK_FEED
POS00300920260305,PORT003,INS0016,2026-03-05,2580,45.6107,117675.61,-3181.42,EUR,MOCK_FEED
POS00301020260305,PORT003,INS0017,2026-03-05,2346,133.2734,312659.4,1579.8,EUR,MOCK_FEED
POS00300120260306,PORT003,INS0008,2026-03-06,3495,56.3358,196893.62,1494.09,GBP,MOCK_FEED
POS00300220260306,PORT003,INS0009,2026-03-06,465,31.344,14574.96,418.99,EUR,MOCK_FEED
POS00300320260306,PORT003,INS0010,2026-03-06,2104,82.7974,174205.73,5146.35,EUR,MOCK_FEED
POS00300420260306,PORT003,INS0011,2026-03-06,976,23.0312,22478.45,565.31,INR,MOCK_FEED
POS00300520260306,PORT003,INS0012,2026-03-06,3921,9.9786,39126.09,-1019.96,USD,MOCK_FEED
POS00300620260306,PORT003,INS0013,2026-03-06,3411,29.2978,99934.8,-628.49,USD,MOCK_FEED
POS00300720260306,PORT003,INS0014,2026-03-06,4694,10.3604,48631.72,1620.35,INR,MOCK_FEED
POS00300820260306,PORT003,INS0015,2026-03-06,4835,26.2945,127133.91,2152.34,EUR,MOCK_FEED
POS00300920260306,PORT003,INS0016,2026-03-06,2685,45.6601,122597.37,3412.14,EUR,MOCK_FEED
POS00301020260306,PORT003,INS0017,2026-03-06,1218,134.4142,163716.5,90.57,GBP,MOCK_FEED
POS00300120260307,PORT003,INS0008,2026-03-07,3253,56.96,185290.88,1646.76,INR,MOCK_FEED
POS00300220260307,PORT003,INS0009,2026-03-07,2245,31.3601,70403.42,2342.41,EUR,MOCK_FEED
POS00300320260307,PORT003,INS0010,2026-03-07,312,81.4017,25397.33,-451.94,INR,MOCK_FEED
POS00300420260307,PORT003,INS0011,2026-03-07,1533,22.9267,35146.63,-742.02,INR,MOCK_FEED
POS00300520260307,PORT003,INS0012,2026-03-07,2661,9.9094,26368.91,-562.56,GBP,MOCK_FEED
POS00300620260307,PORT003,INS0013,2026-03-07,4918,29.3876,144528.22,-3024.49,USD,MOCK_FEED
POS00300720260307,PORT003,INS0014,2026-03-07,154,10.4131,1603.62,39.54,INR,MOCK_FEED
POS00300820260307,PORT003,INS0015,2026-03-07,3692,26.2563,96938.26,-1772.03,USD,MOCK_FEED
POS00300920260307,PORT003,INS0016,2026-03-07,347,45.6339,15834.96,450.21,INR,MOCK_FEED
POS00301020260307,PORT003,INS0017,2026-03-07,3772,138.2701,521554.82,-6066.64,USD,MOCK_FEED
POS00300120260308,PORT003,INS0008,2026-03-08,1929,56.5273,109041.16,-2488.72,USD,MOCK_FEED
POS00300220260308,PORT003,INS0009,2026-03-08,4213,31.4664,132567.94,4015.58,USD,MOCK_FEED
POS00300320260308,PORT003,INS0010,2026-03-08,1828,79.7355,145756.49,-1509.07,GBP,MOCK_FEED
POS00300420260308,PORT003,INS0011,2026-03-08,4395,23.0476,101294.2,-775.74,USD,MOCK_FEED
POS00300520260308,PORT003,INS0012,2026-03-08,4698,9.8367,46212.82,-715.93,GBP,MOCK_FEED
POS00300620260308,PORT003,INS0013,2026-03-08,756,29.5399,22332.16,730.3,INR,MOCK_FEED
POS00300720260308,PORT003,INS0014,2026-03-08,4579,10.6456,48746.2,854.78,GBP,MOCK_FEED
POS00300820260308,PORT003,INS0015,2026-03-08,3319,26.4543,87801.82,350.14,EUR,MOCK_FEED
POS00300920260308,PORT003,INS0016,2026-03-08,1423,46.0909,65587.35,742.41,USD,MOCK_FEED
POS00301020260308,PORT003,INS0017,2026-03-08,1262,137.1437,173075.35,5684.6,EUR,MOCK_FEED
POS00300120260309,PORT003,INS0008,2026-03-09,3802,55.8206,212229.92,4749.67,EUR,MOCK_FEED
POS00300220260309,PORT003,INS0009,2026-03-09,4701,32.3071,151875.68,-1695.18,GBP,MOCK_FEED
POS00300320260309,PORT003,INS0010,2026-03-09,300,79.882,23964.6,-149.29,INR,MOCK_FEED
POS00300420260309,PORT003,INS0011,2026-03-09,162,23.234,3763.91,122.64,EUR,MOCK_FEED
POS00300520260309,PORT003,INS0012,2026-03-09,3855,9.8093,37814.85,-754.51,GBP,MOCK_FEED
POS00300620260309,PORT003,INS0013,2026-03-09,4019,28.9867,116497.55,3012.22,USD,MOCK_FEED
POS00300720260309,PORT003,INS0014,2026-03-09,441,10.5127,4636.1,21.43,GBP,MOCK_FEED
POS00300820260309,PORT003,INS0015,2026-03-09,1411,26.5319,37436.51,1377.23,USD,MOCK_FEED
POS00300920260309,PORT003,INS0016,2026-03-09,4540,46.9305,213064.47,4083.59,GBP,MOCK_FEED
POS00301020260309,PORT003,INS0017,2026-03-09,4068,138.5729,563714.56,-40.78,USD,MOCK_FEED
POS00300120260310,PORT003,INS0008,2026-03-10,4303,57.2483,246339.43,241.05,GBP,MOCK_FEED
POS00300220260310,PORT003,INS0009,2026-03-10,1546,32.5467,50317.2,673.81,GBP,MOCK_FEED
POS00300320260310,PORT003,INS0010,2026-03-10,2300,80.6817,185567.91,5240.53,GBP,MOCK_FEED
POS00300420260310,PORT003,INS0011,2026-03-10,1235,22.9607,28356.46,425.06,EUR,MOCK_FEED
POS00300520260310,PORT003,INS0012,2026-03-10,1827,9.8542,18003.62,669.38,USD,MOCK_FEED
POS00300620260310,PORT003,INS0013,2026-03-10,3235,29.9738,96965.24,-2054.51,EUR,MOCK_FEED
POS00300720260310,PORT003,INS0014,2026-03-10,1522,10.5033,15986.02,352.11,USD,MOCK_FEED
POS00300820260310,PORT003,INS0015,2026-03-10,2796,26.8494,75070.92,1167.81,USD,MOCK_FEED
POS00300920260310,PORT003,INS0016,2026-03-10,836,47.1297,39400.43,-1020.08,USD,MOCK_FEED
POS00301020260310,PORT003,INS0017,2026-03-10,878,137.1481,120416.03,-1137.22,EUR,MOCK_FEED
POS00300120260311,PORT003,INS0008,2026-03-11,1598,58.0249,92723.79,3372.18,EUR,MOCK_FEED
POS00300220260311,PORT003,INS0009,2026-03-11,2408,32.0007,77057.69,226.1,USD,MOCK_FEED
POS00300320260311,PORT003,INS0010,2026-03-11,3189,79.0767,252175.6,-8.91,USD,MOCK_FEED
POS00300420260311,PORT003,INS0011,2026-03-11,2323,22.9065,53211.8,954.58,INR,MOCK_FEED
POS00300520260311,PORT003,INS0012,2026-03-11,249,10.0952,2513.7,58.93,INR,MOCK_FEED
POS00300620260311,PORT003,INS0013,2026-03-11,1032,29.4049,30345.86,-373.28,USD,MOCK_FEED
POS00300720260311,PORT003,INS0014,2026-03-11,4155,10.609,44080.39,394.28,GBP,MOCK_FEED
POS00300820260311,PORT003,INS0015,2026-03-11,3122,27.0495,84448.54,2297.29,USD,MOCK_FEED
POS00300920260311,PORT003,INS0016,2026-03-11,2503,47.2145,118177.89,3252.15,INR,MOCK_FEED
POS00301020260311,PORT003,INS0017,2026-03-11,3434,135.7892,466300.11,14036.78,GBP,MOCK_FEED
POS00300120260312,PORT003,INS0008,2026-03-12,2279,57.814,131758.11,3725.62,USD,MOCK_FEED
POS00300220260312,PORT003,INS0009,2026-03-12,2712,31.9839,86740.34,1745.4,EUR,MOCK_FEED
POS00300320260312,PORT003,INS0010,2026-03-12,2569,80.3971,206540.15,-470.08,INR,MOCK_FEED
POS00300420260312,PORT003,INS0011,2026-03-12,2571,22.7656,58530.36,-201.44,INR,MOCK_FEED
POS00300520260312,PORT003,INS0012,2026-03-12,2590,10.032,25982.88,8.21,EUR,MOCK_FEED
POS00300620260312,PORT003,INS0013,2026-03-12,1058,29.0467,30731.41,-315.73,EUR,MOCK_FEED
POS00300720260312,PORT003,INS0014,2026-03-12,2563,10.576,27106.29,-152.18,USD,MOCK_FEED
POS00300820260312,PORT003,INS0015,2026-03-12,4629,27.0118,125037.62,-2330.68,GBP,MOCK_FEED
POS00300920260312,PORT003,INS0016,2026-03-12,778,45.9511,35749.96,370.07,EUR,MOCK_FEED
POS00301020260312,PORT003,INS0017,2026-03-12,3318,137.5867,456512.67,2696.48,GBP,MOCK_FEED
POS00300120260313,PORT003,INS0008,2026-03-13,2339,57.4122,134287.14,-2539.48,INR,MOCK_FEED
POS00300220260313,PORT003,INS0009,2026-03-13,3480,31.8123,110706.8,3826.74,INR,MOCK_FEED
POS00300320260313,PORT003,INS0010,2026-03-13,881,81.0372,71393.77,2558.1,USD,MOCK_FEED
POS00300420260313,PORT003,INS0011,2026-03-13,4841,22.4179,108525.05,-2512.94,GBP,MOCK_FEED
POS00300520260313,PORT003,INS0012,2026-03-13,928,9.9007,9187.85,-130.29,USD,MOCK_FEED
POS00300620260313,PORT003,INS0013,2026-03-13,3776,29.2322,110380.79,4373.45,INR,MOCK_FEED
POS00300720260313,PORT003,INS0014,2026-03-13,426,10.8063,4603.48,13.58,EUR,MOCK_FEED
POS00300820260313,PORT003,INS0015,2026-03-13,4914,26.9122,132246.55,-2500.37,GBP,MOCK_FEED
POS00300920260313,PORT003,INS0016,2026-03-13,116,45.9431,5329.4,201.04,EUR,MOCK_FEED
POS00301020260313,PORT003,INS0017,2026-03-13,4564,137.1133,625785.1,11785.58,INR,MOCK_FEED
POS00300120260314,PORT003,INS0008,2026-03-14,129,56.8494,7333.57,202.4,GBP,MOCK_FEED
POS00300220260314,PORT003,INS0009,2026-03-14,649,31.5444,20472.32,345.67,EUR,MOCK_FEED
POS00300320260314,PORT003,INS0010,2026-03-14,3320,82.0082,272267.22,6244.66,USD,MOCK_FEED
POS00300420260314,PORT003,INS0011,2026-03-14,472,22.6722,10701.28,406.27,USD,MOCK_FEED
POS00300520260314,PORT003,INS0012,2026-03-14,2545,9.7817,24894.43,-168.08,GBP,MOCK_FEED
POS00300620260314,PORT003,INS0013,2026-03-14,2533,29.5873,74944.63,-1598.22,INR,MOCK_FEED
POS00300720260314,PORT003,INS0014,2026-03-14,290,10.5862,3070.0,14.51,EUR,MOCK_FEED
POS00300820260314,PORT003,INS0015,2026-03-14,1268,26.0424,33021.76,898.74,EUR,MOCK_FEED
POS00300920260314,PORT003,INS0016,2026-03-14,836,45.7882,38278.94,-1144.66,GBP,MOCK_FEED
POS00301020260314,PORT003,INS0017,2026-03-14,2909,139.128,404723.35,-9213.72,GBP,MOCK_FEED
POS00300120260315,PORT003,INS0008,2026-03-15,448,58.3313,26132.42,230.56,EUR,MOCK_FEED
POS00300220260315,PORT003,INS0009,2026-03-15,260,31.7981,8267.51,-213.44,INR,MOCK_FEED
POS00300320260315,PORT003,INS0010,2026-03-15,1240,82.1498,101865.75,1244.98,EUR,MOCK_FEED
POS00300420260315,PORT003,INS0011,2026-03-15,2616,22.5604,59018.01,1743.79,INR,MOCK_FEED
POS00300520260315,PORT003,INS0012,2026-03-15,1896,9.9515,18868.04,-431.88,GBP,MOCK_FEED
POS00300620260315,PORT003,INS0013,2026-03-15,4814,29.8872,143876.98,3375.42,GBP,MOCK_FEED
POS00300720260315,PORT003,INS0014,2026-03-15,3263,10.7029,34923.56,1122.51,INR,MOCK_FEED
POS00300820260315,PORT003,INS0015,2026-03-15,2368,26.1306,61877.26,-329.68,INR,MOCK_FEED
POS00300920260315,PORT003,INS0016,2026-03-15,4389,45.4427,199448.01,4278.59,EUR,MOCK_FEED
POS00301020260315,PORT003,INS0017,2026-03-15,4602,137.6473,633452.87,-2759.37,INR,MOCK_FEED
POS00300120260316,PORT003,INS0008,2026-03-16,3600,58.4137,210289.32,-4413.02,GBP,MOCK_FEED
POS00300220260316,PORT003,INS0009,2026-03-16,3606,31.6573,114156.22,2694.76,INR,MOCK_FEED
POS00300320260316,PORT003,INS0010,2026-03-16,868,81.9821,71160.46,-2037.24,INR,MOCK_FEED
POS00300420260316,PORT003,INS0011,2026-03-16,1456,22.6341,32955.25,-787.15,EUR,MOCK_FEED
POS00300520260316,PORT003,INS0012,2026-03-16,4803,10.1325,48666.4,-318.71,USD,MOCK_FEED
POS00300620260316,PORT003,INS0013,2026-03-16,3637,29.1575,106045.83,3561.51,USD,MOCK_FEED
POS00300720260316,PORT003,INS0014,2026-03-16,3635,10.628,38632.78,-1110.84,GBP,MOCK_FEED
POS00300820260316,PORT003,INS0015,2026-03-16,3160,26.6502,84214.63,2735.05,GBP,MOCK_FEED
POS00300920260316,PORT003,INS0016,2026-03-16,4826,46.2799,223346.8,1315.99,USD,MOCK_FEED
POS00301020260316,PORT003,INS0017,2026-03-16,823,137.5091,113169.99,-953.72,INR,MOCK_FEED
POS00300120260317,PORT003,INS0008,2026-03-17,313,58.4417,18292.25,406.85,INR,MOCK_FEED
POS00300220260317,PORT003,INS0009,2026-03-17,4720,31.3566,148003.15,-3010.81,EUR,MOCK_FEED
POS00300320260317,PORT003,INS0010,2026-03-17,672,79.8178,53637.56,-965.88,EUR,MOCK_FEED
POS00300420260317,PORT003,INS0011,2026-03-17,2415,22.6241,54637.2,1696.41,GBP,MOCK_FEED
POS00300520260317,PORT003,INS0012,2026-03-17,4790,10.2627,49158.33,1931.15,INR,MOCK_FEED
POS00300620260317,PORT003,INS0013,2026-03-17,2993,28.9734,86717.39,-1701.45,EUR,MOCK_FEED
POS00300720260317,PORT003,INS0014,2026-03-17,344,10.6415,3660.68,4.47,EUR,MOCK_FEED
POS00300820260317,PORT003,INS0015,2026-03-17,3788,26.4535,100205.86,-2035.61,INR,MOCK_FEED
POS00300920260317,PORT003,INS0016,2026-03-17,1705,46.2894,78923.43,101.89,EUR,MOCK_FEED
POS00301020260317,PORT003,INS0017,2026-03-17,3500,137.1024,479858.4,7294.78,USD,MOCK_FEED
POS00300120260318,PORT003,INS0008,2026-03-18,838,58.742,49225.8,1292.37,EUR,MOCK_FEED
POS00300220260318,PORT003,INS0009,2026-03-18,685,30.8352,21122.11,431.7,USD,MOCK_FEED
POS00300320260318,PORT003,INS0010,2026-03-18,507,80.3419,40733.34,-156.0,USD,MOCK_FEED
POS00300420260318,PORT003,INS0011,2026-03-18,2177,22.1465,48212.93,-929.86,GBP,MOCK_FEED
POS00300520260318,PORT003,INS0012,2026-03-18,2938,10.2771,30194.12,-51.96,GBP,MOCK_FEED
POS00300620260318,PORT003,INS0013,2026-03-18,1674,29.3241,49088.54,-735.0,INR,MOCK_FEED
POS00300720260318,PORT003,INS0014,2026-03-18,4010,10.8972,43697.77,485.73,GBP,MOCK_FEED
POS00300820260318,PORT003,INS0015,2026-03-18,4415,26.6397,117614.28,1813.1,INR,MOCK_FEED
POS00300920260318,PORT003,INS0016,2026-03-18,3798,45.8031,173960.17,816.18,EUR,MOCK_FEED
POS00301020260318,PORT003,INS0017,2026-03-18,3772,136.2795,514046.27,-1150.34,GBP,MOCK_FEED
POS00300120260319,PORT003,INS0008,2026-03-19,4089,57.3824,234636.63,6431.04,EUR,MOCK_FEED
POS00300220260319,PORT003,INS0009,2026-03-19,2677,31.343,83905.21,-1699.61,GBP,MOCK_FEED
POS00300320260319,PORT003,INS0010,2026-03-19,3779,79.9208,302020.7,-3638.62,USD,MOCK_FEED
POS00300420260319,PORT003,INS0011,2026-03-19,916,22.1656,20303.69,350.25,USD,MOCK_FEED
POS00300520260319,PORT003,INS0012,2026-03-19,2630,10.3562,27236.81,-664.42,INR,MOCK_FEED
POS00300620260319,PORT003,INS0013,2026-03-19,2004,28.9918,58099.57,-1196.41,GBP,MOCK_FEED
POS00300720260319,PORT003,INS0014,2026-03-19,2753,11.0537,30430.84,-425.86,EUR,MOCK_FEED
POS00300820260319,PORT003,INS0015,2026-03-19,3258,26.4173,86067.56,596.97,INR,MOCK_FEED
POS00300920260319,PORT003,INS0016,2026-03-19,411,45.7873,18818.58,508.04,EUR,MOCK_FEED
POS00301020260319,PORT003,INS0017,2026-03-19,725,134.206,97299.35,-1513.41,GBP,MOCK_FEED
POS00300120260320,PORT003,INS0008,2026-03-20,4213,56.334,237335.14,-4938.9,USD,MOCK_FEED
POS00300220260320,PORT003,INS0009,2026-03-20,1268,31.2366,39608.01,1555.26,GBP,MOCK_FEED
POS00300320260320,PORT003,INS0010,2026-03-20,801,80.5035,64483.3,1056.78,EUR,MOCK_FEED
POS00300420260320,PORT003,INS0011,2026-03-20,696,22.5186,15672.95,149.64,EUR,MOCK_FEED
POS00300520260320,PORT003,INS0012,2026-03-20,4155,10.4398,43377.37,725.83,EUR,MOCK_FEED
POS00300620260320,PORT003,INS0013,2026-03-20,2199,29.2904,64409.59,-832.81,INR,MOCK_FEED
POS00300720260320,PORT003,INS0014,2026-03-20,732,11.153,8164.0,7.35,USD,MOCK_FEED
POS00300820260320,PORT003,INS0015,2026-03-20,4932,26.3178,129799.39,-2629.2,USD,MOCK_FEED
POS00300920260320,PORT003,INS0016,2026-03-20,706,45.878,32389.87,-362.25,INR,MOCK_FEED
POS00301020260320,PORT003,INS0017,2026-03-20,149,136.2828,20306.14,383.99,GBP,MOCK_FEED
POS00300120260321,PORT003,INS0008,2026-03-21,3754,57.2635,214967.18,-6080.07,INR,MOCK_FEED
POS00300220260321,PORT003,INS0009,2026-03-21,1960,31.4694,61680.02,2135.87,USD,MOCK_FEED
POS00300320260321,PORT003,INS0010,2026-03-21,1968,80.0453,157529.15,-2493.18,GBP,MOCK_FEED
POS00300420260321,PORT003,INS0011,2026-03-21,1673,22.5521,37729.66,-1060.01,EUR,MOCK_FEED
POS00300520260321,PORT003,INS0012,2026-03-21,2873,10.7154,30785.34,-86.08,INR,MOCK_FEED
POS00300620260321,PORT003,INS0013,2026-03-21,1610,29.4155,47358.96,622.58,INR,MOCK_FEED
POS00300720260321,PORT003,INS0014,2026-03-21,2618,11.2204,29375.01,951.93,EUR,MOCK_FEED
POS00300820260321,PORT003,INS0015,2026-03-21,580,26.5995,15427.71,558.72,INR,MOCK_FEED
POS00300920260321,PORT003,INS0016,2026-03-21,3591,45.2581,162521.84,-314.4,USD,MOCK_FEED
POS00301020260321,PORT003,INS0017,2026-03-21,2662,137.652,366429.62,12107.72,GBP,MOCK_FEED
POS00300120260322,PORT003,INS0008,2026-03-22,3805,56.766,215994.63,-2258.11,EUR,MOCK_FEED
POS00300220260322,PORT003,INS0009,2026-03-22,3932,31.577,124160.76,-1021.49,USD,MOCK_FEED
POS00300320260322,PORT003,INS0010,2026-03-22,2759,80.5213,222158.27,2763.65,USD,MOCK_FEED
POS00300420260322,PORT003,INS0011,2026-03-22,2453,22.1044,54222.09,-1063.96,USD,MOCK_FEED
POS00300520260322,PORT003,INS0012,2026-03-22,1581,10.7246,16955.59,660.82,EUR,MOCK_FEED
POS00300620260322,PORT003,INS0013,2026-03-22,3062,30.0059,91878.07,-1437.14,INR,MOCK_FEED
POS00300720260322,PORT003,INS0014,2026-03-22,2829,11.2211,31744.49,-655.35,INR,MOCK_FEED
POS00300820260322,PORT003,INS0015,2026-03-22,3383,26.7885,90625.5,3564.72,GBP,MOCK_FEED
POS00300920260322,PORT003,INS0016,2026-03-22,749,45.3298,33952.02,1242.62,EUR,MOCK_FEED
POS00301020260322,PORT003,INS0017,2026-03-22,766,137.8062,105559.55,3585.2,GBP,MOCK_FEED
POS00300120260323,PORT003,INS0008,2026-03-23,1338,56.0507,74995.84,-184.79,EUR,MOCK_FEED
POS00300220260323,PORT003,INS0009,2026-03-23,1021,31.6732,32338.34,-811.53,INR,MOCK_FEED
POS00300320260323,PORT003,INS0010,2026-03-23,4655,80.6435,375395.49,10152.5,USD,MOCK_FEED
POS00300420260323,PORT003,INS0011,2026-03-23,558,22.135,12351.33,-362.82,GBP,MOCK_FEED
POS00300520260323,PORT003,INS0012,2026-03-23,2151,10.8607,23361.37,110.72,USD,MOCK_FEED
POS00300620260323,PORT003,INS0013,2026-03-23,2246,30.2498,67941.05,275.95,USD,MOCK_FEED
POS00300720260323,PORT003,INS0014,2026-03-23,2770,11.2781,31240.34,-121.17,INR,MOCK_FEED
POS00300820260323,PORT003,INS0015,2026-03-23,4671,27.4645,128286.68,1747.5,USD,MOCK_FEED
POS00300920260323,PORT003,INS0016,2026-03-23,3637,45.1267,164125.81,-1459.82,INR,MOCK_FEED
POS00301020260323,PORT003,INS0017,2026-03-23,3699,134.9071,499021.36,1282.42,USD,MOCK_FEED
POS00300120260324,PORT003,INS0008,2026-03-24,4717,55.6752,262619.92,3246.15,INR,MOCK_FEED
POS00300220260324,PORT003,INS0009,2026-03-24,688,31.6095,21747.34,865.92,INR,MOCK_FEED
POS00300320260324,PORT003,INS0010,2026-03-24,4376,81.1703,355201.23,4599.96,EUR,MOCK_FEED
POS00300420260324,PORT003,INS0011,2026-03-24,2102,22.0989,46451.89,133.46,EUR,MOCK_FEED
POS00300520260324,PORT003,INS0012,2026-03-24,4183,10.7351,44904.92,744.74,USD,MOCK_FEED
POS00300620260324,PORT003,INS0013,2026-03-24,4362,30.4309,132739.59,-3280.2,USD,MOCK_FEED
POS00300720260324,PORT003,INS0014,2026-03-24,4171,11.3681,47416.35,1628.73,INR,MOCK_FEED
POS00300820260324,PORT003,INS0015,2026-03-24,1066,27.6505,29475.43,-746.57,INR,MOCK_FEED
POS00300920260324,PORT003,INS0016,2026-03-24,2754,45.1454,124330.43,2696.84,EUR,MOCK_FEED
POS00301020260324,PORT003,INS0017,2026-03-24,2245,132.6646,297832.03,6538.98,USD,MOCK_FEED
POS00300120260325,PORT003,INS0008,2026-03-25,3332,55.237,184049.68,-3736.8,EUR,MOCK_FEED
POS00300220260325,PORT003,INS0009,2026-03-25,4119,31.5403,129914.5,3843.4,GBP,MOCK_FEED
POS00300320260325,PORT003,INS0010,2026-03-25,3636,81.6896,297023.39,4557.16,INR,MOCK_FEED
POS00300420260325,PORT003,INS0011,2026-03-25,1195,21.9589,26240.89,73.09,EUR,MOCK_FEED
POS00300520260325,PORT003,INS0012,2026-03-25,2607,10.697,27887.08,1043.48,USD,MOCK_FEED
POS00300620260325,PORT003,INS0013,2026-03-25,4774,29.793,142231.78,1837.34,GBP,MOCK_FEED
POS00300720260325,PORT003,INS0014,2026-03-25,501,11.408,5715.41,-108.23,GBP,MOCK_FEED
POS00300820260325,PORT003,INS0015,2026-03-25,3691,27.1809,100324.7,2308.48,EUR,MOCK_FEED
POS00300920260325,PORT003,INS0016,2026-03-25,2097,44.25,92792.25,3194.46,GBP,MOCK_FEED
POS00301020260325,PORT003,INS0017,2026-03-25,2931,134.0543,392913.15,-9654.46,GBP,MOCK_FEED
POS00300120260326,PORT003,INS0008,2026-03-26,2746,55.8883,153469.27,-865.71,USD,MOCK_FEED
POS00300220260326,PORT003,INS0009,2026-03-26,1383,32.0758,44360.83,-1227.59,INR,MOCK_FEED
POS00300320260326,PORT003,INS0010,2026-03-26,3427,81.6326,279754.92,-8119.42,GBP,MOCK_FEED
POS00300420260326,PORT003,INS0011,2026-03-26,695,22.3432,15528.52,609.73,EUR,MOCK_FEED
POS00300520260326,PORT003,INS0012,2026-03-26,1692,10.7772,18235.02,174.66,USD,MOCK_FEED
POS00300620260326,PORT003,INS0013,2026-03-26,4233,29.2919,123992.61,-745.62,EUR,MOCK_FEED
POS00300720260326,PORT003,INS0014,2026-03-26,300,11.2354,3370.62,65.48,USD,MOCK_FEED
POS00300820260326,PORT003,INS0015,2026-03-26,1357,27.2621,36994.67,940.89,GBP,MOCK_FEED
POS00300920260326,PORT003,INS0016,2026-03-26,1533,44.0888,67588.13,-778.2,GBP,MOCK_FEED
POS00301020260326,PORT003,INS0017,2026-03-26,4915,132.2312,649916.35,21201.23,USD,MOCK_FEED
POS00300120260327,PORT003,INS0008,2026-03-27,2616,55.715,145750.44,714.82,USD,MOCK_FEED
POS00300220260327,PORT003,INS0009,2026-03-27,3370,32.1939,108493.44,3076.5,USD,MOCK_FEED
POS00300320260327,PORT003,INS0010,2026-03-27,2500,80.8344,202086.0,-4722.84,USD,MOCK_FEED
POS00300420260327,PORT003,INS0011,2026-03-27,3144,22.2544,69967.83,2435.82,EUR,MOCK_FEED
POS00300520260327,PORT003,INS0012,2026-03-27,907,10.7893,9785.9,270.69,USD,MOCK_FEED
POS00300620260327,PORT003,INS0013,2026-03-27,1254,29.1221,36519.11,991.57,INR,MOCK_FEED
POS00300720260327,PORT003,INS0014,2026-03-27,3059,11.4837,35128.64,-292.05,GBP,MOCK_FEED
POS00300820260327,PORT003,INS0015,2026-03-27,1367,26.7544,36573.26,-519.9,INR,MOCK_FEED
POS00300920260327,PORT003,INS0016,2026-03-27,4745,44.2864,210138.97,3696.87,EUR,MOCK_FEED
POS00301020260327,PORT003,INS0017,2026-03-27,3741,134.5896,503499.69,-3706.6,USD,MOCK_FEED
POS00300120260328,PORT003,INS0008,2026-03-28,1846,55.1169,101745.8,-2713.13,INR,MOCK_FEED
POS00300220260328,PORT003,INS0009,2026-03-28,4839,31.831,154030.21,1827.54,USD,MOCK_FEED
POS00300320260328,PORT003,INS0010,2026-03-28,3654,80.8662,295485.09,-8063.56,EUR,MOCK_FEED
POS00300420260328,PORT003,INS0011,2026-03-28,2696,21.9381,59145.12,1069.17,USD,MOCK_FEED
POS00300520260328,PORT003,INS0012,2026-03-28,4633,10.7226,49677.81,-1373.18,EUR,MOCK_FEED
POS00300620260328,PORT003,INS0013,2026-03-28,4606,29.5346,136036.37,4529.2,USD,MOCK_FEED
POS00300720260328,PORT003,INS0014,2026-03-28,352,11.5306,4058.77,-5.06,EUR,MOCK_FEED
POS00300820260328,PORT003,INS0015,2026-03-28,3074,27.0521,83158.16,2675.66,USD,MOCK_FEED
POS00300920260328,PORT003,INS0016,2026-03-28,3492,44.7951,156424.49,359.71,INR,MOCK_FEED
POS00301020260328,PORT003,INS0017,2026-03-28,4056,136.5777,553959.15,-3074.45,EUR,MOCK_FEED
POS00300120260329,PORT003,INS0008,2026-03-29,4930,55.2173,272221.29,-5699.91,EUR,MOCK_FEED
POS00300220260329,PORT003,INS0009,2026-03-29,3688,31.9535,117844.51,-3263.12,GBP,MOCK_FEED
POS00300320260329,PORT003,INS0010,2026-03-29,3277,81.0157,265488.45,-5370.43,INR,MOCK_FEED
POS00300420260329,PORT003,INS0011,2026-03-29,609,21.6618,13192.04,55.98,GBP,MOCK_FEED
POS00300520260329,PORT003,INS0012,2026-03-29,4580,10.8664,49768.11,1258.72,EUR,MOCK_FEED
POS00300620260329,PORT003,INS0013,2026-03-29,4071,29.1716,118757.58,390.32,EUR,MOCK_FEED
POS00300720260329,PORT003,INS0014,2026-03-29,2987,11.5411,34473.27,391.91,INR,MOCK_FEED
POS00300820260329,PORT003,INS0015,2026-03-29,966,27.4123,26480.28,-715.37,USD,MOCK_FEED
POS00300920260329,PORT003,INS0016,2026-03-29,3214,44.8452,144132.47,4756.36,GBP,MOCK_FEED
POS00301020260329,PORT003,INS0017,2026-03-29,2238,133.9272,299729.07,462.37,INR,MOCK_FEED
POS00300120260330,PORT003,INS0008,2026-03-30,3606,54.3314,195919.03,2967.83,GBP,MOCK_FEED
POS00300220260330,PORT003,INS0009,2026-03-30,3977,31.4372,125025.74,-2432.91,USD,MOCK_FEED
POS00300320260330,PORT003,INS0010,2026-03-30,3470,81.3191,282177.28,-533.62,INR,MOCK_FEED
POS00300420260330,PORT003,INS0011,2026-03-30,2054,21.0935,43326.05,1695.09,USD,MOCK_FEED
POS00300520260330,PORT003,INS0012,2026-03-30,3597,10.7224,38568.47,853.69,INR,MOCK_FEED
POS00300620260330,PORT003,INS0013,2026-03-30,2816,29.2537,82378.42,-69.55,INR,MOCK_FEED
POS00300720260330,PORT003,INS0014,2026-03-30,4072,11.6896,47600.05,-1327.74,GBP,MOCK_FEED
POS00300820260330,PORT003,INS0015,2026-03-30,4702,27.5924,129739.46,4924.7,EUR,MOCK_FEED
POS00300920260330,PORT003,INS0016,2026-03-30,945,44.4636,42018.1,-1020.71,GBP,MOCK_FEED
POS00301020260330,PORT003,INS0017,2026-03-30,1591,133.8306,212924.48,775.23,GBP,MOCK_FEED
POS00300120260331,PORT003,INS0008,2026-03-31,3442,54.812,188662.9,-2300.37,EUR,MOCK_FEED
POS00300220260331,PORT003,INS0009,2026-03-31,3996,31.2797,124993.68,-2815.65,INR,MOCK_FEED
POS00300320260331,PORT003,INS0010,2026-03-31,776,81.9185,63568.76,-17.49,INR,MOCK_FEED
POS00300420260331,PORT003,INS0011,2026-03-31,2514,20.8937,52526.76,1503.68,INR,MOCK_FEED
POS00300520260331,PORT003,INS0012,2026-03-31,1265,10.4831,13261.12,-246.0,USD,MOCK_FEED
POS00300620260331,PORT003,INS0013,2026-03-31,929,29.1803,27108.5,890.87,INR,MOCK_FEED
POS00300720260331,PORT003,INS0014,2026-03-31,1990,11.5564,22997.24,833.7,INR,MOCK_FEED
POS00300820260331,PORT003,INS0015,2026-03-31,1393,28.1952,39275.91,979.23,GBP,MOCK_FEED
POS00300920260331,PORT003,INS0016,2026-03-31,990,44.3015,43858.49,582.46,EUR,MOCK_FEED
POS00301020260331,PORT003,INS0017,2026-03-31,530,132.2726,70104.48,-1234.69,USD,MOCK_FEED
POS00300120260401,PORT003,INS0008,2026-04-01,2807,55.3818,155456.71,-4588.53,EUR,MOCK_FEED
POS00300220260401,PORT003,INS0009,2026-04-01,790,31.4753,24865.49,-74.65,EUR,MOCK_FEED
POS00300320260401,PORT003,INS0010,2026-04-01,4187,82.4014,345014.66,-2538.91,EUR,MOCK_FEED
POS00300420260401,PORT003,INS0011,2026-04-01,2379,21.0944,50183.58,2.14,USD,MOCK_FEED
POS00300520260401,PORT003,INS0012,2026-04-01,896,10.6143,9510.41,303.14,EUR,MOCK_FEED
POS00300620260401,PORT003,INS0013,2026-04-01,2603,29.3971,76520.65,-1997.1,USD,MOCK_FEED
POS00300720260401,PORT003,INS0014,2026-04-01,2370,11.2827,26740.0,531.79,EUR,MOCK_FEED
POS00300820260401,PORT003,INS0015,2026-04-01,4990,28.1274,140355.73,5102.89,USD,MOCK_FEED
POS00300920260401,PORT003,INS0016,2026-04-01,1387,44.8668,62230.25,-777.45,EUR,MOCK_FEED
POS00301020260401,PORT003,INS0017,2026-04-01,328,135.4848,44439.01,400.2,GBP,MOCK_FEED
POS00300120260402,PORT003,INS0008,2026-04-02,3301,55.1422,182024.4,5559.16,USD,MOCK_FEED
POS00300220260402,PORT003,INS0009,2026-04-02,3508,31.2073,109475.21,-2703.87,EUR,MOCK_FEED
POS00300320260402,PORT003,INS0010,2026-04-02,2866,81.9385,234835.74,-198.9,GBP,MOCK_FEED
POS00300420260402,PORT003,INS0011,2026-04-02,4440,21.2233,94231.45,1843.24,INR,MOCK_FEED
POS00300520260402,PORT003,INS0012,2026-04-02,986,10.6926,10542.9,214.19,EUR,MOCK_FEED
POS00300620260402,PORT003,INS0013,2026-04-02,3944,29.4494,116148.43,-3050.33,USD,MOCK_FEED
POS00300720260402,PORT003,INS0014,2026-04-02,2213,11.1718,24723.19,-282.5,EUR,MOCK_FEED
POS00300820260402,PORT003,INS0015,2026-04-02,2427,27.9352,67798.73,1363.5,USD,MOCK_FEED
POS00300920260402,PORT003,INS0016,2026-04-02,3643,45.2383,164803.13,4921.73,EUR,MOCK_FEED
POS00301020260402,PORT003,INS0017,2026-04-02,2486,136.874,340268.76,1073.68,USD,MOCK_FEED
POS00300120260403,PORT003,INS0008,2026-04-03,2848,55.5561,158223.77,4652.66,EUR,MOCK_FEED
POS00300220260403,PORT003,INS0009,2026-04-03,3319,30.7843,102173.09,2612.35,GBP,MOCK_FEED
POS00300320260403,PORT003,INS0010,2026-04-03,4519,82.4727,372694.13,2240.65,INR,MOCK_FEED
POS00300420260403,PORT003,INS0011,2026-04-03,1167,21.0966,24619.73,207.0,USD,MOCK_FEED
POS00300520260403,PORT003,INS0012,2026-04-03,2986,10.5728,31570.38,44.35,GBP,MOCK_FEED
POS00300620260403,PORT003,INS0013,2026-04-03,4486,29.4806,132249.97,4730.2,INR,MOCK_FEED
POS00300720260403,PORT003,INS0014,2026-04-03,846,11.1757,9454.64,79.55,EUR,MOCK_FEED
POS00300820260403,PORT003,INS0015,2026-04-03,1194,27.5792,32929.56,677.11,EUR,MOCK_FEED
POS00300920260403,PORT003,INS0016,2026-04-03,3622,45.1978,163706.43,-2157.78,GBP,MOCK_FEED
POS00301020260403,PORT003,INS0017,2026-04-03,1446,138.649,200486.45,6074.71,GBP,MOCK_FEED
POS00300120260404,PORT003,INS0008,2026-04-04,3730,55.5161,207075.05,3951.4,GBP,MOCK_FEED
POS00300220260404,PORT003,INS0009,2026-04-04,4430,30.9137,136947.69,-2254.79,INR,MOCK_FEED
POS00300320260404,PORT003,INS0010,2026-04-04,4059,82.4551,334685.25,10416.53,EUR,MOCK_FEED
POS00300420260404,PORT003,INS0011,2026-04-04,2297,20.8333,47854.09,-1350.24,USD,MOCK_FEED
POS00300520260404,PORT003,INS0012,2026-04-04,3345,10.579,35386.76,729.17,USD,MOCK_FEED
POS00300620260404,PORT003,INS0013,2026-04-04,466,28.8124,13426.58,260.08,EUR,MOCK_FEED
POS00300720260404,PORT003,INS0014,2026-04-04,642,11.0396,7087.42,-57.76,USD,MOCK_FEED
POS00300820260404,PORT003,INS0015,2026-04-04,3453,28.0003,96685.04,-1529.76,USD,MOCK_FEED
POS00300920260404,PORT003,INS0016,2026-04-04,3355,45.8194,153724.09,4270.04,INR,MOCK_FEED
POS00301020260404,PORT003,INS0017,2026-04-04,3267,137.1681,448128.18,-3390.49,INR,MOCK_FEED
POS00300120260405,PORT003,INS0008,2026-04-05,4963,55.4736,275315.48,1272.9,USD,MOCK_FEED
POS00300220260405,PORT003,INS0009,2026-04-05,645,30.664,19778.28,-288.44,EUR,MOCK_FEED
POS00300320260405,PORT003,INS0010,2026-04-05,3709,82.4495,305805.2,9817.33,INR,MOCK_FEED
POS00300420260405,PORT003,INS0011,2026-04-05,1607,21.3615,34327.93,-364.65,INR,MOCK_FEED
POS00300520260405,PORT003,INS0012,2026-04-05,4907,10.8341,53162.93,2123.61,INR,MOCK_FEED
POS00300620260405,PORT003,INS0013,2026-04-05,2360,28.4741,67198.88,1933.24,INR,MOCK_FEED
POS00300720260405,PORT003,INS0014,2026-04-05,3165,11.0046,34829.56,279.81,EUR,MOCK_FEED
POS00300820260405,PORT003,INS0015,2026-04-05,3631,28.4131,103167.97,1551.98,GBP,MOCK_FEED
POS00300920260405,PORT003,INS0016,2026-04-05,504,46.7531,23563.56,839.68,INR,MOCK_FEED
POS00301020260405,PORT003,INS0017,2026-04-05,590,134.4871,79347.39,1721.0,EUR,MOCK_FEED
POS00300120260406,PORT003,INS0008,2026-04-06,393,56.1587,22070.37,414.28,USD,MOCK_FEED
POS00300220260406,PORT003,INS0009,2026-04-06,4699,30.3557,142641.43,-3036.13,USD,MOCK_FEED
POS00300320260406,PORT003,INS0010,2026-04-06,586,82.1159,48119.92,861.86,USD,MOCK_FEED
POS00300420260406,PORT003,INS0011,2026-04-06,2119,21.0481,44600.92,1253.6,INR,MOCK_FEED
POS00300520260406,PORT003,INS0012,2026-04-06,3472,10.8208,37569.82,-285.79,INR,MOCK_FEED
POS00300620260406,PORT003,INS0013,2026-04-06,927,28.4443,26367.87,484.21,EUR,MOCK_FEED
POS00300720260406,PORT003,INS0014,2026-04-06,618,11.0558,6832.48,166.24,GBP,MOCK_FEED
POS00300820260406,PORT003,INS0015,2026-04-06,1233,28.3567,34963.81,-327.28,EUR,MOCK_FEED
POS00300920260406,PORT003,INS0016,2026-04-06,4573,45.9955,210337.42,2085.01,EUR,MOCK_FEED
POS00301020260406,PORT003,INS0017,2026-04-06,932,136.7198,127422.85,667.41,USD,MOCK_FEED
POS00300120260407,PORT003,INS0008,2026-04-07,2996,55.6013,166581.49,3892.77,GBP,MOCK_FEED
POS00300220260407,PORT003,INS0009,2026-04-07,3380,30.7718,104008.68,2755.73,GBP,MOCK_FEED
POS00300320260407,PORT003,INS0010,2026-04-07,4513,80.7723,364525.39,3008.46,GBP,MOCK_FEED
POS00300420260407,PORT003,INS0011,2026-04-07,486,21.0826,10246.14,344.55,INR,MOCK_FEED
POS00300520260407,PORT003,INS0012,2026-04-07,1381,10.9227,15084.25,81.67,INR,MOCK_FEED
POS00300620260407,PORT003,INS0013,2026-04-07,203,29.1248,5912.33,234.2,EUR,MOCK_FEED
POS00300720260407,PORT003,INS0014,2026-04-07,4187,11.052,46274.72,-77.25,GBP,MOCK_FEED
POS00300820260407,PORT003,INS0015,2026-04-07,223,28.1836,6284.94,-163.43,USD,MOCK_FEED
POS00300920260407,PORT003,INS0016,2026-04-07,4613,46.0043,212217.84,6511.1,GBP,MOCK_FEED
POS00301020260407,PORT003,INS0017,2026-04-07,208,136.5136,28394.83,1090.55,USD,MOCK_FEED
POS00300120260408,PORT003,INS0008,2026-04-08,3842,55.5375,213375.08,1798.84,USD,MOCK_FEED
POS00300220260408,PORT003,INS0009,2026-04-08,3612,30.9937,111949.24,1045.09,USD,MOCK_FEED
POS00300320260408,PORT003,INS0010,2026-04-08,3805,80.3624,305778.93,-5967.44,USD,MOCK_FEED
POS00300420260408,PORT003,INS0011,2026-04-08,392,21.0199,8239.8,-136.61,INR,MOCK_FEED
POS00300520260408,PORT003,INS0012,2026-04-08,4822,11.0328,53200.16,-473.78,USD,MOCK_FEED
POS00300620260408,PORT003,INS0013,2026-04-08,2565,28.8723,74057.45,-760.25,USD,MOCK_FEED
POS00300720260408,PORT003,INS0014,2026-04-08,2648,10.9383,28964.62,-305.06,GBP,MOCK_FEED
POS00300820260408,PORT003,INS0015,2026-04-08,1309,28.2364,36961.45,840.78,EUR,MOCK_FEED
POS00300920260408,PORT003,INS0016,2026-04-08,1350,46.4104,62654.04,-539.24,GBP,MOCK_FEED
POS00301020260408,PORT003,INS0017,2026-04-08,1194,135.6654,161984.49,1114.58,EUR,MOCK_FEED
POS00300120260409,PORT003,INS0008,2026-04-09,832,56.3116,46851.25,-806.22,EUR,MOCK_FEED
POS00300220260409,PORT003,INS0009,2026-04-09,1798,30.8576,55481.96,1915.3,GBP,MOCK_FEED
POS00300320260409,PORT003,INS0010,2026-04-09,1137,80.8248,91897.8,-1498.86,EUR,MOCK_FEED
POS00300420260409,PORT003,INS0011,2026-04-09,1144,21.1505,24196.17,397.5,GBP,MOCK_FEED
POS00300520260409,PORT003,INS0012,2026-04-09,3000,11.1145,33343.5,339.41,INR,MOCK_FEED
POS00300620260409,PORT003,INS0013,2026-04-09,2699,28.864,77903.94,-1165.31,INR,MOCK_FEED
POS00300720260409,PORT003,INS0014,2026-04-09,3321,10.7984,35861.49,-662.36,USD,MOCK_FEED
POS00300820260409,PORT003,INS0015,2026-04-09,4209,27.6939,116563.63,-224.35,EUR,MOCK_FEED
POS00300920260409,PORT003,INS0016,2026-04-09,205,46.4302,9518.19,241.96,INR,MOCK_FEED
POS00301020260409,PORT003,INS0017,2026-04-09,2956,134.1392,396515.48,-2765.2,INR,MOCK_FEED
POS00300120260410,PORT003,INS0008,2026-04-10,1618,54.3906,88003.99,-1160.93,EUR,MOCK_FEED
POS00300220260410,PORT003,INS0009,2026-04-10,3969,30.1148,119525.64,-3273.98,USD,MOCK_FEED
POS00300320260410,PORT003,INS0010,2026-04-10,2156,80.5439,173652.65,-727.79,USD,MOCK_FEED
POS00300420260410,PORT003,INS0011,2026-04-10,1226,20.6958,25373.05,-305.32,INR,MOCK_FEED
POS00300520260410,PORT003,INS0012,2026-04-10,888,11.2836,10019.84,395.65,USD,MOCK_FEED
POS00300620260410,PORT003,INS0013,2026-04-10,1476,29.493,43531.67,1595.51,EUR,MOCK_FEED
POS00300720260410,PORT003,INS0014,2026-04-10,4101,10.7679,44159.16,-816.67,USD,MOCK_FEED
POS00300820260410,PORT003,INS0015,2026-04-10,4015,27.9516,112225.67,2153.36,USD,MOCK_FEED
POS00300920260410,PORT003,INS0016,2026-04-10,3488,45.6917,159372.65,-4353.34,USD,MOCK_FEED
POS00301020260410,PORT003,INS0017,2026-04-10,121,133.7739,16186.64,281.35,INR,MOCK_FEED
POS00300120260411,PORT003,INS0008,2026-04-11,2623,53.2166,139587.14,116.2,USD,MOCK_FEED
POS00300220260411,PORT003,INS0009,2026-04-11,2738,30.3204,83017.26,1285.88,EUR,MOCK_FEED
POS00300320260411,PORT003,INS0010,2026-04-11,4095,79.1569,324147.51,8735.39,EUR,MOCK_FEED
POS00300420260411,PORT003,INS0011,2026-04-11,2944,20.5,60352.0,79.95,USD,MOCK_FEED
POS00300520260411,PORT003,INS0012,2026-04-11,1731,11.3206,19595.96,-450.04,USD,MOCK_FEED
POS00300620260411,PORT003,INS0013,2026-04-11,3105,29.8975,92831.74,-2158.29,USD,MOCK_FEED
POS00300720260411,PORT003,INS0014,2026-04-11,2544,10.9452,27844.59,-247.39,EUR,MOCK_FEED
POS00300820260411,PORT003,INS0015,2026-04-11,3580,27.7577,99372.57,-605.91,GBP,MOCK_FEED
POS00300920260411,PORT003,INS0016,2026-04-11,1290,45.4709,58657.46,456.32,GBP,MOCK_FEED
POS00301020260411,PORT003,INS0017,2026-04-11,4817,134.1587,646242.46,11453.26,USD,MOCK_FEED
POS00300120260412,PORT003,INS0008,2026-04-12,1255,52.6645,66093.95,-1508.3,INR,MOCK_FEED
POS00300220260412,PORT003,INS0009,2026-04-12,1657,30.6948,50861.28,1265.63,USD,MOCK_FEED
POS00300320260412,PORT003,INS0010,2026-04-12,4497,78.2815,352031.91,13032.42,USD,MOCK_FEED
POS00300420260412,PORT003,INS0011,2026-04-12,1193,20.6218,24601.81,-352.86,GBP,MOCK_FEED
POS00300520260412,PORT003,INS0012,2026-04-12,3534,11.2662,39814.75,941.13,EUR,MOCK_FEED
POS00300620260412,PORT003,INS0013,2026-04-12,1457,29.5185,43008.45,131.05,USD,MOCK_FEED
POS00300720260412,PORT003,INS0014,2026-04-12,2577,10.9669,28261.7,-218.24,USD,MOCK_FEED
POS00300820260412,PORT003,INS0015,2026-04-12,843,27.9472,23559.49,-471.69,USD,MOCK_FEED
POS00300920260412,PORT003,INS0016,2026-04-12,4572,45.6637,208774.44,3920.68,INR,MOCK_FEED
POS00301020260412,PORT003,INS0017,2026-04-12,1125,133.7889,150512.51,-1852.34,INR,MOCK_FEED
POS00300120260413,PORT003,INS0008,2026-04-13,3340,52.4005,175017.67,2997.52,EUR,MOCK_FEED
POS00300220260413,PORT003,INS0009,2026-04-13,4708,30.8022,145016.76,1431.62,GBP,MOCK_FEED
POS00300320260413,PORT003,INS0010,2026-04-13,4965,78.233,388426.85,7158.93,EUR,MOCK_FEED
POS00300420260413,PORT003,INS0011,2026-04-13,2501,20.578,51465.58,-1319.77,GBP,MOCK_FEED
POS00300520260413,PORT003,INS0012,2026-04-13,4282,11.2507,48175.5,-1147.0,EUR,MOCK_FEED
POS00300620260413,PORT003,INS0013,2026-04-13,1664,29.5036,49093.99,134.62,GBP,MOCK_FEED
POS00300720260413,PORT003,INS0014,2026-04-13,4480,11.0381,49450.69,70.53,GBP,MOCK_FEED
POS00300820260413,PORT003,INS0015,2026-04-13,4821,27.8424,134228.21,85.4,INR,MOCK_FEED
POS00300920260413,PORT003,INS0016,2026-04-13,4844,45.6676,221213.85,5176.39,USD,MOCK_FEED
POS00301020260413,PORT003,INS0017,2026-04-13,4774,135.3896,646349.95,-4754.11,EUR,MOCK_FEED
POS00300120260414,PORT003,INS0008,2026-04-14,2928,51.6226,151150.97,-3080.25,EUR,MOCK_FEED
POS00300220260414,PORT003,INS0009,2026-04-14,4204,30.8239,129583.68,-854.71,GBP,MOCK_FEED
POS00300320260414,PORT003,INS0010,2026-04-14,650,78.0871,50756.62,60.55,EUR,MOCK_FEED
POS00300420260414,PORT003,INS0011,2026-04-14,3741,21.1981,79302.09,2198.99,GBP,MOCK_FEED
POS00300520260414,PORT003,INS0012,2026-04-14,193,11.1926,2160.17,85.13,USD,MOCK_FEED
POS00300620260414,PORT003,INS0013,2026-04-14,2887,30.1545,87056.04,2880.12,GBP,MOCK_FEED
POS00300720260414,PORT003,INS0014,2026-04-14,389,11.0861,4312.49,152.28,GBP,MOCK_FEED
POS00300820260414,PORT003,INS0015,2026-04-14,1388,27.727,38485.08,236.7,EUR,MOCK_FEED
POS00300920260414,PORT003,INS0016,2026-04-14,3670,45.6274,167452.56,-1328.67,GBP,MOCK_FEED
POS00301020260414,PORT003,INS0017,2026-04-14,1920,135.2541,259687.87,1714.7,GBP,MOCK_FEED
POS00300120260415,PORT003,INS0008,2026-04-15,1808,51.3697,92876.42,2063.6,GBP,MOCK_FEED
POS00300220260415,PORT003,INS0009,2026-04-15,3225,30.8478,99484.15,3383.37,GBP,MOCK_FEED
POS00300320260415,PORT003,INS0010,2026-04-15,202,76.8978,15533.36,-451.47,INR,MOCK_FEED
POS00300420260415,PORT003,INS0011,2026-04-15,253,21.5301,5447.12,-32.94,USD,MOCK_FEED
POS00300520260415,PORT003,INS0012,2026-04-15,4467,11.2382,50201.04,645.21,GBP,MOCK_FEED
POS00300620260415,PORT003,INS0013,2026-04-15,4545,29.8804,135806.42,4850.32,EUR,MOCK_FEED
POS00300720260415,PORT003,INS0014,2026-04-15,2817,11.1968,31541.39,434.46,USD,MOCK_FEED
POS00300820260415,PORT003,INS0015,2026-04-15,3607,27.8885,100593.82,1480.49,INR,MOCK_FEED
POS00300920260415,PORT003,INS0016,2026-04-15,1229,45.6031,56046.21,2120.43,USD,MOCK_FEED
POS00301020260415,PORT003,INS0017,2026-04-15,1152,137.9507,158919.21,3199.87,GBP,MOCK_FEED
POS00300120260416,PORT003,INS0008,2026-04-16,924,51.3725,47468.19,921.01,EUR,MOCK_FEED
POS00300220260416,PORT003,INS0009,2026-04-16,674,31.047,20925.68,501.99,INR,MOCK_FEED
POS00300320260416,PORT003,INS0010,2026-04-16,1840,78.5687,144566.41,-3000.12,INR,MOCK_FEED
POS00300420260416,PORT003,INS0011,2026-04-16,4689,21.6267,101407.6,-2248.96,USD,MOCK_FEED
POS00300520260416,PORT003,INS0012,2026-04-16,2778,11.0643,30736.63,-679.6,USD,MOCK_FEED
POS00300620260416,PORT003,INS0013,2026-04-16,4202,30.0372,126216.31,4633.89,GBP,MOCK_FEED
POS00300720260416,PORT003,INS0014,2026-04-16,3855,11.2222,43261.58,1361.85,INR,MOCK_FEED
POS00300820260416,PORT003,INS0015,2026-04-16,110,27.5497,3030.47,19.06,INR,MOCK_FEED
POS00300920260416,PORT003,INS0016,2026-04-16,4982,44.7209,222799.52,-2354.91,USD,MOCK_FEED
POS00301020260416,PORT003,INS0017,2026-04-16,767,136.6566,104815.61,-2013.47,INR,MOCK_FEED
POS00300120260417,PORT003,INS0008,2026-04-17,417,51.967,21670.24,-124.25,INR,MOCK_FEED
POS00300220260417,PORT003,INS0009,2026-04-17,3122,31.4488,98183.15,875.19,USD,MOCK_FEED
POS00300320260417,PORT003,INS0010,2026-04-17,4136,78.6051,325110.69,1942.17,GBP,MOCK_FEED
POS00300420260417,PORT003,INS0011,2026-04-17,4952,21.1748,104857.61,3563.91,EUR,MOCK_FEED
POS00300520260417,PORT003,INS0012,2026-04-17,3913,11.0514,43244.13,614.89,INR,MOCK_FEED
POS00300620260417,PORT003,INS0013,2026-04-17,4507,30.4094,137055.17,-3967.69,GBP,MOCK_FEED
POS00300720260417,PORT003,INS0014,2026-04-17,521,11.3154,5895.32,157.65,GBP,MOCK_FEED
POS00300820260417,PORT003,INS0015,2026-04-17,3560,28.2138,100441.13,1804.87,GBP,MOCK_FEED
POS00300920260417,PORT003,INS0016,2026-04-17,427,44.8887,19167.47,480.82,GBP,MOCK_FEED
POS00301020260417,PORT003,INS0017,2026-04-17,4526,136.104,616006.7,15980.34,INR,MOCK_FEED
POS00300120260418,PORT003,INS0008,2026-04-18,541,51.7383,27990.42,376.24,EUR,MOCK_FEED
POS00300220260418,PORT003,INS0009,2026-04-18,4969,31.4472,156261.14,5141.0,INR,MOCK_FEED
POS00300320260418,PORT003,INS0010,2026-04-18,1688,79.0868,133498.52,-3859.3,USD,MOCK_FEED
POS00300420260418,PORT003,INS0011,2026-04-18,1164,20.6747,24065.35,91.08,USD,MOCK_FEED
POS00300520260418,PORT003,INS0012,2026-04-18,4419,11.0665,48902.86,294.72,INR,MOCK_FEED
POS00300620260418,PORT003,INS0013,2026-04-18,3911,30.4908,119249.52,-1016.3,USD,MOCK_FEED
POS00300720260418,PORT003,INS0014,2026-04-18,437,11.4307,4995.22,-57.64,GBP,MOCK_FEED
POS00300820260418,PORT003,INS0015,2026-04-18,179,27.9233,4998.27,-122.21,INR,MOCK_FEED
POS00300920260418,PORT003,INS0016,2026-04-18,1400,45.4144,63580.16,2136.3,GBP,MOCK_FEED
POS00301020260418,PORT003,INS0017,2026-04-18,3955,137.3232,543113.26,-5510.67,INR,MOCK_FEED
POS00300120260419,PORT003,INS0008,2026-04-19,1701,53.2775,90625.03,-1912.22,INR,MOCK_FEED
POS00300220260419,PORT003,INS0009,2026-04-19,705,31.4192,22150.54,186.27,GBP,MOCK_FEED
POS00300320260419,PORT003,INS0010,2026-04-19,4065,79.6435,323750.83,-4229.24,GBP,MOCK_FEED
POS00300420260419,PORT003,INS0011,2026-04-19,2294,20.3881,46770.3,825.92,EUR,MOCK_FEED
POS00300520260419,PORT003,INS0012,2026-04-19,2806,11.0809,31093.01,830.62,USD,MOCK_FEED
POS00300620260419,PORT003,INS0013,2026-04-19,2610,30.3362,79177.48,133.95,GBP,MOCK_FEED
POS00300720260419,PORT003,INS0014,2026-04-19,3534,11.5215,40716.98,558.15,INR,MOCK_FEED
POS00300820260419,PORT003,INS0015,2026-04-19,3702,27.7026,102555.03,-3025.27,EUR,MOCK_FEED
POS00300920260419,PORT003,INS0016,2026-04-19,1963,44.8447,88030.15,2984.53,GBP,MOCK_FEED
POS00301020260419,PORT003,INS0017,2026-04-19,2575,136.3893,351202.45,9226.42,INR,MOCK_FEED
POS00400120250419,PORT004,INS0011,2025-04-19,3395,24.5692,83412.43,-2160.32,EUR,MOCK_FEED
POS00400220250419,PORT004,INS0012,2025-04-19,2274,9.4276,21438.36,-77.79,GBP,MOCK_FEED
POS00400320250419,PORT004,INS0013,2025-04-19,3171,31.5391,100010.49,86.49,INR,MOCK_FEED
POS00400420250419,PORT004,INS0014,2025-04-19,4615,16.6603,76887.28,-942.59,USD,MOCK_FEED
POS00400520250419,PORT004,INS0015,2025-04-19,1575,31.0219,48859.49,709.38,USD,MOCK_FEED
POS00400620250419,PORT004,INS0016,2025-04-19,2875,41.7429,120010.84,375.08,INR,MOCK_FEED
POS00400720250419,PORT004,INS0017,2025-04-19,4567,120.2201,549045.2,20170.73,GBP,MOCK_FEED
POS00400820250419,PORT004,INS0018,2025-04-19,4093,49.7618,203675.05,4743.86,GBP,MOCK_FEED
POS00400920250419,PORT004,INS0019,2025-04-19,2196,17.676,38816.5,-1093.74,EUR,MOCK_FEED
POS00401020250419,PORT004,INS0020,2025-04-19,1691,11.6457,19692.88,-490.93,GBP,MOCK_FEED
POS00400120250420,PORT004,INS0011,2025-04-20,453,24.4326,11067.97,351.13,GBP,MOCK_FEED
POS00400220250420,PORT004,INS0012,2025-04-20,2014,9.4766,19085.87,-57.88,EUR,MOCK_FEED
POS00400320250420,PORT004,INS0013,2025-04-20,3630,30.9901,112494.06,-1291.91,INR,MOCK_FEED
POS00400420250420,PORT004,INS0014,2025-04-20,4759,16.5869,78937.06,-769.43,GBP,MOCK_FEED
POS00400520250420,PORT004,INS0015,2025-04-20,1509,30.7803,46447.47,999.45,GBP,MOCK_FEED
POS00400620250420,PORT004,INS0016,2025-04-20,3316,42.676,141513.62,3136.04,INR,MOCK_FEED
POS00400720250420,PORT004,INS0017,2025-04-20,2953,121.4218,358558.58,5528.63,EUR,MOCK_FEED
POS00400820250420,PORT004,INS0018,2025-04-20,2648,48.5161,128470.63,4155.89,GBP,MOCK_FEED
POS00400920250420,PORT004,INS0019,2025-04-20,375,17.6048,6601.8,244.0,INR,MOCK_FEED
POS00401020250420,PORT004,INS0020,2025-04-20,1357,11.6678,15833.2,-35.43,GBP,MOCK_FEED
POS00400120250421,PORT004,INS0011,2025-04-21,727,24.8418,18059.99,13.86,GBP,MOCK_FEED
POS00400220250421,PORT004,INS0012,2025-04-21,4370,9.481,41431.97,99.77,USD,MOCK_FEED
POS00400320250421,PORT004,INS0013,2025-04-21,230,30.447,7002.81,43.16,USD,MOCK_FEED
POS00400420250421,PORT004,INS0014,2025-04-21,3207,16.9581,54384.63,-1600.28,INR,MOCK_FEED
POS00400520250421,PORT004,INS0015,2025-04-21,2241,30.2276,67740.05,1859.14,INR,MOCK_FEED
POS00400620250421,PORT004,INS0016,2025-04-21,3595,43.4168,156083.4,939.07,EUR,MOCK_FEED
POS00400720250421,PORT004,INS0017,2025-04-21,4319,122.5873,529454.55,-13150.74,INR,MOCK_FEED
POS00400820250421,PORT004,INS0018,2025-04-21,3110,48.558,151015.38,4032.13,USD,MOCK_FEED
POS00400920250421,PORT004,INS0019,2025-04-21,1747,17.1874,30026.39,-442.53,GBP,MOCK_FEED
POS00401020250421,PORT004,INS0020,2025-04-21,1502,11.7061,17582.56,156.84,INR,MOCK_FEED
POS00400120250422,PORT004,INS0011,2025-04-22,1380,25.1946,34768.55,60.47,USD,MOCK_FEED
POS00400220250422,PORT004,INS0012,2025-04-22,377,9.565,3606.0,75.73,GBP,MOCK_FEED
POS00400320250422,PORT004,INS0013,2025-04-22,3563,30.3165,108017.69,3819.15,INR,MOCK_FEED
POS00400420250422,PORT004,INS0014,2025-04-22,281,16.4684,4627.62,140.89,INR,MOCK_FEED
POS00400520250422,PORT004,INS0015,2025-04-22,2956,29.9831,88630.04,3193.8,GBP,MOCK_FEED
POS00400620250422,PORT004,INS0016,2025-04-22,3932,42.9198,168760.65,3824.28,USD,MOCK_FEED
POS00400720250422,PORT004,INS0017,2025-04-22,838,123.2973,103323.14,3777.22,EUR,MOCK_FEED
POS00400820250422,PORT004,INS0018,2025-04-22,1185,48.9734,58033.48,1809.09,USD,MOCK_FEED
POS00400920250422,PORT004,INS0019,2025-04-22,1198,17.5771,21057.37,290.43,USD,MOCK_FEED
POS00401020250422,PORT004,INS0020,2025-04-22,4587,11.866,54429.34,-428.42,USD,MOCK_FEED
POS00400120250423,PORT004,INS0011,2025-04-23,2374,25.4379,60389.57,-1439.45,GBP,MOCK_FEED
POS00400220250423,PORT004,INS0012,2025-04-23,227,9.6147,2182.54,36.51,INR,MOCK_FEED
POS00400320250423,PORT004,INS0013,2025-04-23,2285,29.7176,67904.72,-1331.65,USD,MOCK_FEED
POS00400420250423,PORT004,INS0014,2025-04-23,3538,16.3002,57670.11,27.52,USD,MOCK_FEED
POS00400520250423,PORT004,INS0015,2025-04-23,2082,30.2212,62920.54,-1430.48,INR,MOCK_FEED
POS00400620250423,PORT004,INS0016,2025-04-23,4916,42.9725,211252.81,-463.49,GBP,MOCK_FEED
POS00400720250423,PORT004,INS0017,2025-04-23,4720,124.4262,587291.66,-8979.03,USD,MOCK_FEED
POS00400820250423,PORT004,INS0018,2025-04-23,4859,49.8808,242370.81,-4003.43,EUR,MOCK_FEED
POS00400920250423,PORT004,INS0019,2025-04-23,1980,17.449,34549.02,252.33,GBP,MOCK_FEED
POS00401020250423,PORT004,INS0020,2025-04-23,1936,11.6861,22624.29,880.98,GBP,MOCK_FEED
POS00400120250424,PORT004,INS0011,2025-04-24,4937,24.8754,122809.85,3420.14,INR,MOCK_FEED
POS00400220250424,PORT004,INS0012,2025-04-24,892,9.6273,8587.55,220.92,USD,MOCK_FEED
POS00400320250424,PORT004,INS0013,2025-04-24,3050,29.1981,89054.21,-1990.33,EUR,MOCK_FEED
POS00400420250424,PORT004,INS0014,2025-04-24,1242,16.2165,20140.89,-442.54,EUR,MOCK_FEED
POS00400520250424,PORT004,INS0015,2025-04-24,1991,30.3834,60493.35,85.04,USD,MOCK_FEED
POS00400620250424,PORT004,INS0016,2025-04-24,556,42.9852,23899.77,-712.44,USD,MOCK_FEED
POS00400720250424,PORT004,INS0017,2025-04-24,246,123.4984,30380.61,-69.45,INR,MOCK_FEED
POS00400820250424,PORT004,INS0018,2025-04-24,731,49.6363,36284.14,1215.06,INR,MOCK_FEED
POS00400920250424,PORT004,INS0019,2025-04-24,131,17.5507,2299.14,32.67,GBP,MOCK_FEED
POS00401020250424,PORT004,INS0020,2025-04-24,531,11.6921,6208.51,-18.63,USD,MOCK_FEED
POS00400120250425,PORT004,INS0011,2025-04-25,3006,25.232,75847.39,1516.88,GBP,MOCK_FEED
POS00400220250425,PORT004,INS0012,2025-04-25,2824,9.6855,27351.85,-522.26,USD,MOCK_FEED
POS00400320250425,PORT004,INS0013,2025-04-25,3887,29.2645,113751.11,4341.04,INR,MOCK_FEED
POS00400420250425,PORT004,INS0014,2025-04-25,4482,15.9497,71486.56,-1991.75,USD,MOCK_FEED
POS00400520250425,PORT004,INS0015,2025-04-25,4732,30.489,144273.95,5198.02,GBP,MOCK_FEED
POS00400620250425,PORT004,INS0016,2025-04-25,3366,43.409,146114.69,2940.86,EUR,MOCK_FEED
POS00400720250425,PORT004,INS0017,2025-04-25,4453,124.1357,552776.27,17458.02,USD,MOCK_FEED
POS00400820250425,PORT004,INS0018,2025-04-25,3506,49.5539,173735.97,-153.31,USD,MOCK_FEED
POS00400920250425,PORT004,INS0019,2025-04-25,4489,17.6602,79276.64,1187.55,USD,MOCK_FEED
POS00401020250425,PORT004,INS0020,2025-04-25,1551,11.5294,17882.1,219.86,USD,MOCK_FEED
POS00400120250426,PORT004,INS0011,2025-04-26,2553,25.0041,63835.47,-531.48,GBP,MOCK_FEED
POS00400220250426,PORT004,INS0012,2025-04-26,2106,9.7726,20581.1,649.79,GBP,MOCK_FEED
POS00400320250426,PORT004,INS0013,2025-04-26,2556,29.6029,75665.01,1749.86,INR,MOCK_FEED
POS00400420250426,PORT004,INS0014,2025-04-26,3065,15.8907,48705.0,360.4,INR,MOCK_FEED
POS00400520250426,PORT004,INS0015,2025-04-26,4286,29.9597,128407.27,-1383.96,GBP,MOCK_FEED
POS00400620250426,PORT004,INS0016,2025-04-26,3376,44.1498,149049.72,-1962.29,EUR,MOCK_FEED
POS00400720250426,PORT004,INS0017,2025-04-26,2585,123.0549,318096.92,9206.79,EUR,MOCK_FEED
POS00400820250426,PORT004,INS0018,2025-04-26,3367,49.7727,167584.68,-401.46,USD,MOCK_FEED
POS00400920250426,PORT004,INS0019,2025-04-26,1426,17.9975,25664.43,-764.79,INR,MOCK_FEED
POS00401020250426,PORT004,INS0020,2025-04-26,3497,11.151,38995.05,913.61,INR,MOCK_FEED
POS00400120250427,PORT004,INS0011,2025-04-27,957,25.1181,24038.02,43.04,USD,MOCK_FEED
POS00400220250427,PORT004,INS0012,2025-04-27,4784,9.4607,45259.99,466.07,EUR,MOCK_FEED
POS00400320250427,PORT004,INS0013,2025-04-27,1651,29.2124,48229.67,403.31,USD,MOCK_FEED
POS00400420250427,PORT004,INS0014,2025-04-27,1785,15.7219,28063.59,-391.72,GBP,MOCK_FEED
POS00400520250427,PORT004,INS0015,2025-04-27,195,29.7455,5800.37,-84.87,EUR,MOCK_FEED
POS00400620250427,PORT004,INS0016,2025-04-27,2586,45.1441,116742.64,1111.86,GBP,MOCK_FEED
POS00400720250427,PORT004,INS0017,2025-04-27,1170,124.1601,145267.32,4775.57,GBP,MOCK_FEED
POS00400820250427,PORT004,INS0018,2025-04-27,4292,49.5757,212778.9,4497.33,GBP,MOCK_FEED
POS00400920250427,PORT004,INS0019,2025-04-27,136,18.0992,2461.49,74.23,USD,MOCK_FEED
POS00401020250427,PORT004,INS0020,2025-04-27,138,11.1456,1538.09,36.74,USD,MOCK_FEED
POS00400120250428,PORT004,INS0011,2025-04-28,1772,25.2356,44717.48,-108.02,INR,MOCK_FEED
POS00400220250428,PORT004,INS0012,2025-04-28,1575,9.4804,14931.63,-83.74,GBP,MOCK_FEED
POS00400320250428,PORT004,INS0013,2025-04-28,4025,29.4068,118362.37,-1081.66,EUR,MOCK_FEED
POS00400420250428,PORT004,INS0014,2025-04-28,4128,15.4814,63907.22,453.56,EUR,MOCK_FEED
POS00400520250428,PORT004,INS0015,2025-04-28,4309,29.9322,128977.85,2306.86,EUR,MOCK_FEED
POS00400620250428,PORT004,INS0016,2025-04-28,2438,45.4425,110788.82,3716.29,EUR,MOCK_FEED
POS00400720250428,PORT004,INS0017,2025-04-28,1743,124.1994,216479.55,-2933.03,USD,MOCK_FEED
POS00400820250428,PORT004,INS0018,2025-04-28,3249,49.8039,161812.87,3788.45,GBP,MOCK_FEED
POS00400920250428,PORT004,INS0019,2025-04-28,2233,18.1406,40507.96,1326.44,INR,MOCK_FEED
POS00401020250428,PORT004,INS0020,2025-04-28,449,11.3069,5076.8,51.49,INR,MOCK_FEED
POS00400120250429,PORT004,INS0011,2025-04-29,3449,25.1582,86770.63,-699.17,INR,MOCK_FEED
POS00400220250429,PORT004,INS0012,2025-04-29,4284,9.3479,40046.4,915.05,EUR,MOCK_FEED
POS00400320250429,PORT004,INS0013,2025-04-29,3127,29.4761,92171.76,-1050.67,INR,MOCK_FEED
POS00400420250429,PORT004,INS0014,2025-04-29,1700,15.1877,25819.09,-595.17,USD,MOCK_FEED
POS00400520250429,PORT004,INS0015,2025-04-29,719,30.2524,21751.48,826.94,USD,MOCK_FEED
POS00400620250429,PORT004,INS0016,2025-04-29,2500,44.548,111370.0,3168.6,EUR,MOCK_FEED
POS00400720250429,PORT004,INS0017,2025-04-29,3222,125.5287,404453.47,8112.56,EUR,MOCK_FEED
POS00400820250429,PORT004,INS0018,2025-04-29,3694,50.234,185564.4,-5008.57,EUR,MOCK_FEED
POS00400920250429,PORT004,INS0019,2025-04-29,4672,18.2096,85075.25,1092.63,EUR,MOCK_FEED
POS00401020250429,PORT004,INS0020,2025-04-29,1639,11.1432,18263.7,-0.08,USD,MOCK_FEED
POS00400120250430,PORT004,INS0011,2025-04-30,4831,25.1389,121446.03,1069.15,EUR,MOCK_FEED
POS00400220250430,PORT004,INS0012,2025-04-30,3822,9.4071,35953.94,-726.94,GBP,MOCK_FEED
POS00400320250430,PORT004,INS0013,2025-04-30,1499,29.4294,44114.67,-500.23,USD,MOCK_FEED
POS00400420250430,PORT004,INS0014,2025-04-30,3645,15.0297,54783.26,-1086.16,USD,MOCK_FEED
POS00400520250430,PORT004,INS0015,2025-04-30,3971,30.2638,120177.55,-243.61,USD,MOCK_FEED
POS00400620250430,PORT004,INS0016,2025-04-30,2168,44.8725,97283.58,2313.28,GBP,MOCK_FEED
POS00400720250430,PORT004,INS0017,2025-04-30,3194,122.9899,392829.74,-3472.43,USD,MOCK_FEED
POS00400820250430,PORT004,INS0018,2025-04-30,4622,49.8581,230444.14,-4914.93,INR,MOCK_FEED
POS00400920250430,PORT004,INS0019,2025-04-30,2787,18.0567,50324.02,624.16,USD,MOCK_FEED
POS00401020250430,PORT004,INS0020,2025-04-30,3416,11.0091,37607.09,-372.61,GBP,MOCK_FEED
POS00400120250501,PORT004,INS0011,2025-05-01,4642,25.4003,117908.19,3271.01,EUR,MOCK_FEED
POS00400220250501,PORT004,INS0012,2025-05-01,3360,9.5272,32011.39,20.98,USD,MOCK_FEED
POS00400320250501,PORT004,INS0013,2025-05-01,507,29.8267,15122.14,522.55,INR,MOCK_FEED
POS00400420250501,PORT004,INS0014,2025-05-01,1934,15.0673,29140.16,117.38,INR,MOCK_FEED
POS00400520250501,PORT004,INS0015,2025-05-01,586,30.1244,17652.9,370.99,EUR,MOCK_FEED
POS00400620250501,PORT004,INS0016,2025-05-01,1735,45.3073,78608.17,2521.91,EUR,MOCK_FEED
POS00400720250501,PORT004,INS0017,2025-05-01,674,122.9037,82837.09,-217.54,EUR,MOCK_FEED
POS00400820250501,PORT004,INS0018,2025-05-01,4455,50.2197,223728.76,2085.08,GBP,MOCK_FEED
POS00400920250501,PORT004,INS0019,2025-05-01,249,18.3373,4565.99,-12.7,USD,MOCK_FEED
POS00401020250501,PORT004,INS0020,2025-05-01,2703,10.9816,29683.26,1025.15,GBP,MOCK_FEED
POS00400120250502,PORT004,INS0011,2025-05-02,2833,25.1909,71365.82,2763.21,EUR,MOCK_FEED
POS00400220250502,PORT004,INS0012,2025-05-02,4221,9.5239,40200.38,439.23,EUR,MOCK_FEED
POS00400320250502,PORT004,INS0013,2025-05-02,2741,29.9925,82209.44,1946.97,USD,MOCK_FEED
POS00400420250502,PORT004,INS0014,2025-05-02,2172,14.5742,31655.16,-760.33,EUR,MOCK_FEED
POS00400520250502,PORT004,INS0015,2025-05-02,2307,30.4285,70198.55,-63.37,EUR,MOCK_FEED
POS00400620250502,PORT004,INS0016,2025-05-02,666,44.2526,29472.23,-760.43,GBP,MOCK_FEED
POS00400720250502,PORT004,INS0017,2025-05-02,1149,124.3229,142847.01,4248.63,INR,MOCK_FEED
POS00400820250502,PORT004,INS0018,2025-05-02,914,50.4914,46149.14,-939.42,INR,MOCK_FEED
POS00400920250502,PORT004,INS0019,2025-05-02,4822,18.3257,88366.53,-1726.05,INR,MOCK_FEED
POS00401020250502,PORT004,INS0020,2025-05-02,1899,10.7206,20358.42,-248.07,USD,MOCK_FEED
POS00400120250503,PORT004,INS0011,2025-05-03,4046,24.8083,100374.38,645.46,USD,MOCK_FEED
POS00400220250503,PORT004,INS0012,2025-05-03,1844,9.3942,17322.9,-182.86,USD,MOCK_FEED
POS00400320250503,PORT004,INS0013,2025-05-03,2185,29.7141,64925.31,1233.92,INR,MOCK_FEED
POS00400420250503,PORT004,INS0014,2025-05-03,2987,14.7155,43955.2,-645.74,INR,MOCK_FEED
POS00400520250503,PORT004,INS0015,2025-05-03,4996,30.6941,153347.72,4735.84,EUR,MOCK_FEED
POS00400620250503,PORT004,INS0016,2025-05-03,4267,44.2887,188979.88,-1129.88,GBP,MOCK_FEED
POS00400720250503,PORT004,INS0017,2025-05-03,3607,122.7795,442865.66,-9389.18,USD,MOCK_FEED
POS00400820250503,PORT004,INS0018,2025-05-03,2239,49.9618,111864.47,1767.87,INR,MOCK_FEED
POS00400920250503,PORT004,INS0019,2025-05-03,4628,18.7962,86988.81,2845.88,INR,MOCK_FEED
POS00401020250503,PORT004,INS0020,2025-05-03,1301,10.7253,13953.62,-116.06,INR,MOCK_FEED
POS00400120250504,PORT004,INS0011,2025-05-04,519,24.8373,12890.56,-124.66,EUR,MOCK_FEED
POS00400220250504,PORT004,INS0012,2025-05-04,2633,9.388,24718.6,767.81,GBP,MOCK_FEED
POS00400320250504,PORT004,INS0013,2025-05-04,4993,30.0925,150251.85,5293.12,USD,MOCK_FEED
POS00400420250504,PORT004,INS0014,2025-05-04,770,14.8519,11435.96,57.17,EUR,MOCK_FEED
POS00400520250504,PORT004,INS0015,2025-05-04,431,30.6313,13202.09,-193.08,INR,MOCK_FEED
POS00400620250504,PORT004,INS0016,2025-05-04,2869,43.5858,125047.66,-1319.9,EUR,MOCK_FEED
POS00400720250504,PORT004,INS0017,2025-05-04,2647,123.2035,326119.66,11522.99,GBP,MOCK_FEED
POS00400820250504,PORT004,INS0018,2025-05-04,2400,49.6284,119108.16,1217.2,EUR,MOCK_FEED
POS00400920250504,PORT004,INS0019,2025-05-04,2318,19.0245,44098.79,-613.64,GBP,MOCK_FEED
POS00401020250504,PORT004,INS0020,2025-05-04,2802,10.6979,29975.52,64.04,EUR,MOCK_FEED
POS00400120250505,PORT004,INS0011,2025-05-05,1010,25.4144,25668.54,-232.59,EUR,MOCK_FEED
POS00400220250505,PORT004,INS0012,2025-05-05,2274,9.5163,21640.07,573.67,USD,MOCK_FEED
POS00400320250505,PORT004,INS0013,2025-05-05,2372,29.484,69936.05,1114.93,GBP,MOCK_FEED
POS00400420250505,PORT004,INS0014,2025-05-05,1981,15.0978,29908.74,885.52,USD,MOCK_FEED
POS00400520250505,PORT004,INS0015,2025-05-05,1148,29.7374,34138.54,523.48,GBP,MOCK_FEED
POS00400620250505,PORT004,INS0016,2025-05-05,3813,43.5041,165881.13,4534.38,EUR,MOCK_FEED
POS00400720250505,PORT004,INS0017,2025-05-05,4972,119.8307,595798.24,4473.02,INR,MOCK_FEED
POS00400820250505,PORT004,INS0018,2025-05-05,2063,49.6457,102419.08,2170.35,EUR,MOCK_FEED
POS00400920250505,PORT004,INS0019,2025-05-05,1459,19.0977,27863.54,845.43,GBP,MOCK_FEED
POS00401020250505,PORT004,INS0020,2025-05-05,989,10.7483,10630.07,134.81,EUR,MOCK_FEED
POS00400120250506,PORT004,INS0011,2025-05-06,1069,25.3402,27088.67,-157.23,INR,MOCK_FEED
POS00400220250506,PORT004,INS0012,2025-05-06,434,9.6115,4171.39,142.95,USD,MOCK_FEED
POS00400320250506,PORT004,INS0013,2025-05-06,293,29.301,8585.19,48.45,INR,MOCK_FEED
POS00400420250506,PORT004,INS0014,2025-05-06,2703,15.1447,40936.12,-901.14,EUR,MOCK_FEED
POS00400520250506,PORT004,INS0015,2025-05-06,1521,29.6128,45041.07,856.97,INR,MOCK_FEED
POS00400620250506,PORT004,INS0016,2025-05-06,1732,43.5082,75356.2,2168.52,EUR,MOCK_FEED
POS00400720250506,PORT004,INS0017,2025-05-06,3193,119.864,382725.75,-7299.12,INR,MOCK_FEED
POS00400820250506,PORT004,INS0018,2025-05-06,2252,49.6745,111866.97,690.98,INR,MOCK_FEED
POS00400920250506,PORT004,INS0019,2025-05-06,3663,19.4208,71138.39,2013.99,GBP,MOCK_FEED
POS00401020250506,PORT004,INS0020,2025-05-06,3091,10.6045,32778.51,1133.02,INR,MOCK_FEED
POS00400120250507,PORT004,INS0011,2025-05-07,2432,25.1035,61051.71,-1074.08,USD,MOCK_FEED
POS00400220250507,PORT004,INS0012,2025-05-07,4237,9.6563,40913.74,-544.94,GBP,MOCK_FEED
POS00400320250507,PORT004,INS0013,2025-05-07,2297,28.9321,66457.03,2326.2,USD,MOCK_FEED
POS00400420250507,PORT004,INS0014,2025-05-07,1323,15.2784,20213.32,277.56,INR,MOCK_FEED
POS00400520250507,PORT004,INS0015,2025-05-07,3199,29.9141,95695.21,1900.5,USD,MOCK_FEED
POS00400620250507,PORT004,INS0016,2025-05-07,3573,44.2136,157975.19,-4536.68,INR,MOCK_FEED
POS00400720250507,PORT004,INS0017,2025-05-07,1383,118.6377,164075.94,-2525.47,USD,MOCK_FEED
POS00400820250507,PORT004,INS0018,2025-05-07,4275,49.4351,211335.05,7313.15,EUR,MOCK_FEED
POS00400920250507,PORT004,INS0019,2025-05-07,939,19.4153,18230.97,-41.69,GBP,MOCK_FEED
POS00401020250507,PORT004,INS0020,2025-05-07,2323,10.48,24345.04,-668.86,EUR,MOCK_FEED
POS00400120250508,PORT004,INS0011,2025-05-08,2081,24.9006,51818.15,1486.2,EUR,MOCK_FEED
POS00400220250508,PORT004,INS0012,2025-05-08,1355,9.7134,13161.66,-211.55,EUR,MOCK_FEED
POS00400320250508,PORT004,INS0013,2025-05-08,1752,29.6853,52008.65,916.9,GBP,MOCK_FEED
POS00400420250508,PORT004,INS0014,2025-05-08,3765,15.0772,56765.66,-1345.08,INR,MOCK_FEED
POS00400520250508,PORT004,INS0015,2025-05-08,303,29.9357,9070.52,27.14,INR,MOCK_FEED
POS00400620250508,PORT004,INS0016,2025-05-08,4582,43.3033,198415.72,7544.01,INR,MOCK_FEED
POS00400720250508,PORT004,INS0017,2025-05-08,2018,119.7204,241595.77,2279.23,USD,MOCK_FEED
POS00400820250508,PORT004,INS0018,2025-05-08,4824,49.1518,237108.28,-6593.56,GBP,MOCK_FEED
POS00400920250508,PORT004,INS0019,2025-05-08,1492,19.2327,28695.19,737.97,EUR,MOCK_FEED
POS00401020250508,PORT004,INS0020,2025-05-08,473,10.3478,4894.51,-126.98,USD,MOCK_FEED
POS00400120250509,PORT004,INS0011,2025-05-09,2708,24.2384,65637.59,1216.01,EUR,MOCK_FEED
POS00400220250509,PORT004,INS0012,2025-05-09,378,9.7832,3698.05,26.02,GBP,MOCK_FEED
POS00400320250509,PORT004,INS0013,2025-05-09,3953,29.3528,116031.62,-806.82,USD,MOCK_FEED
POS00400420250509,PORT004,INS0014,2025-05-09,4163,15.0916,62826.33,-1665.02,INR,MOCK_FEED
POS00400520250509,PORT004,INS0015,2025-05-09,217,29.5656,6415.74,77.71,INR,MOCK_FEED
POS00400620250509,PORT004,INS0016,2025-05-09,3329,43.2828,144088.44,2787.49,GBP,MOCK_FEED
POS00400720250509,PORT004,INS0017,2025-05-09,2598,119.1544,309563.13,4092.99,GBP,MOCK_FEED
POS00400820250509,PORT004,INS0018,2025-05-09,4021,48.9452,196808.65,-4837.81,GBP,MOCK_FEED
POS00400920250509,PORT004,INS0019,2025-05-09,1209,19.4527,23518.31,632.34,USD,MOCK_FEED
POS00401020250509,PORT004,INS0020,2025-05-09,4710,10.2271,48169.64,1603.94,GBP,MOCK_FEED
POS00400120250510,PORT004,INS0011,2025-05-10,3918,23.8012,93253.1,-2154.78,EUR,MOCK_FEED
POS00400220250510,PORT004,INS0012,2025-05-10,3006,9.8114,29493.07,494.57,EUR,MOCK_FEED
POS00400320250510,PORT004,INS0013,2025-05-10,3552,29.6373,105271.69,2113.2,GBP,MOCK_FEED
POS00400420250510,PORT004,INS0014,2025-05-10,277,15.0851,4178.57,0.11,USD,MOCK_FEED
POS00400520250510,PORT004,INS0015,2025-05-10,3410,29.6264,101026.02,-77.39,GBP,MOCK_FEED
POS00400620250510,PORT004,INS0016,2025-05-10,4333,43.6377,189082.15,-3237.46,GBP,MOCK_FEED
POS00400720250510,PORT004,INS0017,2025-05-10,987,120.6352,119066.94,4391.29,INR,MOCK_FEED
POS00400820250510,PORT004,INS0018,2025-05-10,3347,49.3328,165116.88,434.1,INR,MOCK_FEED
POS00400920250510,PORT004,INS0019,2025-05-10,1123,19.2434,21610.34,-465.12,EUR,MOCK_FEED
POS00401020250510,PORT004,INS0020,2025-05-10,1401,10.1535,14225.05,431.3,USD,MOCK_FEED
POS00400120250511,PORT004,INS0011,2025-05-11,2776,23.1439,64247.47,1641.77,GBP,MOCK_FEED
POS00400220250511,PORT004,INS0012,2025-05-11,3827,9.9874,38221.78,374.03,INR,MOCK_FEED
POS00400320250511,PORT004,INS0013,2025-05-11,4297,29.895,128458.82,-1009.17,EUR,MOCK_FEED
POS00400420250511,PORT004,INS0014,2025-05-11,2806,15.4412,43328.01,-1227.74,EUR,MOCK_FEED
POS00400520250511,PORT004,INS0015,2025-05-11,3073,29.7283,91355.07,3244.31,EUR,MOCK_FEED
POS00400620250511,PORT004,INS0016,2025-05-11,639,43.5822,27849.03,-504.38,EUR,MOCK_FEED
POS00400720250511,PORT004,INS0017,2025-05-11,3146,119.4688,375848.84,-5735.08,GBP,MOCK_FEED
POS00400820250511,PORT004,INS0018,2025-05-11,161,49.4715,7964.91,-187.04,USD,MOCK_FEED
POS00400920250511,PORT004,INS0019,2025-05-11,4474,19.4985,87236.29,-2596.5,INR,MOCK_FEED
POS00401020250511,PORT004,INS0020,2025-05-11,2188,10.1438,22194.63,-320.82,USD,MOCK_FEED
POS00400120250512,PORT004,INS0011,2025-05-12,2836,23.6529,67079.62,-151.77,GBP,MOCK_FEED
POS00400220250512,PORT004,INS0012,2025-05-12,2379,10.1772,24211.56,92.09,INR,MOCK_FEED
POS00400320250512,PORT004,INS0013,2025-05-12,3691,30.1598,111319.82,2214.04,EUR,MOCK_FEED
POS00400420250512,PORT004,INS0014,2025-05-12,2395,15.5612,37269.07,751.16,USD,MOCK_FEED
POS00400520250512,PORT004,INS0015,2025-05-12,803,29.0968,23364.73,-454.1,GBP,MOCK_FEED
POS00400620250512,PORT004,INS0016,2025-05-12,2109,43.7146,92194.09,1319.71,EUR,MOCK_FEED
POS00400720250512,PORT004,INS0017,2025-05-12,777,118.2205,91857.33,-2620.57,INR,MOCK_FEED
POS00400820250512,PORT004,INS0018,2025-05-12,3542,49.0842,173856.24,-4149.04,INR,MOCK_FEED
POS00400920250512,PORT004,INS0019,2025-05-12,1423,19.7644,28124.74,152.91,EUR,MOCK_FEED
POS00401020250512,PORT004,INS0020,2025-05-12,2125,10.3178,21925.33,-128.73,INR,MOCK_FEED
POS00400120250513,PORT004,INS0011,2025-05-13,303,23.6882,7177.52,40.89,INR,MOCK_FEED
POS00400220250513,PORT004,INS0012,2025-05-13,3498,10.0412,35124.12,-950.48,EUR,MOCK_FEED
POS00400320250513,PORT004,INS0013,2025-05-13,3047,30.0577,91585.81,1960.48,USD,MOCK_FEED
POS00400420250513,PORT004,INS0014,2025-05-13,4375,15.466,67663.75,81.24,USD,MOCK_FEED
POS00400520250513,PORT004,INS0015,2025-05-13,1451,29.1746,42332.34,-945.62,INR,MOCK_FEED
POS00400620250513,PORT004,INS0016,2025-05-13,2137,42.9481,91780.09,2762.5,INR,MOCK_FEED
POS00400720250513,PORT004,INS0017,2025-05-13,312,120.2956,37532.23,329.73,EUR,MOCK_FEED
POS00400820250513,PORT004,INS0018,2025-05-13,2417,49.031,118507.93,2963.92,USD,MOCK_FEED
POS00400920250513,PORT004,INS0019,2025-05-13,369,19.8601,7328.38,-136.43,INR,MOCK_FEED
POS00401020250513,PORT004,INS0020,2025-05-13,4954,10.2997,51024.71,-200.89,EUR,MOCK_FEED
POS00400120250514,PORT004,INS0011,2025-05-14,3855,23.6019,90985.32,-1706.64,EUR,MOCK_FEED
POS00400220250514,PORT004,INS0012,2025-05-14,3367,10.1882,34303.67,167.23,EUR,MOCK_FEED
POS00400320250514,PORT004,INS0013,2025-05-14,2068,31.4246,64986.07,24.11,INR,MOCK_FEED
POS00400420250514,PORT004,INS0014,2025-05-14,1718,15.2162,26141.43,-425.96,USD,MOCK_FEED
POS00400520250514,PORT004,INS0015,2025-05-14,241,29.1383,7022.33,109.73,USD,MOCK_FEED
POS00400620250514,PORT004,INS0016,2025-05-14,4457,44.1942,196973.55,7064.49,INR,MOCK_FEED
POS00400720250514,PORT004,INS0017,2025-05-14,3384,120.7132,408493.47,1516.61,GBP,MOCK_FEED
POS00400820250514,PORT004,INS0018,2025-05-14,869,49.4604,42981.09,-260.21,INR,MOCK_FEED
POS00400920250514,PORT004,INS0019,2025-05-14,4198,19.3927,81410.55,-1567.62,USD,MOCK_FEED
POS00401020250514,PORT004,INS0020,2025-05-14,2353,10.1731,23937.3,-397.68,USD,MOCK_FEED
POS00400120250515,PORT004,INS0011,2025-05-15,1673,23.8571,39912.93,-1167.3,INR,MOCK_FEED
POS00400220250515,PORT004,INS0012,2025-05-15,2031,10.2121,20740.78,472.39,GBP,MOCK_FEED
POS00400320250515,PORT004,INS0013,2025-05-15,4941,31.147,153897.33,-3537.98,EUR,MOCK_FEED
POS00400420250515,PORT004,INS0014,2025-05-15,2353,15.5189,36515.97,-603.08,USD,MOCK_FEED
POS00400520250515,PORT004,INS0015,2025-05-15,4433,29.0914,128962.18,4126.45,GBP,MOCK_FEED
POS00400620250515,PORT004,INS0016,2025-05-15,2615,44.8298,117229.93,3847.38,EUR,MOCK_FEED
POS00400720250515,PORT004,INS0017,2025-05-15,4714,124.5886,587310.66,101.16,EUR,MOCK_FEED
POS00400820250515,PORT004,INS0018,2025-05-15,2272,49.5626,112606.23,2967.42,USD,MOCK_FEED
POS00400920250515,PORT004,INS0019,2025-05-15,1392,19.2086,26738.37,-258.12,INR,MOCK_FEED
POS00401020250515,PORT004,INS0020,2025-05-15,1456,10.1467,14773.6,472.82,USD,MOCK_FEED
POS00400120250516,PORT004,INS0011,2025-05-16,1453,23.6205,34320.59,-11.33,GBP,MOCK_FEED
POS00400220250516,PORT004,INS0012,2025-05-16,3590,10.2617,36839.5,-124.14,INR,MOCK_FEED
POS00400320250516,PORT004,INS0013,2025-05-16,4322,31.1809,134763.85,-3945.28,INR,MOCK_FEED
POS00400420250516,PORT004,INS0014,2025-05-16,2776,15.3806,42696.55,-398.99,GBP,MOCK_FEED
POS00400520250516,PORT004,INS0015,2025-05-16,3238,29.1396,94354.02,3170.46,INR,MOCK_FEED
POS00400620250516,PORT004,INS0016,2025-05-16,2970,44.675,132684.75,-1672.67,GBP,MOCK_FEED
POS00400720250516,PORT004,INS0017,2025-05-16,2492,121.9658,303938.77,-3936.24,INR,MOCK_FEED
POS00400820250516,PORT004,INS0018,2025-05-16,4528,49.4983,224128.3,-2627.54,INR,MOCK_FEED
POS00400920250516,PORT004,INS0019,2025-05-16,2124,18.9306,40208.59,-14.11,INR,MOCK_FEED
POS00401020250516,PORT004,INS0020,2025-05-16,313,10.2065,3194.63,-6.48,USD,MOCK_FEED
POS00400120250517,PORT004,INS0011,2025-05-17,1862,23.6805,44093.09,-65.54,EUR,MOCK_FEED
POS00400220250517,PORT004,INS0012,2025-05-17,3228,10.2921,33222.9,-948.06,GBP,MOCK_FEED
POS00400320250517,PORT004,INS0013,2025-05-17,979,30.7801,30133.72,50.53,EUR,MOCK_FEED
POS00400420250517,PORT004,INS0014,2025-05-17,4431,15.5468,68887.87,1276.98,USD,MOCK_FEED
POS00400520250517,PORT004,INS0015,2025-05-17,4297,29.0155,124679.6,-665.34,EUR,MOCK_FEED
POS00400620250517,PORT004,INS0016,2025-05-17,1287,43.7867,56353.48,968.28,GBP,MOCK_FEED
POS00400720250517,PORT004,INS0017,2025-05-17,4749,120.9721,574496.5,-2778.17,USD,MOCK_FEED
POS00400820250517,PORT004,INS0018,2025-05-17,2767,49.6589,137406.18,-2263.23,INR,MOCK_FEED
POS00400920250517,PORT004,INS0019,2025-05-17,2941,19.4178,57107.75,1830.95,GBP,MOCK_FEED
POS00401020250517,PORT004,INS0020,2025-05-17,680,10.1576,6907.17,254.05,USD,MOCK_FEED
POS00400120250518,PORT004,INS0011,2025-05-18,2147,24.147,51843.61,132.13,INR,MOCK_FEED
POS00400220250518,PORT004,INS0012,2025-05-18,1508,10.2453,15449.91,227.28,USD,MOCK_FEED
POS00400320250518,PORT004,INS0013,2025-05-18,4946,30.756,152119.18,-313.86,USD,MOCK_FEED
POS00400420250518,PORT004,INS0014,2025-05-18,812,15.2268,12364.16,-123.41,EUR,MOCK_FEED
POS00400520250518,PORT004,INS0015,2025-05-18,124,29.3232,3636.08,38.65,EUR,MOCK_FEED
POS00400620250518,PORT004,INS0016,2025-05-18,2393,42.7999,102420.16,-1470.95,EUR,MOCK_FEED
POS00400720250518,PORT004,INS0017,2025-05-18,3378,120.0,405360.0,-11174.26,INR,MOCK_FEED
POS00400820250518,PORT004,INS0018,2025-05-18,4399,49.1973,216418.92,-3178.41,INR,MOCK_FEED
POS00400920250518,PORT004,INS0019,2025-05-18,2592,19.1149,49545.82,1600.19,USD,MOCK_FEED
POS00401020250518,PORT004,INS0020,2025-05-18,636,10.1221,6437.66,-53.84,GBP,MOCK_FEED
POS00400120250519,PORT004,INS0011,2025-05-19,2159,23.4096,50541.33,1613.31,GBP,MOCK_FEED
POS00400220250519,PORT004,INS0012,2025-05-19,4468,10.1835,45499.88,-761.94,EUR,MOCK_FEED
POS00400320250519,PORT004,INS0013,2025-05-19,1382,30.4575,42092.26,-40.35,USD,MOCK_FEED
POS00400420250519,PORT004,INS0014,2025-05-19,2427,15.191,36868.56,755.78,INR,MOCK_FEED
POS00400520250519,PORT004,INS0015,2025-05-19,1825,29.4548,53755.01,-746.77,GBP,MOCK_FEED
POS00400620250519,PORT004,INS0016,2025-05-19,371,43.4713,16127.85,-88.49,EUR,MOCK_FEED
POS00400720250519,PORT004,INS0017,2025-05-19,2100,118.7595,249394.95,4734.76,EUR,MOCK_FEED
POS00400820250519,PORT004,INS0018,2025-05-19,1622,48.9326,79368.68,-995.63,GBP,MOCK_FEED
POS00400920250519,PORT004,INS0019,2025-05-19,2683,19.105,51258.72,-341.61,INR,MOCK_FEED
POS00401020250519,PORT004,INS0020,2025-05-19,462,10.1805,4703.39,82.81,USD,MOCK_FEED
POS00400120250520,PORT004,INS0011,2025-05-20,324,23.3349,7560.51,245.49,EUR,MOCK_FEED
POS00400220250520,PORT004,INS0012,2025-05-20,1633,10.2954,16812.39,463.62,GBP,MOCK_FEED
POS00400320250520,PORT004,INS0013,2025-05-20,3224,31.1178,100323.79,3031.64,GBP,MOCK_FEED
POS00400420250520,PORT004,INS0014,2025-05-20,3372,15.4364,52051.54,424.57,EUR,MOCK_FEED
POS00400520250520,PORT004,INS0015,2025-05-20,1061,29.4738,31271.7,1181.31,USD,MOCK_FEED
POS00400620250520,PORT004,INS0016,2025-05-20,4440,43.9541,195156.2,3157.09,INR,MOCK_FEED
POS00400720250520,PORT004,INS0017,2025-05-20,2494,117.1826,292253.4,11480.1,GBP,MOCK_FEED
POS00400820250520,PORT004,INS0018,2025-05-20,3000,48.3342,145002.6,1522.5,INR,MOCK_FEED
POS00400920250520,PORT004,INS0019,2025-05-20,2350,18.6674,43868.39,-954.17,EUR,MOCK_FEED
POS00401020250520,PORT004,INS0020,2025-05-20,1093,10.0059,10936.45,431.0,INR,MOCK_FEED
POS00400120250521,PORT004,INS0011,2025-05-21,2238,23.4176,52408.59,1261.35,USD,MOCK_FEED
POS00400220250521,PORT004,INS0012,2025-05-21,1080,10.2438,11063.3,363.03,USD,MOCK_FEED
POS00400320250521,PORT004,INS0013,2025-05-21,1071,30.9586,33156.66,652.43,USD,MOCK_FEED
POS00400420250521,PORT004,INS0014,2025-05-21,1194,15.0608,17982.6,157.61,INR,MOCK_FEED
POS00400520250521,PORT004,INS0015,2025-05-21,844,29.461,24865.08,-122.2,EUR,MOCK_FEED
POS00400620250521,PORT004,INS0016,2025-05-21,4874,44.2553,215700.33,2845.33,INR,MOCK_FEED
POS00400720250521,PORT004,INS0017,2025-05-21,1430,118.4361,169363.62,5441.72,EUR,MOCK_FEED
POS00400820250521,PORT004,INS0018,2025-05-21,1030,48.2132,49659.6,-222.49,USD,MOCK_FEED
POS00400920250521,PORT004,INS0019,2025-05-21,4909,18.5135,90882.77,2586.96,EUR,MOCK_FEED
POS00401020250521,PORT004,INS0020,2025-05-21,828,10.0368,8310.47,-119.22,EUR,MOCK_FEED
POS00400120250522,PORT004,INS0011,2025-05-22,1519,23.2738,35352.9,128.96,GBP,MOCK_FEED
POS00400220250522,PORT004,INS0012,2025-05-22,2351,10.0341,23590.17,898.95,INR,MOCK_FEED
POS00400320250522,PORT004,INS0013,2025-05-22,414,31.0693,12862.69,245.96,GBP,MOCK_FEED
POS00400420250522,PORT004,INS0014,2025-05-22,4001,15.0515,60221.05,1714.32,EUR,MOCK_FEED
POS00400520250522,PORT004,INS0015,2025-05-22,3282,29.624,97225.97,473.44,USD,MOCK_FEED
POS00400620250522,PORT004,INS0016,2025-05-22,2144,44.3128,95006.64,2035.2,EUR,MOCK_FEED
POS00400720250522,PORT004,INS0017,2025-05-22,2016,119.3912,240692.66,3574.28,USD,MOCK_FEED
POS00400820250522,PORT004,INS0018,2025-05-22,2417,47.6347,115133.07,1157.29,INR,MOCK_FEED
POS00400920250522,PORT004,INS0019,2025-05-22,2092,18.304,38291.97,833.85,INR,MOCK_FEED
POS00401020250522,PORT004,INS0020,2025-05-22,430,10.1033,4344.42,-14.0,INR,MOCK_FEED
POS00400120250523,PORT004,INS0011,2025-05-23,1577,23.0918,36415.77,419.97,INR,MOCK_FEED
POS00400220250523,PORT004,INS0012,2025-05-23,4190,9.9157,41546.78,1327.3,USD,MOCK_FEED
POS00400320250523,PORT004,INS0013,2025-05-23,4089,32.8596,134362.9,1946.83,GBP,MOCK_FEED
POS00400420250523,PORT004,INS0014,2025-05-23,4231,14.8818,62964.9,-85.91,USD,MOCK_FEED
POS00400520250523,PORT004,INS0015,2025-05-23,1035,29.8886,30934.7,551.54,USD,MOCK_FEED
POS00400620250523,PORT004,INS0016,2025-05-23,3279,45.2647,148422.95,5648.24,EUR,MOCK_FEED
POS00400720250523,PORT004,INS0017,2025-05-23,2544,116.7831,297096.21,-7481.94,INR,MOCK_FEED
POS00400820250523,PORT004,INS0018,2025-05-23,3132,47.5925,149059.71,-1863.15,GBP,MOCK_FEED
POS00400920250523,PORT004,INS0019,2025-05-23,2999,18.2706,54793.53,-1435.82,GBP,MOCK_FEED
POS00401020250523,PORT004,INS0020,2025-05-23,1439,10.1153,14555.92,153.79,USD,MOCK_FEED
POS00400120250524,PORT004,INS0011,2025-05-24,254,23.2534,5906.36,-159.46,EUR,MOCK_FEED
POS00400220250524,PORT004,INS0012,2025-05-24,372,9.854,3665.69,48.05,USD,MOCK_FEED
POS00400320250524,PORT004,INS0013,2025-05-24,4145,32.1716,133351.28,-1482.95,INR,MOCK_FEED
POS00400420250524,PORT004,INS0014,2025-05-24,2805,14.8149,41555.79,1015.25,INR,MOCK_FEED
POS00400520250524,PORT004,INS0015,2025-05-24,2071,30.4789,63121.8,-1234.46,GBP,MOCK_FEED
POS00400620250524,PORT004,INS0016,2025-05-24,758,44.6988,33881.69,224.01,GBP,MOCK_FEED
POS00400720250524,PORT004,INS0017,2025-05-24,4677,116.4218,544504.76,-7311.85,USD,MOCK_FEED
POS00400820250524,PORT004,INS0018,2025-05-24,2397,48.1503,115416.27,-3458.69,INR,MOCK_FEED
POS00400920250524,PORT004,INS0019,2025-05-24,2311,18.5229,42806.42,583.79,USD,MOCK_FEED
POS00401020250524,PORT004,INS0020,2025-05-24,218,10.2257,2229.2,32.05,EUR,MOCK_FEED
POS00400120250525,PORT004,INS0011,2025-05-25,3876,23.5956,91456.55,-2121.84,INR,MOCK_FEED
POS00400220250525,PORT004,INS0012,2025-05-25,3243,9.6954,31442.18,273.03,USD,MOCK_FEED
POS00400320250525,PORT004,INS0013,2025-05-25,2971,31.9148,94818.87,2931.09,EUR,MOCK_FEED
POS00400420250525,PORT004,INS0014,2025-05-25,1953,14.401,28125.15,668.74,INR,MOCK_FEED
POS00400520250525,PORT004,INS0015,2025-05-25,3893,30.7345,119649.41,2265.01,USD,MOCK_FEED
POS00400620250525,PORT004,INS0016,2025-05-25,2508,45.1608,113263.29,4343.86,EUR,MOCK_FEED
POS00400720250525,PORT004,INS0017,2025-05-25,4819,116.5928,561860.7,22062.82,EUR,MOCK_FEED
POS00400820250525,PORT004,INS0018,2025-05-25,4686,47.2961,221629.52,493.1,GBP,MOCK_FEED
POS00400920250525,PORT004,INS0019,2025-05-25,2875,18.2796,52553.85,-1277.37,EUR,MOCK_FEED
POS00401020250525,PORT004,INS0020,2025-05-25,3209,10.1112,32446.84,216.03,INR,MOCK_FEED
POS00400120250526,PORT004,INS0011,2025-05-26,4698,23.4884,110348.5,2099.02,USD,MOCK_FEED
POS00400220250526,PORT004,INS0012,2025-05-26,2507,9.7135,24351.74,43.71,INR,MOCK_FEED
POS00400320250526,PORT004,INS0013,2025-05-26,1346,32.3581,43554.0,170.92,USD,MOCK_FEED
POS00400420250526,PORT004,INS0014,2025-05-26,243,14.5864,3544.5,-15.19,INR,MOCK_FEED
POS00400520250526,PORT004,INS0015,2025-05-26,3509,30.3368,106451.83,2648.28,INR,MOCK_FEED
POS00400620250526,PORT004,INS0016,2025-05-26,1756,44.3561,77889.31,-482.01,GBP,MOCK_FEED
POS00400720250526,PORT004,INS0017,2025-05-26,3585,117.4457,421042.83,-5367.49,INR,MOCK_FEED
POS00400820250526,PORT004,INS0018,2025-05-26,1189,46.8604,55717.02,2225.89,GBP,MOCK_FEED
POS00400920250526,PORT004,INS0019,2025-05-26,2283,18.4793,42188.24,966.78,EUR,MOCK_FEED
POS00401020250526,PORT004,INS0020,2025-05-26,3497,10.0071,34994.83,-264.71,INR,MOCK_FEED
POS00400120250527,PORT004,INS0011,2025-05-27,3943,23.3674,92137.66,-254.31,GBP,MOCK_FEED
POS00400220250527,PORT004,INS0012,2025-05-27,1042,9.6277,10032.06,64.32,EUR,MOCK_FEED
POS00400320250527,PORT004,INS0013,2025-05-27,1909,32.384,61821.06,1638.03,EUR,MOCK_FEED
POS00400420250527,PORT004,INS0014,2025-05-27,1183,14.2981,16914.65,-456.36,INR,MOCK_FEED
POS00400520250527,PORT004,INS0015,2025-05-27,2009,30.4746,61223.47,-968.09,EUR,MOCK_FEED
POS00400620250527,PORT004,INS0016,2025-05-27,4120,44.8537,184797.24,653.4,GBP,MOCK_FEED
POS00400720250527,PORT004,INS0017,2025-05-27,2169,116.4654,252613.45,3155.41,EUR,MOCK_FEED
POS00400820250527,PORT004,INS0018,2025-05-27,3064,46.0374,141058.59,-947.85,USD,MOCK_FEED
POS00400920250527,PORT004,INS0019,2025-05-27,2175,18.1085,39385.99,1024.7,GBP,MOCK_FEED
POS00401020250527,PORT004,INS0020,2025-05-27,4068,10.0099,40720.27,-1098.03,INR,MOCK_FEED
POS00400120250528,PORT004,INS0011,2025-05-28,151,23.3045,3518.98,64.5,INR,MOCK_FEED
POS00400220250528,PORT004,INS0012,2025-05-28,2567,9.6831,24856.52,-670.83,EUR,MOCK_FEED
POS00400320250528,PORT004,INS0013,2025-05-28,475,32.268,15327.3,-89.71,GBP,MOCK_FEED
POS00400420250528,PORT004,INS0014,2025-05-28,3655,13.9736,51073.51,-850.08,EUR,MOCK_FEED
POS00400520250528,PORT004,INS0015,2025-05-28,352,31.0168,10917.91,381.79,USD,MOCK_FEED
POS00400620250528,PORT004,INS0016,2025-05-28,3626,45.5309,165095.04,-1262.36,EUR,MOCK_FEED
POS00400720250528,PORT004,INS0017,2025-05-28,570,117.0342,66709.49,975.55,INR,MOCK_FEED
POS00400820250528,PORT004,INS0018,2025-05-28,1164,45.9993,53543.19,-1499.55,GBP,MOCK_FEED
POS00400920250528,PORT004,INS0019,2025-05-28,1472,17.8636,26295.22,-285.24,USD,MOCK_FEED
POS00401020250528,PORT004,INS0020,2025-05-28,4266,10.0681,42950.51,112.24,USD,MOCK_FEED
POS00400120250529,PORT004,INS0011,2025-05-29,4108,23.0249,94586.29,-1582.63,EUR,MOCK_FEED
POS00400220250529,PORT004,INS0012,2025-05-29,2461,9.52,23428.72,312.14,USD,MOCK_FEED
POS00400320250529,PORT004,INS0013,2025-05-29,3230,32.4816,104915.57,-3075.01,EUR,MOCK_FEED
POS00400420250529,PORT004,INS0014,2025-05-29,3902,13.9066,54263.55,569.3,EUR,MOCK_FEED
POS00400520250529,PORT004,INS0015,2025-05-29,137,31.0163,4249.23,58.97,INR,MOCK_FEED
POS00400620250529,PORT004,INS0016,2025-05-29,3157,45.2934,142991.26,160.55,INR,MOCK_FEED
POS00400720250529,PORT004,INS0017,2025-05-29,3969,117.5904,466716.3,-7903.03,GBP,MOCK_FEED
POS00400820250529,PORT004,INS0018,2025-05-29,2641,46.3082,122299.96,-1170.94,INR,MOCK_FEED
POS00400920250529,PORT004,INS0019,2025-05-29,2659,17.6259,46867.27,767.65,GBP,MOCK_FEED
POS00401020250529,PORT004,INS0020,2025-05-29,2549,10.2154,26039.05,402.56,USD,MOCK_FEED
POS00400120250530,PORT004,INS0011,2025-05-30,4941,23.0911,114093.13,2037.0,GBP,MOCK_FEED
POS00400220250530,PORT004,INS0012,2025-05-30,2556,9.3854,23989.08,-132.68,INR,MOCK_FEED
POS00400320250530,PORT004,INS0013,2025-05-30,3746,32.9778,123534.84,-1747.61,GBP,MOCK_FEED
POS00400420250530,PORT004,INS0014,2025-05-30,1371,13.71,18796.41,-2.62,GBP,MOCK_FEED
POS00400520250530,PORT004,INS0015,2025-05-30,2622,30.6523,80370.33,-986.73,INR,MOCK_FEED
POS00400620250530,PORT004,INS0016,2025-05-30,370,45.505,16836.85,-375.41,USD,MOCK_FEED
POS00400720250530,PORT004,INS0017,2025-05-30,3856,115.2496,444402.46,-9951.79,GBP,MOCK_FEED
POS00400820250530,PORT004,INS0018,2025-05-30,2796,45.9747,128545.26,3537.76,EUR,MOCK_FEED
POS00400920250530,PORT004,INS0019,2025-05-30,1293,17.6266,22791.19,165.88,EUR,MOCK_FEED
POS00401020250530,PORT004,INS0020,2025-05-30,3066,9.8824,30299.44,1096.17,USD,MOCK_FEED
POS00400120250531,PORT004,INS0011,2025-05-31,2451,22.7449,55747.75,-983.3,GBP,MOCK_FEED
POS00400220250531,PORT004,INS0012,2025-05-31,1530,9.3828,14355.68,452.35,USD,MOCK_FEED
POS00400320250531,PORT004,INS0013,2025-05-31,493,33.2876,16410.79,424.1,INR,MOCK_FEED
POS00400420250531,PORT004,INS0014,2025-05-31,639,13.8064,8822.29,305.34,GBP,MOCK_FEED
POS00400520250531,PORT004,INS0015,2025-05-31,3367,30.0795,101277.68,671.67,USD,MOCK_FEED
POS00400620250531,PORT004,INS0016,2025-05-31,2323,44.79,104047.17,-1534.7,USD,MOCK_FEED
POS00400720250531,PORT004,INS0017,2025-05-31,2431,116.1962,282472.96,9529.59,INR,MOCK_FEED
POS00400820250531,PORT004,INS0018,2025-05-31,277,46.2062,12799.12,-160.03,INR,MOCK_FEED
POS00400920250531,PORT004,INS0019,2025-05-31,3065,17.6268,54026.14,-397.16,EUR,MOCK_FEED
POS00401020250531,PORT004,INS0020,2025-05-31,1225,10.006,12257.35,423.04,GBP,MOCK_FEED
POS00400120250601,PORT004,INS0011,2025-06-01,958,22.6366,21685.86,-279.03,USD,MOCK_FEED
POS00400220250601,PORT004,INS0012,2025-06-01,877,9.4049,8248.1,117.69,INR,MOCK_FEED
POS00400320250601,PORT004,INS0013,2025-06-01,208,33.3136,6929.23,110.05,GBP,MOCK_FEED
POS00400420250601,PORT004,INS0014,2025-06-01,2092,13.9369,29155.99,-690.48,EUR,MOCK_FEED
POS00400520250601,PORT004,INS0015,2025-06-01,1212,29.8407,36166.93,531.71,EUR,MOCK_FEED
POS00400620250601,PORT004,INS0016,2025-06-01,3673,44.1139,162030.35,5747.02,USD,MOCK_FEED
POS00400720250601,PORT004,INS0017,2025-06-01,1334,115.7584,154421.71,-1262.66,USD,MOCK_FEED
POS00400820250601,PORT004,INS0018,2025-06-01,1892,46.3755,87742.45,-1623.1,USD,MOCK_FEED
POS00400920250601,PORT004,INS0019,2025-06-01,2913,17.5562,51141.21,-1254.14,USD,MOCK_FEED
POS00401020250601,PORT004,INS0020,2025-06-01,3444,10.0132,34485.46,1221.32,INR,MOCK_FEED
POS00400120250602,PORT004,INS0011,2025-06-02,1375,22.6177,31099.34,1053.29,USD,MOCK_FEED
POS00400220250602,PORT004,INS0012,2025-06-02,3930,9.3866,36889.34,1105.46,USD,MOCK_FEED
POS00400320250602,PORT004,INS0013,2025-06-02,1663,32.919,54744.3,-1214.98,USD,MOCK_FEED
POS00400420250602,PORT004,INS0014,2025-06-02,3258,13.8585,45150.99,-424.12,USD,MOCK_FEED
POS00400520250602,PORT004,INS0015,2025-06-02,436,30.3651,13239.18,-379.1,USD,MOCK_FEED
POS00400620250602,PORT004,INS0016,2025-06-02,4937,43.2969,213756.8,5391.71,USD,MOCK_FEED
POS00400720250602,PORT004,INS0017,2025-06-02,4195,114.4855,480266.67,18979.79,INR,MOCK_FEED
POS00400820250602,PORT004,INS0018,2025-06-02,103,46.4024,4779.45,22.47,INR,MOCK_FEED
POS00400920250602,PORT004,INS0019,2025-06-02,4434,17.7825,78847.6,2506.83,INR,MOCK_FEED
POS00401020250602,PORT004,INS0020,2025-06-02,129,10.0793,1300.23,24.36,USD,MOCK_FEED
POS00400120250603,PORT004,INS0011,2025-06-03,4275,22.8198,97554.65,-255.87,USD,MOCK_FEED
POS00400220250603,PORT004,INS0012,2025-06-03,2011,9.3303,18763.23,293.67,INR,MOCK_FEED
POS00400320250603,PORT004,INS0013,2025-06-03,273,32.7268,8934.42,-72.21,INR,MOCK_FEED
POS00400420250603,PORT004,INS0014,2025-06-03,2568,13.9547,35835.67,870.39,USD,MOCK_FEED
POS00400520250603,PORT004,INS0015,2025-06-03,4255,30.1596,128329.1,-1681.81,INR,MOCK_FEED
POS00400620250603,PORT004,INS0016,2025-06-03,1052,42.7283,44950.17,-1064.45,GBP,MOCK_FEED
POS00400720250603,PORT004,INS0017,2025-06-03,1396,112.9476,157674.85,-342.46,GBP,MOCK_FEED
POS00400820250603,PORT004,INS0018,2025-06-03,3031,46.4569,140810.86,-4176.87,USD,MOCK_FEED
POS00400920250603,PORT004,INS0019,2025-06-03,4018,18.0991,72722.18,-1483.55,INR,MOCK_FEED
POS00401020250603,PORT004,INS0020,2025-06-03,4801,10.0237,48123.78,-1327.28,GBP,MOCK_FEED
POS00400120250604,PORT004,INS0011,2025-06-04,1153,22.4985,25940.77,-775.47,USD,MOCK_FEED
POS00400220250604,PORT004,INS0012,2025-06-04,1086,9.3205,10122.06,343.84,INR,MOCK_FEED
POS00400320250604,PORT004,INS0013,2025-06-04,4296,32.3905,139149.59,-2737.91,USD,MOCK_FEED
POS00400420250604,PORT004,INS0014,2025-06-04,1318,13.9248,18352.89,63.82,USD,MOCK_FEED
POS00400520250604,PORT004,INS0015,2025-06-04,1563,30.175,47163.53,1625.4,EUR,MOCK_FEED
POS00400620250604,PORT004,INS0016,2025-06-04,385,42.9336,16529.44,649.46,INR,MOCK_FEED
POS00400720250604,PORT004,INS0017,2025-06-04,3459,112.0241,387491.36,-9851.57,USD,MOCK_FEED
POS00400820250604,PORT004,INS0018,2025-06-04,4302,47.0105,202239.17,-48.73,EUR,MOCK_FEED
POS00400920250604,PORT004,INS0019,2025-06-04,812,18.3432,14894.68,24.25,EUR,MOCK_FEED
POS00401020250604,PORT004,INS0020,2025-06-04,3535,10.0322,35463.83,-147.62,USD,MOCK_FEED
POS00400120250605,PORT004,INS0011,2025-06-05,1719,22.7534,39113.09,1342.89,INR,MOCK_FEED
POS00400220250605,PORT004,INS0012,2025-06-05,4984,9.2416,46060.13,-569.3,GBP,MOCK_FEED
POS00400320250605,PORT004,INS0013,2025-06-05,4519,32.0481,144825.36,1269.7,GBP,MOCK_FEED
POS00400420250605,PORT004,INS0014,2025-06-05,4615,13.6407,62951.83,-819.52,GBP,MOCK_FEED
POS00400520250605,PORT004,INS0015,2025-06-05,3199,29.5395,94496.86,95.83,EUR,MOCK_FEED
POS00400620250605,PORT004,INS0016,2025-06-05,4195,42.7279,179243.54,4808.38,INR,MOCK_FEED
POS00400720250605,PORT004,INS0017,2025-06-05,1555,111.3179,173099.33,-1860.52,EUR,MOCK_FEED
POS00400820250605,PORT004,INS0018,2025-06-05,470,47.4501,22301.55,-634.42,USD,MOCK_FEED
POS00400920250605,PORT004,INS0019,2025-06-05,2152,17.9921,38719.0,1079.75,INR,MOCK_FEED
POS00401020250605,PORT004,INS0020,2025-06-05,434,10.0255,4351.07,165.94,EUR,MOCK_FEED
POS00400120250606,PORT004,INS0011,2025-06-06,2773,22.3466,61967.12,1057.38,INR,MOCK_FEED
POS00400220250606,PORT004,INS0012,2025-06-06,4213,9.1542,38566.64,-518.68,GBP,MOCK_FEED
POS00400320250606,PORT004,INS0013,2025-06-06,4219,31.9679,134872.57,130.21,EUR,MOCK_FEED
POS00400420250606,PORT004,INS0014,2025-06-06,4408,13.8302,60963.52,485.35,USD,MOCK_FEED
POS00400520250606,PORT004,INS0015,2025-06-06,1361,28.7726,39159.51,277.58,EUR,MOCK_FEED
POS00400620250606,PORT004,INS0016,2025-06-06,4684,43.6131,204283.76,-2230.88,EUR,MOCK_FEED
POS00400720250606,PORT004,INS0017,2025-06-06,3561,112.0584,399039.96,7587.47,GBP,MOCK_FEED
POS00400820250606,PORT004,INS0018,2025-06-06,4225,47.4287,200386.26,-262.42,USD,MOCK_FEED
POS00400920250606,PORT004,INS0019,2025-06-06,4435,18.2151,80783.97,-1420.94,INR,MOCK_FEED
POS00401020250606,PORT004,INS0020,2025-06-06,2123,9.999,21227.88,337.76,USD,MOCK_FEED
POS00400120250607,PORT004,INS0011,2025-06-07,2130,22.2835,47463.86,72.5,USD,MOCK_FEED
POS00400220250607,PORT004,INS0012,2025-06-07,4593,9.1798,42162.82,-731.63,GBP,MOCK_FEED
POS00400320250607,PORT004,INS0013,2025-06-07,4194,32.244,135231.34,2839.81,EUR,MOCK_FEED
POS00400420250607,PORT004,INS0014,2025-06-07,2924,13.8898,40613.78,1192.29,GBP,MOCK_FEED
POS00400520250607,PORT004,INS0015,2025-06-07,1298,28.3594,36810.5,-903.04,EUR,MOCK_FEED
POS00400620250607,PORT004,INS0016,2025-06-07,1253,44.1107,55270.71,-377.24,GBP,MOCK_FEED
POS00400720250607,PORT004,INS0017,2025-06-07,2076,113.192,234986.59,-5487.43,EUR,MOCK_FEED
POS00400820250607,PORT004,INS0018,2025-06-07,4000,46.353,185412.0,-3631.25,GBP,MOCK_FEED
POS00400920250607,PORT004,INS0019,2025-06-07,2563,17.8521,45754.93,832.79,INR,MOCK_FEED
POS00401020250607,PORT004,INS0020,2025-06-07,2027,10.064,20399.73,-420.87,EUR,MOCK_FEED
POS00400120250608,PORT004,INS0011,2025-06-08,3212,22.6631,72793.88,-50.98,GBP,MOCK_FEED
POS00400220250608,PORT004,INS0012,2025-06-08,1000,9.3802,9380.2,21.1,GBP,MOCK_FEED
POS00400320250608,PORT004,INS0013,2025-06-08,2873,31.7661,91264.01,-695.1,GBP,MOCK_FEED
POS00400420250608,PORT004,INS0014,2025-06-08,4440,13.7671,61125.92,-417.23,INR,MOCK_FEED
POS00400520250608,PORT004,INS0015,2025-06-08,4993,28.239,140997.33,-848.56,EUR,MOCK_FEED
POS00400620250608,PORT004,INS0016,2025-06-08,4483,43.4283,194689.07,-3201.5,EUR,MOCK_FEED
POS00400720250608,PORT004,INS0017,2025-06-08,373,114.1853,42591.12,847.66,EUR,MOCK_FEED
POS00400820250608,PORT004,INS0018,2025-06-08,535,46.3856,24816.3,750.04,EUR,MOCK_FEED
POS00400920250608,PORT004,INS0019,2025-06-08,4967,17.823,88526.84,-247.93,USD,MOCK_FEED
POS00401020250608,PORT004,INS0020,2025-06-08,4503,10.0579,45290.72,-168.89,USD,MOCK_FEED
POS00400120250609,PORT004,INS0011,2025-06-09,3808,22.9581,87424.44,-897.54,EUR,MOCK_FEED
POS00400220250609,PORT004,INS0012,2025-06-09,4470,9.3088,41610.34,1241.19,INR,MOCK_FEED
POS00400320250609,PORT004,INS0013,2025-06-09,3245,32.0802,104100.25,-2436.54,GBP,MOCK_FEED
POS00400420250609,PORT004,INS0014,2025-06-09,2444,13.7994,33725.73,282.51,INR,MOCK_FEED
POS00400520250609,PORT004,INS0015,2025-06-09,1854,28.4692,52781.9,114.06,GBP,MOCK_FEED
POS00400620250609,PORT004,INS0016,2025-06-09,705,43.8403,30907.41,274.45,EUR,MOCK_FEED
POS00400720250609,PORT004,INS0017,2025-06-09,3409,112.9719,385121.21,-3944.21,GBP,MOCK_FEED
POS00400820250609,PORT004,INS0018,2025-06-09,1562,46.2621,72261.4,1014.16,USD,MOCK_FEED
POS00400920250609,PORT004,INS0019,2025-06-09,1802,17.6096,31732.5,877.0,EUR,MOCK_FEED
POS00401020250609,PORT004,INS0020,2025-06-09,2957,9.7992,28976.23,-297.62,INR,MOCK_FEED
POS00400120250610,PORT004,INS0011,2025-06-10,2844,22.9713,65330.38,-699.9,EUR,MOCK_FEED
POS00400220250610,PORT004,INS0012,2025-06-10,2544,9.2758,23597.64,568.29,EUR,MOCK_FEED
POS00400320250610,PORT004,INS0013,2025-06-10,1781,32.2206,57384.89,1671.33,EUR,MOCK_FEED
POS00400420250610,PORT004,INS0014,2025-06-10,2645,13.8821,36718.15,-933.57,INR,MOCK_FEED
POS00400520250610,PORT004,INS0015,2025-06-10,1939,28.7169,55682.07,1686.83,GBP,MOCK_FEED
POS00400620250610,PORT004,INS0016,2025-06-10,3141,43.8874,137850.32,1020.54,EUR,MOCK_FEED
POS00400720250610,PORT004,INS0017,2025-06-10,3956,112.7717,446124.85,-5395.46,EUR,MOCK_FEED
POS00400820250610,PORT004,INS0018,2025-06-10,3649,47.0801,171795.28,4923.4,INR,MOCK_FEED
POS00400920250610,PORT004,INS0019,2025-06-10,385,18.0574,6952.1,170.02,INR,MOCK_FEED
POS00401020250610,PORT004,INS0020,2025-06-10,4958,9.8546,48859.11,649.52,INR,MOCK_FEED
POS00400120250611,PORT004,INS0011,2025-06-11,4560,22.9578,104687.57,1049.9,EUR,MOCK_FEED
POS00400220250611,PORT004,INS0012,2025-06-11,1360,9.1769,12480.58,304.95,INR,MOCK_FEED
POS00400320250611,PORT004,INS0013,2025-06-11,2401,32.2356,77397.68,2531.22,GBP,MOCK_FEED
POS00400420250611,PORT004,INS0014,2025-06-11,499,14.0806,7026.22,137.18,USD,MOCK_FEED
POS00400520250611,PORT004,INS0015,2025-06-11,3314,28.9367,95896.22,3503.65,INR,MOCK_FEED
POS00400620250611,PORT004,INS0016,2025-06-11,3419,43.3815,148321.35,5743.46,USD,MOCK_FEED
POS00400720250611,PORT004,INS0017,2025-06-11,1019,112.5394,114677.65,-245.28,USD,MOCK_FEED
POS00400820250611,PORT004,INS0018,2025-06-11,1689,46.6459,78784.93,975.07,GBP,MOCK_FEED
POS00400920250611,PORT004,INS0019,2025-06-11,2140,18.1327,38803.98,807.68,GBP,MOCK_FEED
POS00401020250611,PORT004,INS0020,2025-06-11,3861,9.8508,38033.94,134.88,USD,MOCK_FEED
POS00400120250612,PORT004,INS0011,2025-06-12,4683,23.1451,108388.5,-2119.97,INR,MOCK_FEED
POS00400220250612,PORT004,INS0012,2025-06-12,3126,9.3506,29229.98,-783.39,GBP,MOCK_FEED
POS00400320250612,PORT004,INS0013,2025-06-12,1742,32.23,56144.66,779.94,INR,MOCK_FEED
POS00400420250612,PORT004,INS0014,2025-06-12,4773,13.8886,66290.29,2109.58,USD,MOCK_FEED
POS00400520250612,PORT004,INS0015,2025-06-12,1450,29.0363,42102.64,-563.04,GBP,MOCK_FEED
POS00400620250612,PORT004,INS0016,2025-06-12,1453,43.5022,63208.7,-390.72,EUR,MOCK_FEED
POS00400720250612,PORT004,INS0017,2025-06-12,419,112.4429,47113.58,-489.02,EUR,MOCK_FEED
POS00400820250612,PORT004,INS0018,2025-06-12,908,46.911,42595.19,203.2,EUR,MOCK_FEED
POS00400920250612,PORT004,INS0019,2025-06-12,3871,18.2535,70659.3,1798.21,USD,MOCK_FEED
POS00401020250612,PORT004,INS0020,2025-06-12,2628,9.9089,26040.59,460.61,GBP,MOCK_FEED
POS00400120250613,PORT004,INS0011,2025-06-13,4727,23.359,110417.99,4332.87,USD,MOCK_FEED
POS00400220250613,PORT004,INS0012,2025-06-13,2462,9.2592,22796.15,-670.15,EUR,MOCK_FEED
POS00400320250613,PORT004,INS0013,2025-06-13,2410,31.9811,77074.45,1682.95,INR,MOCK_FEED
POS00400420250613,PORT004,INS0014,2025-06-13,1308,13.9064,18189.57,675.14,USD,MOCK_FEED
POS00400520250613,PORT004,INS0015,2025-06-13,606,29.585,17928.51,-113.11,EUR,MOCK_FEED
POS00400620250613,PORT004,INS0016,2025-06-13,3087,43.9349,135627.04,597.34,GBP,MOCK_FEED
POS00400720250613,PORT004,INS0017,2025-06-13,2157,112.3923,242430.19,1248.4,INR,MOCK_FEED
POS00400820250613,PORT004,INS0018,2025-06-13,1783,46.3546,82650.25,2478.96,GBP,MOCK_FEED
POS00400920250613,PORT004,INS0019,2025-06-13,2323,18.2602,42418.44,-894.38,EUR,MOCK_FEED
POS00401020250613,PORT004,INS0020,2025-06-13,1429,9.8795,14117.81,470.75,USD,MOCK_FEED
POS00400120250614,PORT004,INS0011,2025-06-14,159,23.3045,3705.42,12.01,EUR,MOCK_FEED
POS00400220250614,PORT004,INS0012,2025-06-14,4493,9.3098,41828.93,599.75,EUR,MOCK_FEED
POS00400320250614,PORT004,INS0013,2025-06-14,3661,31.415,115010.32,3364.3,INR,MOCK_FEED
POS00400420250614,PORT004,INS0014,2025-06-14,3945,13.6838,53982.59,1454.73,EUR,MOCK_FEED
POS00400520250614,PORT004,INS0015,2025-06-14,2896,29.1745,84489.35,321.66,USD,MOCK_FEED
POS00400620250614,PORT004,INS0016,2025-06-14,446,43.5565,19426.2,-445.8,GBP,MOCK_FEED
POS00400720250614,PORT004,INS0017,2025-06-14,2747,111.5098,306317.42,-4314.74,INR,MOCK_FEED
POS00400820250614,PORT004,INS0018,2025-06-14,3404,46.3259,157693.36,4519.86,USD,MOCK_FEED
POS00400920250614,PORT004,INS0019,2025-06-14,610,18.3095,11168.8,-217.47,INR,MOCK_FEED
POS00401020250614,PORT004,INS0020,2025-06-14,4023,9.9923,40199.02,-976.68,INR,MOCK_FEED
POS00400120250615,PORT004,INS0011,2025-06-15,919,23.8749,21941.03,436.34,USD,MOCK_FEED
POS00400220250615,PORT004,INS0012,2025-06-15,1874,9.3154,17457.06,555.65,EUR,MOCK_FEED
POS00400320250615,PORT004,INS0013,2025-06-15,2599,30.7775,79990.72,-2129.55,INR,MOCK_FEED
POS00400420250615,PORT004,INS0014,2025-06-15,2194,13.6905,30036.96,860.36,USD,MOCK_FEED
POS00400520250615,PORT004,INS0015,2025-06-15,3320,29.5415,98077.78,-1285.85,INR,MOCK_FEED
POS00400620250615,PORT004,INS0016,2025-06-15,3606,44.7039,161202.26,6254.63,GBP,MOCK_FEED
POS00400720250615,PORT004,INS0017,2025-06-15,458,112.6434,51590.68,1935.25,EUR,MOCK_FEED
POS00400820250615,PORT004,INS0018,2025-06-15,2402,46.5871,111902.21,-1550.53,EUR,MOCK_FEED
POS00400920250615,PORT004,INS0019,2025-06-15,4947,18.2115,90092.29,3373.56,EUR,MOCK_FEED
POS00401020250615,PORT004,INS0020,2025-06-15,2876,10.1583,29215.27,1003.09,USD,MOCK_FEED
POS00400120250616,PORT004,INS0011,2025-06-16,4764,24.3162,115842.38,-1171.64,INR,MOCK_FEED
POS00400220250616,PORT004,INS0012,2025-06-16,2352,9.4977,22338.59,627.86,EUR,MOCK_FEED
POS00400320250616,PORT004,INS0013,2025-06-16,3015,31.01,93495.15,3213.41,GBP,MOCK_FEED
POS00400420250616,PORT004,INS0014,2025-06-16,2027,13.6166,27600.85,970.19,EUR,MOCK_FEED
POS00400520250616,PORT004,INS0015,2025-06-16,2904,29.2393,84910.93,2464.82,GBP,MOCK_FEED
POS00400620250616,PORT004,INS0016,2025-06-16,499,44.4021,22156.65,-483.32,GBP,MOCK_FEED
POS00400720250616,PORT004,INS0017,2025-06-16,4850,113.0186,548140.21,17375.78,INR,MOCK_FEED
POS00400820250616,PORT004,INS0018,2025-06-16,4910,46.1658,226674.08,-2174.46,GBP,MOCK_FEED
POS00400920250616,PORT004,INS0019,2025-06-16,3565,17.9531,64002.8,1336.79,GBP,MOCK_FEED
POS00401020250616,PORT004,INS0020,2025-06-16,763,9.8431,7510.29,-154.16,EUR,MOCK_FEED
POS00400120250617,PORT004,INS0011,2025-06-17,929,24.5088,22768.68,155.42,USD,MOCK_FEED
POS00400220250617,PORT004,INS0012,2025-06-17,1331,9.4168,12533.76,462.23,USD,MOCK_FEED
POS00400320250617,PORT004,INS0013,2025-06-17,551,30.5834,16851.45,262.13,USD,MOCK_FEED
POS00400420250617,PORT004,INS0014,2025-06-17,412,13.5065,5564.68,85.54,INR,MOCK_FEED
POS00400520250617,PORT004,INS0015,2025-06-17,3074,29.2952,90053.44,-192.21,GBP,MOCK_FEED
POS00400620250617,PORT004,INS0016,2025-06-17,3969,43.9871,174584.8,576.4,GBP,MOCK_FEED
POS00400720250617,PORT004,INS0017,2025-06-17,736,111.5254,82082.69,-2255.65,USD,MOCK_FEED
POS00400820250617,PORT004,INS0018,2025-06-17,3590,45.4791,163269.97,2025.12,INR,MOCK_FEED
POS00400920250617,PORT004,INS0019,2025-06-17,4120,18.106,74596.72,330.42,USD,MOCK_FEED
POS00401020250617,PORT004,INS0020,2025-06-17,617,9.7731,6030.0,-8.18,INR,MOCK_FEED
POS00400120250618,PORT004,INS0011,2025-06-18,4526,24.3891,110385.07,-121.52,INR,MOCK_FEED
POS00400220250618,PORT004,INS0012,2025-06-18,3215,9.5011,30546.04,28.75,INR,MOCK_FEED
POS00400320250618,PORT004,INS0013,2025-06-18,1738,30.5194,53042.72,2041.13,INR,MOCK_FEED
POS00400420250618,PORT004,INS0014,2025-06-18,3821,13.3507,51013.02,1991.02,GBP,MOCK_FEED
POS00400520250618,PORT004,INS0015,2025-06-18,4891,29.3991,143791.0,640.06,INR,MOCK_FEED
POS00400620250618,PORT004,INS0016,2025-06-18,4556,43.7149,199165.08,-4615.77,USD,MOCK_FEED
POS00400720250618,PORT004,INS0017,2025-06-18,369,111.7863,41249.14,-469.67,EUR,MOCK_FEED
POS00400820250618,PORT004,INS0018,2025-06-18,1420,45.4121,64485.18,1733.35,INR,MOCK_FEED
POS00400920250618,PORT004,INS0019,2025-06-18,1470,17.9177,26339.02,232.93,INR,MOCK_FEED
POS00401020250618,PORT004,INS0020,2025-06-18,103,9.9066,1020.38,13.29,USD,MOCK_FEED
POS00400120250619,PORT004,INS0011,2025-06-19,1942,24.4441,47470.44,-985.25,EUR,MOCK_FEED
POS00400220250619,PORT004,INS0012,2025-06-19,3850,9.3157,35865.44,-437.06,INR,MOCK_FEED
POS00400320250619,PORT004,INS0013,2025-06-19,1866,30.5395,56986.71,-412.76,INR,MOCK_FEED
POS00400420250619,PORT004,INS0014,2025-06-19,1273,13.4937,17177.48,401.88,GBP,MOCK_FEED
POS00400520250619,PORT004,INS0015,2025-06-19,363,29.774,10807.96,-183.31,GBP,MOCK_FEED
POS00400620250619,PORT004,INS0016,2025-06-19,647,43.6805,28261.28,-62.58,INR,MOCK_FEED
POS00400720250619,PORT004,INS0017,2025-06-19,4046,114.2012,462058.06,-413.87,USD,MOCK_FEED
POS00400820250619,PORT004,INS0018,2025-06-19,671,44.6189,29939.28,770.03,GBP,MOCK_FEED
POS00400920250619,PORT004,INS0019,2025-06-19,976,17.8069,17379.53,646.89,EUR,MOCK_FEED
POS00401020250619,PORT004,INS0020,2025-06-19,3212,9.7526,31325.35,53.6,GBP,MOCK_FEED
POS00400120250620,PORT004,INS0011,2025-06-20,1035,24.1795,25025.78,-614.06,INR,MOCK_FEED
POS00400220250620,PORT004,INS0012,2025-06-20,402,9.3818,3771.48,0.34,USD,MOCK_FEED
POS00400320250620,PORT004,INS0013,2025-06-20,419,29.6845,12437.81,-159.03,USD,MOCK_FEED
POS00400420250620,PORT004,INS0014,2025-06-20,1156,13.5389,15650.97,505.3,USD,MOCK_FEED
POS00400520250620,PORT004,INS0015,2025-06-20,3681,29.9483,110239.69,-3158.91,INR,MOCK_FEED
POS00400620250620,PORT004,INS0016,2025-06-20,1644,43.774,71964.46,2552.2,EUR,MOCK_FEED
POS00400720250620,PORT004,INS0017,2025-06-20,602,114.7729,69093.29,1090.37,INR,MOCK_FEED
POS00400820250620,PORT004,INS0018,2025-06-20,455,43.7785,19919.22,-531.11,USD,MOCK_FEED
POS00400920250620,PORT004,INS0019,2025-06-20,1689,17.9217,30269.75,-785.23,GBP,MOCK_FEED
POS00401020250620,PORT004,INS0020,2025-06-20,3307,9.6051,31764.07,405.14,EUR,MOCK_FEED
POS00400120250621,PORT004,INS0011,2025-06-21,733,24.0892,17657.38,566.29,INR,MOCK_FEED
POS00400220250621,PORT004,INS0012,2025-06-21,3225,9.2956,29978.31,-371.33,EUR,MOCK_FEED
POS00400320250621,PORT004,INS0013,2025-06-21,2673,30.3192,81043.22,1850.8,GBP,MOCK_FEED
POS00400420250621,PORT004,INS0014,2025-06-21,4910,13.6259,66903.17,-367.96,INR,MOCK_FEED
POS00400520250621,PORT004,INS0015,2025-06-21,1638,30.1439,49375.71,650.48,EUR,MOCK_FEED
POS00400620250621,PORT004,INS0016,2025-06-21,1274,43.5248,55450.6,-430.81,USD,MOCK_FEED
POS00400720250621,PORT004,INS0017,2025-06-21,2054,115.6886,237624.38,-50.39,EUR,MOCK_FEED
POS00400820250621,PORT004,INS0018,2025-06-21,1196,43.5914,52135.31,-1031.03,USD,MOCK_FEED
POS00400920250621,PORT004,INS0019,2025-06-21,2522,18.272,46081.98,1503.9,EUR,MOCK_FEED
POS00401020250621,PORT004,INS0020,2025-06-21,2273,9.5266,21653.96,348.61,EUR,MOCK_FEED
POS00400120250622,PORT004,INS0011,2025-06-22,1880,24.5541,46161.71,-1363.63,USD,MOCK_FEED
POS00400220250622,PORT004,INS0012,2025-06-22,3346,9.2823,31058.58,-350.65,EUR,MOCK_FEED
POS00400320250622,PORT004,INS0013,2025-06-22,3770,30.4801,114909.98,-1665.19,GBP,MOCK_FEED
POS00400420250622,PORT004,INS0014,2025-06-22,1005,13.5868,13654.73,450.9,GBP,MOCK_FEED
POS00400520250622,PORT004,INS0015,2025-06-22,3056,29.6101,90488.47,12.91,INR,MOCK_FEED
POS00400620250622,PORT004,INS0016,2025-06-22,600,45.2667,27160.02,1075.26,EUR,MOCK_FEED
POS00400720250622,PORT004,INS0017,2025-06-22,2865,116.7263,334420.85,-8668.23,INR,MOCK_FEED
POS00400820250622,PORT004,INS0018,2025-06-22,3627,44.7018,162133.43,-1450.26,GBP,MOCK_FEED
POS00400920250622,PORT004,INS0019,2025-06-22,1362,17.7654,24196.47,551.59,GBP,MOCK_FEED
POS00401020250622,PORT004,INS0020,2025-06-22,2406,9.6547,23229.21,86.19,GBP,MOCK_FEED
POS00400120250623,PORT004,INS0011,2025-06-23,3897,25.2292,98318.19,-856.46,INR,MOCK_FEED
POS00400220250623,PORT004,INS0012,2025-06-23,3095,9.173,28390.44,-154.14,INR,MOCK_FEED
POS00400320250623,PORT004,INS0013,2025-06-23,3134,30.4505,95431.87,-276.14,GBP,MOCK_FEED
POS00400420250623,PORT004,INS0014,2025-06-23,449,13.5547,6086.06,-181.36,USD,MOCK_FEED
POS00400520250623,PORT004,INS0015,2025-06-23,480,29.483,14151.84,303.8,EUR,MOCK_FEED
POS00400620250623,PORT004,INS0016,2025-06-23,4815,45.5455,219301.58,4924.4,INR,MOCK_FEED
POS00400720250623,PORT004,INS0017,2025-06-23,2863,114.4835,327766.26,4229.43,INR,MOCK_FEED
POS00400820250623,PORT004,INS0018,2025-06-23,1077,44.7913,48240.23,-1288.63,USD,MOCK_FEED
POS00400920250623,PORT004,INS0019,2025-06-23,2502,17.8944,44771.79,-823.31,GBP,MOCK_FEED
POS00401020250623,PORT004,INS0020,2025-06-23,3558,9.6345,34279.55,-868.21,EUR,MOCK_FEED
POS00400120250624,PORT004,INS0011,2025-06-24,387,24.9872,9670.05,362.29,EUR,MOCK_FEED
POS00400220250624,PORT004,INS0012,2025-06-24,2585,9.2075,23801.39,863.03,INR,MOCK_FEED
POS00400320250624,PORT004,INS0013,2025-06-24,1466,30.7504,45080.09,-496.18,GBP,MOCK_FEED
POS00400420250624,PORT004,INS0014,2025-06-24,3543,13.3693,47367.43,-402.69,INR,MOCK_FEED
POS00400520250624,PORT004,INS0015,2025-06-24,3476,29.2495,101671.26,3057.96,USD,MOCK_FEED
POS00400620250624,PORT004,INS0016,2025-06-24,3383,45.381,153523.92,-1256.9,EUR,MOCK_FEED
POS00400720250624,PORT004,INS0017,2025-06-24,570,117.2445,66829.37,-747.78,USD,MOCK_FEED
POS00400820250624,PORT004,INS0018,2025-06-24,4027,44.9251,180913.38,6192.27,USD,MOCK_FEED
POS00400920250624,PORT004,INS0019,2025-06-24,2521,17.8828,45082.54,-138.31,INR,MOCK_FEED
POS00401020250624,PORT004,INS0020,2025-06-24,3986,9.5398,38025.64,1354.93,GBP,MOCK_FEED
POS00400120250625,PORT004,INS0011,2025-06-25,635,25.2326,16022.7,496.53,EUR,MOCK_FEED
POS00400220250625,PORT004,INS0012,2025-06-25,347,9.2243,3200.83,-84.16,GBP,MOCK_FEED
POS00400320250625,PORT004,INS0013,2025-06-25,2371,30.4487,72193.87,2481.75,USD,MOCK_FEED
POS00400420250625,PORT004,INS0014,2025-06-25,3775,13.4694,50846.99,-1183.71,GBP,MOCK_FEED
POS00400520250625,PORT004,INS0015,2025-06-25,237,28.5538,6767.25,-65.67,GBP,MOCK_FEED
POS00400620250625,PORT004,INS0016,2025-06-25,2046,45.5585,93212.69,2587.9,GBP,MOCK_FEED
POS00400720250625,PORT004,INS0017,2025-06-25,815,119.8765,97699.35,-2555.15,EUR,MOCK_FEED
POS00400820250625,PORT004,INS0018,2025-06-25,1704,45.0073,76692.44,242.4,EUR,MOCK_FEED
POS00400920250625,PORT004,INS0019,2025-06-25,3104,17.97,55778.88,1018.48,INR,MOCK_FEED
POS00401020250625,PORT004,INS0020,2025-06-25,3887,9.6691,37583.79,213.03,GBP,MOCK_FEED
POS00400120250626,PORT004,INS0011,2025-06-26,2404,25.2739,60758.46,-1432.01,EUR,MOCK_FEED
POS00400220250626,PORT004,INS0012,2025-06-26,202,9.2138,1861.19,13.29,USD,MOCK_FEED
POS00400320250626,PORT004,INS0013,2025-06-26,4336,30.477,132148.27,-797.91,INR,MOCK_FEED
POS00400420250626,PORT004,INS0014,2025-06-26,4882,13.5037,65925.06,95.67,GBP,MOCK_FEED
POS00400520250626,PORT004,INS0015,2025-06-26,3945,28.2574,111475.44,2866.63,INR,MOCK_FEED
POS00400620250626,PORT004,INS0016,2025-06-26,3735,45.8883,171392.8,4575.16,GBP,MOCK_FEED
POS00400720250626,PORT004,INS0017,2025-06-26,984,120.5289,118600.44,-1043.67,USD,MOCK_FEED
POS00400820250626,PORT004,INS0018,2025-06-26,4458,45.1265,201173.94,5419.44,EUR,MOCK_FEED
POS00400920250626,PORT004,INS0019,2025-06-26,2726,18.0668,49250.1,620.06,EUR,MOCK_FEED
POS00401020250626,PORT004,INS0020,2025-06-26,2310,9.7926,22620.91,-667.48,GBP,MOCK_FEED
POS00400120250627,PORT004,INS0011,2025-06-27,776,25.0365,19428.32,-154.47,USD,MOCK_FEED
POS00400220250627,PORT004,INS0012,2025-06-27,1001,9.2895,9298.79,224.13,GBP,MOCK_FEED
POS00400320250627,PORT004,INS0013,2025-06-27,4027,30.6974,123618.43,2555.77,USD,MOCK_FEED
POS00400420250627,PORT004,INS0014,2025-06-27,2691,13.4356,36155.2,798.2,GBP,MOCK_FEED
POS00400520250627,PORT004,INS0015,2025-06-27,576,28.1686,16225.11,167.56,USD,MOCK_FEED
POS00400620250627,PORT004,INS0016,2025-06-27,2755,46.131,127090.9,1180.18,USD,MOCK_FEED
POS00400720250627,PORT004,INS0017,2025-06-27,118,120.8707,14262.74,-363.29,USD,MOCK_FEED
POS00400820250627,PORT004,INS0018,2025-06-27,4875,44.6621,217727.74,-2074.15,EUR,MOCK_FEED
POS00400920250627,PORT004,INS0019,2025-06-27,2785,17.8667,49758.76,1930.82,USD,MOCK_FEED
POS00401020250627,PORT004,INS0020,2025-06-27,3698,9.7951,36222.28,549.69,GBP,MOCK_FEED
POS00400120250628,PORT004,INS0011,2025-06-28,385,24.9165,9592.85,30.78,USD,MOCK_FEED
POS00400220250628,PORT004,INS0012,2025-06-28,4072,9.4621,38529.67,-958.2,EUR,MOCK_FEED
POS00400320250628,PORT004,INS0013,2025-06-28,3253,30.6172,99597.75,559.54,INR,MOCK_FEED
POS00400420250628,PORT004,INS0014,2025-06-28,4427,13.6461,60411.28,1275.42,EUR,MOCK_FEED
POS00400520250628,PORT004,INS0015,2025-06-28,1696,28.0727,47611.3,-1270.0,EUR,MOCK_FEED
POS00400620250628,PORT004,INS0016,2025-06-28,3873,45.6636,176855.12,4223.29,INR,MOCK_FEED
POS00400720250628,PORT004,INS0017,2025-06-28,683,120.205,82100.01,-420.32,GBP,MOCK_FEED
POS00400820250628,PORT004,INS0018,2025-06-28,4440,44.3597,196957.07,1143.97,USD,MOCK_FEED
POS00400920250628,PORT004,INS0019,2025-06-28,1291,17.4427,22518.53,153.33,GBP,MOCK_FEED
POS00401020250628,PORT004,INS0020,2025-06-28,815,9.8684,8042.75,208.6,EUR,MOCK_FEED
POS00400120250629,PORT004,INS0011,2025-06-29,3901,25.4152,99144.7,2710.37,EUR,MOCK_FEED
POS00400220250629,PORT004,INS0012,2025-06-29,2811,9.6098,27013.15,-731.9,INR,MOCK_FEED
POS00400320250629,PORT004,INS0013,2025-06-29,4368,31.0178,135485.75,774.07,USD,MOCK_FEED
POS00400420250629,PORT004,INS0014,2025-06-29,4408,13.6011,59953.65,86.41,USD,MOCK_FEED
POS00400520250629,PORT004,INS0015,2025-06-29,1959,27.6153,54098.37,628.07,EUR,MOCK_FEED
POS00400620250629,PORT004,INS0016,2025-06-29,440,45.7121,20113.32,434.05,USD,MOCK_FEED
POS00400720250629,PORT004,INS0017,2025-06-29,818,116.731,95485.96,1282.85,GBP,MOCK_FEED
POS00400820250629,PORT004,INS0018,2025-06-29,4483,44.6892,200341.68,2939.66,EUR,MOCK_FEED
POS00400920250629,PORT004,INS0019,2025-06-29,4478,17.8093,79750.05,1394.98,GBP,MOCK_FEED
POS00401020250629,PORT004,INS0020,2025-06-29,3529,9.9008,34939.92,-446.26,USD,MOCK_FEED
POS00400120250630,PORT004,INS0011,2025-06-30,177,24.9521,4416.52,60.74,EUR,MOCK_FEED
POS00400220250630,PORT004,INS0012,2025-06-30,808,9.9429,8033.86,-110.0,EUR,MOCK_FEED
POS00400320250630,PORT004,INS0013,2025-06-30,2789,31.1839,86971.9,2478.2,USD,MOCK_FEED
POS00400420250630,PORT004,INS0014,2025-06-30,2853,13.6096,38828.19,467.52,GBP,MOCK_FEED
POS00400520250630,PORT004,INS0015,2025-06-30,3616,27.7831,100463.69,2918.35,INR,MOCK_FEED
POS00400620250630,PORT004,INS0016,2025-06-30,4845,45.6406,221128.71,-5574.11,GBP,MOCK_FEED
POS00400720250630,PORT004,INS0017,2025-06-30,3340,116.9797,390712.2,-4503.31,USD,MOCK_FEED
POS00400820250630,PORT004,INS0018,2025-06-30,2110,44.8954,94729.29,2939.71,USD,MOCK_FEED
POS00400920250630,PORT004,INS0019,2025-06-30,4902,17.821,87358.54,-2385.28,USD,MOCK_FEED
POS00401020250630,PORT004,INS0020,2025-06-30,3884,9.889,38408.88,823.39,EUR,MOCK_FEED
POS00400120250701,PORT004,INS0011,2025-07-01,4557,24.4699,111509.33,1330.21,INR,MOCK_FEED
POS00400220250701,PORT004,INS0012,2025-07-01,1076,9.9677,10725.25,428.91,INR,MOCK_FEED
POS00400320250701,PORT004,INS0013,2025-07-01,1641,31.339,51427.3,1169.05,EUR,MOCK_FEED
POS00400420250701,PORT004,INS0014,2025-07-01,1976,13.6602,26992.56,235.55,GBP,MOCK_FEED
POS00400520250701,PORT004,INS0015,2025-07-01,1366,27.5177,37589.18,255.53,INR,MOCK_FEED
POS00400620250701,PORT004,INS0016,2025-07-01,538,45.6566,24563.25,-300.29,EUR,MOCK_FEED
POS00400720250701,PORT004,INS0017,2025-07-01,2953,115.6073,341388.36,13252.67,GBP,MOCK_FEED
POS00400820250701,PORT004,INS0018,2025-07-01,3317,44.0716,146185.5,-3786.52,EUR,MOCK_FEED
POS00400920250701,PORT004,INS0019,2025-07-01,2164,17.7925,38502.97,511.3,GBP,MOCK_FEED
POS00401020250701,PORT004,INS0020,2025-07-01,375,9.9933,3747.49,99.0,GBP,MOCK_FEED
POS00400120250702,PORT004,INS0011,2025-07-02,237,24.2551,5748.46,-81.88,INR,MOCK_FEED
POS00400220250702,PORT004,INS0012,2025-07-02,3927,10.0659,39528.79,-905.8,USD,MOCK_FEED
POS00400320250702,PORT004,INS0013,2025-07-02,600,31.0029,18601.74,-430.67,EUR,MOCK_FEED
POS00400420250702,PORT004,INS0014,2025-07-02,1369,13.6828,18731.75,653.96,GBP,MOCK_FEED
POS00400520250702,PORT004,INS0015,2025-07-02,3919,27.2192,106672.04,-1585.26,EUR,MOCK_FEED
POS00400620250702,PORT004,INS0016,2025-07-02,3896,45.2547,176312.31,2147.53,USD,MOCK_FEED
POS00400720250702,PORT004,INS0017,2025-07-02,4101,117.417,481527.12,1579.94,INR,MOCK_FEED
POS00400820250702,PORT004,INS0018,2025-07-02,4683,43.8168,205194.07,-1355.51,USD,MOCK_FEED
POS00400920250702,PORT004,INS0019,2025-07-02,3885,17.914,69595.89,-437.78,INR,MOCK_FEED
POS00401020250702,PORT004,INS0020,2025-07-02,1108,10.0477,11132.85,-67.36,EUR,MOCK_FEED
POS00400120250703,PORT004,INS0011,2025-07-03,2404,24.1456,58046.02,-177.47,GBP,MOCK_FEED
POS00400220250703,PORT004,INS0012,2025-07-03,2534,10.2129,25879.49,670.08,INR,MOCK_FEED
POS00400320250703,PORT004,INS0013,2025-07-03,3954,30.6807,121311.49,-3612.69,INR,MOCK_FEED
POS00400420250703,PORT004,INS0014,2025-07-03,937,13.5018,12651.19,348.25,EUR,MOCK_FEED
POS00400520250703,PORT004,INS0015,2025-07-03,4693,26.7687,125625.51,2298.34,GBP,MOCK_FEED
POS00400620250703,PORT004,INS0016,2025-07-03,3054,45.0552,137598.58,-659.48,EUR,MOCK_FEED
POS00400720250703,PORT004,INS0017,2025-07-03,2853,120.5841,344026.44,2029.93,INR,MOCK_FEED
POS00400820250703,PORT004,INS0018,2025-07-03,1243,43.1948,53691.14,480.18,GBP,MOCK_FEED
POS00400920250703,PORT004,INS0019,2025-07-03,3541,17.9106,63421.43,10.46,INR,MOCK_FEED
POS00401020250703,PORT004,INS0020,2025-07-03,2233,9.9796,22284.45,653.59,GBP,MOCK_FEED
POS00400120250704,PORT004,INS0011,2025-07-04,4528,24.3819,110401.24,3091.69,USD,MOCK_FEED
POS00400220250704,PORT004,INS0012,2025-07-04,2316,10.1679,23548.86,840.74,INR,MOCK_FEED
POS00400320250704,PORT004,INS0013,2025-07-04,1944,30.8563,59984.65,-588.05,GBP,MOCK_FEED
POS00400420250704,PORT004,INS0014,2025-07-04,2954,13.4373,39693.78,684.95,EUR,MOCK_FEED
POS00400520250704,PORT004,INS0015,2025-07-04,4954,26.6556,132051.84,70.54,USD,MOCK_FEED
POS00400620250704,PORT004,INS0016,2025-07-04,1620,44.5524,72174.89,316.74,INR,MOCK_FEED
POS00400720250704,PORT004,INS0017,2025-07-04,3807,119.4154,454614.43,10806.51,EUR,MOCK_FEED
POS00400820250704,PORT004,INS0018,2025-07-04,2514,43.1136,108387.59,-312.45,USD,MOCK_FEED
POS00400920250704,PORT004,INS0019,2025-07-04,1831,17.9622,32888.79,61.93,INR,MOCK_FEED
POS00401020250704,PORT004,INS0020,2025-07-04,2778,10.0426,27898.34,520.56,USD,MOCK_FEED
POS00400120250705,PORT004,INS0011,2025-07-05,2962,24.3184,72031.1,1909.79,INR,MOCK_FEED
POS00400220250705,PORT004,INS0012,2025-07-05,191,10.2962,1966.57,10.48,USD,MOCK_FEED
POS00400320250705,PORT004,INS0013,2025-07-05,2042,30.9334,63166.0,539.99,GBP,MOCK_FEED
POS00400420250705,PORT004,INS0014,2025-07-05,596,13.5882,8098.57,182.26,GBP,MOCK_FEED
POS00400520250705,PORT004,INS0015,2025-07-05,1497,26.792,40107.62,-1133.12,INR,MOCK_FEED
POS00400620250705,PORT004,INS0016,2025-07-05,4943,45.1257,223056.34,-1605.69,INR,MOCK_FEED
POS00400720250705,PORT004,INS0017,2025-07-05,276,119.5284,32989.84,161.75,USD,MOCK_FEED
POS00400820250705,PORT004,INS0018,2025-07-05,617,43.2921,26711.23,-98.56,USD,MOCK_FEED
POS00400920250705,PORT004,INS0019,2025-07-05,2609,17.9804,46910.86,764.13,GBP,MOCK_FEED
POS00401020250705,PORT004,INS0020,2025-07-05,2530,10.2185,25852.81,-52.95,USD,MOCK_FEED
POS00400120250706,PORT004,INS0011,2025-07-06,4546,24.3779,110821.93,3461.43,USD,MOCK_FEED
POS00400220250706,PORT004,INS0012,2025-07-06,2227,10.5045,23393.52,472.86,GBP,MOCK_FEED
POS00400320250706,PORT004,INS0013,2025-07-06,368,30.5073,11226.69,188.59,GBP,MOCK_FEED
POS00400420250706,PORT004,INS0014,2025-07-06,2104,13.5097,28424.41,-382.06,USD,MOCK_FEED
POS00400520250706,PORT004,INS0015,2025-07-06,419,26.7268,11198.53,-320.84,GBP,MOCK_FEED
POS00400620250706,PORT004,INS0016,2025-07-06,1371,44.8662,61511.56,36.08,EUR,MOCK_FEED
POS00400720250706,PORT004,INS0017,2025-07-06,4608,120.8779,557005.36,-11479.24,GBP,MOCK_FEED
POS00400820250706,PORT004,INS0018,2025-07-06,4903,42.8837,210258.78,5205.08,USD,MOCK_FEED
POS00400920250706,PORT004,INS0019,2025-07-06,4419,17.9153,79167.71,-968.7,INR,MOCK_FEED
POS00401020250706,PORT004,INS0020,2025-07-06,1184,10.0353,11881.8,121.92,USD,MOCK_FEED
POS00400120250707,PORT004,INS0011,2025-07-07,2207,24.5031,54078.34,-304.45,GBP,MOCK_FEED
POS00400220250707,PORT004,INS0012,2025-07-07,1534,10.5105,16123.11,31.12,GBP,MOCK_FEED
POS00400320250707,PORT004,INS0013,2025-07-07,4578,30.8108,141051.84,2692.66,USD,MOCK_FEED
POS00400420250707,PORT004,INS0014,2025-07-07,2904,13.5997,39493.53,44.28,GBP,MOCK_FEED
POS00400520250707,PORT004,INS0015,2025-07-07,4280,26.6179,113924.61,404.17,EUR,MOCK_FEED
POS00400620250707,PORT004,INS0016,2025-07-07,4985,44.34,221034.9,-1889.68,GBP,MOCK_FEED
POS00400720250707,PORT004,INS0017,2025-07-07,712,124.0707,88338.34,-1040.01,GBP,MOCK_FEED
POS00400820250707,PORT004,INS0018,2025-07-07,737,42.6674,31445.87,1068.92,GBP,MOCK_FEED
POS00400920250707,PORT004,INS0019,2025-07-07,1567,18.0078,28218.22,-20.23,USD,MOCK_FEED
POS00401020250707,PORT004,INS0020,2025-07-07,4850,9.8927,47979.6,-1215.26,GBP,MOCK_FEED
POS00400120250708,PORT004,INS0011,2025-07-08,2027,24.1744,49001.51,786.38,USD,MOCK_FEED
POS00400220250708,PORT004,INS0012,2025-07-08,305,10.4135,3176.12,-65.51,EUR,MOCK_FEED
POS00400320250708,PORT004,INS0013,2025-07-08,4773,30.8193,147100.52,2445.35,USD,MOCK_FEED
POS00400420250708,PORT004,INS0014,2025-07-08,4706,13.5163,63607.71,1335.69,USD,MOCK_FEED
POS00400520250708,PORT004,INS0015,2025-07-08,3376,26.2719,88693.93,1603.87,EUR,MOCK_FEED
POS00400620250708,PORT004,INS0016,2025-07-08,954,44.279,42242.17,-1218.67,EUR,MOCK_FEED
POS00400720250708,PORT004,INS0017,2025-07-08,4169,124.1857,517730.18,7327.78,EUR,MOCK_FEED
POS00400820250708,PORT004,INS0018,2025-07-08,3304,43.1188,142464.52,-3278.12,GBP,MOCK_FEED
POS00400920250708,PORT004,INS0019,2025-07-08,933,18.2342,17012.51,31.97,GBP,MOCK_FEED
POS00401020250708,PORT004,INS0020,2025-07-08,3699,9.9418,36774.72,-29.73,INR,MOCK_FEED
POS00400120250709,PORT004,INS0011,2025-07-09,4846,24.2233,117386.11,-49.31,INR,MOCK_FEED
POS00400220250709,PORT004,INS0012,2025-07-09,1360,10.448,14209.28,298.06,USD,MOCK_FEED
POS00400320250709,PORT004,INS0013,2025-07-09,498,31.6615,15767.43,351.09,EUR,MOCK_FEED
POS00400420250709,PORT004,INS0014,2025-07-09,4647,13.5677,63049.1,-356.46,USD,MOCK_FEED
POS00400520250709,PORT004,INS0015,2025-07-09,2771,25.6521,71081.97,1387.97,EUR,MOCK_FEED
POS00400620250709,PORT004,INS0016,2025-07-09,3480,44.2471,153979.91,-685.77,USD,MOCK_FEED
POS00400720250709,PORT004,INS0017,2025-07-09,446,127.423,56830.66,276.15,USD,MOCK_FEED
POS00400820250709,PORT004,INS0018,2025-07-09,3236,43.7031,141423.23,3677.69,EUR,MOCK_FEED
POS00400920250709,PORT004,INS0019,2025-07-09,1246,18.2267,22710.47,676.11,USD,MOCK_FEED
POS00401020250709,PORT004,INS0020,2025-07-09,3588,10.0782,36160.58,1293.96,GBP,MOCK_FEED
POS00400120250710,PORT004,INS0011,2025-07-10,4255,23.7144,100904.77,-720.13,GBP,MOCK_FEED
POS00400220250710,PORT004,INS0012,2025-07-10,3713,10.5277,39089.35,-641.56,INR,MOCK_FEED
POS00400320250710,PORT004,INS0013,2025-07-10,537,31.6929,17019.09,98.2,INR,MOCK_FEED
POS00400420250710,PORT004,INS0014,2025-07-10,666,13.6382,9083.04,-45.3,INR,MOCK_FEED
POS00400520250710,PORT004,INS0015,2025-07-10,1059,25.9106,27439.33,-177.76,GBP,MOCK_FEED
POS00400620250710,PORT004,INS0016,2025-07-10,4947,44.0077,217706.09,4760.9,USD,MOCK_FEED
POS00400720250710,PORT004,INS0017,2025-07-10,3439,127.4675,438360.73,6498.73,USD,MOCK_FEED
POS00400820250710,PORT004,INS0018,2025-07-10,2679,43.626,116874.05,-1599.93,EUR,MOCK_FEED
POS00400920250710,PORT004,INS0019,2025-07-10,1817,18.3937,33421.35,164.87,INR,MOCK_FEED
POS00401020250710,PORT004,INS0020,2025-07-10,3284,10.0571,33027.52,872.27,INR,MOCK_FEED
POS00400120250711,PORT004,INS0011,2025-07-11,834,23.946,19970.96,793.0,USD,MOCK_FEED
POS00400220250711,PORT004,INS0012,2025-07-11,3734,10.5673,39458.3,885.75,USD,MOCK_FEED
POS00400320250711,PORT004,INS0013,2025-07-11,1331,31.4775,41896.55,1620.49,USD,MOCK_FEED
POS00400420250711,PORT004,INS0014,2025-07-11,2983,13.2397,39494.03,1528.99,INR,MOCK_FEED
POS00400520250711,PORT004,INS0015,2025-07-11,2743,25.8856,71004.2,21.26,USD,MOCK_FEED
POS00400620250711,PORT004,INS0016,2025-07-11,4873,44.2628,215692.62,7862.4,INR,MOCK_FEED
POS00400720250711,PORT004,INS0017,2025-07-11,3100,127.1634,394206.54,-8437.25,GBP,MOCK_FEED
POS00400820250711,PORT004,INS0018,2025-07-11,997,43.1667,43037.2,-1015.4,GBP,MOCK_FEED
POS00400920250711,PORT004,INS0019,2025-07-11,3972,18.0824,71823.29,-2040.56,USD,MOCK_FEED
POS00401020250711,PORT004,INS0020,2025-07-11,3210,9.968,31997.28,1105.44,EUR,MOCK_FEED
POS00400120250712,PORT004,INS0011,2025-07-12,3048,24.2145,73805.8,217.68,INR,MOCK_FEED
POS00400220250712,PORT004,INS0012,2025-07-12,4688,10.5817,49607.01,1314.41,USD,MOCK_FEED
POS00400320250712,PORT004,INS0013,2025-07-12,4436,32.0915,142357.89,3064.25,INR,MOCK_FEED
POS00400420250712,PORT004,INS0014,2025-07-12,187,13.167,2462.23,-57.24,EUR,MOCK_FEED
POS00400520250712,PORT004,INS0015,2025-07-12,291,26.2075,7626.38,282.01,INR,MOCK_FEED
POS00400620250712,PORT004,INS0016,2025-07-12,4257,44.764,190560.35,4425.89,EUR,MOCK_FEED
POS00400720250712,PORT004,INS0017,2025-07-12,4527,126.3839,572139.92,-5381.65,USD,MOCK_FEED
POS00400820250712,PORT004,INS0018,2025-07-12,2799,43.7214,122376.2,-1336.46,USD,MOCK_FEED
POS00400920250712,PORT004,INS0019,2025-07-12,2882,17.9489,51728.73,-846.84,GBP,MOCK_FEED
POS00401020250712,PORT004,INS0020,2025-07-12,404,10.0344,4053.9,-13.41,INR,MOCK_FEED
POS00400120250713,PORT004,INS0011,2025-07-13,4415,25.0022,110384.71,-3035.5,INR,MOCK_FEED
POS00400220250713,PORT004,INS0012,2025-07-13,3174,10.4602,33200.67,489.94,USD,MOCK_FEED
POS00400320250713,PORT004,INS0013,2025-07-13,2867,32.5142,93218.21,1315.77,USD,MOCK_FEED
POS00400420250713,PORT004,INS0014,2025-07-13,2794,13.1702,36797.54,-320.71,EUR,MOCK_FEED
POS00400520250713,PORT004,INS0015,2025-07-13,2304,25.8124,59471.77,340.31,EUR,MOCK_FEED
POS00400620250713,PORT004,INS0016,2025-07-13,2932,43.5523,127695.34,194.08,EUR,MOCK_FEED
POS00400720250713,PORT004,INS0017,2025-07-13,4972,124.0954,617002.33,23357.25,GBP,MOCK_FEED
POS00400820250713,PORT004,INS0018,2025-07-13,1237,43.6487,53993.44,1076.43,EUR,MOCK_FEED
POS00400920250713,PORT004,INS0019,2025-07-13,4182,17.972,75158.9,2541.28,INR,MOCK_FEED
POS00401020250713,PORT004,INS0020,2025-07-13,2803,10.0833,28263.49,889.33,INR,MOCK_FEED
POS00400120250714,PORT004,INS0011,2025-07-14,2134,24.6619,52628.49,-327.82,GBP,MOCK_FEED
POS00400220250714,PORT004,INS0012,2025-07-14,3009,10.6152,31941.14,-665.65,EUR,MOCK_FEED
POS00400320250714,PORT004,INS0013,2025-07-14,3416,33.502,114442.83,3250.46,EUR,MOCK_FEED
POS00400420250714,PORT004,INS0014,2025-07-14,181,12.979,2349.2,-32.3,EUR,MOCK_FEED
POS00400520250714,PORT004,INS0015,2025-07-14,4893,25.8632,126548.64,1184.57,INR,MOCK_FEED
POS00400620250714,PORT004,INS0016,2025-07-14,1448,43.9173,63592.25,1862.61,EUR,MOCK_FEED
POS00400720250714,PORT004,INS0017,2025-07-14,2336,123.7372,289050.1,-8260.23,EUR,MOCK_FEED
POS00400820250714,PORT004,INS0018,2025-07-14,4545,43.9672,199830.92,-619.59,USD,MOCK_FEED
POS00400920250714,PORT004,INS0019,2025-07-14,4484,18.1063,81188.65,2017.27,EUR,MOCK_FEED
POS00401020250714,PORT004,INS0020,2025-07-14,779,10.1439,7902.1,295.45,EUR,MOCK_FEED
POS00400120250715,PORT004,INS0011,2025-07-15,731,24.3579,17805.62,-397.5,INR,MOCK_FEED
POS00400220250715,PORT004,INS0012,2025-07-15,3403,10.7728,36659.84,799.6,GBP,MOCK_FEED
POS00400320250715,PORT004,INS0013,2025-07-15,2619,33.7094,88284.92,-1801.42,EUR,MOCK_FEED
POS00400420250715,PORT004,INS0014,2025-07-15,4166,12.8597,53573.51,1120.46,INR,MOCK_FEED
POS00400520250715,PORT004,INS0015,2025-07-15,212,25.6279,5433.11,92.86,USD,MOCK_FEED
POS00400620250715,PORT004,INS0016,2025-07-15,3100,44.3524,137492.44,-2495.58,EUR,MOCK_FEED
POS00400720250715,PORT004,INS0017,2025-07-15,790,122.7735,96991.07,1638.08,USD,MOCK_FEED
POS00400820250715,PORT004,INS0018,2025-07-15,2723,43.2389,117739.52,241.79,INR,MOCK_FEED
POS00400920250715,PORT004,INS0019,2025-07-15,2814,18.4979,52053.09,1002.49,EUR,MOCK_FEED
POS00401020250715,PORT004,INS0020,2025-07-15,4814,10.136,48794.7,1199.4,USD,MOCK_FEED
POS00400120250716,PORT004,INS0011,2025-07-16,1693,24.3357,41200.34,299.42,INR,MOCK_FEED
POS00400220250716,PORT004,INS0012,2025-07-16,2244,10.6998,24010.35,47.6,USD,MOCK_FEED
POS00400320250716,PORT004,INS0013,2025-07-16,3472,33.7978,117345.96,-2108.21,USD,MOCK_FEED
POS00400420250716,PORT004,INS0014,2025-07-16,2126,12.8629,27346.53,816.1,EUR,MOCK_FEED
POS00400520250716,PORT004,INS0015,2025-07-16,3083,25.7677,79441.82,2877.61,USD,MOCK_FEED
POS00400620250716,PORT004,INS0016,2025-07-16,3575,44.5775,159364.56,858.01,USD,MOCK_FEED
POS00400720250716,PORT004,INS0017,2025-07-16,2647,123.6642,327339.14,7079.35,EUR,MOCK_FEED
POS00400820250716,PORT004,INS0018,2025-07-16,262,43.0606,11281.88,-253.23,INR,MOCK_FEED
POS00400920250716,PORT004,INS0019,2025-07-16,1173,18.8584,22120.9,196.99,INR,MOCK_FEED
POS00401020250716,PORT004,INS0020,2025-07-16,358,10.1929,3649.06,140.02,USD,MOCK_FEED
POS00400120250717,PORT004,INS0011,2025-07-17,170,24.057,4089.69,95.21,GBP,MOCK_FEED
POS00400220250717,PORT004,INS0012,2025-07-17,3533,10.5808,37381.97,-125.77,GBP,MOCK_FEED
POS00400320250717,PORT004,INS0013,2025-07-17,3503,33.2459,116460.39,-375.12,GBP,MOCK_FEED
POS00400420250717,PORT004,INS0014,2025-07-17,2867,12.7893,36666.92,-734.95,INR,MOCK_FEED
POS00400520250717,PORT004,INS0015,2025-07-17,1151,25.7826,29675.77,170.25,USD,MOCK_FEED
POS00400620250717,PORT004,INS0016,2025-07-17,145,44.0298,6384.32,153.77,GBP,MOCK_FEED
POS00400720250717,PORT004,INS0017,2025-07-17,4945,125.4982,620588.6,13298.15,USD,MOCK_FEED
POS00400820250717,PORT004,INS0018,2025-07-17,382,43.1966,16501.1,-83.27,INR,MOCK_FEED
POS00400920250717,PORT004,INS0019,2025-07-17,3578,18.4583,66043.8,-771.38,EUR,MOCK_FEED
POS00401020250717,PORT004,INS0020,2025-07-17,904,10.188,9209.95,-213.05,INR,MOCK_FEED
POS00400120250718,PORT004,INS0011,2025-07-18,425,24.1456,10261.88,-236.68,EUR,MOCK_FEED
POS00400220250718,PORT004,INS0012,2025-07-18,4568,10.4888,47912.84,-510.16,INR,MOCK_FEED
POS00400320250718,PORT004,INS0013,2025-07-18,3007,34.0742,102461.12,2511.04,GBP,MOCK_FEED
POS00400420250718,PORT004,INS0014,2025-07-18,4922,12.8205,63102.5,2437.63,EUR,MOCK_FEED
POS00400520250718,PORT004,INS0015,2025-07-18,774,25.7045,19895.28,732.02,USD,MOCK_FEED
POS00400620250718,PORT004,INS0016,2025-07-18,3858,44.3046,170927.15,-1102.43,INR,MOCK_FEED
POS00400720250718,PORT004,INS0017,2025-07-18,388,124.9189,48468.53,-1026.75,GBP,MOCK_FEED
POS00400820250718,PORT004,INS0018,2025-07-18,3527,43.2016,152372.04,-536.05,INR,MOCK_FEED
POS00400920250718,PORT004,INS0019,2025-07-18,714,18.2181,13007.72,188.33,EUR,MOCK_FEED
POS00401020250718,PORT004,INS0020,2025-07-18,1620,10.1882,16504.88,-386.44,USD,MOCK_FEED
POS00400120250719,PORT004,INS0011,2025-07-19,2743,23.9802,65777.69,-1026.73,GBP,MOCK_FEED
POS00400220250719,PORT004,INS0012,2025-07-19,350,10.5207,3682.24,-19.82,USD,MOCK_FEED
POS00400320250719,PORT004,INS0013,2025-07-19,3441,34.0977,117330.19,-3466.64,INR,MOCK_FEED
POS00400420250719,PORT004,INS0014,2025-07-19,2464,12.7462,31406.64,281.7,EUR,MOCK_FEED
POS00400520250719,PORT004,INS0015,2025-07-19,1759,25.4939,44843.77,193.07,USD,MOCK_FEED
POS00400620250719,PORT004,INS0016,2025-07-19,2168,44.5739,96636.22,3335.29,USD,MOCK_FEED
POS00400720250719,PORT004,INS0017,2025-07-19,3586,124.7709,447428.45,12545.45,GBP,MOCK_FEED
POS00400820250719,PORT004,INS0018,2025-07-19,4440,43.3956,192676.46,-268.88,EUR,MOCK_FEED
POS00400920250719,PORT004,INS0019,2025-07-19,2243,18.1891,40798.15,-328.51,USD,MOCK_FEED
POS00401020250719,PORT004,INS0020,2025-07-19,1525,10.2748,15669.07,511.49,GBP,MOCK_FEED
POS00400120250720,PORT004,INS0011,2025-07-20,3427,23.4515,80368.29,2106.47,INR,MOCK_FEED
POS00400220250720,PORT004,INS0012,2025-07-20,227,10.7113,2431.47,49.51,USD,MOCK_FEED
POS00400320250720,PORT004,INS0013,2025-07-20,3936,34.1689,134488.79,4643.42,EUR,MOCK_FEED
POS00400420250720,PORT004,INS0014,2025-07-20,2255,12.5932,28397.67,1088.75,INR,MOCK_FEED
POS00400520250720,PORT004,INS0015,2025-07-20,366,25.4251,9305.59,191.1,INR,MOCK_FEED
POS00400620250720,PORT004,INS0016,2025-07-20,3732,44.1924,164926.04,2334.75,INR,MOCK_FEED
POS00400720250720,PORT004,INS0017,2025-07-20,592,122.6747,72623.42,683.43,USD,MOCK_FEED
POS00400820250720,PORT004,INS0018,2025-07-20,2921,43.2203,126246.5,1124.94,INR,MOCK_FEED
POS00400920250720,PORT004,INS0019,2025-07-20,1918,17.8066,34153.06,-506.19,EUR,MOCK_FEED
POS00401020250720,PORT004,INS0020,2025-07-20,2318,10.4251,24165.38,662.92,GBP,MOCK_FEED
POS00400120250721,PORT004,INS0011,2025-07-21,1374,23.3585,32094.58,399.96,INR,MOCK_FEED
POS00400220250721,PORT004,INS0012,2025-07-21,4002,10.4799,41940.56,556.33,USD,MOCK_FEED
POS00400320250721,PORT004,INS0013,2025-07-21,4737,34.1992,162001.61,-2755.35,USD,MOCK_FEED
POS00400420250721,PORT004,INS0014,2025-07-21,3709,12.6595,46954.09,919.77,INR,MOCK_FEED
POS00400520250721,PORT004,INS0015,2025-07-21,259,25.312,6555.81,-43.86,USD,MOCK_FEED
POS00400620250721,PORT004,INS0016,2025-07-21,1067,43.7622,46694.27,-726.72,EUR,MOCK_FEED
POS00400720250721,PORT004,INS0017,2025-07-21,4167,124.2199,517624.32,2472.14,EUR,MOCK_FEED
POS00400820250721,PORT004,INS0018,2025-07-21,2613,42.4949,111039.17,-2506.31,INR,MOCK_FEED
POS00400920250721,PORT004,INS0019,2025-07-21,1341,18.028,24175.55,208.67,INR,MOCK_FEED
POS00401020250721,PORT004,INS0020,2025-07-21,2259,10.5384,23806.25,584.68,INR,MOCK_FEED
POS00400120250722,PORT004,INS0011,2025-07-22,4170,23.3082,97195.19,751.18,USD,MOCK_FEED
POS00400220250722,PORT004,INS0012,2025-07-22,3101,10.3619,32132.25,-135.91,EUR,MOCK_FEED
POS00400320250722,PORT004,INS0013,2025-07-22,4430,33.453,148196.79,-3415.0,GBP,MOCK_FEED
POS00400420250722,PORT004,INS0014,2025-07-22,817,12.6806,10360.05,382.28,GBP,MOCK_FEED
POS00400520250722,PORT004,INS0015,2025-07-22,684,25.6607,17551.92,-109.02,GBP,MOCK_FEED
POS00400620250722,PORT004,INS0016,2025-07-22,2875,44.5397,128051.64,-1216.34,USD,MOCK_FEED
POS00400720250722,PORT004,INS0017,2025-07-22,3160,124.4886,393383.98,3343.1,EUR,MOCK_FEED
POS00400820250722,PORT004,INS0018,2025-07-22,4096,42.7096,174938.52,4909.85,INR,MOCK_FEED
POS00400920250722,PORT004,INS0019,2025-07-22,4688,17.8768,83806.44,2532.47,INR,MOCK_FEED
POS00401020250722,PORT004,INS0020,2025-07-22,2711,10.5277,28540.59,-237.08,USD,MOCK_FEED
POS00400120250723,PORT004,INS0011,2025-07-23,991,23.4138,23203.08,-453.27,EUR,MOCK_FEED
POS00400220250723,PORT004,INS0012,2025-07-23,4670,10.2552,47891.78,-1080.53,EUR,MOCK_FEED
POS00400320250723,PORT004,INS0013,2025-07-23,3316,33.4909,111055.82,-2278.34,INR,MOCK_FEED
POS00400420250723,PORT004,INS0014,2025-07-23,3140,12.6748,39798.87,-368.21,USD,MOCK_FEED
POS00400520250723,PORT004,INS0015,2025-07-23,2611,25.5096,66605.57,-1122.33,USD,MOCK_FEED
POS00400620250723,PORT004,INS0016,2025-07-23,4244,44.0324,186873.51,-1616.38,INR,MOCK_FEED
POS00400720250723,PORT004,INS0017,2025-07-23,2572,124.7657,320897.38,-2719.14,EUR,MOCK_FEED
POS00400820250723,PORT004,INS0018,2025-07-23,611,43.0033,26275.02,509.14,USD,MOCK_FEED
POS00400920250723,PORT004,INS0019,2025-07-23,1710,17.7054,30276.23,-753.34,EUR,MOCK_FEED
POS00401020250723,PORT004,INS0020,2025-07-23,232,10.4205,2417.56,10.7,EUR,MOCK_FEED
POS00400120250724,PORT004,INS0011,2025-07-24,1085,23.3602,25345.82,736.1,EUR,MOCK_FEED
POS00400220250724,PORT004,INS0012,2025-07-24,4195,10.1888,42742.02,-96.85,GBP,MOCK_FEED
POS00400320250724,PORT004,INS0013,2025-07-24,1091,33.6735,36737.79,647.62,EUR,MOCK_FEED
POS00400420250724,PORT004,INS0014,2025-07-24,3850,12.5707,48397.19,873.81,EUR,MOCK_FEED
POS00400520250724,PORT004,INS0015,2025-07-24,1772,25.5605,45293.21,-1262.65,EUR,MOCK_FEED
POS00400620250724,PORT004,INS0016,2025-07-24,2928,44.5451,130428.05,-820.01,EUR,MOCK_FEED
POS00400720250724,PORT004,INS0017,2025-07-24,2485,123.8784,307837.82,-7816.19,GBP,MOCK_FEED
POS00400820250724,PORT004,INS0018,2025-07-24,1483,42.8508,63547.74,-1488.41,EUR,MOCK_FEED
POS00400920250724,PORT004,INS0019,2025-07-24,4244,17.6153,74759.33,645.9,INR,MOCK_FEED
POS00401020250724,PORT004,INS0020,2025-07-24,4376,10.453,45742.33,-13.59,USD,MOCK_FEED
POS00400120250725,PORT004,INS0011,2025-07-25,3372,23.5663,79465.56,-821.03,EUR,MOCK_FEED
POS00400220250725,PORT004,INS0012,2025-07-25,2171,10.1391,22011.99,-395.03,INR,MOCK_FEED
POS00400320250725,PORT004,INS0013,2025-07-25,4290,33.4934,143686.69,3656.0,USD,MOCK_FEED
POS00400420250725,PORT004,INS0014,2025-07-25,3996,12.3225,49240.71,586.56,USD,MOCK_FEED
POS00400520250725,PORT004,INS0015,2025-07-25,3791,26.2087,99357.18,443.66,GBP,MOCK_FEED
POS00400620250725,PORT004,INS0016,2025-07-25,2717,44.8717,121916.41,-2965.98,INR,MOCK_FEED
POS00400720250725,PORT004,INS0017,2025-07-25,161,123.3965,19866.84,619.05,USD,MOCK_FEED
POS00400820250725,PORT004,INS0018,2025-07-25,3274,43.4419,142228.78,4290.05,INR,MOCK_FEED
POS00400920250725,PORT004,INS0019,2025-07-25,2978,17.6369,52522.69,1161.21,GBP,MOCK_FEED
POS00401020250725,PORT004,INS0020,2025-07-25,1121,10.5076,11779.02,-118.24,USD,MOCK_FEED
POS00400120250726,PORT004,INS0011,2025-07-26,4592,22.91,105202.72,-2087.71,USD,MOCK_FEED
POS00400220250726,PORT004,INS0012,2025-07-26,4356,9.8912,43086.07,284.51,GBP,MOCK_FEED
POS00400320250726,PORT004,INS0013,2025-07-26,3859,33.2511,128315.99,3116.02,GBP,MOCK_FEED
POS00400420250726,PORT004,INS0014,2025-07-26,362,12.4374,4502.34,-132.79,EUR,MOCK_FEED
POS00400520250726,PORT004,INS0015,2025-07-26,2418,26.4749,64016.31,1207.92,GBP,MOCK_FEED
POS00400620250726,PORT004,INS0016,2025-07-26,4082,44.2806,180753.41,4075.95,INR,MOCK_FEED
POS00400720250726,PORT004,INS0017,2025-07-26,2505,122.2956,306350.48,12090.5,INR,MOCK_FEED
POS00400820250726,PORT004,INS0018,2025-07-26,1136,43.7049,49648.77,1197.25,EUR,MOCK_FEED
POS00400920250726,PORT004,INS0019,2025-07-26,2771,17.6341,48864.09,-62.56,EUR,MOCK_FEED
POS00401020250726,PORT004,INS0020,2025-07-26,862,10.5954,9133.23,117.01,USD,MOCK_FEED
POS00400120250727,PORT004,INS0011,2025-07-27,482,22.7561,10968.44,-318.96,EUR,MOCK_FEED
POS00400220250727,PORT004,INS0012,2025-07-27,2855,10.0903,28807.81,-161.76,EUR,MOCK_FEED
POS00400320250727,PORT004,INS0013,2025-07-27,1998,33.1249,66183.55,-696.79,USD,MOCK_FEED
POS00400420250727,PORT004,INS0014,2025-07-27,2130,12.2587,26111.03,207.19,EUR,MOCK_FEED
POS00400520250727,PORT004,INS0015,2025-07-27,1746,26.0855,45545.28,1467.11,USD,MOCK_FEED
POS00400620250727,PORT004,INS0016,2025-07-27,3786,44.6263,168955.17,-2510.93,USD,MOCK_FEED
POS00400720250727,PORT004,INS0017,2025-07-27,1617,122.8017,198570.35,3380.99,USD,MOCK_FEED
POS00400820250727,PORT004,INS0018,2025-07-27,4782,44.1549,211148.73,7522.67,GBP,MOCK_FEED
POS00400920250727,PORT004,INS0019,2025-07-27,2868,17.6033,50486.26,1123.05,EUR,MOCK_FEED
POS00401020250727,PORT004,INS0020,2025-07-27,3840,10.906,41879.04,1194.67,INR,MOCK_FEED
POS00400120250728,PORT004,INS0011,2025-07-28,4269,23.0324,98325.32,575.7,GBP,MOCK_FEED
POS00400220250728,PORT004,INS0012,2025-07-28,3904,10.1614,39670.11,-1129.81,EUR,MOCK_FEED
POS00400320250728,PORT004,INS0013,2025-07-28,840,33.2897,27963.35,729.98,USD,MOCK_FEED
POS00400420250728,PORT004,INS0014,2025-07-28,3582,12.1863,43651.33,171.99,GBP,MOCK_FEED
POS00400520250728,PORT004,INS0015,2025-07-28,2087,26.0357,54336.51,-1439.99,EUR,MOCK_FEED
POS00400620250728,PORT004,INS0016,2025-07-28,1366,44.9979,61467.13,1344.22,USD,MOCK_FEED
POS00400720250728,PORT004,INS0017,2025-07-28,3464,124.1661,430111.37,-7612.6,EUR,MOCK_FEED
POS00400820250728,PORT004,INS0018,2025-07-28,4646,44.4709,206611.8,2576.19,USD,MOCK_FEED
POS00400920250728,PORT004,INS0019,2025-07-28,1771,17.5635,31104.96,-224.88,GBP,MOCK_FEED
POS00401020250728,PORT004,INS0020,2025-07-28,4070,10.8534,44173.34,-151.76,USD,MOCK_FEED
POS00400120250729,PORT004,INS0011,2025-07-29,277,22.8182,6320.64,219.75,USD,MOCK_FEED
POS00400220250729,PORT004,INS0012,2025-07-29,837,10.3236,8640.85,-240.44,USD,MOCK_FEED
POS00400320250729,PORT004,INS0013,2025-07-29,3179,33.336,105975.14,2115.52,EUR,MOCK_FEED
POS00400420250729,PORT004,INS0014,2025-07-29,1375,12.3404,16968.05,61.34,INR,MOCK_FEED
POS00400520250729,PORT004,INS0015,2025-07-29,2196,25.952,56990.59,-673.8,INR,MOCK_FEED
POS00400620250729,PORT004,INS0016,2025-07-29,4113,45.4131,186784.08,-912.99,EUR,MOCK_FEED
POS00400720250729,PORT004,INS0017,2025-07-29,264,123.0189,32476.99,-489.27,GBP,MOCK_FEED
POS00400820250729,PORT004,INS0018,2025-07-29,382,44.2928,16919.85,426.92,EUR,MOCK_FEED
POS00400920250729,PORT004,INS0019,2025-07-29,2474,17.5828,43499.85,1277.25,INR,MOCK_FEED
POS00401020250729,PORT004,INS0020,2025-07-29,1463,10.9827,16067.69,367.98,GBP,MOCK_FEED
POS00400120250730,PORT004,INS0011,2025-07-30,230,22.9279,5273.42,-153.62,GBP,MOCK_FEED
POS00400220250730,PORT004,INS0012,2025-07-30,2744,10.4499,28674.53,-475.37,USD,MOCK_FEED
POS00400320250730,PORT004,INS0013,2025-07-30,4824,32.8272,158358.41,5730.53,INR,MOCK_FEED
POS00400420250730,PORT004,INS0014,2025-07-30,2849,12.3822,35276.89,-46.67,INR,MOCK_FEED
POS00400520250730,PORT004,INS0015,2025-07-30,743,25.6086,19027.19,-62.67,EUR,MOCK_FEED
POS00400620250730,PORT004,INS0016,2025-07-30,3649,44.525,162471.73,4756.63,INR,MOCK_FEED
POS00400720250730,PORT004,INS0017,2025-07-30,1827,122.1701,223204.77,4327.19,GBP,MOCK_FEED
POS00400820250730,PORT004,INS0018,2025-07-30,3025,44.3037,134018.69,-2990.19,USD,MOCK_FEED
POS00400920250730,PORT004,INS0019,2025-07-30,1389,18.0761,25107.7,683.2,GBP,MOCK_FEED
POS00401020250730,PORT004,INS0020,2025-07-30,1362,11.0356,15030.49,10.38,GBP,MOCK_FEED
POS00400120250731,PORT004,INS0011,2025-07-31,4363,22.6224,98701.53,3149.01,INR,MOCK_FEED
POS00400220250731,PORT004,INS0012,2025-07-31,4683,10.4574,48972.0,-265.72,GBP,MOCK_FEED
POS00400320250731,PORT004,INS0013,2025-07-31,2026,32.7711,66394.25,617.31,INR,MOCK_FEED
POS00400420250731,PORT004,INS0014,2025-07-31,1862,12.1997,22715.84,-51.35,INR,MOCK_FEED
POS00400520250731,PORT004,INS0015,2025-07-31,4894,25.1591,123128.64,2737.25,USD,MOCK_FEED
POS00400620250731,PORT004,INS0016,2025-07-31,3692,44.802,165408.98,-3510.58,USD,MOCK_FEED
POS00400720250731,PORT004,INS0017,2025-07-31,2450,121.195,296927.75,1947.99,GBP,MOCK_FEED
POS00400820250731,PORT004,INS0018,2025-07-31,1141,44.5567,50839.19,735.49,INR,MOCK_FEED
POS00400920250731,PORT004,INS0019,2025-07-31,3141,18.4477,57944.23,1216.87,USD,MOCK_FEED
POS00401020250731,PORT004,INS0020,2025-07-31,2117,11.0389,23369.35,371.87,GBP,MOCK_FEED
POS00400120250801,PORT004,INS0011,2025-08-01,4718,22.5459,106371.56,-523.54,USD,MOCK_FEED
POS00400220250801,PORT004,INS0012,2025-08-01,780,10.2571,8000.54,-152.52,USD,MOCK_FEED
POS00400320250801,PORT004,INS0013,2025-08-01,4685,32.4204,151889.57,1144.32,USD,MOCK_FEED
POS00400420250801,PORT004,INS0014,2025-08-01,3708,12.2974,45598.76,-1160.16,GBP,MOCK_FEED
POS00400520250801,PORT004,INS0015,2025-08-01,4182,24.7483,103497.39,1828.92,GBP,MOCK_FEED
POS00400620250801,PORT004,INS0016,2025-08-01,3900,45.7341,178362.99,2414.12,USD,MOCK_FEED
POS00400720250801,PORT004,INS0017,2025-08-01,926,122.5549,113485.84,2335.69,USD,MOCK_FEED
POS00400820250801,PORT004,INS0018,2025-08-01,4714,45.2459,213289.17,-3585.84,USD,MOCK_FEED
POS00400920250801,PORT004,INS0019,2025-08-01,4859,18.8453,91569.31,-726.46,GBP,MOCK_FEED
POS00401020250801,PORT004,INS0020,2025-08-01,2566,10.7744,27647.11,-243.02,EUR,MOCK_FEED
POS00400120250802,PORT004,INS0011,2025-08-02,368,22.257,8190.58,-3.19,USD,MOCK_FEED
POS00400220250802,PORT004,INS0012,2025-08-02,3744,10.3608,38790.84,322.0,GBP,MOCK_FEED
POS00400320250802,PORT004,INS0013,2025-08-02,1531,32.3226,49485.9,639.28,EUR,MOCK_FEED
POS00400420250802,PORT004,INS0014,2025-08-02,1565,12.6161,19744.2,530.33,EUR,MOCK_FEED
POS00400520250802,PORT004,INS0015,2025-08-02,4948,24.5713,121578.79,4282.07,USD,MOCK_FEED
POS00400620250802,PORT004,INS0016,2025-08-02,2134,46.3907,98997.75,-995.78,USD,MOCK_FEED
POS00400720250802,PORT004,INS0017,2025-08-02,4442,123.6969,549461.63,15820.86,GBP,MOCK_FEED
POS00400820250802,PORT004,INS0018,2025-08-02,2444,45.2381,110561.92,-1006.83,EUR,MOCK_FEED
POS00400920250802,PORT004,INS0019,2025-08-02,1956,18.4698,36126.93,-585.46,USD,MOCK_FEED
POS00401020250802,PORT004,INS0020,2025-08-02,133,10.5739,1406.33,33.12,INR,MOCK_FEED
POS00400120250803,PORT004,INS0011,2025-08-03,3049,22.5273,68685.74,844.9,GBP,MOCK_FEED
POS00400220250803,PORT004,INS0012,2025-08-03,1124,10.5452,11852.8,-148.93,EUR,MOCK_FEED
POS00400320250803,PORT004,INS0013,2025-08-03,1867,31.6827,59151.6,2270.04,EUR,MOCK_FEED
POS00400420250803,PORT004,INS0014,2025-08-03,3243,12.5786,40792.4,-593.22,GBP,MOCK_FEED
POS00400520250803,PORT004,INS0015,2025-08-03,4469,24.387,108985.5,-203.19,EUR,MOCK_FEED
POS00400620250803,PORT004,INS0016,2025-08-03,3214,46.3088,148836.48,4876.01,EUR,MOCK_FEED
POS00400720250803,PORT004,INS0017,2025-08-03,1903,125.0725,238012.97,7182.0,USD,MOCK_FEED
POS00400820250803,PORT004,INS0018,2025-08-03,4956,45.8209,227088.38,-2443.3,INR,MOCK_FEED
POS00400920250803,PORT004,INS0019,2025-08-03,3069,18.6743,57311.43,-37.05,INR,MOCK_FEED
POS00401020250803,PORT004,INS0020,2025-08-03,3165,10.6066,33569.89,-404.86,USD,MOCK_FEED
POS00400120250804,PORT004,INS0011,2025-08-04,2439,22.6539,55252.86,-1399.58,INR,MOCK_FEED
POS00400220250804,PORT004,INS0012,2025-08-04,250,10.4772,2619.3,15.95,USD,MOCK_FEED
POS00400320250804,PORT004,INS0013,2025-08-04,2500,31.9619,79904.75,318.94,GBP,MOCK_FEED
POS00400420250804,PORT004,INS0014,2025-08-04,2938,12.7091,37339.34,106.57,USD,MOCK_FEED
POS00400520250804,PORT004,INS0015,2025-08-04,917,24.7226,22670.62,-436.06,GBP,MOCK_FEED
POS00400620250804,PORT004,INS0016,2025-08-04,4201,46.2315,194218.53,-729.03,USD,MOCK_FEED
POS00400720250804,PORT004,INS0017,2025-08-04,3503,124.618,436536.85,4936.38,GBP,MOCK_FEED
POS00400820250804,PORT004,INS0018,2025-08-04,3142,45.5528,143126.9,-99.72,EUR,MOCK_FEED
POS00400920250804,PORT004,INS0019,2025-08-04,790,19.0185,15024.61,-212.15,EUR,MOCK_FEED
POS00401020250804,PORT004,INS0020,2025-08-04,2228,10.8398,24151.07,650.57,USD,MOCK_FEED
POS00400120250805,PORT004,INS0011,2025-08-05,905,23.0644,20873.28,-176.56,EUR,MOCK_FEED
POS00400220250805,PORT004,INS0012,2025-08-05,2797,10.1765,28463.67,997.72,GBP,MOCK_FEED
POS00400320250805,PORT004,INS0013,2025-08-05,2588,32.2836,83549.96,484.07,EUR,MOCK_FEED
POS00400420250805,PORT004,INS0014,2025-08-05,706,12.479,8810.17,190.64,GBP,MOCK_FEED
POS00400520250805,PORT004,INS0015,2025-08-05,3804,25.2786,96159.79,-1447.64,USD,MOCK_FEED
POS00400620250805,PORT004,INS0016,2025-08-05,673,47.1107,31705.5,1030.79,INR,MOCK_FEED
POS00400720250805,PORT004,INS0017,2025-08-05,3389,124.4531,421771.56,6842.74,INR,MOCK_FEED
POS00400820250805,PORT004,INS0018,2025-08-05,904,45.9101,41502.73,633.55,EUR,MOCK_FEED
POS00400920250805,PORT004,INS0019,2025-08-05,2757,19.1845,52891.67,894.95,INR,MOCK_FEED
POS00401020250805,PORT004,INS0020,2025-08-05,1003,10.7923,10824.68,339.44,INR,MOCK_FEED
POS00400120250806,PORT004,INS0011,2025-08-06,192,22.8542,4388.01,-51.98,EUR,MOCK_FEED
POS00400220250806,PORT004,INS0012,2025-08-06,4759,10.2012,48547.51,1378.36,INR,MOCK_FEED
POS00400320250806,PORT004,INS0013,2025-08-06,1494,32.6247,48741.3,1333.09,GBP,MOCK_FEED
POS00400420250806,PORT004,INS0014,2025-08-06,236,12.4798,2945.23,15.86,EUR,MOCK_FEED
POS00400520250806,PORT004,INS0015,2025-08-06,2915,25.0154,72919.89,2300.2,GBP,MOCK_FEED
POS00400620250806,PORT004,INS0016,2025-08-06,2469,46.8433,115656.11,1626.3,EUR,MOCK_FEED
POS00400720250806,PORT004,INS0017,2025-08-06,3154,125.293,395174.12,4497.73,USD,MOCK_FEED
POS00400820250806,PORT004,INS0018,2025-08-06,931,46.1645,42979.15,898.75,GBP,MOCK_FEED
POS00400920250806,PORT004,INS0019,2025-08-06,3652,19.2419,70271.42,-968.52,USD,MOCK_FEED
POS00401020250806,PORT004,INS0020,2025-08-06,4735,10.8147,51207.6,44.16,INR,MOCK_FEED
POS00400120250807,PORT004,INS0011,2025-08-07,2032,22.7518,46231.66,-344.92,INR,MOCK_FEED
POS00400220250807,PORT004,INS0012,2025-08-07,4807,10.1922,48993.91,586.79,GBP,MOCK_FEED
POS00400320250807,PORT004,INS0013,2025-08-07,4246,32.9888,140070.44,2907.4,INR,MOCK_FEED
POS00400420250807,PORT004,INS0014,2025-08-07,1425,12.4468,17736.69,-498.22,INR,MOCK_FEED
POS00400520250807,PORT004,INS0015,2025-08-07,155,24.8869,3857.47,36.0,EUR,MOCK_FEED
POS00400620250807,PORT004,INS0016,2025-08-07,1607,47.3523,76095.15,344.12,USD,MOCK_FEED
POS00400720250807,PORT004,INS0017,2025-08-07,2604,127.47,331931.88,3223.14,GBP,MOCK_FEED
POS00400820250807,PORT004,INS0018,2025-08-07,3577,45.7683,163713.21,-497.17,EUR,MOCK_FEED
POS00400920250807,PORT004,INS0019,2025-08-07,3805,19.3692,73699.81,-1992.04,INR,MOCK_FEED
POS00401020250807,PORT004,INS0020,2025-08-07,771,10.8783,8387.17,272.87,USD,MOCK_FEED
POS00400120250808,PORT004,INS0011,2025-08-08,401,22.7638,9128.28,-242.45,GBP,MOCK_FEED
POS00400220250808,PORT004,INS0012,2025-08-08,719,10.1657,7309.14,-118.45,USD,MOCK_FEED
POS00400320250808,PORT004,INS0013,2025-08-08,4719,33.5186,158174.27,-4132.29,GBP,MOCK_FEED
POS00400420250808,PORT004,INS0014,2025-08-08,652,12.453,8119.36,-108.66,INR,MOCK_FEED
POS00400520250808,PORT004,INS0015,2025-08-08,3273,24.7763,81092.83,-376.23,INR,MOCK_FEED
POS00400620250808,PORT004,INS0016,2025-08-08,387,46.5679,18021.78,364.31,EUR,MOCK_FEED
POS00400720250808,PORT004,INS0017,2025-08-08,1415,128.9437,182455.34,-5446.62,GBP,MOCK_FEED
POS00400820250808,PORT004,INS0018,2025-08-08,3545,46.345,164293.02,4647.74,EUR,MOCK_FEED
POS00400920250808,PORT004,INS0019,2025-08-08,2469,19.2547,47539.85,1429.94,EUR,MOCK_FEED
POS00401020250808,PORT004,INS0020,2025-08-08,4188,10.8154,45294.9,173.62,INR,MOCK_FEED
POS00400120250809,PORT004,INS0011,2025-08-09,1610,22.723,36584.03,-1074.72,EUR,MOCK_FEED
POS00400220250809,PORT004,INS0012,2025-08-09,2805,10.1067,28349.29,789.32,INR,MOCK_FEED
POS00400320250809,PORT004,INS0013,2025-08-09,4297,34.3516,147608.83,3460.03,GBP,MOCK_FEED
POS00400420250809,PORT004,INS0014,2025-08-09,295,12.5714,3708.56,122.69,EUR,MOCK_FEED
POS00400520250809,PORT004,INS0015,2025-08-09,190,24.2666,4610.65,72.03,GBP,MOCK_FEED
POS00400620250809,PORT004,INS0016,2025-08-09,796,47.0337,37438.83,-297.42,USD,MOCK_FEED
POS00400720250809,PORT004,INS0017,2025-08-09,2638,127.1286,335365.25,-531.58,USD,MOCK_FEED
POS00400820250809,PORT004,INS0018,2025-08-09,4959,45.641,226333.72,-5840.36,INR,MOCK_FEED
POS00400920250809,PORT004,INS0019,2025-08-09,4887,18.8163,91955.26,-867.72,USD,MOCK_FEED
POS00401020250809,PORT004,INS0020,2025-08-09,4239,10.7711,45658.69,651.02,INR,MOCK_FEED
POS00400120250810,PORT004,INS0011,2025-08-10,4409,22.3733,98643.88,2416.73,GBP,MOCK_FEED
POS00400220250810,PORT004,INS0012,2025-08-10,2017,10.031,20232.53,-581.32,USD,MOCK_FEED
POS00400320250810,PORT004,INS0013,2025-08-10,1665,34.8278,57988.29,-875.43,EUR,MOCK_FEED
POS00400420250810,PORT004,INS0014,2025-08-10,2150,12.7519,27416.58,-718.45,EUR,MOCK_FEED
POS00400520250810,PORT004,INS0015,2025-08-10,4841,24.2224,117260.64,-1009.69,GBP,MOCK_FEED
POS00400620250810,PORT004,INS0016,2025-08-10,1325,46.6713,61839.47,1364.49,USD,MOCK_FEED
POS00400720250810,PORT004,INS0017,2025-08-10,3829,126.085,482779.46,17263.31,EUR,MOCK_FEED
POS00400820250810,PORT004,INS0018,2025-08-10,1516,45.9124,69603.2,977.63,INR,MOCK_FEED
POS00400920250810,PORT004,INS0019,2025-08-10,593,18.7702,11130.73,-168.59,USD,MOCK_FEED
POS00401020250810,PORT004,INS0020,2025-08-10,1531,10.9162,16712.7,168.15,INR,MOCK_FEED
POS00400120250811,PORT004,INS0011,2025-08-11,2439,22.611,55148.23,2084.18,USD,MOCK_FEED
POS00400220250811,PORT004,INS0012,2025-08-11,4459,9.9821,44510.18,-331.77,USD,MOCK_FEED
POS00400320250811,PORT004,INS0013,2025-08-11,377,35.4071,13348.48,483.83,EUR,MOCK_FEED
POS00400420250811,PORT004,INS0014,2025-08-11,1205,12.5829,15162.39,474.73,GBP,MOCK_FEED
POS00400520250811,PORT004,INS0015,2025-08-11,2511,24.4645,61430.36,-415.87,EUR,MOCK_FEED
POS00400620250811,PORT004,INS0016,2025-08-11,392,45.8966,17991.47,-333.6,EUR,MOCK_FEED
POS00400720250811,PORT004,INS0017,2025-08-11,4356,125.2672,545663.92,6456.41,GBP,MOCK_FEED
POS00400820250811,PORT004,INS0018,2025-08-11,4106,45.0537,184990.49,-1208.76,GBP,MOCK_FEED
POS00400920250811,PORT004,INS0019,2025-08-11,4939,18.6397,92061.48,1126.08,EUR,MOCK_FEED
POS00401020250811,PORT004,INS0020,2025-08-11,1759,10.8931,19160.96,-505.93,INR,MOCK_FEED
POS00400120250812,PORT004,INS0011,2025-08-12,2731,22.5743,61650.41,-624.86,INR,MOCK_FEED
POS00400220250812,PORT004,INS0012,2025-08-12,4989,10.0942,50359.96,1778.42,EUR,MOCK_FEED
POS00400320250812,PORT004,INS0013,2025-08-12,131,35.2961,4623.79,-13.62,EUR,MOCK_FEED
POS00400420250812,PORT004,INS0014,2025-08-12,1717,12.7482,21888.66,141.91,USD,MOCK_FEED
POS00400520250812,PORT004,INS0015,2025-08-12,1870,24.4779,45773.67,-563.33,USD,MOCK_FEED
POS00400620250812,PORT004,INS0016,2025-08-12,3005,46.0603,138411.2,2358.95,USD,MOCK_FEED
POS00400720250812,PORT004,INS0017,2025-08-12,2677,124.2251,332550.59,-7750.43,EUR,MOCK_FEED
POS00400820250812,PORT004,INS0018,2025-08-12,4279,44.2792,189470.7,-1558.71,EUR,MOCK_FEED
POS00400920250812,PORT004,INS0019,2025-08-12,4133,18.6224,76966.38,-818.38,INR,MOCK_FEED
POS00401020250812,PORT004,INS0020,2025-08-12,441,10.829,4775.59,95.68,INR,MOCK_FEED
POS00400120250813,PORT004,INS0011,2025-08-13,3068,22.6523,69497.26,2691.46,EUR,MOCK_FEED
POS00400220250813,PORT004,INS0012,2025-08-13,3729,10.1957,38019.77,527.41,EUR,MOCK_FEED
POS00400320250813,PORT004,INS0013,2025-08-13,1557,35.0686,54601.81,582.24,EUR,MOCK_FEED
POS00400420250813,PORT004,INS0014,2025-08-13,2864,12.4595,35684.01,187.08,GBP,MOCK_FEED
POS00400520250813,PORT004,INS0015,2025-08-13,4517,24.8627,112304.82,3869.45,EUR,MOCK_FEED
POS00400620250813,PORT004,INS0016,2025-08-13,262,46.0201,12057.27,37.97,GBP,MOCK_FEED
POS00400720250813,PORT004,INS0017,2025-08-13,2052,123.4189,253255.58,-6120.69,GBP,MOCK_FEED
POS00400820250813,PORT004,INS0018,2025-08-13,2150,44.4737,95618.46,2894.94,EUR,MOCK_FEED
POS00400920250813,PORT004,INS0019,2025-08-13,2084,18.7623,39100.63,814.41,USD,MOCK_FEED
POS00401020250813,PORT004,INS0020,2025-08-13,4637,10.6639,49448.5,1724.94,EUR,MOCK_FEED
POS00400120250814,PORT004,INS0011,2025-08-14,3950,22.743,89834.85,-2639.41,INR,MOCK_FEED
POS00400220250814,PORT004,INS0012,2025-08-14,2313,10.2131,23622.9,-196.66,EUR,MOCK_FEED
POS00400320250814,PORT004,INS0013,2025-08-14,4348,35.8307,155791.88,-668.78,INR,MOCK_FEED
POS00400420250814,PORT004,INS0014,2025-08-14,3146,12.1006,38068.49,-354.38,EUR,MOCK_FEED
POS00400520250814,PORT004,INS0015,2025-08-14,2094,24.9512,52247.81,-913.49,USD,MOCK_FEED
POS00400620250814,PORT004,INS0016,2025-08-14,4373,45.7952,200262.41,-5995.95,EUR,MOCK_FEED
POS00400720250814,PORT004,INS0017,2025-08-14,1938,121.7137,235881.15,3640.43,GBP,MOCK_FEED
POS00400820250814,PORT004,INS0018,2025-08-14,3253,43.9604,143003.18,-1261.93,EUR,MOCK_FEED
POS00400920250814,PORT004,INS0019,2025-08-14,1158,18.8219,21795.76,163.06,GBP,MOCK_FEED
POS00401020250814,PORT004,INS0020,2025-08-14,4897,10.5902,51860.21,-872.76,GBP,MOCK_FEED
POS00400120250815,PORT004,INS0011,2025-08-15,3754,22.4725,84361.76,985.79,GBP,MOCK_FEED
POS00400220250815,PORT004,INS0012,2025-08-15,2056,10.1163,20799.11,16.29,USD,MOCK_FEED
POS00400320250815,PORT004,INS0013,2025-08-15,4924,36.0176,177350.66,-491.18,GBP,MOCK_FEED
POS00400420250815,PORT004,INS0014,2025-08-15,2143,12.1676,26075.17,-463.49,USD,MOCK_FEED
POS00400520250815,PORT004,INS0015,2025-08-15,3474,24.6963,85794.95,3071.16,USD,MOCK_FEED
POS00400620250815,PORT004,INS0016,2025-08-15,1325,46.2113,61229.97,-1173.41,GBP,MOCK_FEED
POS00400720250815,PORT004,INS0017,2025-08-15,4053,121.977,494372.78,12005.74,EUR,MOCK_FEED
POS00400820250815,PORT004,INS0018,2025-08-15,3275,44.2512,144922.68,4722.15,USD,MOCK_FEED
POS00400920250815,PORT004,INS0019,2025-08-15,3642,18.9524,69024.64,2614.62,GBP,MOCK_FEED
POS00401020250815,PORT004,INS0020,2025-08-15,4879,10.6217,51823.27,-1470.09,USD,MOCK_FEED
POS00400120250816,PORT004,INS0011,2025-08-16,1849,22.8729,42291.99,-723.44,EUR,MOCK_FEED
POS00400220250816,PORT004,INS0012,2025-08-16,316,10.1434,3205.31,-95.2,INR,MOCK_FEED
POS00400320250816,PORT004,INS0013,2025-08-16,1974,36.6955,72436.92,-1436.24,GBP,MOCK_FEED
POS00400420250816,PORT004,INS0014,2025-08-16,2378,12.3534,29376.39,565.3,INR,MOCK_FEED
POS00400520250816,PORT004,INS0015,2025-08-16,2872,24.3509,69935.78,-614.11,INR,MOCK_FEED
POS00400620250816,PORT004,INS0016,2025-08-16,4004,46.2336,185119.33,3798.56,INR,MOCK_FEED
POS00400720250816,PORT004,INS0017,2025-08-16,130,121.5804,15805.45,-117.96,USD,MOCK_FEED
POS00400820250816,PORT004,INS0018,2025-08-16,1530,44.1838,67601.21,1180.49,INR,MOCK_FEED
POS00400920250816,PORT004,INS0019,2025-08-16,974,18.5643,18081.63,678.75,INR,MOCK_FEED
POS00401020250816,PORT004,INS0020,2025-08-16,2886,10.4334,30110.79,-481.93,EUR,MOCK_FEED
POS00400120250817,PORT004,INS0011,2025-08-17,2645,22.5907,59752.4,-784.47,USD,MOCK_FEED
POS00400220250817,PORT004,INS0012,2025-08-17,3151,10.0009,31512.84,-276.95,INR,MOCK_FEED
POS00400320250817,PORT004,INS0013,2025-08-17,4218,36.7395,154967.21,-4432.81,EUR,MOCK_FEED
POS00400420250817,PORT004,INS0014,2025-08-17,1774,12.5604,22282.15,-626.22,EUR,MOCK_FEED
POS00400520250817,PORT004,INS0015,2025-08-17,4600,24.2393,111500.78,-1853.09,USD,MOCK_FEED
POS00400620250817,PORT004,INS0016,2025-08-17,4681,46.196,216243.48,-1274.43,GBP,MOCK_FEED
POS00400720250817,PORT004,INS0017,2025-08-17,2615,121.6901,318219.61,-3191.66,USD,MOCK_FEED
POS00400820250817,PORT004,INS0018,2025-08-17,3203,44.1084,141279.21,3888.29,USD,MOCK_FEED
POS00400920250817,PORT004,INS0019,2025-08-17,2462,18.5176,45590.33,1616.35,GBP,MOCK_FEED
POS00401020250817,PORT004,INS0020,2025-08-17,923,10.4017,9600.77,-2.4,INR,MOCK_FEED
POS00400120250818,PORT004,INS0011,2025-08-18,1081,23.1054,24976.94,-303.79,INR,MOCK_FEED
POS00400220250818,PORT004,INS0012,2025-08-18,3853,9.9969,38518.06,-513.53,GBP,MOCK_FEED
POS00400320250818,PORT004,INS0013,2025-08-18,1007,36.5658,36821.76,-426.26,INR,MOCK_FEED
POS00400420250818,PORT004,INS0014,2025-08-18,880,12.3953,10907.86,-295.37,GBP,MOCK_FEED
POS00400520250818,PORT004,INS0015,2025-08-18,880,24.6391,21682.41,834.04,EUR,MOCK_FEED
POS00400620250818,PORT004,INS0016,2025-08-18,3450,45.1433,155744.39,-2437.3,EUR,MOCK_FEED
POS00400720250818,PORT004,INS0017,2025-08-18,4729,122.346,578574.23,7593.86,GBP,MOCK_FEED
POS00400820250818,PORT004,INS0018,2025-08-18,158,44.5429,7037.78,248.85,USD,MOCK_FEED
POS00400920250818,PORT004,INS0019,2025-08-18,1663,18.5841,30905.36,-210.76,GBP,MOCK_FEED
POS00401020250818,PORT004,INS0020,2025-08-18,2890,10.4574,30221.89,719.86,EUR,MOCK_FEED
POS00400120250819,PORT004,INS0011,2025-08-19,1388,22.9783,31893.88,1228.45,GBP,MOCK_FEED
POS00400220250819,PORT004,INS0012,2025-08-19,1962,10.0733,19763.81,526.29,EUR,MOCK_FEED
POS00400320250819,PORT004,INS0013,2025-08-19,3100,36.3045,112543.95,-69.34,USD,MOCK_FEED
POS00400420250819,PORT004,INS0014,2025-08-19,464,12.3324,5722.23,-87.03,GBP,MOCK_FEED
POS00400520250819,PORT004,INS0015,2025-08-19,3804,25.3295,96353.42,2.72,GBP,MOCK_FEED
POS00400620250819,PORT004,INS0016,2025-08-19,4552,45.3882,206607.09,25.24,GBP,MOCK_FEED
POS00400720250819,PORT004,INS0017,2025-08-19,4760,125.1886,595897.74,22708.03,USD,MOCK_FEED
POS00400820250819,PORT004,INS0018,2025-08-19,1511,44.1362,66689.8,-400.26,EUR,MOCK_FEED
POS00400920250819,PORT004,INS0019,2025-08-19,1693,18.7108,31677.38,-188.89,GBP,MOCK_FEED
POS00401020250819,PORT004,INS0020,2025-08-19,1234,10.4692,12918.99,300.18,INR,MOCK_FEED
POS00400120250820,PORT004,INS0011,2025-08-20,3875,23.402,90682.75,-1579.63,INR,MOCK_FEED
POS00400220250820,PORT004,INS0012,2025-08-20,3751,10.023,37596.27,-924.46,USD,MOCK_FEED
POS00400320250820,PORT004,INS0013,2025-08-20,1239,36.3162,44995.77,1303.44,USD,MOCK_FEED
POS00400420250820,PORT004,INS0014,2025-08-20,3032,12.4708,37811.47,1234.12,USD,MOCK_FEED
POS00400520250820,PORT004,INS0015,2025-08-20,768,24.912,19132.42,207.07,USD,MOCK_FEED
POS00400620250820,PORT004,INS0016,2025-08-20,2672,45.432,121394.3,2981.19,USD,MOCK_FEED
POS00400720250820,PORT004,INS0017,2025-08-20,1808,127.5341,230581.65,-5425.64,EUR,MOCK_FEED
POS00400820250820,PORT004,INS0018,2025-08-20,794,44.5691,35387.87,279.35,GBP,MOCK_FEED
POS00400920250820,PORT004,INS0019,2025-08-20,2472,18.5244,45792.32,-736.14,INR,MOCK_FEED
POS00401020250820,PORT004,INS0020,2025-08-20,4901,10.288,50421.49,417.57,INR,MOCK_FEED
POS00400120250821,PORT004,INS0011,2025-08-21,1957,23.3589,45713.37,1462.6,INR,MOCK_FEED
POS00400220250821,PORT004,INS0012,2025-08-21,1386,10.2976,14272.47,190.33,INR,MOCK_FEED
POS00400320250821,PORT004,INS0013,2025-08-21,3261,36.2656,118262.12,-2058.11,INR,MOCK_FEED
POS00400420250821,PORT004,INS0014,2025-08-21,3912,12.5054,48921.12,1813.86,USD,MOCK_FEED
POS00400520250821,PORT004,INS0015,2025-08-21,2309,25.6487,59222.85,-975.15,INR,MOCK_FEED
POS00400620250821,PORT004,INS0016,2025-08-21,3839,45.2213,173604.57,5103.29,EUR,MOCK_FEED
POS00400720250821,PORT004,INS0017,2025-08-21,146,130.4638,19047.71,148.7,USD,MOCK_FEED
POS00400820250821,PORT004,INS0018,2025-08-21,214,45.1413,9660.24,-248.64,GBP,MOCK_FEED
POS00400920250821,PORT004,INS0019,2025-08-21,353,18.7015,6601.63,-75.65,INR,MOCK_FEED
POS00401020250821,PORT004,INS0020,2025-08-21,4435,10.2873,45624.18,763.4,INR,MOCK_FEED
POS00400120250822,PORT004,INS0011,2025-08-22,4142,24.0872,99769.18,-500.62,EUR,MOCK_FEED
POS00400220250822,PORT004,INS0012,2025-08-22,4986,10.2811,51261.56,-396.99,INR,MOCK_FEED
POS00400320250822,PORT004,INS0013,2025-08-22,3052,36.3576,110963.4,3522.53,USD,MOCK_FEED
POS00400420250822,PORT004,INS0014,2025-08-22,1676,12.3152,20640.28,542.38,USD,MOCK_FEED
POS00400520250822,PORT004,INS0015,2025-08-22,3418,26.0655,89091.88,488.97,EUR,MOCK_FEED
POS00400620250822,PORT004,INS0016,2025-08-22,710,44.3144,31463.22,840.56,EUR,MOCK_FEED
POS00400720250822,PORT004,INS0017,2025-08-22,3356,130.8548,439148.71,-11321.25,USD,MOCK_FEED
POS00400820250822,PORT004,INS0018,2025-08-22,3503,46.1742,161748.22,2131.99,INR,MOCK_FEED
POS00400920250822,PORT004,INS0019,2025-08-22,1386,19.0713,26432.82,742.42,GBP,MOCK_FEED
POS00401020250822,PORT004,INS0020,2025-08-22,1598,10.1731,16256.61,471.03,USD,MOCK_FEED
POS00400120250823,PORT004,INS0011,2025-08-23,1987,23.3201,46337.04,-634.3,GBP,MOCK_FEED
POS00400220250823,PORT004,INS0012,2025-08-23,2767,10.3328,28590.86,-249.72,GBP,MOCK_FEED
POS00400320250823,PORT004,INS0013,2025-08-23,4292,37.107,159263.24,-1285.13,USD,MOCK_FEED
POS00400420250823,PORT004,INS0014,2025-08-23,3102,12.3368,38268.75,-497.88,USD,MOCK_FEED
POS00400520250823,PORT004,INS0015,2025-08-23,892,25.5561,22796.04,-496.26,USD,MOCK_FEED
POS00400620250823,PORT004,INS0016,2025-08-23,1268,44.7991,56805.26,-1484.82,GBP,MOCK_FEED
POS00400720250823,PORT004,INS0017,2025-08-23,492,133.8495,65853.95,1169.37,USD,MOCK_FEED
POS00400820250823,PORT004,INS0018,2025-08-23,388,46.9748,18226.22,-45.23,USD,MOCK_FEED
POS00400920250823,PORT004,INS0019,2025-08-23,1299,18.8739,24517.2,-139.36,USD,MOCK_FEED
POS00401020250823,PORT004,INS0020,2025-08-23,4965,10.2583,50932.46,-544.96,GBP,MOCK_FEED
POS00400120250824,PORT004,INS0011,2025-08-24,3680,23.3494,85925.79,-571.67,EUR,MOCK_FEED
POS00400220250824,PORT004,INS0012,2025-08-24,3004,10.3381,31055.65,846.95,GBP,MOCK_FEED
POS00400320250824,PORT004,INS0013,2025-08-24,499,36.7052,18315.89,-532.58,EUR,MOCK_FEED
POS00400420250824,PORT004,INS0014,2025-08-24,4217,12.2922,51836.21,-1113.66,EUR,MOCK_FEED
POS00400520250824,PORT004,INS0015,2025-08-24,3302,25.7014,84866.02,-1732.5,GBP,MOCK_FEED
POS00400620250824,PORT004,INS0016,2025-08-24,131,45.9751,6022.74,82.61,INR,MOCK_FEED
POS00400720250824,PORT004,INS0017,2025-08-24,4023,133.9674,538950.85,-2282.34,USD,MOCK_FEED
POS00400820250824,PORT004,INS0018,2025-08-24,2072,47.2969,97999.18,169.85,USD,MOCK_FEED
POS00400920250824,PORT004,INS0019,2025-08-24,3042,19.0725,58018.55,536.17,INR,MOCK_FEED
POS00401020250824,PORT004,INS0020,2025-08-24,4309,10.3273,44500.34,213.37,INR,MOCK_FEED
POS00400120250825,PORT004,INS0011,2025-08-25,3419,22.7882,77912.86,2931.07,INR,MOCK_FEED
POS00400220250825,PORT004,INS0012,2025-08-25,4951,10.2812,50902.22,1418.5,INR,MOCK_FEED
POS00400320250825,PORT004,INS0013,2025-08-25,3786,36.6322,138689.51,-2558.82,INR,MOCK_FEED
POS00400420250825,PORT004,INS0014,2025-08-25,1575,12.2073,19226.5,54.61,EUR,MOCK_FEED
POS00400520250825,PORT004,INS0015,2025-08-25,2549,25.762,65667.34,1049.68,EUR,MOCK_FEED
POS00400620250825,PORT004,INS0016,2025-08-25,1411,46.2483,65256.35,-1322.56,GBP,MOCK_FEED
POS00400720250825,PORT004,INS0017,2025-08-25,3127,132.7231,415025.13,9084.94,GBP,MOCK_FEED
POS00400820250825,PORT004,INS0018,2025-08-25,2909,47.6085,138493.13,-812.83,INR,MOCK_FEED
POS00400920250825,PORT004,INS0019,2025-08-25,1525,19.0785,29094.71,-574.32,GBP,MOCK_FEED
POS00401020250825,PORT004,INS0020,2025-08-25,911,10.2876,9372.0,44.22,INR,MOCK_FEED
POS00400120250826,PORT004,INS0011,2025-08-26,1526,22.479,34302.95,-528.78,USD,MOCK_FEED
POS00400220250826,PORT004,INS0012,2025-08-26,3831,10.1973,39065.86,-907.23,GBP,MOCK_FEED
POS00400320250826,PORT004,INS0013,2025-08-26,4418,36.323,160475.01,3412.21,GBP,MOCK_FEED
POS00400420250826,PORT004,INS0014,2025-08-26,3611,12.4876,45092.72,182.09,INR,MOCK_FEED
POS00400520250826,PORT004,INS0015,2025-08-26,3093,25.7863,79757.03,1420.4,EUR,MOCK_FEED
POS00400620250826,PORT004,INS0016,2025-08-26,2538,46.5512,118146.95,2043.19,EUR,MOCK_FEED
POS00400720250826,PORT004,INS0017,2025-08-26,3479,132.1203,459646.52,6858.45,USD,MOCK_FEED
POS00400820250826,PORT004,INS0018,2025-08-26,2151,46.5965,100229.07,725.96,GBP,MOCK_FEED
POS00400920250826,PORT004,INS0019,2025-08-26,3359,19.0148,63870.71,625.17,GBP,MOCK_FEED
POS00401020250826,PORT004,INS0020,2025-08-26,1607,10.3618,16651.41,-5.51,USD,MOCK_FEED
POS00400120250827,PORT004,INS0011,2025-08-27,2421,22.1571,53642.34,-1112.3,EUR,MOCK_FEED
POS00400220250827,PORT004,INS0012,2025-08-27,1394,10.2828,14334.22,-359.9,INR,MOCK_FEED
POS00400320250827,PORT004,INS0013,2025-08-27,4839,36.7254,177714.21,1525.14,EUR,MOCK_FEED
POS00400420250827,PORT004,INS0014,2025-08-27,4414,12.3928,54701.82,2059.36,GBP,MOCK_FEED
POS00400520250827,PORT004,INS0015,2025-08-27,4533,26.3346,119374.74,284.09,INR,MOCK_FEED
POS00400620250827,PORT004,INS0016,2025-08-27,4523,46.7647,211516.74,3384.63,INR,MOCK_FEED
POS00400720250827,PORT004,INS0017,2025-08-27,2699,131.9509,356135.48,13623.43,USD,MOCK_FEED
POS00400820250827,PORT004,INS0018,2025-08-27,4897,46.5179,227798.16,1465.23,EUR,MOCK_FEED
POS00400920250827,PORT004,INS0019,2025-08-27,580,19.137,11099.46,200.74,INR,MOCK_FEED
POS00401020250827,PORT004,INS0020,2025-08-27,724,10.3953,7526.2,-91.81,INR,MOCK_FEED
POS00400120250828,PORT004,INS0011,2025-08-28,322,21.7639,7007.98,-148.5,GBP,MOCK_FEED
POS00400220250828,PORT004,INS0012,2025-08-28,2068,10.0753,20835.72,609.66,INR,MOCK_FEED
POS00400320250828,PORT004,INS0013,2025-08-28,3125,36.2772,113366.25,-2527.01,GBP,MOCK_FEED
POS00400420250828,PORT004,INS0014,2025-08-28,4514,12.3021,55531.68,-323.08,USD,MOCK_FEED
POS00400520250828,PORT004,INS0015,2025-08-28,3005,26.284,78983.42,-1386.68,EUR,MOCK_FEED
POS00400620250828,PORT004,INS0016,2025-08-28,2154,47.0026,101243.6,-1644.69,INR,MOCK_FEED
POS00400720250828,PORT004,INS0017,2025-08-28,4674,133.8287,625515.34,-18139.19,USD,MOCK_FEED
POS00400820250828,PORT004,INS0018,2025-08-28,444,46.556,20670.86,335.08,GBP,MOCK_FEED
POS00400920250828,PORT004,INS0019,2025-08-28,2331,19.2297,44824.43,-195.61,USD,MOCK_FEED
POS00401020250828,PORT004,INS0020,2025-08-28,1708,10.2739,17547.82,-487.35,INR,MOCK_FEED
POS00400120250829,PORT004,INS0011,2025-08-29,3815,21.5777,82318.93,1149.56,GBP,MOCK_FEED
POS00400220250829,PORT004,INS0012,2025-08-29,4683,10.0217,46931.62,1393.88,INR,MOCK_FEED
POS00400320250829,PORT004,INS0013,2025-08-29,4278,36.3947,155696.53,-2537.11,GBP,MOCK_FEED
POS00400420250829,PORT004,INS0014,2025-08-29,1146,12.3138,14111.61,-384.12,USD,MOCK_FEED
POS00400520250829,PORT004,INS0015,2025-08-29,3005,26.1373,78542.59,1420.82,USD,MOCK_FEED
POS00400620250829,PORT004,INS0016,2025-08-29,1755,46.6812,81925.51,1950.64,USD,MOCK_FEED
POS00400720250829,PORT004,INS0017,2025-08-29,4781,132.6685,634288.1,-2835.75,INR,MOCK_FEED
POS00400820250829,PORT004,INS0018,2025-08-29,1598,46.8022,74789.92,639.92,EUR,MOCK_FEED
POS00400920250829,PORT004,INS0019,2025-08-29,3870,19.0254,73628.3,847.9,INR,MOCK_FEED
POS00401020250829,PORT004,INS0020,2025-08-29,4945,10.3274,51068.99,-12.16,INR,MOCK_FEED
POS00400120250830,PORT004,INS0011,2025-08-30,884,21.5051,19010.51,-429.78,EUR,MOCK_FEED
POS00400220250830,PORT004,INS0012,2025-08-30,3170,10.0156,31749.45,421.09,GBP,MOCK_FEED
POS00400320250830,PORT004,INS0013,2025-08-30,429,35.9573,15425.68,-101.03,EUR,MOCK_FEED
POS00400420250830,PORT004,INS0014,2025-08-30,4150,12.315,51107.25,-243.87,INR,MOCK_FEED
POS00400520250830,PORT004,INS0015,2025-08-30,1468,26.0587,38254.17,-337.4,GBP,MOCK_FEED
POS00400620250830,PORT004,INS0016,2025-08-30,1161,46.8073,54343.28,326.75,EUR,MOCK_FEED
POS00400720250830,PORT004,INS0017,2025-08-30,4187,131.5123,550642.0,-2703.34,EUR,MOCK_FEED
POS00400820250830,PORT004,INS0018,2025-08-30,3798,47.0352,178639.69,41.87,INR,MOCK_FEED
POS00400920250830,PORT004,INS0019,2025-08-30,2771,18.8872,52336.43,-335.13,EUR,MOCK_FEED
POS00401020250830,PORT004,INS0020,2025-08-30,507,10.3596,5252.32,-100.65,EUR,MOCK_FEED
POS00400120250831,PORT004,INS0011,2025-08-31,4718,21.3638,100794.41,-2345.82,EUR,MOCK_FEED
POS00400220250831,PORT004,INS0012,2025-08-31,2954,10.1665,30031.84,1141.7,GBP,MOCK_FEED
POS00400320250831,PORT004,INS0013,2025-08-31,2455,36.0352,88466.42,2743.16,EUR,MOCK_FEED
POS00400420250831,PORT004,INS0014,2025-08-31,4681,12.0532,56421.03,346.01,USD,MOCK_FEED
POS00400520250831,PORT004,INS0015,2025-08-31,3928,25.846,101523.09,1250.59,USD,MOCK_FEED
POS00400620250831,PORT004,INS0016,2025-08-31,909,46.2811,42069.52,1024.24,USD,MOCK_FEED
POS00400720250831,PORT004,INS0017,2025-08-31,3380,130.9789,442708.68,12063.4,USD,MOCK_FEED
POS00400820250831,PORT004,INS0018,2025-08-31,3524,47.0788,165905.69,2386.48,INR,MOCK_FEED
POS00400920250831,PORT004,INS0019,2025-08-31,2884,18.8207,54278.9,-381.23,USD,MOCK_FEED
POS00401020250831,PORT004,INS0020,2025-08-31,1135,10.351,11748.39,-143.68,GBP,MOCK_FEED
POS00400120250901,PORT004,INS0011,2025-09-01,4300,21.8596,93996.28,735.36,EUR,MOCK_FEED
POS00400220250901,PORT004,INS0012,2025-09-01,2512,10.2887,25845.21,-421.24,INR,MOCK_FEED
POS00400320250901,PORT004,INS0013,2025-09-01,4699,36.5431,171716.03,-1132.86,GBP,MOCK_FEED
POS00400420250901,PORT004,INS0014,2025-09-01,875,11.8384,10358.6,5.67,GBP,MOCK_FEED
POS00400520250901,PORT004,INS0015,2025-09-01,4506,26.1729,117935.09,3777.84,INR,MOCK_FEED
POS00400620250901,PORT004,INS0016,2025-09-01,4192,46.9336,196745.65,5044.8,USD,MOCK_FEED
POS00400720250901,PORT004,INS0017,2025-09-01,3911,131.1137,512785.68,10186.96,GBP,MOCK_FEED
POS00400820250901,PORT004,INS0018,2025-09-01,3622,46.83,169618.26,-205.13,GBP,MOCK_FEED
POS00400920250901,PORT004,INS0019,2025-09-01,927,18.737,17369.2,380.05,USD,MOCK_FEED
POS00401020250901,PORT004,INS0020,2025-09-01,527,10.4433,5503.62,178.49,INR,MOCK_FEED
POS00400120250902,PORT004,INS0011,2025-09-02,1555,21.9279,34097.88,1102.02,GBP,MOCK_FEED
POS00400220250902,PORT004,INS0012,2025-09-02,2188,10.3923,22738.35,390.86,EUR,MOCK_FEED
POS00400320250902,PORT004,INS0013,2025-09-02,4805,36.1626,173761.29,-481.52,INR,MOCK_FEED
POS00400420250902,PORT004,INS0014,2025-09-02,3765,12.0763,45467.27,139.1,GBP,MOCK_FEED
POS00400520250902,PORT004,INS0015,2025-09-02,2245,26.127,58655.11,758.54,USD,MOCK_FEED
POS00400620250902,PORT004,INS0016,2025-09-02,3315,47.7774,158382.08,3954.62,USD,MOCK_FEED
POS00400720250902,PORT004,INS0017,2025-09-02,253,135.9901,34405.5,1355.63,INR,MOCK_FEED
POS00400820250902,PORT004,INS0018,2025-09-02,2518,46.6264,117405.28,1717.34,GBP,MOCK_FEED
POS00400920250902,PORT004,INS0019,2025-09-02,4626,19.2282,88949.65,2028.38,USD,MOCK_FEED
POS00401020250902,PORT004,INS0020,2025-09-02,3756,10.4507,39252.83,872.74,GBP,MOCK_FEED
POS00400120250903,PORT004,INS0011,2025-09-03,1886,22.0222,41533.87,-1218.69,EUR,MOCK_FEED
POS00400220250903,PORT004,INS0012,2025-09-03,2858,10.3919,29700.05,-534.97,USD,MOCK_FEED
POS00400320250903,PORT004,INS0013,2025-09-03,3991,35.7137,142533.38,-1255.64,EUR,MOCK_FEED
POS00400420250903,PORT004,INS0014,2025-09-03,1984,12.0191,23845.89,-688.21,GBP,MOCK_FEED
POS00400520250903,PORT004,INS0015,2025-09-03,1521,26.2555,39934.62,220.33,INR,MOCK_FEED
POS00400620250903,PORT004,INS0016,2025-09-03,2787,47.7708,133137.22,149.71,EUR,MOCK_FEED
POS00400720250903,PORT004,INS0017,2025-09-03,4700,139.5877,656062.19,1766.4,GBP,MOCK_FEED
POS00400820250903,PORT004,INS0018,2025-09-03,1357,47.098,63911.99,1791.21,INR,MOCK_FEED
POS00400920250903,PORT004,INS0019,2025-09-03,3570,19.0763,68102.39,-1094.69,INR,MOCK_FEED
POS00401020250903,PORT004,INS0020,2025-09-03,2298,10.2323,23513.83,-60.21,USD,MOCK_FEED
POS00400120250904,PORT004,INS0011,2025-09-04,1541,21.9131,33768.09,1081.62,GBP,MOCK_FEED
POS00400220250904,PORT004,INS0012,2025-09-04,2720,10.4829,28513.49,69.28,EUR,MOCK_FEED
POS00400320250904,PORT004,INS0013,2025-09-04,2215,36.2182,80223.31,-1018.39,GBP,MOCK_FEED
POS00400420250904,PORT004,INS0014,2025-09-04,465,11.6856,5433.8,150.45,INR,MOCK_FEED
POS00400520250904,PORT004,INS0015,2025-09-04,1986,25.8986,51434.62,932.74,GBP,MOCK_FEED
POS00400620250904,PORT004,INS0016,2025-09-04,3210,48.9089,156997.57,665.03,USD,MOCK_FEED
POS00400720250904,PORT004,INS0017,2025-09-04,2611,139.4948,364220.92,8110.32,USD,MOCK_FEED
POS00400820250904,PORT004,INS0018,2025-09-04,2164,47.6235,103057.25,-783.25,USD,MOCK_FEED
POS00400920250904,PORT004,INS0019,2025-09-04,3577,18.8856,67553.79,2618.23,EUR,MOCK_FEED
POS00401020250904,PORT004,INS0020,2025-09-04,2755,10.1735,28027.99,-814.39,INR,MOCK_FEED
POS00400120250905,PORT004,INS0011,2025-09-05,244,22.3335,5449.37,-113.76,GBP,MOCK_FEED
POS00400220250905,PORT004,INS0012,2025-09-05,4360,10.4403,45519.71,1643.71,EUR,MOCK_FEED
POS00400320250905,PORT004,INS0013,2025-09-05,2795,36.1405,101012.7,-2892.29,GBP,MOCK_FEED
POS00400420250905,PORT004,INS0014,2025-09-05,2962,11.801,34954.56,-285.57,EUR,MOCK_FEED
POS00400520250905,PORT004,INS0015,2025-09-05,1763,26.064,45950.83,1714.47,EUR,MOCK_FEED
POS00400620250905,PORT004,INS0016,2025-09-05,2209,49.6886,109762.12,1113.58,INR,MOCK_FEED
POS00400720250905,PORT004,INS0017,2025-09-05,3858,141.4738,545805.92,-6764.89,USD,MOCK_FEED
POS00400820250905,PORT004,INS0018,2025-09-05,3094,48.84,151110.96,-1081.48,EUR,MOCK_FEED
POS00400920250905,PORT004,INS0019,2025-09-05,4845,19.2905,93462.47,3545.16,GBP,MOCK_FEED
POS00401020250905,PORT004,INS0020,2025-09-05,552,10.1897,5624.71,-49.61,EUR,MOCK_FEED
POS00400120250906,PORT004,INS0011,2025-09-06,3213,22.5872,72572.67,2472.72,EUR,MOCK_FEED
POS00400220250906,PORT004,INS0012,2025-09-06,3483,10.6593,37126.34,1317.36,USD,MOCK_FEED
POS00400320250906,PORT004,INS0013,2025-09-06,3181,35.4966,112914.68,4409.59,GBP,MOCK_FEED
POS00400420250906,PORT004,INS0014,2025-09-06,4972,11.8912,59123.05,2196.09,GBP,MOCK_FEED
POS00400520250906,PORT004,INS0015,2025-09-06,3927,25.9401,101866.77,3279.44,USD,MOCK_FEED
POS00400620250906,PORT004,INS0016,2025-09-06,4270,49.564,211638.28,3949.73,GBP,MOCK_FEED
POS00400720250906,PORT004,INS0017,2025-09-06,3404,140.3743,477834.12,10087.99,EUR,MOCK_FEED
POS00400820250906,PORT004,INS0018,2025-09-06,4531,49.0055,222043.92,2854.81,EUR,MOCK_FEED
POS00400920250906,PORT004,INS0019,2025-09-06,1641,19.0854,31319.14,882.18,INR,MOCK_FEED
POS00401020250906,PORT004,INS0020,2025-09-06,4401,10.3604,45596.12,284.89,GBP,MOCK_FEED
POS00400120250907,PORT004,INS0011,2025-09-07,372,22.6185,8414.08,-227.12,GBP,MOCK_FEED
POS00400220250907,PORT004,INS0012,2025-09-07,526,10.5843,5567.34,-160.16,USD,MOCK_FEED
POS00400320250907,PORT004,INS0013,2025-09-07,225,34.8542,7842.19,23.54,INR,MOCK_FEED
POS00400420250907,PORT004,INS0014,2025-09-07,3095,11.6102,35933.57,745.54,EUR,MOCK_FEED
POS00400520250907,PORT004,INS0015,2025-09-07,3149,25.8996,81557.84,-442.36,EUR,MOCK_FEED
POS00400620250907,PORT004,INS0016,2025-09-07,4486,49.6494,222727.21,7557.73,EUR,MOCK_FEED
POS00400720250907,PORT004,INS0017,2025-09-07,2437,140.2038,341676.66,-6021.53,INR,MOCK_FEED
POS00400820250907,PORT004,INS0018,2025-09-07,3938,48.7697,192055.08,-1247.84,EUR,MOCK_FEED
POS00400920250907,PORT004,INS0019,2025-09-07,4919,19.0398,93656.78,1274.21,GBP,MOCK_FEED
POS00401020250907,PORT004,INS0020,2025-09-07,891,10.3689,9238.69,123.77,EUR,MOCK_FEED
POS00400120250908,PORT004,INS0011,2025-09-08,2747,22.2387,61089.71,-558.66,GBP,MOCK_FEED
POS00400220250908,PORT004,INS0012,2025-09-08,1151,10.5022,12088.03,-339.4,USD,MOCK_FEED
POS00400320250908,PORT004,INS0013,2025-09-08,343,34.9109,11974.44,94.4,EUR,MOCK_FEED
POS00400420250908,PORT004,INS0014,2025-09-08,2230,11.8023,26319.13,-349.8,EUR,MOCK_FEED
POS00400520250908,PORT004,INS0015,2025-09-08,3938,26.1492,102975.55,-1364.44,EUR,MOCK_FEED
POS00400620250908,PORT004,INS0016,2025-09-08,4599,48.897,224877.3,-3375.36,EUR,MOCK_FEED
POS00400720250908,PORT004,INS0017,2025-09-08,2321,139.9334,324785.42,3594.36,INR,MOCK_FEED
POS00400820250908,PORT004,INS0018,2025-09-08,644,48.857,31463.91,-95.47,USD,MOCK_FEED
POS00400920250908,PORT004,INS0019,2025-09-08,3525,18.8045,66285.86,-1808.43,USD,MOCK_FEED
POS00401020250908,PORT004,INS0020,2025-09-08,4726,10.3989,49145.2,874.38,GBP,MOCK_FEED
POS00400120250909,PORT004,INS0011,2025-09-09,2545,22.7283,57843.52,-101.74,EUR,MOCK_FEED
POS00400220250909,PORT004,INS0012,2025-09-09,3264,10.5356,34388.2,165.7,EUR,MOCK_FEED
POS00400320250909,PORT004,INS0013,2025-09-09,3346,34.7469,116263.13,-968.07,GBP,MOCK_FEED
POS00400420250909,PORT004,INS0014,2025-09-09,1138,11.9265,13572.36,-159.13,GBP,MOCK_FEED
POS00400520250909,PORT004,INS0015,2025-09-09,3084,26.1196,80552.85,-1367.7,USD,MOCK_FEED
POS00400620250909,PORT004,INS0016,2025-09-09,3894,48.7653,189892.08,-2224.28,USD,MOCK_FEED
POS00400720250909,PORT004,INS0017,2025-09-09,2591,136.6196,353981.38,4568.83,USD,MOCK_FEED
POS00400820250909,PORT004,INS0018,2025-09-09,4169,48.507,202225.68,5559.27,USD,MOCK_FEED
POS00400920250909,PORT004,INS0019,2025-09-09,4980,18.7643,93446.21,1768.83,INR,MOCK_FEED
POS00401020250909,PORT004,INS0020,2025-09-09,2166,10.3304,22375.65,-366.62,GBP,MOCK_FEED
POS00400120250910,PORT004,INS0011,2025-09-10,393,22.4105,8807.33,43.36,GBP,MOCK_FEED
POS00400220250910,PORT004,INS0012,2025-09-10,3816,10.434,39816.14,479.06,USD,MOCK_FEED
POS00400320250910,PORT004,INS0013,2025-09-10,3326,34.593,115056.32,2800.09,GBP,MOCK_FEED
POS00400420250910,PORT004,INS0014,2025-09-10,796,11.8892,9463.8,74.9,EUR,MOCK_FEED
POS00400520250910,PORT004,INS0015,2025-09-10,2045,25.4806,52107.83,-999.33,USD,MOCK_FEED
POS00400620250910,PORT004,INS0016,2025-09-10,4101,48.1144,197317.15,1949.47,USD,MOCK_FEED
POS00400720250910,PORT004,INS0017,2025-09-10,453,135.3023,61291.94,1403.84,USD,MOCK_FEED
POS00400820250910,PORT004,INS0018,2025-09-10,1173,48.8382,57287.21,-420.83,EUR,MOCK_FEED
POS00400920250910,PORT004,INS0019,2025-09-10,3871,18.3664,71096.33,2071.01,GBP,MOCK_FEED
POS00401020250910,PORT004,INS0020,2025-09-10,1162,10.4478,12140.34,77.44,INR,MOCK_FEED
POS00400120250911,PORT004,INS0011,2025-09-11,1407,22.2656,31327.7,-874.27,USD,MOCK_FEED
POS00400220250911,PORT004,INS0012,2025-09-11,1931,10.2646,19820.94,-251.48,INR,MOCK_FEED
POS00400320250911,PORT004,INS0013,2025-09-11,4952,34.3155,169930.36,5537.12,INR,MOCK_FEED
POS00400420250911,PORT004,INS0014,2025-09-11,3719,12.0244,44718.74,-621.88,GBP,MOCK_FEED
POS00400520250911,PORT004,INS0015,2025-09-11,439,25.4577,11175.93,310.18,USD,MOCK_FEED
POS00400620250911,PORT004,INS0016,2025-09-11,335,47.9549,16064.89,60.22,INR,MOCK_FEED
POS00400720250911,PORT004,INS0017,2025-09-11,3493,134.0781,468334.8,6335.41,USD,MOCK_FEED
POS00400820250911,PORT004,INS0018,2025-09-11,1617,48.4268,78306.14,2528.64,EUR,MOCK_FEED
POS00400920250911,PORT004,INS0019,2025-09-11,2135,18.3764,39233.61,-396.63,USD,MOCK_FEED
POS00401020250911,PORT004,INS0020,2025-09-11,741,10.3067,7637.26,-226.82,USD,MOCK_FEED
POS00400120250912,PORT004,INS0011,2025-09-12,1746,22.4841,39257.24,860.28,EUR,MOCK_FEED
POS00400220250912,PORT004,INS0012,2025-09-12,4663,10.3513,48268.11,-435.05,EUR,MOCK_FEED
POS00400320250912,PORT004,INS0013,2025-09-12,4192,34.9125,146353.2,5819.16,USD,MOCK_FEED
POS00400420250912,PORT004,INS0014,2025-09-12,1578,12.2182,19280.32,-7.4,USD,MOCK_FEED
POS00400520250912,PORT004,INS0015,2025-09-12,1681,25.7187,43233.13,1442.59,GBP,MOCK_FEED
POS00400620250912,PORT004,INS0016,2025-09-12,1223,48.0127,58719.53,-1640.41,USD,MOCK_FEED
POS00400720250912,PORT004,INS0017,2025-09-12,469,133.1776,62460.29,310.39,GBP,MOCK_FEED
POS00400820250912,PORT004,INS0018,2025-09-12,3888,47.2292,183627.13,3217.58,EUR,MOCK_FEED
POS00400920250912,PORT004,INS0019,2025-09-12,2150,18.4402,39646.43,-650.63,USD,MOCK_FEED
POS00401020250912,PORT004,INS0020,2025-09-12,3993,10.4164,41592.69,327.54,EUR,MOCK_FEED
POS00400120250913,PORT004,INS0011,2025-09-13,2804,22.7005,63652.2,-1792.22,EUR,MOCK_FEED
POS00400220250913,PORT004,INS0012,2025-09-13,4966,10.3225,51261.53,264.0,USD,MOCK_FEED
POS00400320250913,PORT004,INS0013,2025-09-13,650,34.1573,22202.24,-290.61,GBP,MOCK_FEED
POS00400420250913,PORT004,INS0014,2025-09-13,1255,12.0202,15085.35,-204.62,GBP,MOCK_FEED
POS00400520250913,PORT004,INS0015,2025-09-13,4265,26.0351,111039.7,-2082.98,INR,MOCK_FEED
POS00400620250913,PORT004,INS0016,2025-09-13,3499,47.9365,167729.81,6109.03,INR,MOCK_FEED
POS00400720250913,PORT004,INS0017,2025-09-13,1397,132.4893,185087.55,-5094.18,INR,MOCK_FEED
POS00400820250913,PORT004,INS0018,2025-09-13,4606,47.3304,218003.82,1504.04,GBP,MOCK_FEED
POS00400920250913,PORT004,INS0019,2025-09-13,2519,18.2534,45980.31,933.67,USD,MOCK_FEED
POS00401020250913,PORT004,INS0020,2025-09-13,3387,10.5502,35733.53,392.36,USD,MOCK_FEED
POS00400120250914,PORT004,INS0011,2025-09-14,917,22.5398,20669.0,219.9,EUR,MOCK_FEED
POS00400220250914,PORT004,INS0012,2025-09-14,1810,10.3314,18699.83,564.62,INR,MOCK_FEED
POS00400320250914,PORT004,INS0013,2025-09-14,1488,33.1662,49351.31,1707.36,INR,MOCK_FEED
POS00400420250914,PORT004,INS0014,2025-09-14,514,11.9336,6133.87,10.7,GBP,MOCK_FEED
POS00400520250914,PORT004,INS0015,2025-09-14,817,26.2096,21413.24,-478.22,GBP,MOCK_FEED
POS00400620250914,PORT004,INS0016,2025-09-14,1429,47.5268,67915.8,693.94,GBP,MOCK_FEED
POS00400720250914,PORT004,INS0017,2025-09-14,1494,131.5749,196572.9,1864.01,GBP,MOCK_FEED
POS00400820250914,PORT004,INS0018,2025-09-14,3779,47.5253,179598.11,-1644.32,INR,MOCK_FEED
POS00400920250914,PORT004,INS0019,2025-09-14,769,18.1827,13982.5,-328.5,INR,MOCK_FEED
POS00401020250914,PORT004,INS0020,2025-09-14,2443,10.6158,25934.4,-640.08,EUR,MOCK_FEED
POS00400120250915,PORT004,INS0011,2025-09-15,4656,22.7173,105771.75,2291.73,GBP,MOCK_FEED
POS00400220250915,PORT004,INS0012,2025-09-15,3759,10.3071,38744.39,1049.15,EUR,MOCK_FEED
POS00400320250915,PORT004,INS0013,2025-09-15,665,32.9485,21910.75,-260.9,EUR,MOCK_FEED
POS00400420250915,PORT004,INS0014,2025-09-15,1518,12.0191,18244.99,382.04,EUR,MOCK_FEED
POS00400520250915,PORT004,INS0015,2025-09-15,2727,26.1113,71205.52,-811.09,EUR,MOCK_FEED
POS00400620250915,PORT004,INS0016,2025-09-15,1254,48.3054,60574.97,377.64,USD,MOCK_FEED
POS00400720250915,PORT004,INS0017,2025-09-15,618,132.5666,81926.16,2852.93,INR,MOCK_FEED
POS00400820250915,PORT004,INS0018,2025-09-15,483,48.7588,23550.5,-539.21,EUR,MOCK_FEED
POS00400920250915,PORT004,INS0019,2025-09-15,3438,17.5188,60229.63,-546.78,EUR,MOCK_FEED
POS00401020250915,PORT004,INS0020,2025-09-15,3977,10.5394,41915.19,1232.01,INR,MOCK_FEED
POS00400120250916,PORT004,INS0011,2025-09-16,4609,22.7835,105009.15,-604.64,GBP,MOCK_FEED
POS00400220250916,PORT004,INS0012,2025-09-16,3587,10.1392,36369.31,1021.57,USD,MOCK_FEED
POS00400320250916,PORT004,INS0013,2025-09-16,4796,32.7548,157092.02,3233.24,INR,MOCK_FEED
POS00400420250916,PORT004,INS0014,2025-09-16,4132,11.9324,49304.68,1710.19,INR,MOCK_FEED
POS00400520250916,PORT004,INS0015,2025-09-16,1063,26.5127,28183.0,1020.41,GBP,MOCK_FEED
POS00400620250916,PORT004,INS0016,2025-09-16,1567,47.7932,74891.94,-740.59,USD,MOCK_FEED
POS00400720250916,PORT004,INS0017,2025-09-16,4128,130.8216,540031.56,-2135.04,GBP,MOCK_FEED
POS00400820250916,PORT004,INS0018,2025-09-16,2232,49.27,109970.64,-134.24,INR,MOCK_FEED
POS00400920250916,PORT004,INS0019,2025-09-16,1192,17.4902,20848.32,671.67,EUR,MOCK_FEED
POS00401020250916,PORT004,INS0020,2025-09-16,965,10.5083,10140.51,-234.67,GBP,MOCK_FEED
POS00400120250917,PORT004,INS0011,2025-09-17,2358,22.7829,53722.08,44.22,USD,MOCK_FEED
POS00400220250917,PORT004,INS0012,2025-09-17,2743,10.3473,28382.64,782.04,INR,MOCK_FEED
POS00400320250917,PORT004,INS0013,2025-09-17,2654,32.4308,86071.34,3012.45,EUR,MOCK_FEED
POS00400420250917,PORT004,INS0014,2025-09-17,541,12.3581,6685.73,-2.01,INR,MOCK_FEED
POS00400520250917,PORT004,INS0015,2025-09-17,368,26.8145,9867.74,215.84,EUR,MOCK_FEED
POS00400620250917,PORT004,INS0016,2025-09-17,1543,46.9434,72433.67,922.49,INR,MOCK_FEED
POS00400720250917,PORT004,INS0017,2025-09-17,567,128.9251,73100.53,-333.04,EUR,MOCK_FEED
POS00400820250917,PORT004,INS0018,2025-09-17,270,49.6732,13411.76,-401.14,GBP,MOCK_FEED
POS00400920250917,PORT004,INS0019,2025-09-17,828,17.5888,14563.53,401.07,USD,MOCK_FEED
POS00401020250917,PORT004,INS0020,2025-09-17,1126,10.4824,11803.18,459.98,USD,MOCK_FEED
POS00400120250918,PORT004,INS0011,2025-09-18,2705,23.2046,62768.44,-1550.15,INR,MOCK_FEED
POS00400220250918,PORT004,INS0012,2025-09-18,3639,10.1872,37071.22,649.18,INR,MOCK_FEED
POS00400320250918,PORT004,INS0013,2025-09-18,2187,32.062,70119.59,-1441.67,GBP,MOCK_FEED
POS00400420250918,PORT004,INS0014,2025-09-18,956,12.6343,12078.39,162.2,INR,MOCK_FEED
POS00400520250918,PORT004,INS0015,2025-09-18,976,27.3355,26679.45,-137.02,EUR,MOCK_FEED
POS00400620250918,PORT004,INS0016,2025-09-18,1629,46.9655,76506.8,2107.69,GBP,MOCK_FEED
POS00400720250918,PORT004,INS0017,2025-09-18,2608,131.3818,342643.73,-7430.25,EUR,MOCK_FEED
POS00400820250918,PORT004,INS0018,2025-09-18,2742,49.9001,136826.07,1241.61,GBP,MOCK_FEED
POS00400920250918,PORT004,INS0019,2025-09-18,3392,17.6928,60013.98,1240.52,INR,MOCK_FEED
POS00401020250918,PORT004,INS0020,2025-09-18,192,10.6087,2036.87,72.18,GBP,MOCK_FEED
POS00400120250919,PORT004,INS0011,2025-09-19,3963,22.8161,90420.2,428.39,INR,MOCK_FEED
POS00400220250919,PORT004,INS0012,2025-09-19,747,10.0447,7503.39,120.92,INR,MOCK_FEED
POS00400320250919,PORT004,INS0013,2025-09-19,542,31.6773,17169.1,-326.43,GBP,MOCK_FEED
POS00400420250919,PORT004,INS0014,2025-09-19,1219,12.571,15324.05,506.13,GBP,MOCK_FEED
POS00400520250919,PORT004,INS0015,2025-09-19,389,27.6939,10772.93,387.7,USD,MOCK_FEED
POS00400620250919,PORT004,INS0016,2025-09-19,1961,46.793,91761.07,1632.97,GBP,MOCK_FEED
POS00400720250919,PORT004,INS0017,2025-09-19,1839,130.1264,239302.45,3662.79,EUR,MOCK_FEED
POS00400820250919,PORT004,INS0018,2025-09-19,375,49.1452,18429.45,-3.38,EUR,MOCK_FEED
POS00400920250919,PORT004,INS0019,2025-09-19,2505,17.72,44388.6,-585.43,INR,MOCK_FEED
POS00401020250919,PORT004,INS0020,2025-09-19,1204,10.5092,12653.08,370.71,EUR,MOCK_FEED
POS00400120250920,PORT004,INS0011,2025-09-20,3011,23.0984,69549.28,-86.54,USD,MOCK_FEED
POS00400220250920,PORT004,INS0012,2025-09-20,4981,9.8126,48876.56,-19.16,INR,MOCK_FEED
POS00400320250920,PORT004,INS0013,2025-09-20,1753,31.3497,54956.02,704.19,GBP,MOCK_FEED
POS00400420250920,PORT004,INS0014,2025-09-20,3535,12.6323,44655.18,1709.42,EUR,MOCK_FEED
POS00400520250920,PORT004,INS0015,2025-09-20,1959,27.2588,53399.99,1559.65,EUR,MOCK_FEED
POS00400620250920,PORT004,INS0016,2025-09-20,2391,46.6672,111581.28,782.47,INR,MOCK_FEED
POS00400720250920,PORT004,INS0017,2025-09-20,2824,129.9322,366928.53,-4204.37,GBP,MOCK_FEED
POS00400820250920,PORT004,INS0018,2025-09-20,3206,49.1136,157458.2,-1499.03,USD,MOCK_FEED
POS00400920250920,PORT004,INS0019,2025-09-20,1054,17.7278,18685.1,314.39,INR,MOCK_FEED
POS00401020250920,PORT004,INS0020,2025-09-20,2630,10.5011,27617.89,959.17,INR,MOCK_FEED
POS00400120250921,PORT004,INS0011,2025-09-21,1588,23.1452,36754.58,-822.89,INR,MOCK_FEED
POS00400220250921,PORT004,INS0012,2025-09-21,4212,9.5815,40357.28,281.02,USD,MOCK_FEED
POS00400320250921,PORT004,INS0013,2025-09-21,4263,31.6801,135052.27,804.42,EUR,MOCK_FEED
POS00400420250921,PORT004,INS0014,2025-09-21,3969,12.4333,49347.77,632.1,INR,MOCK_FEED
POS00400520250921,PORT004,INS0015,2025-09-21,4194,26.5693,111431.64,-2684.49,USD,MOCK_FEED
POS00400620250921,PORT004,INS0016,2025-09-21,2581,46.3666,119672.19,-227.05,USD,MOCK_FEED
POS00400720250921,PORT004,INS0017,2025-09-21,842,129.7635,109260.87,-820.07,USD,MOCK_FEED
POS00400820250921,PORT004,INS0018,2025-09-21,2899,48.6099,140920.1,1923.67,INR,MOCK_FEED
POS00400920250921,PORT004,INS0019,2025-09-21,3687,17.4644,64391.24,-1637.62,EUR,MOCK_FEED
POS00401020250921,PORT004,INS0020,2025-09-21,2998,10.2101,30609.88,455.34,EUR,MOCK_FEED
POS00400120250922,PORT004,INS0011,2025-09-22,1025,23.4972,24084.63,-711.19,EUR,MOCK_FEED
POS00400220250922,PORT004,INS0012,2025-09-22,206,9.5271,1962.58,-30.22,GBP,MOCK_FEED
POS00400320250922,PORT004,INS0013,2025-09-22,2257,31.8701,71930.82,-1805.71,EUR,MOCK_FEED
POS00400420250922,PORT004,INS0014,2025-09-22,1286,12.3382,15866.93,405.41,EUR,MOCK_FEED
POS00400520250922,PORT004,INS0015,2025-09-22,808,26.5556,21456.92,645.58,EUR,MOCK_FEED
POS00400620250922,PORT004,INS0016,2025-09-22,3207,46.9259,150491.36,1384.86,GBP,MOCK_FEED
POS00400720250922,PORT004,INS0017,2025-09-22,2108,128.6793,271255.96,5281.81,INR,MOCK_FEED
POS00400820250922,PORT004,INS0018,2025-09-22,4059,48.4922,196829.84,4779.45,INR,MOCK_FEED
POS00400920250922,PORT004,INS0019,2025-09-22,1501,17.3706,26073.27,983.28,USD,MOCK_FEED
POS00401020250922,PORT004,INS0020,2025-09-22,2180,10.1196,22060.73,178.02,EUR,MOCK_FEED
POS00400120250923,PORT004,INS0011,2025-09-23,4731,23.559,111457.63,3426.46,USD,MOCK_FEED
POS00400220250923,PORT004,INS0012,2025-09-23,2820,9.2497,26084.15,197.57,USD,MOCK_FEED
POS00400320250923,PORT004,INS0013,2025-09-23,2247,32.2612,72490.92,-1126.69,INR,MOCK_FEED
POS00400420250923,PORT004,INS0014,2025-09-23,1251,12.1785,15235.3,-219.27,USD,MOCK_FEED
POS00400520250923,PORT004,INS0015,2025-09-23,332,26.4501,8781.43,330.18,EUR,MOCK_FEED
POS00400620250923,PORT004,INS0016,2025-09-23,2260,47.5334,107425.48,1450.23,GBP,MOCK_FEED
POS00400720250923,PORT004,INS0017,2025-09-23,1020,128.7106,131284.81,807.75,EUR,MOCK_FEED
POS00400820250923,PORT004,INS0018,2025-09-23,1491,48.4379,72220.91,702.0,GBP,MOCK_FEED
POS00400920250923,PORT004,INS0019,2025-09-23,4191,17.1968,72071.79,1837.73,INR,MOCK_FEED
POS00401020250923,PORT004,INS0020,2025-09-23,3355,10.1287,33981.79,-607.94,USD,MOCK_FEED
POS00400120250924,PORT004,INS0011,2025-09-24,631,23.8682,15060.83,438.61,USD,MOCK_FEED
POS00400220250924,PORT004,INS0012,2025-09-24,1391,9.2863,12917.24,-28.51,INR,MOCK_FEED
POS00400320250924,PORT004,INS0013,2025-09-24,1621,32.533,52735.99,254.61,USD,MOCK_FEED
POS00400420250924,PORT004,INS0014,2025-09-24,1457,12.2149,17797.11,224.12,GBP,MOCK_FEED
POS00400520250924,PORT004,INS0015,2025-09-24,1334,26.3464,35146.1,3.34,INR,MOCK_FEED
POS00400620250924,PORT004,INS0016,2025-09-24,2418,47.4653,114771.1,224.42,EUR,MOCK_FEED
POS00400720250924,PORT004,INS0017,2025-09-24,1113,128.547,143072.81,508.3,EUR,MOCK_FEED
POS00400820250924,PORT004,INS0018,2025-09-24,3108,48.114,149538.31,-3206.18,USD,MOCK_FEED
POS00400920250924,PORT004,INS0019,2025-09-24,2519,17.3446,43691.05,1517.46,USD,MOCK_FEED
POS00401020250924,PORT004,INS0020,2025-09-24,683,10.0606,6871.39,251.27,INR,MOCK_FEED
POS00400120250925,PORT004,INS0011,2025-09-25,3750,23.3332,87499.5,-476.12,USD,MOCK_FEED
POS00400220250925,PORT004,INS0012,2025-09-25,1239,9.6477,11953.5,-258.24,INR,MOCK_FEED
POS00400320250925,PORT004,INS0013,2025-09-25,1690,32.7471,55342.6,732.77,EUR,MOCK_FEED
POS00400420250925,PORT004,INS0014,2025-09-25,500,12.1675,6083.75,132.45,GBP,MOCK_FEED
POS00400520250925,PORT004,INS0015,2025-09-25,4471,26.3638,117872.55,1542.24,USD,MOCK_FEED
POS00400620250925,PORT004,INS0016,2025-09-25,2389,47.702,113960.08,-2440.45,USD,MOCK_FEED
POS00400720250925,PORT004,INS0017,2025-09-25,4046,127.7726,516967.94,17813.98,GBP,MOCK_FEED
POS00400820250925,PORT004,INS0018,2025-09-25,765,49.3575,37758.49,-1042.87,GBP,MOCK_FEED
POS00400920250925,PORT004,INS0019,2025-09-25,594,17.4939,10391.38,-271.77,EUR,MOCK_FEED
POS00401020250925,PORT004,INS0020,2025-09-25,486,9.9799,4850.23,-105.56,GBP,MOCK_FEED
POS00400120250926,PORT004,INS0011,2025-09-26,2091,23.4207,48972.68,1290.41,INR,MOCK_FEED
POS00400220250926,PORT004,INS0012,2025-09-26,760,9.6664,7346.46,69.89,INR,MOCK_FEED
POS00400320250926,PORT004,INS0013,2025-09-26,1270,32.1076,40776.65,1564.83,GBP,MOCK_FEED
POS00400420250926,PORT004,INS0014,2025-09-26,2794,12.1195,33861.88,-948.44,USD,MOCK_FEED
POS00400520250926,PORT004,INS0015,2025-09-26,282,25.9212,7309.78,-161.86,GBP,MOCK_FEED
POS00400620250926,PORT004,INS0016,2025-09-26,1415,47.3246,66964.31,39.54,EUR,MOCK_FEED
POS00400720250926,PORT004,INS0017,2025-09-26,3363,127.9543,430310.31,5837.63,USD,MOCK_FEED
POS00400820250926,PORT004,INS0018,2025-09-26,4035,49.8168,201010.79,6775.46,USD,MOCK_FEED
POS00400920250926,PORT004,INS0019,2025-09-26,3969,17.7551,70469.99,-1689.4,USD,MOCK_FEED
POS00401020250926,PORT004,INS0020,2025-09-26,470,10.089,4741.83,72.41,EUR,MOCK_FEED
POS00400120250927,PORT004,INS0011,2025-09-27,316,23.8275,7529.49,105.15,GBP,MOCK_FEED
POS00400220250927,PORT004,INS0012,2025-09-27,4668,9.4923,44310.06,-175.47,INR,MOCK_FEED
POS00400320250927,PORT004,INS0013,2025-09-27,4340,31.9306,138578.8,-2441.43,USD,MOCK_FEED
POS00400420250927,PORT004,INS0014,2025-09-27,3802,12.0336,45751.75,-1023.2,EUR,MOCK_FEED
POS00400520250927,PORT004,INS0015,2025-09-27,3131,25.7949,80763.83,-994.94,USD,MOCK_FEED
POS00400620250927,PORT004,INS0016,2025-09-27,1631,47.0867,76798.41,2136.42,EUR,MOCK_FEED
POS00400720250927,PORT004,INS0017,2025-09-27,3773,125.4998,473510.75,-12001.29,GBP,MOCK_FEED
POS00400820250927,PORT004,INS0018,2025-09-27,4398,49.6487,218354.98,4474.74,GBP,MOCK_FEED
POS00400920250927,PORT004,INS0019,2025-09-27,1414,17.7288,25068.52,-631.27,USD,MOCK_FEED
POS00401020250927,PORT004,INS0020,2025-09-27,4290,10.0758,43225.18,570.55,USD,MOCK_FEED
POS00400120250928,PORT004,INS0011,2025-09-28,2578,23.4705,60506.95,949.95,USD,MOCK_FEED
POS00400220250928,PORT004,INS0012,2025-09-28,4926,9.3151,45886.18,-519.18,EUR,MOCK_FEED
POS00400320250928,PORT004,INS0013,2025-09-28,1639,32.2787,52904.79,400.99,EUR,MOCK_FEED
POS00400420250928,PORT004,INS0014,2025-09-28,2057,12.3146,25331.13,70.66,EUR,MOCK_FEED
POS00400520250928,PORT004,INS0015,2025-09-28,4513,25.5892,115484.06,1304.58,EUR,MOCK_FEED
POS00400620250928,PORT004,INS0016,2025-09-28,4276,46.1152,197188.6,-3429.48,INR,MOCK_FEED
POS00400720250928,PORT004,INS0017,2025-09-28,4592,124.2889,570734.63,11644.93,USD,MOCK_FEED
POS00400820250928,PORT004,INS0018,2025-09-28,3355,50.0139,167796.63,5609.13,USD,MOCK_FEED
POS00400920250928,PORT004,INS0019,2025-09-28,416,17.2087,7158.82,0.16,GBP,MOCK_FEED
POS00401020250928,PORT004,INS0020,2025-09-28,3419,10.0362,34313.77,-784.98,USD,MOCK_FEED
POS00400120250929,PORT004,INS0011,2025-09-29,4846,23.4304,113543.72,2904.82,INR,MOCK_FEED
POS00400220250929,PORT004,INS0012,2025-09-29,1734,9.3115,16146.14,99.22,INR,MOCK_FEED
POS00400320250929,PORT004,INS0013,2025-09-29,3165,31.8632,100847.03,-1257.29,GBP,MOCK_FEED
POS00400420250929,PORT004,INS0014,2025-09-29,2026,12.1477,24611.24,95.38,INR,MOCK_FEED
POS00400520250929,PORT004,INS0015,2025-09-29,233,25.5895,5962.35,190.42,USD,MOCK_FEED
POS00400620250929,PORT004,INS0016,2025-09-29,3740,45.9779,171957.35,-3241.13,INR,MOCK_FEED
POS00400720250929,PORT004,INS0017,2025-09-29,446,122.0607,54439.07,-1615.22,GBP,MOCK_FEED
POS00400820250929,PORT004,INS0018,2025-09-29,589,49.7447,29299.63,-450.0,INR,MOCK_FEED
POS00400920250929,PORT004,INS0019,2025-09-29,4440,17.5001,77700.44,-166.93,EUR,MOCK_FEED
POS00401020250929,PORT004,INS0020,2025-09-29,4238,10.0757,42700.82,-161.28,USD,MOCK_FEED
POS00400120250930,PORT004,INS0011,2025-09-30,2626,23.6995,62234.89,-388.89,EUR,MOCK_FEED
POS00400220250930,PORT004,INS0012,2025-09-30,3953,9.3695,37037.63,503.73,INR,MOCK_FEED
POS00400320250930,PORT004,INS0013,2025-09-30,2858,31.3783,89679.18,2781.07,EUR,MOCK_FEED
POS00400420250930,PORT004,INS0014,2025-09-30,2976,12.1068,36029.84,726.23,EUR,MOCK_FEED
POS00400520250930,PORT004,INS0015,2025-09-30,1231,26.0955,32123.56,-790.17,EUR,MOCK_FEED
POS00400620250930,PORT004,INS0016,2025-09-30,106,45.8114,4856.01,-39.64,USD,MOCK_FEED
POS00400720250930,PORT004,INS0017,2025-09-30,1574,124.8929,196581.42,-5218.41,GBP,MOCK_FEED
POS00400820250930,PORT004,INS0018,2025-09-30,468,49.0205,22941.59,-21.2,INR,MOCK_FEED
POS00400920250930,PORT004,INS0019,2025-09-30,1754,17.584,30842.34,-184.45,GBP,MOCK_FEED
POS00401020250930,PORT004,INS0020,2025-09-30,3083,10.0385,30948.7,301.29,USD,MOCK_FEED
POS00400120251001,PORT004,INS0011,2025-10-01,1575,23.8455,37556.66,1408.25,USD,MOCK_FEED
POS00400220251001,PORT004,INS0012,2025-10-01,1476,9.1751,13542.45,66.67,GBP,MOCK_FEED
POS00400320251001,PORT004,INS0013,2025-10-01,2112,31.444,66409.73,-1465.18,EUR,MOCK_FEED
POS00400420251001,PORT004,INS0014,2025-10-01,3310,12.1197,40116.21,363.52,GBP,MOCK_FEED
POS00400520251001,PORT004,INS0015,2025-10-01,2710,25.8533,70062.44,-334.37,EUR,MOCK_FEED
POS00400620251001,PORT004,INS0016,2025-10-01,370,44.938,16627.06,-434.66,USD,MOCK_FEED
POS00400720251001,PORT004,INS0017,2025-10-01,3886,125.4497,487497.53,6451.47,USD,MOCK_FEED
POS00400820251001,PORT004,INS0018,2025-10-01,3612,49.1761,177624.07,-4298.3,GBP,MOCK_FEED
POS00400920251001,PORT004,INS0019,2025-10-01,3207,17.5319,56224.8,1830.14,USD,MOCK_FEED
POS00401020251001,PORT004,INS0020,2025-10-01,238,9.8978,2355.68,-68.64,INR,MOCK_FEED
POS00400120251002,PORT004,INS0011,2025-10-02,1342,24.1167,32364.61,304.18,INR,MOCK_FEED
POS00400220251002,PORT004,INS0012,2025-10-02,3285,9.3613,30751.87,-0.38,GBP,MOCK_FEED
POS00400320251002,PORT004,INS0013,2025-10-02,1264,31.7693,40156.4,657.94,GBP,MOCK_FEED
POS00400420251002,PORT004,INS0014,2025-10-02,426,12.3691,5269.24,-85.8,GBP,MOCK_FEED
POS00400520251002,PORT004,INS0015,2025-10-02,4101,25.5107,104619.38,3164.74,EUR,MOCK_FEED
POS00400620251002,PORT004,INS0016,2025-10-02,4288,45.2831,194173.93,-4626.27,EUR,MOCK_FEED
POS00400720251002,PORT004,INS0017,2025-10-02,3344,126.9983,424682.32,-5352.22,GBP,MOCK_FEED
POS00400820251002,PORT004,INS0018,2025-10-02,2574,49.8695,128364.09,2837.59,GBP,MOCK_FEED
POS00400920251002,PORT004,INS0019,2025-10-02,4588,17.4399,80014.26,-1223.36,INR,MOCK_FEED
POS00401020251002,PORT004,INS0020,2025-10-02,4204,9.937,41775.15,467.99,USD,MOCK_FEED
POS00400120251003,PORT004,INS0011,2025-10-03,3627,24.1355,87539.46,-2230.29,GBP,MOCK_FEED
POS00400220251003,PORT004,INS0012,2025-10-03,333,9.1335,3041.46,102.62,GBP,MOCK_FEED
POS00400320251003,PORT004,INS0013,2025-10-03,1986,32.0487,63648.72,620.0,INR,MOCK_FEED
POS00400420251003,PORT004,INS0014,2025-10-03,662,12.4564,8246.14,259.39,INR,MOCK_FEED
POS00400520251003,PORT004,INS0015,2025-10-03,2369,25.5576,60545.95,1663.7,INR,MOCK_FEED
POS00400620251003,PORT004,INS0016,2025-10-03,4985,44.949,224070.76,8233.98,USD,MOCK_FEED
POS00400720251003,PORT004,INS0017,2025-10-03,2661,128.4861,341901.51,8593.14,USD,MOCK_FEED
POS00400820251003,PORT004,INS0018,2025-10-03,3542,50.5029,178881.27,4288.87,USD,MOCK_FEED
POS00400920251003,PORT004,INS0019,2025-10-03,3193,17.3918,55532.02,-1552.64,GBP,MOCK_FEED
POS00401020251003,PORT004,INS0020,2025-10-03,3324,10.1806,33840.31,686.02,INR,MOCK_FEED
POS00400120251004,PORT004,INS0011,2025-10-04,2574,24.4341,62893.37,1439.19,USD,MOCK_FEED
POS00400220251004,PORT004,INS0012,2025-10-04,3660,9.2441,33833.41,-352.15,USD,MOCK_FEED
POS00400320251004,PORT004,INS0013,2025-10-04,881,32.241,28404.32,1135.59,EUR,MOCK_FEED
POS00400420251004,PORT004,INS0014,2025-10-04,4279,12.0054,51371.11,214.96,EUR,MOCK_FEED
POS00400520251004,PORT004,INS0015,2025-10-04,4374,25.1711,110098.39,-1395.18,GBP,MOCK_FEED
POS00400620251004,PORT004,INS0016,2025-10-04,1886,45.6764,86145.69,2915.95,USD,MOCK_FEED
POS00400720251004,PORT004,INS0017,2025-10-04,538,126.8226,68230.56,-1892.02,GBP,MOCK_FEED
POS00400820251004,PORT004,INS0018,2025-10-04,2814,49.9784,140639.22,5322.16,USD,MOCK_FEED
POS00400920251004,PORT004,INS0019,2025-10-04,956,17.4944,16724.65,279.69,INR,MOCK_FEED
POS00401020251004,PORT004,INS0020,2025-10-04,1296,10.0864,13071.97,166.4,GBP,MOCK_FEED
POS00400120251005,PORT004,INS0011,2025-10-05,1924,23.8134,45816.98,-283.66,EUR,MOCK_FEED
POS00400220251005,PORT004,INS0012,2025-10-05,4757,9.1262,43413.33,1154.34,INR,MOCK_FEED
POS00400320251005,PORT004,INS0013,2025-10-05,1524,32.5745,49643.54,-675.53,USD,MOCK_FEED
POS00400420251005,PORT004,INS0014,2025-10-05,3510,12.1794,42749.69,1687.04,USD,MOCK_FEED
POS00400520251005,PORT004,INS0015,2025-10-05,2994,25.1824,75396.11,-1244.24,INR,MOCK_FEED
POS00400620251005,PORT004,INS0016,2025-10-05,437,45.595,19925.01,-566.0,GBP,MOCK_FEED
POS00400720251005,PORT004,INS0017,2025-10-05,2800,126.5662,354385.36,1473.8,INR,MOCK_FEED
POS00400820251005,PORT004,INS0018,2025-10-05,3968,50.3257,199692.38,-747.96,INR,MOCK_FEED
POS00400920251005,PORT004,INS0019,2025-10-05,1744,17.5778,30655.68,644.16,INR,MOCK_FEED
POS00401020251005,PORT004,INS0020,2025-10-05,3364,10.1048,33992.55,861.63,GBP,MOCK_FEED
POS00400120251006,PORT004,INS0011,2025-10-06,3823,23.7864,90935.41,-887.09,GBP,MOCK_FEED
POS00400220251006,PORT004,INS0012,2025-10-06,3504,9.086,31837.34,-343.49,INR,MOCK_FEED
POS00400320251006,PORT004,INS0013,2025-10-06,2031,32.991,67004.72,1674.85,INR,MOCK_FEED
POS00400420251006,PORT004,INS0014,2025-10-06,1254,12.0815,15150.2,598.71,USD,MOCK_FEED
POS00400520251006,PORT004,INS0015,2025-10-06,905,25.212,22816.86,299.17,GBP,MOCK_FEED
POS00400620251006,PORT004,INS0016,2025-10-06,695,45.4974,31620.69,89.94,EUR,MOCK_FEED
POS00400720251006,PORT004,INS0017,2025-10-06,552,125.8287,69457.44,-1683.03,GBP,MOCK_FEED
POS00400820251006,PORT004,INS0018,2025-10-06,4042,49.796,201275.43,-973.3,GBP,MOCK_FEED
POS00400920251006,PORT004,INS0019,2025-10-06,818,17.5232,14333.98,177.37,GBP,MOCK_FEED
POS00401020251006,PORT004,INS0020,2025-10-06,3347,10.1804,34073.8,1068.42,USD,MOCK_FEED
POS00400120251007,PORT004,INS0011,2025-10-07,1621,23.7646,38522.42,-532.27,EUR,MOCK_FEED
POS00400220251007,PORT004,INS0012,2025-10-07,2658,9.017,23967.19,-9.54,GBP,MOCK_FEED
POS00400320251007,PORT004,INS0013,2025-10-07,4281,33.0466,141472.49,-4113.86,INR,MOCK_FEED
POS00400420251007,PORT004,INS0014,2025-10-07,1423,12.1694,17317.06,-201.52,GBP,MOCK_FEED
POS00400520251007,PORT004,INS0015,2025-10-07,4443,25.3081,112443.89,-1722.34,GBP,MOCK_FEED
POS00400620251007,PORT004,INS0016,2025-10-07,284,45.0359,12790.2,268.4,GBP,MOCK_FEED
POS00400720251007,PORT004,INS0017,2025-10-07,190,124.9301,23736.72,-239.75,USD,MOCK_FEED
POS00400820251007,PORT004,INS0018,2025-10-07,2992,49.2723,147422.72,1743.33,INR,MOCK_FEED
POS00400920251007,PORT004,INS0019,2025-10-07,2822,17.8638,50411.64,1817.62,GBP,MOCK_FEED
POS00401020251007,PORT004,INS0020,2025-10-07,2061,10.0275,20666.68,-584.34,GBP,MOCK_FEED
POS00400120251008,PORT004,INS0011,2025-10-08,429,24.1063,10341.6,90.49,GBP,MOCK_FEED
POS00400220251008,PORT004,INS0012,2025-10-08,2608,9.01,23498.08,668.42,INR,MOCK_FEED
POS00400320251008,PORT004,INS0013,2025-10-08,521,33.4154,17409.42,271.69,GBP,MOCK_FEED
POS00400420251008,PORT004,INS0014,2025-10-08,1298,12.0133,15593.26,516.54,INR,MOCK_FEED
POS00400520251008,PORT004,INS0015,2025-10-08,1485,25.0983,37270.98,-704.71,INR,MOCK_FEED
POS00400620251008,PORT004,INS0016,2025-10-08,4632,45.1514,209141.28,-2977.5,USD,MOCK_FEED
POS00400720251008,PORT004,INS0017,2025-10-08,4841,124.3889,602166.66,15645.98,EUR,MOCK_FEED
POS00400820251008,PORT004,INS0018,2025-10-08,1536,49.4295,75923.71,934.4,INR,MOCK_FEED
POS00400920251008,PORT004,INS0019,2025-10-08,2703,17.5973,47565.5,878.46,EUR,MOCK_FEED
POS00401020251008,PORT004,INS0020,2025-10-08,3458,10.0258,34669.22,1250.27,EUR,MOCK_FEED
POS00400120251009,PORT004,INS0011,2025-10-09,372,23.9474,8908.43,288.23,GBP,MOCK_FEED
POS00400220251009,PORT004,INS0012,2025-10-09,4809,9.0852,43690.73,-830.57,EUR,MOCK_FEED
POS00400320251009,PORT004,INS0013,2025-10-09,2129,33.6725,71688.75,607.62,USD,MOCK_FEED
POS00400420251009,PORT004,INS0014,2025-10-09,394,11.8436,4666.38,30.68,EUR,MOCK_FEED
POS00400520251009,PORT004,INS0015,2025-10-09,429,25.3222,10863.22,-256.85,USD,MOCK_FEED
POS00400620251009,PORT004,INS0016,2025-10-09,2564,45.9299,117764.26,-1678.03,INR,MOCK_FEED
POS00400720251009,PORT004,INS0017,2025-10-09,2936,125.3686,368082.21,4644.1,GBP,MOCK_FEED
POS00400820251009,PORT004,INS0018,2025-10-09,1283,50.3803,64637.92,1819.46,GBP,MOCK_FEED
POS00400920251009,PORT004,INS0019,2025-10-09,677,17.6828,11971.26,206.67,EUR,MOCK_FEED
POS00401020251009,PORT004,INS0020,2025-10-09,101,10.1425,1024.39,-29.95,GBP,MOCK_FEED
POS00400120251010,PORT004,INS0011,2025-10-10,352,23.5757,8298.65,-148.33,EUR,MOCK_FEED
POS00400220251010,PORT004,INS0012,2025-10-10,3469,9.183,31855.83,1097.39,INR,MOCK_FEED
POS00400320251010,PORT004,INS0013,2025-10-10,3234,33.3755,107936.37,2977.56,GBP,MOCK_FEED
POS00400420251010,PORT004,INS0014,2025-10-10,2451,11.9213,29219.11,236.76,GBP,MOCK_FEED
POS00400520251010,PORT004,INS0015,2025-10-10,329,25.0599,8244.71,-123.64,GBP,MOCK_FEED
POS00400620251010,PORT004,INS0016,2025-10-10,4932,45.4986,224399.1,-2361.26,INR,MOCK_FEED
POS00400720251010,PORT004,INS0017,2025-10-10,1938,122.6146,237627.09,-1542.34,GBP,MOCK_FEED
POS00400820251010,PORT004,INS0018,2025-10-10,4444,51.8305,230334.74,1554.36,GBP,MOCK_FEED
POS00400920251010,PORT004,INS0019,2025-10-10,3472,17.8521,61982.49,-861.93,GBP,MOCK_FEED
POS00401020251010,PORT004,INS0020,2025-10-10,2710,10.0493,27233.6,714.79,GBP,MOCK_FEED
POS00400120251011,PORT004,INS0011,2025-10-11,1110,23.7559,26369.05,1020.78,INR,MOCK_FEED
POS00400220251011,PORT004,INS0012,2025-10-11,220,9.1323,2009.11,60.93,INR,MOCK_FEED
POS00400320251011,PORT004,INS0013,2025-10-11,3576,33.1532,118555.84,2965.22,GBP,MOCK_FEED
POS00400420251011,PORT004,INS0014,2025-10-11,2855,11.8812,33920.83,1315.15,INR,MOCK_FEED
POS00400520251011,PORT004,INS0015,2025-10-11,4546,25.7916,117248.61,-2732.16,INR,MOCK_FEED
POS00400620251011,PORT004,INS0016,2025-10-11,2598,45.1049,117182.53,-2947.22,EUR,MOCK_FEED
POS00400720251011,PORT004,INS0017,2025-10-11,1648,123.5229,203565.74,-4378.26,EUR,MOCK_FEED
POS00400820251011,PORT004,INS0018,2025-10-11,470,51.5058,24207.73,-528.12,GBP,MOCK_FEED
POS00400920251011,PORT004,INS0019,2025-10-11,1458,17.6652,25755.86,-754.38,USD,MOCK_FEED
POS00401020251011,PORT004,INS0020,2025-10-11,620,10.1307,6281.03,231.79,INR,MOCK_FEED
POS00400120251012,PORT004,INS0011,2025-10-12,1424,23.969,34131.86,-648.38,INR,MOCK_FEED
POS00400220251012,PORT004,INS0012,2025-10-12,3742,9.2401,34576.45,-527.49,GBP,MOCK_FEED
POS00400320251012,PORT004,INS0013,2025-10-12,1867,33.6241,62776.19,205.06,EUR,MOCK_FEED
POS00400420251012,PORT004,INS0014,2025-10-12,3392,11.858,40222.34,-1144.18,GBP,MOCK_FEED
POS00400520251012,PORT004,INS0015,2025-10-12,4423,26.0366,115159.88,-214.72,EUR,MOCK_FEED
POS00400620251012,PORT004,INS0016,2025-10-12,2815,44.8572,126273.02,-2060.57,USD,MOCK_FEED
POS00400720251012,PORT004,INS0017,2025-10-12,4146,125.0518,518464.76,19832.87,EUR,MOCK_FEED
POS00400820251012,PORT004,INS0018,2025-10-12,4268,51.9742,221825.89,-5553.22,INR,MOCK_FEED
POS00400920251012,PORT004,INS0019,2025-10-12,1121,17.7734,19923.98,-40.8,INR,MOCK_FEED
POS00401020251012,PORT004,INS0020,2025-10-12,829,9.9598,8256.67,-236.73,INR,MOCK_FEED
POS00400120251013,PORT004,INS0011,2025-10-13,4358,23.9783,104497.43,-127.06,EUR,MOCK_FEED
POS00400220251013,PORT004,INS0012,2025-10-13,901,9.2477,8332.18,-94.27,EUR,MOCK_FEED
POS00400320251013,PORT004,INS0013,2025-10-13,2343,34.0018,79666.22,-2021.84,GBP,MOCK_FEED
POS00400420251013,PORT004,INS0014,2025-10-13,1339,11.908,15944.81,192.79,EUR,MOCK_FEED
POS00400520251013,PORT004,INS0015,2025-10-13,1578,25.954,40955.41,996.19,USD,MOCK_FEED
POS00400620251013,PORT004,INS0016,2025-10-13,1672,44.7488,74819.99,767.65,INR,MOCK_FEED
POS00400720251013,PORT004,INS0017,2025-10-13,764,125.455,95847.62,272.5,GBP,MOCK_FEED
POS00400820251013,PORT004,INS0018,2025-10-13,1327,53.1504,70530.58,-1387.51,GBP,MOCK_FEED
POS00400920251013,PORT004,INS0019,2025-10-13,2527,17.8918,45212.58,-965.31,GBP,MOCK_FEED
POS00401020251013,PORT004,INS0020,2025-10-13,4087,9.9535,40679.95,-189.41,EUR,MOCK_FEED
POS00400120251014,PORT004,INS0011,2025-10-14,3514,23.4817,82514.69,-2337.39,EUR,MOCK_FEED
POS00400220251014,PORT004,INS0012,2025-10-14,1630,9.3957,15314.99,253.08,INR,MOCK_FEED
POS00400320251014,PORT004,INS0013,2025-10-14,3711,33.7736,125333.83,1092.52,INR,MOCK_FEED
POS00400420251014,PORT004,INS0014,2025-10-14,4569,11.7183,53540.91,1347.25,EUR,MOCK_FEED
POS00400520251014,PORT004,INS0015,2025-10-14,1567,26.1484,40974.54,429.08,INR,MOCK_FEED
POS00400620251014,PORT004,INS0016,2025-10-14,1438,45.1392,64910.17,2381.64,EUR,MOCK_FEED
POS00400720251014,PORT004,INS0017,2025-10-14,3077,124.0673,381755.08,5913.3,INR,MOCK_FEED
POS00400820251014,PORT004,INS0018,2025-10-14,3838,52.8711,202919.28,2269.78,INR,MOCK_FEED
POS00400920251014,PORT004,INS0019,2025-10-14,3213,17.4116,55943.47,1562.48,INR,MOCK_FEED
POS00401020251014,PORT004,INS0020,2025-10-14,708,10.0623,7124.11,-28.06,INR,MOCK_FEED
POS00400120251015,PORT004,INS0011,2025-10-15,1351,23.1791,31314.96,-415.06,INR,MOCK_FEED
POS00400220251015,PORT004,INS0012,2025-10-15,4420,9.2486,40878.81,1085.25,EUR,MOCK_FEED
POS00400320251015,PORT004,INS0013,2025-10-15,4768,33.8636,161461.64,6136.5,EUR,MOCK_FEED
POS00400420251015,PORT004,INS0014,2025-10-15,3569,11.8042,42129.19,825.24,GBP,MOCK_FEED
POS00400520251015,PORT004,INS0015,2025-10-15,112,26.1367,2927.31,-77.38,USD,MOCK_FEED
POS00400620251015,PORT004,INS0016,2025-10-15,4710,44.819,211097.49,2333.85,GBP,MOCK_FEED
POS00400720251015,PORT004,INS0017,2025-10-15,140,123.6718,17314.05,-125.27,INR,MOCK_FEED
POS00400820251015,PORT004,INS0018,2025-10-15,1942,53.466,103830.97,-1702.87,INR,MOCK_FEED
POS00400920251015,PORT004,INS0019,2025-10-15,2353,17.3998,40941.73,-518.94,INR,MOCK_FEED
POS00401020251015,PORT004,INS0020,2025-10-15,1908,10.3329,19715.17,-256.09,EUR,MOCK_FEED
POS00400120251016,PORT004,INS0011,2025-10-16,2221,23.2347,51604.27,1086.03,INR,MOCK_FEED
POS00400220251016,PORT004,INS0012,2025-10-16,4260,9.382,39967.32,-965.22,USD,MOCK_FEED
POS00400320251016,PORT004,INS0013,2025-10-16,2918,34.4247,100451.27,89.07,INR,MOCK_FEED
POS00400420251016,PORT004,INS0014,2025-10-16,1814,11.7974,21400.48,-562.22,USD,MOCK_FEED
POS00400520251016,PORT004,INS0015,2025-10-16,614,26.0113,15970.94,543.29,GBP,MOCK_FEED
POS00400620251016,PORT004,INS0016,2025-10-16,1682,44.0737,74131.96,782.99,EUR,MOCK_FEED
POS00400720251016,PORT004,INS0017,2025-10-16,189,125.2645,23674.99,312.98,USD,MOCK_FEED
POS00400820251016,PORT004,INS0018,2025-10-16,4218,53.935,227497.83,6315.65,INR,MOCK_FEED
POS00400920251016,PORT004,INS0019,2025-10-16,204,17.1368,3495.91,-3.15,USD,MOCK_FEED
POS00401020251016,PORT004,INS0020,2025-10-16,1774,10.2508,18184.92,-362.84,USD,MOCK_FEED
POS00400120251017,PORT004,INS0011,2025-10-17,1562,23.8025,37179.5,1414.26,USD,MOCK_FEED
POS00400220251017,PORT004,INS0012,2025-10-17,3737,9.5069,35527.29,680.86,GBP,MOCK_FEED
POS00400320251017,PORT004,INS0013,2025-10-17,1127,34.9646,39405.1,-1131.0,INR,MOCK_FEED
POS00400420251017,PORT004,INS0014,2025-10-17,1048,11.8938,12464.7,3.02,INR,MOCK_FEED
POS00400520251017,PORT004,INS0015,2025-10-17,2701,26.6921,72095.36,182.09,EUR,MOCK_FEED
POS00400620251017,PORT004,INS0016,2025-10-17,3291,43.7371,143938.8,4267.79,INR,MOCK_FEED
POS00400720251017,PORT004,INS0017,2025-10-17,3736,127.8314,477578.11,8172.39,INR,MOCK_FEED
POS00400820251017,PORT004,INS0018,2025-10-17,4666,53.7226,250669.65,9368.59,EUR,MOCK_FEED
POS00400920251017,PORT004,INS0019,2025-10-17,2587,17.2777,44697.41,-58.48,USD,MOCK_FEED
POS00401020251017,PORT004,INS0020,2025-10-17,1136,10.2624,11658.09,-188.61,GBP,MOCK_FEED
POS00400120251018,PORT004,INS0011,2025-10-18,4885,23.9028,116765.18,-2642.13,USD,MOCK_FEED
POS00400220251018,PORT004,INS0012,2025-10-18,3173,9.4503,29985.8,283.54,INR,MOCK_FEED
POS00400320251018,PORT004,INS0013,2025-10-18,2910,35.0028,101858.15,636.43,EUR,MOCK_FEED
POS00400420251018,PORT004,INS0014,2025-10-18,2747,11.7185,32190.72,982.74,USD,MOCK_FEED
POS00400520251018,PORT004,INS0015,2025-10-18,1676,26.6145,44605.9,1281.7,GBP,MOCK_FEED
POS00400620251018,PORT004,INS0016,2025-10-18,326,44.4126,14478.51,541.73,GBP,MOCK_FEED
POS00400720251018,PORT004,INS0017,2025-10-18,2876,125.0132,359537.96,-4462.12,USD,MOCK_FEED
POS00400820251018,PORT004,INS0018,2025-10-18,1569,54.2361,85096.44,-1536.03,GBP,MOCK_FEED
POS00400920251018,PORT004,INS0019,2025-10-18,1860,17.3152,32206.27,853.34,EUR,MOCK_FEED
POS00401020251018,PORT004,INS0020,2025-10-18,929,10.4059,9667.08,353.91,EUR,MOCK_FEED
POS00400120251019,PORT004,INS0011,2025-10-19,3204,23.676,75857.9,2476.98,GBP,MOCK_FEED
POS00400220251019,PORT004,INS0012,2025-10-19,4817,9.5501,46002.83,1412.38,USD,MOCK_FEED
POS00400320251019,PORT004,INS0013,2025-10-19,2874,35.0981,100871.94,731.38,USD,MOCK_FEED
POS00400420251019,PORT004,INS0014,2025-10-19,593,11.8661,7036.6,-77.24,GBP,MOCK_FEED
POS00400520251019,PORT004,INS0015,2025-10-19,4606,26.1543,120466.71,808.63,EUR,MOCK_FEED
POS00400620251019,PORT004,INS0016,2025-10-19,2124,44.5162,94552.41,-476.48,GBP,MOCK_FEED
POS00400720251019,PORT004,INS0017,2025-10-19,4107,126.0881,517843.83,-8791.45,USD,MOCK_FEED
POS00400820251019,PORT004,INS0018,2025-10-19,2319,55.5404,128798.19,-1991.85,INR,MOCK_FEED
POS00400920251019,PORT004,INS0019,2025-10-19,1903,17.5391,33376.91,-342.56,INR,MOCK_FEED
POS00401020251019,PORT004,INS0020,2025-10-19,4233,10.3473,43800.12,-141.92,GBP,MOCK_FEED
POS00400120251020,PORT004,INS0011,2025-10-20,562,23.8118,13382.23,-139.92,GBP,MOCK_FEED
POS00400220251020,PORT004,INS0012,2025-10-20,3693,9.554,35282.92,1267.31,EUR,MOCK_FEED
POS00400320251020,PORT004,INS0013,2025-10-20,2678,34.7762,93130.66,273.79,USD,MOCK_FEED
POS00400420251020,PORT004,INS0014,2025-10-20,873,11.4738,10016.63,-247.95,INR,MOCK_FEED
POS00400520251020,PORT004,INS0015,2025-10-20,1165,26.0611,30361.18,-820.51,EUR,MOCK_FEED
POS00400620251020,PORT004,INS0016,2025-10-20,531,44.5926,23678.67,207.2,EUR,MOCK_FEED
POS00400720251020,PORT004,INS0017,2025-10-20,3480,128.4335,446948.58,9730.64,EUR,MOCK_FEED
POS00400820251020,PORT004,INS0018,2025-10-20,3681,56.0753,206413.18,2464.2,GBP,MOCK_FEED
POS00400920251020,PORT004,INS0019,2025-10-20,2367,17.2064,40727.55,1333.18,INR,MOCK_FEED
POS00401020251020,PORT004,INS0020,2025-10-20,4756,10.4472,49686.88,768.53,GBP,MOCK_FEED
POS00400120251021,PORT004,INS0011,2025-10-21,4082,23.6791,96658.09,2659.94,EUR,MOCK_FEED
POS00400220251021,PORT004,INS0012,2025-10-21,1455,9.4433,13740.0,-162.1,USD,MOCK_FEED
POS00400320251021,PORT004,INS0013,2025-10-21,3631,34.8989,126717.91,1127.72,GBP,MOCK_FEED
POS00400420251021,PORT004,INS0014,2025-10-21,3119,11.435,35665.76,-1062.73,EUR,MOCK_FEED
POS00400520251021,PORT004,INS0015,2025-10-21,3584,25.8857,92774.35,863.92,EUR,MOCK_FEED
POS00400620251021,PORT004,INS0016,2025-10-21,2067,44.3754,91723.95,75.23,EUR,MOCK_FEED
POS00400720251021,PORT004,INS0017,2025-10-21,1288,127.8816,164711.5,4388.4,USD,MOCK_FEED
POS00400820251021,PORT004,INS0018,2025-10-21,1760,56.8132,99991.23,2413.37,INR,MOCK_FEED
POS00400920251021,PORT004,INS0019,2025-10-21,3900,17.3324,67596.36,-1740.37,USD,MOCK_FEED
POS00401020251021,PORT004,INS0020,2025-10-21,301,10.3503,3115.44,-18.61,GBP,MOCK_FEED
POS00400120251022,PORT004,INS0011,2025-10-22,4723,23.8813,112791.38,2071.18,GBP,MOCK_FEED
POS00400220251022,PORT004,INS0012,2025-10-22,4161,9.5064,39556.13,-873.02,GBP,MOCK_FEED
POS00400320251022,PORT004,INS0013,2025-10-22,3602,34.3135,123597.23,577.98,INR,MOCK_FEED
POS00400420251022,PORT004,INS0014,2025-10-22,4322,11.6147,50198.73,1653.81,USD,MOCK_FEED
POS00400520251022,PORT004,INS0015,2025-10-22,1304,26.3751,34393.13,-982.14,INR,MOCK_FEED
POS00400620251022,PORT004,INS0016,2025-10-22,2338,43.8483,102517.33,1958.0,INR,MOCK_FEED
POS00400720251022,PORT004,INS0017,2025-10-22,1455,127.9854,186218.76,-2402.9,USD,MOCK_FEED
POS00400820251022,PORT004,INS0018,2025-10-22,506,57.1552,28920.53,-580.25,USD,MOCK_FEED
POS00400920251022,PORT004,INS0019,2025-10-22,4155,17.3229,71976.65,-184.68,EUR,MOCK_FEED
POS00401020251022,PORT004,INS0020,2025-10-22,1295,10.3565,13411.67,-176.87,EUR,MOCK_FEED
POS00400120251023,PORT004,INS0011,2025-10-23,490,23.9044,11713.16,-329.74,GBP,MOCK_FEED
POS00400220251023,PORT004,INS0012,2025-10-23,3826,9.3823,35896.68,1246.74,USD,MOCK_FEED
POS00400320251023,PORT004,INS0013,2025-10-23,2980,33.8417,100848.27,83.89,GBP,MOCK_FEED
POS00400420251023,PORT004,INS0014,2025-10-23,1348,11.4981,15499.44,561.1,INR,MOCK_FEED
POS00400520251023,PORT004,INS0015,2025-10-23,1286,26.3507,33887.0,-960.12,EUR,MOCK_FEED
POS00400620251023,PORT004,INS0016,2025-10-23,2482,43.8503,108836.44,-1530.83,EUR,MOCK_FEED
POS00400720251023,PORT004,INS0017,2025-10-23,296,128.3447,37990.03,1348.37,GBP,MOCK_FEED
POS00400820251023,PORT004,INS0018,2025-10-23,4349,56.3765,245181.4,-1999.46,USD,MOCK_FEED
POS00400920251023,PORT004,INS0019,2025-10-23,4229,17.2865,73104.61,-1568.45,USD,MOCK_FEED
POS00401020251023,PORT004,INS0020,2025-10-23,3754,10.4784,39335.91,536.94,USD,MOCK_FEED
POS00400120251024,PORT004,INS0011,2025-10-24,4440,23.4248,104006.11,2310.39,EUR,MOCK_FEED
POS00400220251024,PORT004,INS0012,2025-10-24,3923,9.4618,37118.64,783.47,EUR,MOCK_FEED
POS00400320251024,PORT004,INS0013,2025-10-24,1357,33.9468,46065.81,14.5,EUR,MOCK_FEED
POS00400420251024,PORT004,INS0014,2025-10-24,1059,11.3264,11994.66,-198.78,GBP,MOCK_FEED
POS00400520251024,PORT004,INS0015,2025-10-24,1104,26.3232,29060.81,44.35,USD,MOCK_FEED
POS00400620251024,PORT004,INS0016,2025-10-24,1576,43.5026,68560.1,739.88,USD,MOCK_FEED
POS00400720251024,PORT004,INS0017,2025-10-24,4891,128.4317,628159.44,-1854.02,EUR,MOCK_FEED
POS00400820251024,PORT004,INS0018,2025-10-24,917,57.5237,52749.23,330.52,EUR,MOCK_FEED
POS00400920251024,PORT004,INS0019,2025-10-24,3817,17.6246,67273.1,-1355.84,USD,MOCK_FEED
POS00401020251024,PORT004,INS0020,2025-10-24,2896,10.6075,30719.32,-348.41,GBP,MOCK_FEED
POS00400120251025,PORT004,INS0011,2025-10-25,4424,23.3641,103362.78,-1129.81,INR,MOCK_FEED
POS00400220251025,PORT004,INS0012,2025-10-25,2200,9.5223,20949.06,116.88,EUR,MOCK_FEED
POS00400320251025,PORT004,INS0013,2025-10-25,3549,34.59,122759.91,1643.45,USD,MOCK_FEED
POS00400420251025,PORT004,INS0014,2025-10-25,988,11.4006,11263.79,142.65,GBP,MOCK_FEED
POS00400520251025,PORT004,INS0015,2025-10-25,164,26.3889,4327.78,45.1,INR,MOCK_FEED
POS00400620251025,PORT004,INS0016,2025-10-25,3332,43.8006,145943.6,-3214.92,INR,MOCK_FEED
POS00400720251025,PORT004,INS0017,2025-10-25,513,127.7894,65555.96,1016.1,INR,MOCK_FEED
POS00400820251025,PORT004,INS0018,2025-10-25,952,57.0295,54292.08,1659.71,USD,MOCK_FEED
POS00400920251025,PORT004,INS0019,2025-10-25,3060,17.9288,54862.13,-938.6,GBP,MOCK_FEED
POS00401020251025,PORT004,INS0020,2025-10-25,3669,10.768,39507.79,844.54,INR,MOCK_FEED
POS00400120251026,PORT004,INS0011,2025-10-26,3688,23.3061,85952.9,2793.75,EUR,MOCK_FEED
POS00400220251026,PORT004,INS0012,2025-10-26,2447,9.3056,22770.8,-102.52,GBP,MOCK_FEED
POS00400320251026,PORT004,INS0013,2025-10-26,4888,34.8284,170241.22,5803.19,EUR,MOCK_FEED
POS00400420251026,PORT004,INS0014,2025-10-26,439,11.2367,4932.91,113.1,EUR,MOCK_FEED
POS00400520251026,PORT004,INS0015,2025-10-26,2824,26.4477,74688.3,2697.96,EUR,MOCK_FEED
POS00400620251026,PORT004,INS0016,2025-10-26,349,43.605,15218.14,239.32,GBP,MOCK_FEED
POS00400720251026,PORT004,INS0017,2025-10-26,4381,128.0168,560841.6,-1536.44,GBP,MOCK_FEED
POS00400820251026,PORT004,INS0018,2025-10-26,4714,56.9701,268557.05,-2483.01,USD,MOCK_FEED
POS00400920251026,PORT004,INS0019,2025-10-26,1137,17.8945,20346.05,-329.48,GBP,MOCK_FEED
POS00401020251026,PORT004,INS0020,2025-10-26,2246,10.6406,23898.79,852.96,INR,MOCK_FEED
POS00400120251027,PORT004,INS0011,2025-10-27,2572,23.1118,59443.55,352.45,INR,MOCK_FEED
POS00400220251027,PORT004,INS0012,2025-10-27,1928,9.3283,17984.96,408.1,USD,MOCK_FEED
POS00400320251027,PORT004,INS0013,2025-10-27,1128,34.4846,38898.63,1045.73,USD,MOCK_FEED
POS00400420251027,PORT004,INS0014,2025-10-27,3460,11.1886,38712.56,-725.34,INR,MOCK_FEED
POS00400520251027,PORT004,INS0015,2025-10-27,4075,26.458,107816.35,-2984.49,USD,MOCK_FEED
POS00400620251027,PORT004,INS0016,2025-10-27,2175,44.0498,95808.31,2013.66,USD,MOCK_FEED
POS00400720251027,PORT004,INS0017,2025-10-27,1496,125.7739,188157.75,1273.28,EUR,MOCK_FEED
POS00400820251027,PORT004,INS0018,2025-10-27,1937,57.0081,110424.69,2480.57,GBP,MOCK_FEED
POS00400920251027,PORT004,INS0019,2025-10-27,2341,17.8793,41855.44,748.66,INR,MOCK_FEED
POS00401020251027,PORT004,INS0020,2025-10-27,2789,10.6549,29716.52,318.72,GBP,MOCK_FEED
POS00400120251028,PORT004,INS0011,2025-10-28,2024,23.0246,46601.79,644.72,INR,MOCK_FEED
POS00400220251028,PORT004,INS0012,2025-10-28,4648,9.3318,43374.21,-315.7,EUR,MOCK_FEED
POS00400320251028,PORT004,INS0013,2025-10-28,1132,33.923,38400.84,1233.26,GBP,MOCK_FEED
POS00400420251028,PORT004,INS0014,2025-10-28,1709,11.1843,19113.97,-381.23,GBP,MOCK_FEED
POS00400520251028,PORT004,INS0015,2025-10-28,3818,25.7668,98377.64,-2674.19,INR,MOCK_FEED
POS00400620251028,PORT004,INS0016,2025-10-28,807,43.5791,35168.33,867.31,INR,MOCK_FEED
POS00400720251028,PORT004,INS0017,2025-10-28,1167,124.2895,145045.85,1793.35,USD,MOCK_FEED
POS00400820251028,PORT004,INS0018,2025-10-28,549,57.5113,31573.7,226.84,INR,MOCK_FEED
POS00400920251028,PORT004,INS0019,2025-10-28,3387,17.9576,60822.39,1038.31,INR,MOCK_FEED
POS00401020251028,PORT004,INS0020,2025-10-28,1745,10.7259,18716.7,-207.71,GBP,MOCK_FEED
POS00400120251029,PORT004,INS0011,2025-10-29,1189,22.853,27172.22,320.19,EUR,MOCK_FEED
POS00400220251029,PORT004,INS0012,2025-10-29,4186,9.3952,39328.31,902.79,INR,MOCK_FEED
POS00400320251029,PORT004,INS0013,2025-10-29,3577,33.6481,120359.25,3100.42,INR,MOCK_FEED
POS00400420251029,PORT004,INS0014,2025-10-29,1216,11.0749,13467.08,40.6,INR,MOCK_FEED
POS00400520251029,PORT004,INS0015,2025-10-29,774,25.944,20080.66,718.21,GBP,MOCK_FEED
POS00400620251029,PORT004,INS0016,2025-10-29,3527,43.3873,153027.01,1827.51,EUR,MOCK_FEED
POS00400720251029,PORT004,INS0017,2025-10-29,4008,120.0533,481173.63,-2535.56,INR,MOCK_FEED
POS00400820251029,PORT004,INS0018,2025-10-29,3272,56.9895,186469.64,-3326.52,EUR,MOCK_FEED
POS00400920251029,PORT004,INS0019,2025-10-29,1667,18.0753,30131.53,555.75,USD,MOCK_FEED
POS00401020251029,PORT004,INS0020,2025-10-29,2965,10.8654,32215.91,-53.87,GBP,MOCK_FEED
POS00400120251030,PORT004,INS0011,2025-10-30,2423,23.0471,55843.12,-1338.24,EUR,MOCK_FEED
POS00400220251030,PORT004,INS0012,2025-10-30,2293,9.2494,21208.87,701.11,USD,MOCK_FEED
POS00400320251030,PORT004,INS0013,2025-10-30,2605,33.9297,88386.87,1444.76,USD,MOCK_FEED
POS00400420251030,PORT004,INS0014,2025-10-30,1492,11.2306,16756.06,194.62,EUR,MOCK_FEED
POS00400520251030,PORT004,INS0015,2025-10-30,3735,25.4255,94964.24,-2766.09,INR,MOCK_FEED
POS00400620251030,PORT004,INS0016,2025-10-30,3975,43.3708,172398.93,-3129.46,GBP,MOCK_FEED
POS00400720251030,PORT004,INS0017,2025-10-30,4946,121.2649,599776.2,-13604.4,INR,MOCK_FEED
POS00400820251030,PORT004,INS0018,2025-10-30,4709,57.01,268460.09,5980.38,EUR,MOCK_FEED
POS00400920251030,PORT004,INS0019,2025-10-30,1813,18.1359,32880.39,-123.1,USD,MOCK_FEED
POS00401020251030,PORT004,INS0020,2025-10-30,1106,10.9987,12164.56,-347.65,USD,MOCK_FEED
POS00400120251031,PORT004,INS0011,2025-10-31,2014,23.042,46406.59,-137.39,GBP,MOCK_FEED
POS00400220251031,PORT004,INS0012,2025-10-31,2533,9.3636,23718.0,728.31,USD,MOCK_FEED
POS00400320251031,PORT004,INS0013,2025-10-31,4981,33.8903,168807.58,-5017.26,EUR,MOCK_FEED
POS00400420251031,PORT004,INS0014,2025-10-31,1116,11.3267,12640.6,-1.26,USD,MOCK_FEED
POS00400520251031,PORT004,INS0015,2025-10-31,4867,25.4049,123645.65,-3122.4,GBP,MOCK_FEED
POS00400620251031,PORT004,INS0016,2025-10-31,2704,43.3319,117169.46,-1840.33,GBP,MOCK_FEED
POS00400720251031,PORT004,INS0017,2025-10-31,3129,120.1373,375909.61,-5426.55,INR,MOCK_FEED
POS00400820251031,PORT004,INS0018,2025-10-31,1928,58.0399,111900.93,-2739.84,INR,MOCK_FEED
POS00400920251031,PORT004,INS0019,2025-10-31,651,18.1611,11822.88,205.61,GBP,MOCK_FEED
POS00401020251031,PORT004,INS0020,2025-10-31,1007,10.6872,10762.01,-103.28,EUR,MOCK_FEED
POS00400120251101,PORT004,INS0011,2025-11-01,1146,22.6088,25909.68,54.54,EUR,MOCK_FEED
POS00400220251101,PORT004,INS0012,2025-11-01,4519,9.3004,42028.51,1225.35,USD,MOCK_FEED
POS00400320251101,PORT004,INS0013,2025-11-01,1218,33.3114,40573.29,-290.0,GBP,MOCK_FEED
POS00400420251101,PORT004,INS0014,2025-11-01,1812,11.2842,20446.97,222.5,INR,MOCK_FEED
POS00400520251101,PORT004,INS0015,2025-11-01,3984,25.4419,101360.53,-703.44,EUR,MOCK_FEED
POS00400620251101,PORT004,INS0016,2025-11-01,4336,42.7539,185380.91,5924.96,GBP,MOCK_FEED
POS00400720251101,PORT004,INS0017,2025-11-01,4810,121.5169,584496.29,21411.62,EUR,MOCK_FEED
POS00400820251101,PORT004,INS0018,2025-11-01,4690,57.8089,271123.74,-550.9,INR,MOCK_FEED
POS00400920251101,PORT004,INS0019,2025-11-01,3769,18.1063,68242.64,-440.64,EUR,MOCK_FEED
POS00401020251101,PORT004,INS0020,2025-11-01,3507,10.9053,38244.89,-945.89,INR,MOCK_FEED
POS00400120251102,PORT004,INS0011,2025-11-02,3621,21.9419,79451.62,234.44,INR,MOCK_FEED
POS00400220251102,PORT004,INS0012,2025-11-02,1749,9.4407,16511.78,-69.39,GBP,MOCK_FEED
POS00400320251102,PORT004,INS0013,2025-11-02,3521,33.1836,116839.46,-2564.4,GBP,MOCK_FEED
POS00400420251102,PORT004,INS0014,2025-11-02,3635,11.2239,40798.88,-542.15,EUR,MOCK_FEED
POS00400520251102,PORT004,INS0015,2025-11-02,1965,25.1901,49498.55,1010.42,EUR,MOCK_FEED
POS00400620251102,PORT004,INS0016,2025-11-02,2616,42.716,111745.06,2235.31,EUR,MOCK_FEED
POS00400720251102,PORT004,INS0017,2025-11-02,1955,120.8137,236190.78,4935.26,EUR,MOCK_FEED
POS00400820251102,PORT004,INS0018,2025-11-02,3204,57.7769,185117.19,-4190.9,USD,MOCK_FEED
POS00400920251102,PORT004,INS0019,2025-11-02,538,17.8847,9621.97,-251.68,INR,MOCK_FEED
POS00401020251102,PORT004,INS0020,2025-11-02,2441,10.65,25996.65,109.11,GBP,MOCK_FEED
POS00400120251103,PORT004,INS0011,2025-11-03,2918,21.8453,63744.59,-875.53,INR,MOCK_FEED
POS00400220251103,PORT004,INS0012,2025-11-03,4368,9.6987,42363.92,-764.77,GBP,MOCK_FEED
POS00400320251103,PORT004,INS0013,2025-11-03,4062,32.4646,131871.21,-875.63,EUR,MOCK_FEED
POS00400420251103,PORT004,INS0014,2025-11-03,1517,11.2009,16991.77,-508.87,USD,MOCK_FEED
POS00400520251103,PORT004,INS0015,2025-11-03,3120,25.3071,78958.15,-486.06,INR,MOCK_FEED
POS00400620251103,PORT004,INS0016,2025-11-03,1912,42.9088,82041.63,402.8,INR,MOCK_FEED
POS00400720251103,PORT004,INS0017,2025-11-03,2652,120.1573,318657.16,-7587.81,GBP,MOCK_FEED
POS00400820251103,PORT004,INS0018,2025-11-03,1350,57.8964,78160.14,-1093.16,INR,MOCK_FEED
POS00400920251103,PORT004,INS0019,2025-11-03,1730,17.4425,30175.52,-276.66,INR,MOCK_FEED
POS00401020251103,PORT004,INS0020,2025-11-03,745,10.606,7901.47,-52.18,EUR,MOCK_FEED
POS00400120251104,PORT004,INS0011,2025-11-04,4300,21.6949,93288.07,2164.26,EUR,MOCK_FEED
POS00400220251104,PORT004,INS0012,2025-11-04,2876,9.7421,28018.28,723.74,GBP,MOCK_FEED
POS00400320251104,PORT004,INS0013,2025-11-04,185,32.3765,5989.65,-7.22,GBP,MOCK_FEED
POS00400420251104,PORT004,INS0014,2025-11-04,696,11.3118,7873.01,-112.67,INR,MOCK_FEED
POS00400520251104,PORT004,INS0015,2025-11-04,1092,25.4594,27801.66,-416.48,GBP,MOCK_FEED
POS00400620251104,PORT004,INS0016,2025-11-04,730,43.1916,31529.87,-73.24,EUR,MOCK_FEED
POS00400720251104,PORT004,INS0017,2025-11-04,151,122.0773,18433.67,537.17,USD,MOCK_FEED
POS00400820251104,PORT004,INS0018,2025-11-04,2461,58.1765,143172.37,1271.41,GBP,MOCK_FEED
POS00400920251104,PORT004,INS0019,2025-11-04,4472,17.125,76583.0,756.58,EUR,MOCK_FEED
POS00401020251104,PORT004,INS0020,2025-11-04,1863,10.679,19894.98,243.99,EUR,MOCK_FEED
POS00400120251105,PORT004,INS0011,2025-11-05,2264,21.8818,49540.4,801.39,USD,MOCK_FEED
POS00400220251105,PORT004,INS0012,2025-11-05,3613,9.9191,35837.71,658.79,INR,MOCK_FEED
POS00400320251105,PORT004,INS0013,2025-11-05,3606,32.8391,118417.79,-2427.42,INR,MOCK_FEED
POS00400420251105,PORT004,INS0014,2025-11-05,2981,11.455,34147.36,1286.06,INR,MOCK_FEED
POS00400520251105,PORT004,INS0015,2025-11-05,2811,25.5842,71917.19,-1796.61,EUR,MOCK_FEED
POS00400620251105,PORT004,INS0016,2025-11-05,4727,42.4919,200859.21,285.4,GBP,MOCK_FEED
POS00400720251105,PORT004,INS0017,2025-11-05,3680,122.4885,450757.68,-7567.07,INR,MOCK_FEED
POS00400820251105,PORT004,INS0018,2025-11-05,2730,57.9303,158149.72,-2143.45,INR,MOCK_FEED
POS00400920251105,PORT004,INS0019,2025-11-05,4151,16.8361,69886.65,-863.64,GBP,MOCK_FEED
POS00401020251105,PORT004,INS0020,2025-11-05,2068,10.7304,22190.47,351.53,EUR,MOCK_FEED
POS00400120251106,PORT004,INS0011,2025-11-06,1704,21.9822,37457.67,-1061.75,EUR,MOCK_FEED
POS00400220251106,PORT004,INS0012,2025-11-06,3622,9.9309,35969.72,-1017.59,GBP,MOCK_FEED
POS00400320251106,PORT004,INS0013,2025-11-06,4763,32.7342,155912.99,629.09,GBP,MOCK_FEED
POS00400420251106,PORT004,INS0014,2025-11-06,1057,11.1382,11773.08,-147.35,EUR,MOCK_FEED
POS00400520251106,PORT004,INS0015,2025-11-06,3614,25.5658,92394.8,2904.54,EUR,MOCK_FEED
POS00400620251106,PORT004,INS0016,2025-11-06,1730,42.8764,74176.17,-86.07,USD,MOCK_FEED
POS00400720251106,PORT004,INS0017,2025-11-06,2174,124.3092,270248.2,-2569.21,INR,MOCK_FEED
POS00400820251106,PORT004,INS0018,2025-11-06,1421,56.7259,80607.5,-985.86,EUR,MOCK_FEED
POS00400920251106,PORT004,INS0019,2025-11-06,4962,16.7708,83216.71,698.59,EUR,MOCK_FEED
POS00401020251106,PORT004,INS0020,2025-11-06,2953,10.6077,31324.54,-421.96,INR,MOCK_FEED
POS00400120251107,PORT004,INS0011,2025-11-07,3733,21.8865,81702.3,-1251.76,INR,MOCK_FEED
POS00400220251107,PORT004,INS0012,2025-11-07,4963,10.0268,49763.01,1195.21,INR,MOCK_FEED
POS00400320251107,PORT004,INS0013,2025-11-07,629,32.6636,20545.4,-552.85,EUR,MOCK_FEED
POS00400420251107,PORT004,INS0014,2025-11-07,2696,11.0469,29782.44,-161.94,USD,MOCK_FEED
POS00400520251107,PORT004,INS0015,2025-11-07,3333,25.3784,84586.21,3036.48,INR,MOCK_FEED
POS00400620251107,PORT004,INS0016,2025-11-07,1408,43.0317,60588.63,1343.29,USD,MOCK_FEED
POS00400720251107,PORT004,INS0017,2025-11-07,4643,123.0976,571542.16,-3376.32,INR,MOCK_FEED
POS00400820251107,PORT004,INS0018,2025-11-07,4860,56.9804,276924.74,2861.69,GBP,MOCK_FEED
POS00400920251107,PORT004,INS0019,2025-11-07,2973,16.2931,48439.39,1797.3,USD,MOCK_FEED
POS00401020251107,PORT004,INS0020,2025-11-07,3883,10.4881,40725.29,-1213.16,EUR,MOCK_FEED
POS00400120251108,PORT004,INS0011,2025-11-08,3730,22.2643,83045.84,2638.71,INR,MOCK_FEED
POS00400220251108,PORT004,INS0012,2025-11-08,3135,10.0842,31613.97,-285.18,GBP,MOCK_FEED
POS00400320251108,PORT004,INS0013,2025-11-08,2374,32.8268,77930.82,44.63,EUR,MOCK_FEED
POS00400420251108,PORT004,INS0014,2025-11-08,4262,10.9988,46876.89,1461.92,INR,MOCK_FEED
POS00400520251108,PORT004,INS0015,2025-11-08,3497,25.6218,89599.43,628.9,USD,MOCK_FEED
POS00400620251108,PORT004,INS0016,2025-11-08,3848,42.7347,164443.13,-43.82,INR,MOCK_FEED
POS00400720251108,PORT004,INS0017,2025-11-08,1513,122.8078,185808.2,6636.69,GBP,MOCK_FEED
POS00400820251108,PORT004,INS0018,2025-11-08,1168,57.2341,66849.43,1324.16,USD,MOCK_FEED
POS00400920251108,PORT004,INS0019,2025-11-08,3671,16.4163,60264.24,1818.7,USD,MOCK_FEED
POS00401020251108,PORT004,INS0020,2025-11-08,2744,10.395,28523.88,449.32,USD,MOCK_FEED
POS00400120251109,PORT004,INS0011,2025-11-09,1890,22.235,42024.15,-1232.77,GBP,MOCK_FEED
POS00400220251109,PORT004,INS0012,2025-11-09,871,10.2333,8913.2,156.74,INR,MOCK_FEED
POS00400320251109,PORT004,INS0013,2025-11-09,3330,32.3433,107703.19,-2600.74,GBP,MOCK_FEED
POS00400420251109,PORT004,INS0014,2025-11-09,3985,10.9971,43823.44,138.49,USD,MOCK_FEED
POS00400520251109,PORT004,INS0015,2025-11-09,3071,25.6345,78723.55,-560.0,EUR,MOCK_FEED
POS00400620251109,PORT004,INS0016,2025-11-09,4058,42.95,174291.1,5921.18,EUR,MOCK_FEED
POS00400720251109,PORT004,INS0017,2025-11-09,3623,121.1265,438841.31,7910.68,EUR,MOCK_FEED
POS00400820251109,PORT004,INS0018,2025-11-09,1883,56.179,105785.06,4058.08,USD,MOCK_FEED
POS00400920251109,PORT004,INS0019,2025-11-09,2122,16.4165,34835.81,594.0,USD,MOCK_FEED
POS00401020251109,PORT004,INS0020,2025-11-09,1720,10.2407,17614.0,116.83,GBP,MOCK_FEED
POS00400120251110,PORT004,INS0011,2025-11-10,1670,22.2398,37140.47,-988.62,INR,MOCK_FEED
POS00400220251110,PORT004,INS0012,2025-11-10,939,10.3072,9678.46,327.11,INR,MOCK_FEED
POS00400320251110,PORT004,INS0013,2025-11-10,2976,32.2045,95840.59,3495.7,INR,MOCK_FEED
POS00400420251110,PORT004,INS0014,2025-11-10,693,11.0142,7632.84,-139.97,EUR,MOCK_FEED
POS00400520251110,PORT004,INS0015,2025-11-10,4162,25.9425,107972.68,-901.17,USD,MOCK_FEED
POS00400620251110,PORT004,INS0016,2025-11-10,2342,43.1428,101040.44,871.81,GBP,MOCK_FEED
POS00400720251110,PORT004,INS0017,2025-11-10,2531,120.2025,304232.53,-8518.16,GBP,MOCK_FEED
POS00400820251110,PORT004,INS0018,2025-11-10,2676,57.1734,152996.02,-2665.83,USD,MOCK_FEED
POS00400920251110,PORT004,INS0019,2025-11-10,3893,16.2859,63401.01,-134.56,GBP,MOCK_FEED
POS00401020251110,PORT004,INS0020,2025-11-10,1672,10.1211,16922.48,356.42,GBP,MOCK_FEED
POS00400120251111,PORT004,INS0011,2025-11-11,2946,22.3132,65734.69,1711.27,INR,MOCK_FEED
POS00400220251111,PORT004,INS0012,2025-11-11,4853,10.3876,50411.02,-1039.12,EUR,MOCK_FEED
POS00400320251111,PORT004,INS0013,2025-11-11,2766,32.6601,90337.84,-1337.04,GBP,MOCK_FEED
POS00400420251111,PORT004,INS0014,2025-11-11,3968,11.0328,43778.15,661.46,INR,MOCK_FEED
POS00400520251111,PORT004,INS0015,2025-11-11,1957,25.7626,50417.41,992.28,USD,MOCK_FEED
POS00400620251111,PORT004,INS0016,2025-11-11,1168,43.1517,50401.19,1209.23,EUR,MOCK_FEED
POS00400720251111,PORT004,INS0017,2025-11-11,1950,120.6123,235193.99,-1153.23,USD,MOCK_FEED
POS00400820251111,PORT004,INS0018,2025-11-11,4856,57.4093,278779.56,3598.68,USD,MOCK_FEED
POS00400920251111,PORT004,INS0019,2025-11-11,2269,16.2102,36780.94,386.79,GBP,MOCK_FEED
POS00401020251111,PORT004,INS0020,2025-11-11,2336,10.0473,23470.49,232.41,GBP,MOCK_FEED
POS00400120251112,PORT004,INS0011,2025-11-12,658,22.509,14810.92,400.61,INR,MOCK_FEED
POS00400220251112,PORT004,INS0012,2025-11-12,1849,10.074,18626.83,-350.22,EUR,MOCK_FEED
POS00400320251112,PORT004,INS0013,2025-11-12,3853,32.6694,125875.2,-844.36,INR,MOCK_FEED
POS00400420251112,PORT004,INS0014,2025-11-12,4072,11.0074,44822.13,602.72,GBP,MOCK_FEED
POS00400520251112,PORT004,INS0015,2025-11-12,4852,25.6757,124578.5,2575.54,INR,MOCK_FEED
POS00400620251112,PORT004,INS0016,2025-11-12,3925,42.9809,168700.03,4178.39,INR,MOCK_FEED
POS00400720251112,PORT004,INS0017,2025-11-12,2935,118.4549,347665.13,5106.34,EUR,MOCK_FEED
POS00400820251112,PORT004,INS0018,2025-11-12,301,58.168,17508.57,124.41,EUR,MOCK_FEED
POS00400920251112,PORT004,INS0019,2025-11-12,2278,15.9579,36352.1,519.09,USD,MOCK_FEED
POS00401020251112,PORT004,INS0020,2025-11-12,1001,10.2023,10212.5,159.99,USD,MOCK_FEED
POS00400120251113,PORT004,INS0011,2025-11-13,1101,22.5925,24874.34,907.0,GBP,MOCK_FEED
POS00400220251113,PORT004,INS0012,2025-11-13,1786,10.303,18401.16,575.1,INR,MOCK_FEED
POS00400320251113,PORT004,INS0013,2025-11-13,2727,32.4149,88395.43,-288.24,INR,MOCK_FEED
POS00400420251113,PORT004,INS0014,2025-11-13,3357,11.0703,37163.0,-938.79,EUR,MOCK_FEED
POS00400520251113,PORT004,INS0015,2025-11-13,4116,25.5705,105248.18,2814.82,EUR,MOCK_FEED
POS00400620251113,PORT004,INS0016,2025-11-13,227,43.3375,9837.61,-35.16,GBP,MOCK_FEED
POS00400720251113,PORT004,INS0017,2025-11-13,4960,118.8154,589324.38,-2871.77,USD,MOCK_FEED
POS00400820251113,PORT004,INS0018,2025-11-13,890,58.1269,51732.94,-286.72,GBP,MOCK_FEED
POS00400920251113,PORT004,INS0019,2025-11-13,4307,16.0748,69234.16,1064.56,EUR,MOCK_FEED
POS00401020251113,PORT004,INS0020,2025-11-13,956,10.0399,9598.14,-266.14,USD,MOCK_FEED
POS00400120251114,PORT004,INS0011,2025-11-14,3100,22.6508,70217.48,-1835.75,INR,MOCK_FEED
POS00400220251114,PORT004,INS0012,2025-11-14,4350,10.2284,44493.54,1507.04,GBP,MOCK_FEED
POS00400320251114,PORT004,INS0013,2025-11-14,2076,32.1051,66650.19,-1792.67,USD,MOCK_FEED
POS00400420251114,PORT004,INS0014,2025-11-14,4088,11.0261,45074.7,14.59,USD,MOCK_FEED
POS00400520251114,PORT004,INS0015,2025-11-14,148,24.9748,3696.27,-5.41,EUR,MOCK_FEED
POS00400620251114,PORT004,INS0016,2025-11-14,355,44.5517,15815.85,125.12,INR,MOCK_FEED
POS00400720251114,PORT004,INS0017,2025-11-14,315,118.7166,37395.73,-293.73,GBP,MOCK_FEED
POS00400820251114,PORT004,INS0018,2025-11-14,3765,57.5503,216676.88,-1732.67,INR,MOCK_FEED
POS00400920251114,PORT004,INS0019,2025-11-14,4966,16.0357,79633.29,-1417.14,INR,MOCK_FEED
POS00401020251114,PORT004,INS0020,2025-11-14,4919,9.9534,48960.77,-1292.16,EUR,MOCK_FEED
POS00400120251115,PORT004,INS0011,2025-11-15,3376,22.5622,76169.99,-664.21,USD,MOCK_FEED
POS00400220251115,PORT004,INS0012,2025-11-15,1835,10.1594,18642.5,-240.71,INR,MOCK_FEED
POS00400320251115,PORT004,INS0013,2025-11-15,840,32.9321,27662.96,-131.09,GBP,MOCK_FEED
POS00400420251115,PORT004,INS0014,2025-11-15,4348,10.6907,46483.16,-685.6,USD,MOCK_FEED
POS00400520251115,PORT004,INS0015,2025-11-15,2983,24.7751,73904.12,1629.21,GBP,MOCK_FEED
POS00400620251115,PORT004,INS0016,2025-11-15,4399,45.1301,198527.31,174.17,INR,MOCK_FEED
POS00400720251115,PORT004,INS0017,2025-11-15,1791,119.6788,214344.73,2662.63,USD,MOCK_FEED
POS00400820251115,PORT004,INS0018,2025-11-15,4877,58.6889,286225.77,-8323.25,INR,MOCK_FEED
POS00400920251115,PORT004,INS0019,2025-11-15,2313,16.2662,37623.72,971.86,USD,MOCK_FEED
POS00401020251115,PORT004,INS0020,2025-11-15,3663,10.1765,37276.52,-591.31,USD,MOCK_FEED
POS00400120251116,PORT004,INS0011,2025-11-16,1400,22.6865,31761.1,-50.27,GBP,MOCK_FEED
POS00400220251116,PORT004,INS0012,2025-11-16,3310,10.0261,33186.39,569.63,EUR,MOCK_FEED
POS00400320251116,PORT004,INS0013,2025-11-16,4688,32.7022,153307.91,5466.6,USD,MOCK_FEED
POS00400420251116,PORT004,INS0014,2025-11-16,2148,10.8355,23274.65,578.57,USD,MOCK_FEED
POS00400520251116,PORT004,INS0015,2025-11-16,3999,24.8364,99320.76,-2825.07,INR,MOCK_FEED
POS00400620251116,PORT004,INS0016,2025-11-16,2989,44.9419,134331.34,-3653.31,GBP,MOCK_FEED
POS00400720251116,PORT004,INS0017,2025-11-16,2752,119.4335,328680.99,-5731.48,INR,MOCK_FEED
POS00400820251116,PORT004,INS0018,2025-11-16,1329,58.1921,77337.3,-479.06,INR,MOCK_FEED
POS00400920251116,PORT004,INS0019,2025-11-16,4856,15.9926,77660.07,2121.7,INR,MOCK_FEED
POS00401020251116,PORT004,INS0020,2025-11-16,314,10.3133,3238.38,3.79,EUR,MOCK_FEED
POS00400120251117,PORT004,INS0011,2025-11-17,3496,22.6909,79327.39,526.34,INR,MOCK_FEED
POS00400220251117,PORT004,INS0012,2025-11-17,1219,9.9298,12104.43,478.91,USD,MOCK_FEED
POS00400320251117,PORT004,INS0013,2025-11-17,3302,32.3103,106688.61,-63.56,EUR,MOCK_FEED
POS00400420251117,PORT004,INS0014,2025-11-17,4088,10.7681,44019.99,202.87,EUR,MOCK_FEED
POS00400520251117,PORT004,INS0015,2025-11-17,2032,24.9095,50616.1,1027.5,GBP,MOCK_FEED
POS00400620251117,PORT004,INS0016,2025-11-17,1820,44.5869,81148.16,2045.35,EUR,MOCK_FEED
POS00400720251117,PORT004,INS0017,2025-11-17,470,119.6547,56237.71,-761.68,INR,MOCK_FEED
POS00400820251117,PORT004,INS0018,2025-11-17,3355,56.6462,190048.0,-4124.76,INR,MOCK_FEED
POS00400920251117,PORT004,INS0019,2025-11-17,4481,16.0575,71953.66,1807.15,INR,MOCK_FEED
POS00401020251117,PORT004,INS0020,2025-11-17,1795,10.3432,18566.04,454.79,INR,MOCK_FEED
POS00400120251118,PORT004,INS0011,2025-11-18,3115,22.2474,69300.65,-1842.45,GBP,MOCK_FEED
POS00400220251118,PORT004,INS0012,2025-11-18,4918,9.9143,48758.53,565.14,GBP,MOCK_FEED
POS00400320251118,PORT004,INS0013,2025-11-18,2661,33.3313,88694.59,2708.85,USD,MOCK_FEED
POS00400420251118,PORT004,INS0014,2025-11-18,3598,10.8543,39053.77,721.44,GBP,MOCK_FEED
POS00400520251118,PORT004,INS0015,2025-11-18,1027,24.9529,25626.63,26.45,GBP,MOCK_FEED
POS00400620251118,PORT004,INS0016,2025-11-18,290,44.6101,12936.93,39.88,INR,MOCK_FEED
POS00400720251118,PORT004,INS0017,2025-11-18,1229,123.1439,151343.85,5614.28,GBP,MOCK_FEED
POS00400820251118,PORT004,INS0018,2025-11-18,4101,57.1434,234345.08,-4287.51,EUR,MOCK_FEED
POS00400920251118,PORT004,INS0019,2025-11-18,4664,15.7537,73475.26,2681.39,USD,MOCK_FEED
POS00401020251118,PORT004,INS0020,2025-11-18,1190,10.3875,12361.12,-248.35,USD,MOCK_FEED
POS00400120251119,PORT004,INS0011,2025-11-19,3907,22.2497,86929.58,2327.68,EUR,MOCK_FEED
POS00400220251119,PORT004,INS0012,2025-11-19,3814,9.9343,37889.42,-425.11,USD,MOCK_FEED
POS00400320251119,PORT004,INS0013,2025-11-19,2735,34.0172,93037.04,1578.91,USD,MOCK_FEED
POS00400420251119,PORT004,INS0014,2025-11-19,1443,10.5583,15235.63,386.96,GBP,MOCK_FEED
POS00400520251119,PORT004,INS0015,2025-11-19,3781,24.5489,92819.39,1264.48,INR,MOCK_FEED
POS00400620251119,PORT004,INS0016,2025-11-19,2486,44.9066,111637.81,2507.11,EUR,MOCK_FEED
POS00400720251119,PORT004,INS0017,2025-11-19,2499,123.3448,308238.66,10328.42,GBP,MOCK_FEED
POS00400820251119,PORT004,INS0018,2025-11-19,2555,56.4781,144301.55,-1311.41,EUR,MOCK_FEED
POS00400920251119,PORT004,INS0019,2025-11-19,1490,15.7134,23412.97,-526.31,GBP,MOCK_FEED
POS00401020251119,PORT004,INS0020,2025-11-19,1086,10.3315,11220.01,39.83,USD,MOCK_FEED
POS00400120251120,PORT004,INS0011,2025-11-20,4329,22.1717,95981.29,-2602.21,INR,MOCK_FEED
POS00400220251120,PORT004,INS0012,2025-11-20,4190,9.7574,40883.51,-267.67,USD,MOCK_FEED
POS00400320251120,PORT004,INS0013,2025-11-20,4648,33.6434,156374.52,-1699.56,EUR,MOCK_FEED
POS00400420251120,PORT004,INS0014,2025-11-20,3870,10.631,41141.97,1427.53,INR,MOCK_FEED
POS00400520251120,PORT004,INS0015,2025-11-20,2617,24.9099,65189.21,1875.65,INR,MOCK_FEED
POS00400620251120,PORT004,INS0016,2025-11-20,2855,44.0457,125750.47,4707.85,INR,MOCK_FEED
POS00400720251120,PORT004,INS0017,2025-11-20,2298,122.3547,281171.1,4587.7,EUR,MOCK_FEED
POS00400820251120,PORT004,INS0018,2025-11-20,1433,55.5405,79589.54,746.01,EUR,MOCK_FEED
POS00400920251120,PORT004,INS0019,2025-11-20,4398,15.8415,69670.92,440.3,EUR,MOCK_FEED
POS00401020251120,PORT004,INS0020,2025-11-20,1819,9.9967,18184.0,519.19,GBP,MOCK_FEED
POS00400120251121,PORT004,INS0011,2025-11-21,3614,22.242,80382.59,2943.35,USD,MOCK_FEED
POS00400220251121,PORT004,INS0012,2025-11-21,4929,9.883,48713.31,1301.02,INR,MOCK_FEED
POS00400320251121,PORT004,INS0013,2025-11-21,1757,33.3805,58649.54,730.04,GBP,MOCK_FEED
POS00400420251121,PORT004,INS0014,2025-11-21,582,10.5613,6146.68,-65.88,EUR,MOCK_FEED
POS00400520251121,PORT004,INS0015,2025-11-21,3426,25.5131,87407.88,-2423.01,INR,MOCK_FEED
POS00400620251121,PORT004,INS0016,2025-11-21,1245,44.8102,55788.7,976.43,EUR,MOCK_FEED
POS00400720251121,PORT004,INS0017,2025-11-21,1571,122.7163,192787.31,-2784.17,INR,MOCK_FEED
POS00400820251121,PORT004,INS0018,2025-11-21,752,55.1636,41483.03,833.17,INR,MOCK_FEED
POS00400920251121,PORT004,INS0019,2025-11-21,715,15.9484,11403.11,377.49,GBP,MOCK_FEED
POS00401020251121,PORT004,INS0020,2025-11-21,3077,9.8848,30415.53,-188.93,INR,MOCK_FEED
POS00400120251122,PORT004,INS0011,2025-11-22,1395,21.6772,30239.69,920.08,USD,MOCK_FEED
POS00400220251122,PORT004,INS0012,2025-11-22,2201,10.0148,22042.57,564.48,USD,MOCK_FEED
POS00400320251122,PORT004,INS0013,2025-11-22,1750,33.9867,59476.72,195.97,INR,MOCK_FEED
POS00400420251122,PORT004,INS0014,2025-11-22,3069,10.4463,32059.69,-235.28,EUR,MOCK_FEED
POS00400520251122,PORT004,INS0015,2025-11-22,1997,26.0266,51975.12,-361.33,GBP,MOCK_FEED
POS00400620251122,PORT004,INS0016,2025-11-22,3791,45.065,170841.41,143.89,USD,MOCK_FEED
POS00400720251122,PORT004,INS0017,2025-11-22,1372,125.4203,172076.65,-4990.38,INR,MOCK_FEED
POS00400820251122,PORT004,INS0018,2025-11-22,2476,55.4568,137311.04,3130.39,EUR,MOCK_FEED
POS00400920251122,PORT004,INS0019,2025-11-22,2862,15.7737,45144.33,173.18,INR,MOCK_FEED
POS00401020251122,PORT004,INS0020,2025-11-22,3755,9.9162,37235.33,1012.53,EUR,MOCK_FEED
POS00400120251123,PORT004,INS0011,2025-11-23,3624,21.8727,79266.66,2283.83,GBP,MOCK_FEED
POS00400220251123,PORT004,INS0012,2025-11-23,2966,10.1835,30204.26,1182.06,USD,MOCK_FEED
POS00400320251123,PORT004,INS0013,2025-11-23,854,33.6448,28732.66,14.68,INR,MOCK_FEED
POS00400420251123,PORT004,INS0014,2025-11-23,2272,10.5431,23953.92,928.1,INR,MOCK_FEED
POS00400520251123,PORT004,INS0015,2025-11-23,4197,26.3397,110547.72,-2150.02,EUR,MOCK_FEED
POS00400620251123,PORT004,INS0016,2025-11-23,767,44.8983,34437.0,495.51,USD,MOCK_FEED
POS00400720251123,PORT004,INS0017,2025-11-23,199,127.0392,25280.8,-754.31,USD,MOCK_FEED
POS00400820251123,PORT004,INS0018,2025-11-23,3723,54.5574,203117.2,-4828.97,USD,MOCK_FEED
POS00400920251123,PORT004,INS0019,2025-11-23,1418,15.9661,22639.93,-501.56,USD,MOCK_FEED
POS00401020251123,PORT004,INS0020,2025-11-23,3407,9.6413,32847.91,1312.72,USD,MOCK_FEED
POS00400120251124,PORT004,INS0011,2025-11-24,867,21.7775,18881.09,-218.18,USD,MOCK_FEED
POS00400220251124,PORT004,INS0012,2025-11-24,839,10.2556,8604.45,-202.04,INR,MOCK_FEED
POS00400320251124,PORT004,INS0013,2025-11-24,889,34.0315,30254.0,292.26,INR,MOCK_FEED
POS00400420251124,PORT004,INS0014,2025-11-24,3520,10.4905,36926.56,-206.84,GBP,MOCK_FEED
POS00400520251124,PORT004,INS0015,2025-11-24,272,25.9973,7071.27,277.91,INR,MOCK_FEED
POS00400620251124,PORT004,INS0016,2025-11-24,3387,44.2204,149774.49,5518.05,EUR,MOCK_FEED
POS00400720251124,PORT004,INS0017,2025-11-24,4156,125.1385,520075.61,-9749.13,GBP,MOCK_FEED
POS00400820251124,PORT004,INS0018,2025-11-24,1631,54.3131,88584.67,-1335.84,EUR,MOCK_FEED
POS00400920251124,PORT004,INS0019,2025-11-24,979,16.2209,15880.26,-206.47,GBP,MOCK_FEED
POS00401020251124,PORT004,INS0020,2025-11-24,718,9.5566,6861.64,-116.47,EUR,MOCK_FEED
POS00400120251125,PORT004,INS0011,2025-11-25,1441,21.601,31127.04,61.96,INR,MOCK_FEED
POS00400220251125,PORT004,INS0012,2025-11-25,689,10.1277,6977.99,146.4,EUR,MOCK_FEED
POS00400320251125,PORT004,INS0013,2025-11-25,3954,34.0796,134750.74,-2570.74,USD,MOCK_FEED
POS00400420251125,PORT004,INS0014,2025-11-25,1440,10.823,15585.12,339.42,INR,MOCK_FEED
POS00400520251125,PORT004,INS0015,2025-11-25,4897,26.2877,128730.87,-232.71,GBP,MOCK_FEED
POS00400620251125,PORT004,INS0016,2025-11-25,3962,45.4093,179911.65,1633.1,INR,MOCK_FEED
POS00400720251125,PORT004,INS0017,2025-11-25,122,122.1371,14900.73,12.72,EUR,MOCK_FEED
POS00400820251125,PORT004,INS0018,2025-11-25,205,54.1455,11099.83,19.38,GBP,MOCK_FEED
POS00400920251125,PORT004,INS0019,2025-11-25,2592,16.4225,42567.12,635.69,EUR,MOCK_FEED
POS00401020251125,PORT004,INS0020,2025-11-25,2276,9.5844,21814.09,417.47,USD,MOCK_FEED
POS00400120251126,PORT004,INS0011,2025-11-26,2681,21.3056,57120.31,-330.5,EUR,MOCK_FEED
POS00400220251126,PORT004,INS0012,2025-11-26,2621,9.8707,25871.1,973.31,USD,MOCK_FEED
POS00400320251126,PORT004,INS0013,2025-11-26,3078,34.0023,104659.08,3907.07,EUR,MOCK_FEED
POS00400420251126,PORT004,INS0014,2025-11-26,4503,10.8191,48718.41,-613.37,EUR,MOCK_FEED
POS00400520251126,PORT004,INS0015,2025-11-26,4873,26.537,129314.8,4771.59,GBP,MOCK_FEED
POS00400620251126,PORT004,INS0016,2025-11-26,3658,45.4351,166201.6,2185.67,USD,MOCK_FEED
POS00400720251126,PORT004,INS0017,2025-11-26,4495,123.7081,556067.91,-5401.42,INR,MOCK_FEED
POS00400820251126,PORT004,INS0018,2025-11-26,337,54.1074,18234.19,613.87,INR,MOCK_FEED
POS00400920251126,PORT004,INS0019,2025-11-26,2133,16.3691,34915.29,439.05,USD,MOCK_FEED
POS00401020251126,PORT004,INS0020,2025-11-26,4274,9.5933,41001.76,-1098.57,GBP,MOCK_FEED
POS00400120251127,PORT004,INS0011,2025-11-27,4659,21.5323,100318.99,2221.47,USD,MOCK_FEED
POS00400220251127,PORT004,INS0012,2025-11-27,1576,9.79,15429.04,516.52,GBP,MOCK_FEED
POS00400320251127,PORT004,INS0013,2025-11-27,1826,33.6009,61355.24,-1676.5,USD,MOCK_FEED
POS00400420251127,PORT004,INS0014,2025-11-27,4381,10.7916,47278.0,1260.67,USD,MOCK_FEED
POS00400520251127,PORT004,INS0015,2025-11-27,1700,26.9833,45871.61,-741.79,USD,MOCK_FEED
POS00400620251127,PORT004,INS0016,2025-11-27,235,45.5436,10702.75,249.72,EUR,MOCK_FEED
POS00400720251127,PORT004,INS0017,2025-11-27,1888,126.0723,238024.5,7154.88,INR,MOCK_FEED
POS00400820251127,PORT004,INS0018,2025-11-27,231,53.0838,12262.36,-314.41,INR,MOCK_FEED
POS00400920251127,PORT004,INS0019,2025-11-27,529,16.0963,8514.94,181.22,INR,MOCK_FEED
POS00401020251127,PORT004,INS0020,2025-11-27,4157,9.5912,39870.62,1095.84,GBP,MOCK_FEED
POS00400120251128,PORT004,INS0011,2025-11-28,4317,21.5289,92940.26,-2529.48,GBP,MOCK_FEED
POS00400220251128,PORT004,INS0012,2025-11-28,2968,9.7065,28808.89,1129.18,USD,MOCK_FEED
POS00400320251128,PORT004,INS0013,2025-11-28,4285,34.2282,146667.84,-232.26,INR,MOCK_FEED
POS00400420251128,PORT004,INS0014,2025-11-28,2148,10.6331,22839.9,-381.8,GBP,MOCK_FEED
POS00400520251128,PORT004,INS0015,2025-11-28,3260,26.9344,87806.14,1731.32,USD,MOCK_FEED
POS00400620251128,PORT004,INS0016,2025-11-28,3088,45.4622,140387.27,4281.95,EUR,MOCK_FEED
POS00400720251128,PORT004,INS0017,2025-11-28,2908,128.2835,373048.42,11730.01,USD,MOCK_FEED
POS00400820251128,PORT004,INS0018,2025-11-28,2100,53.2746,111876.66,-1009.55,GBP,MOCK_FEED
POS00400920251128,PORT004,INS0019,2025-11-28,3010,16.0998,48460.4,-273.1,EUR,MOCK_FEED
POS00401020251128,PORT004,INS0020,2025-11-28,3980,9.4185,37485.63,-718.8,GBP,MOCK_FEED
POS00400120251129,PORT004,INS0011,2025-11-29,3409,21.493,73269.64,-1295.8,USD,MOCK_FEED
POS00400220251129,PORT004,INS0012,2025-11-29,227,9.7034,2202.67,54.87,INR,MOCK_FEED
POS00400320251129,PORT004,INS0013,2025-11-29,221,33.8676,7484.74,169.16,INR,MOCK_FEED
POS00400420251129,PORT004,INS0014,2025-11-29,2530,10.6744,27006.23,-233.6,INR,MOCK_FEED
POS00400520251129,PORT004,INS0015,2025-11-29,1765,26.649,47035.49,72.45,GBP,MOCK_FEED
POS00400620251129,PORT004,INS0016,2025-11-29,281,47.0441,13219.39,-353.71,INR,MOCK_FEED
POS00400720251129,PORT004,INS0017,2025-11-29,1927,127.6097,245903.89,-1060.93,EUR,MOCK_FEED
POS00400820251129,PORT004,INS0018,2025-11-29,2118,52.8184,111869.37,2350.94,INR,MOCK_FEED
POS00400920251129,PORT004,INS0019,2025-11-29,4291,16.1796,69426.66,1319.14,EUR,MOCK_FEED
POS00401020251129,PORT004,INS0020,2025-11-29,1354,9.4483,12793.0,-115.4,USD,MOCK_FEED
POS00400120251130,PORT004,INS0011,2025-11-30,1508,21.341,32182.23,-158.66,EUR,MOCK_FEED
POS00400220251130,PORT004,INS0012,2025-11-30,4227,9.6634,40847.19,-692.6,INR,MOCK_FEED
POS00400320251130,PORT004,INS0013,2025-11-30,4609,33.9766,156598.15,3122.8,USD,MOCK_FEED
POS00400420251130,PORT004,INS0014,2025-11-30,1204,10.7052,12889.06,-171.12,INR,MOCK_FEED
POS00400520251130,PORT004,INS0015,2025-11-30,1576,25.9339,40871.83,-522.88,GBP,MOCK_FEED
POS00400620251130,PORT004,INS0016,2025-11-30,1611,46.4266,74793.25,1981.72,EUR,MOCK_FEED
POS00400720251130,PORT004,INS0017,2025-11-30,4505,129.2395,582223.95,1141.93,USD,MOCK_FEED
POS00400820251130,PORT004,INS0018,2025-11-30,2504,53.3218,133517.79,2310.63,GBP,MOCK_FEED
POS00400920251130,PORT004,INS0019,2025-11-30,1252,15.907,19915.56,777.95,EUR,MOCK_FEED
POS00401020251130,PORT004,INS0020,2025-11-30,3622,9.5344,34533.6,-170.6,EUR,MOCK_FEED
POS00400120251201,PORT004,INS0011,2025-12-01,561,21.5218,12073.73,419.06,GBP,MOCK_FEED
POS00400220251201,PORT004,INS0012,2025-12-01,3973,9.8661,39198.02,210.15,EUR,MOCK_FEED
POS00400320251201,PORT004,INS0013,2025-12-01,3714,33.1524,123128.01,658.05,EUR,MOCK_FEED
POS00400420251201,PORT004,INS0014,2025-12-01,1634,10.7339,17539.19,-316.36,USD,MOCK_FEED
POS00400520251201,PORT004,INS0015,2025-12-01,3773,25.8603,97570.91,-2044.15,GBP,MOCK_FEED
POS00400620251201,PORT004,INS0016,2025-12-01,2785,47.4712,132207.29,4170.46,GBP,MOCK_FEED
POS00400720251201,PORT004,INS0017,2025-12-01,2156,129.118,278378.41,868.52,GBP,MOCK_FEED
POS00400820251201,PORT004,INS0018,2025-12-01,4683,53.9516,252655.34,9477.05,EUR,MOCK_FEED
POS00400920251201,PORT004,INS0019,2025-12-01,4047,16.0233,64846.3,1832.94,USD,MOCK_FEED
POS00401020251201,PORT004,INS0020,2025-12-01,1602,9.385,15034.77,-279.17,INR,MOCK_FEED
POS00400120251202,PORT004,INS0011,2025-12-02,529,21.1768,11202.53,331.24,USD,MOCK_FEED
POS00400220251202,PORT004,INS0012,2025-12-02,1838,9.8545,18112.57,710.8,INR,MOCK_FEED
POS00400320251202,PORT004,INS0013,2025-12-02,1740,32.647,56805.78,703.74,GBP,MOCK_FEED
POS00400420251202,PORT004,INS0014,2025-12-02,2724,10.8572,29575.01,303.94,GBP,MOCK_FEED
POS00400520251202,PORT004,INS0015,2025-12-02,3418,25.6062,87521.99,1828.17,EUR,MOCK_FEED
POS00400620251202,PORT004,INS0016,2025-12-02,2015,45.8902,92468.75,-531.7,USD,MOCK_FEED
POS00400720251202,PORT004,INS0017,2025-12-02,1129,127.6486,144115.27,3967.57,USD,MOCK_FEED
POS00400820251202,PORT004,INS0018,2025-12-02,531,53.5083,28412.91,465.97,GBP,MOCK_FEED
POS00400920251202,PORT004,INS0019,2025-12-02,3485,16.1327,56222.46,984.65,EUR,MOCK_FEED
POS00401020251202,PORT004,INS0020,2025-12-02,4435,9.5297,42264.22,611.26,INR,MOCK_FEED
POS00400120251203,PORT004,INS0011,2025-12-03,4758,21.1262,100518.46,3928.3,EUR,MOCK_FEED
POS00400220251203,PORT004,INS0012,2025-12-03,412,9.9396,4095.12,82.04,EUR,MOCK_FEED
POS00400320251203,PORT004,INS0013,2025-12-03,3164,32.6563,103324.53,3292.92,INR,MOCK_FEED
POS00400420251203,PORT004,INS0014,2025-12-03,3903,10.8212,42235.14,1337.82,INR,MOCK_FEED
POS00400520251203,PORT004,INS0015,2025-12-03,665,25.6891,17083.25,-337.24,GBP,MOCK_FEED
POS00400620251203,PORT004,INS0016,2025-12-03,690,45.3962,31323.38,11.92,EUR,MOCK_FEED
POS00400720251203,PORT004,INS0017,2025-12-03,1295,130.2555,168680.87,5937.3,INR,MOCK_FEED
POS00400820251203,PORT004,INS0018,2025-12-03,3452,53.2246,183731.32,804.84,EUR,MOCK_FEED
POS00400920251203,PORT004,INS0019,2025-12-03,3951,16.08,63532.08,-1172.7,INR,MOCK_FEED
POS00401020251203,PORT004,INS0020,2025-12-03,4568,9.7304,44448.47,616.63,GBP,MOCK_FEED
POS00400120251204,PORT004,INS0011,2025-12-04,4190,21.0177,88064.16,1667.88,GBP,MOCK_FEED
POS00400220251204,PORT004,INS0012,2025-12-04,4579,9.9545,45581.66,53.01,EUR,MOCK_FEED
POS00400320251204,PORT004,INS0013,2025-12-04,2535,31.8604,80766.11,-1282.47,INR,MOCK_FEED
POS00400420251204,PORT004,INS0014,2025-12-04,1844,10.983,20252.65,553.24,INR,MOCK_FEED
POS00400520251204,PORT004,INS0015,2025-12-04,1640,25.8171,42340.04,676.86,USD,MOCK_FEED
POS00400620251204,PORT004,INS0016,2025-12-04,1541,45.025,69383.52,104.92,GBP,MOCK_FEED
POS00400720251204,PORT004,INS0017,2025-12-04,1565,133.5919,209071.32,-3925.05,INR,MOCK_FEED
POS00400820251204,PORT004,INS0018,2025-12-04,2229,54.7691,122080.32,-485.7,INR,MOCK_FEED
POS00400920251204,PORT004,INS0019,2025-12-04,4388,15.9667,70061.88,1060.78,EUR,MOCK_FEED
POS00401020251204,PORT004,INS0020,2025-12-04,2873,9.689,27836.5,-637.67,USD,MOCK_FEED
POS00400120251205,PORT004,INS0011,2025-12-05,3974,20.6571,82091.32,-709.27,INR,MOCK_FEED
POS00400220251205,PORT004,INS0012,2025-12-05,1069,9.985,10673.97,58.26,EUR,MOCK_FEED
POS00400320251205,PORT004,INS0013,2025-12-05,3926,32.2045,126434.87,-1055.42,INR,MOCK_FEED
POS00400420251205,PORT004,INS0014,2025-12-05,2639,11.1147,29331.69,801.74,USD,MOCK_FEED
POS00400520251205,PORT004,INS0015,2025-12-05,4630,26.3322,121918.09,-3095.33,GBP,MOCK_FEED
POS00400620251205,PORT004,INS0016,2025-12-05,2352,45.6476,107363.16,-1163.85,GBP,MOCK_FEED
POS00400720251205,PORT004,INS0017,2025-12-05,3928,134.8105,529535.64,14281.84,GBP,MOCK_FEED
POS00400820251205,PORT004,INS0018,2025-12-05,3340,54.1192,180758.13,1372.51,EUR,MOCK_FEED
POS00400920251205,PORT004,INS0019,2025-12-05,3449,15.9185,54902.91,111.53,EUR,MOCK_FEED
POS00401020251205,PORT004,INS0020,2025-12-05,3887,9.619,37389.05,932.77,GBP,MOCK_FEED
POS00400120251206,PORT004,INS0011,2025-12-06,1876,20.5234,38501.9,-715.66,USD,MOCK_FEED
POS00400220251206,PORT004,INS0012,2025-12-06,769,9.9341,7639.32,30.22,GBP,MOCK_FEED
POS00400320251206,PORT004,INS0013,2025-12-06,2813,31.5699,88806.13,-393.91,USD,MOCK_FEED
POS00400420251206,PORT004,INS0014,2025-12-06,3988,11.291,45028.51,-839.2,GBP,MOCK_FEED
POS00400520251206,PORT004,INS0015,2025-12-06,2304,26.2792,60547.28,2391.0,EUR,MOCK_FEED
POS00400620251206,PORT004,INS0016,2025-12-06,2451,46.5272,114038.17,2570.34,EUR,MOCK_FEED
POS00400720251206,PORT004,INS0017,2025-12-06,4532,136.1355,616966.09,3875.69,USD,MOCK_FEED
POS00400820251206,PORT004,INS0018,2025-12-06,3506,54.4419,190873.3,6796.8,GBP,MOCK_FEED
POS00400920251206,PORT004,INS0019,2025-12-06,3233,16.0654,51939.44,-1134.52,USD,MOCK_FEED
POS00401020251206,PORT004,INS0020,2025-12-06,970,9.7775,9484.17,117.87,EUR,MOCK_FEED
POS00400120251207,PORT004,INS0011,2025-12-07,4303,20.4605,88041.53,-337.17,INR,MOCK_FEED
POS00400220251207,PORT004,INS0012,2025-12-07,846,9.8298,8316.01,198.46,EUR,MOCK_FEED
POS00400320251207,PORT004,INS0013,2025-12-07,4766,31.8224,151665.56,-1066.73,USD,MOCK_FEED
POS00400420251207,PORT004,INS0014,2025-12-07,2047,11.3576,23249.01,864.47,INR,MOCK_FEED
POS00400520251207,PORT004,INS0015,2025-12-07,4800,26.2477,125988.96,392.43,USD,MOCK_FEED
POS00400620251207,PORT004,INS0016,2025-12-07,936,47.501,44460.94,479.63,GBP,MOCK_FEED
POS00400720251207,PORT004,INS0017,2025-12-07,1446,135.9936,196646.75,-2402.44,INR,MOCK_FEED
POS00400820251207,PORT004,INS0018,2025-12-07,1977,55.9753,110663.17,3402.35,GBP,MOCK_FEED
POS00400920251207,PORT004,INS0019,2025-12-07,2877,16.1245,46390.19,1225.65,GBP,MOCK_FEED
POS00401020251207,PORT004,INS0020,2025-12-07,4498,9.6459,43387.26,910.18,USD,MOCK_FEED
POS00400120251208,PORT004,INS0011,2025-12-08,2915,20.6001,60049.29,1685.73,EUR,MOCK_FEED
POS00400220251208,PORT004,INS0012,2025-12-08,909,9.7073,8823.94,84.94,USD,MOCK_FEED
POS00400320251208,PORT004,INS0013,2025-12-08,2895,31.3558,90775.04,-792.42,EUR,MOCK_FEED
POS00400420251208,PORT004,INS0014,2025-12-08,4387,11.4832,50376.8,-1134.94,INR,MOCK_FEED
POS00400520251208,PORT004,INS0015,2025-12-08,2814,25.9071,72902.58,1327.53,USD,MOCK_FEED
POS00400620251208,PORT004,INS0016,2025-12-08,628,48.4325,30415.61,1111.83,EUR,MOCK_FEED
POS00400720251208,PORT004,INS0017,2025-12-08,2725,137.6008,374962.18,8559.32,EUR,MOCK_FEED
POS00400820251208,PORT004,INS0018,2025-12-08,3775,56.3347,212663.49,3101.71,USD,MOCK_FEED
POS00400920251208,PORT004,INS0019,2025-12-08,840,16.1825,13593.3,-49.54,EUR,MOCK_FEED
POS00401020251208,PORT004,INS0020,2025-12-08,162,9.7532,1580.02,59.62,INR,MOCK_FEED
POS00400120251209,PORT004,INS0011,2025-12-09,3015,20.4386,61622.38,-311.55,INR,MOCK_FEED
POS00400220251209,PORT004,INS0012,2025-12-09,3665,9.7785,35838.2,1205.64,EUR,MOCK_FEED
POS00400320251209,PORT004,INS0013,2025-12-09,1701,31.5467,53660.94,800.76,EUR,MOCK_FEED
POS00400420251209,PORT004,INS0014,2025-12-09,2654,11.5686,30703.06,-372.03,EUR,MOCK_FEED
POS00400520251209,PORT004,INS0015,2025-12-09,3243,25.966,84207.74,930.15,INR,MOCK_FEED
POS00400620251209,PORT004,INS0016,2025-12-09,2591,48.0394,124470.09,-1221.92,INR,MOCK_FEED
POS00400720251209,PORT004,INS0017,2025-12-09,4884,134.9816,659250.13,-14517.14,USD,MOCK_FEED
POS00400820251209,PORT004,INS0018,2025-12-09,4335,56.421,244585.04,-1213.99,GBP,MOCK_FEED
POS00400920251209,PORT004,INS0019,2025-12-09,2594,16.2091,42046.41,1461.96,INR,MOCK_FEED
POS00401020251209,PORT004,INS0020,2025-12-09,1955,9.8277,19213.15,575.17,GBP,MOCK_FEED
POS00400120251210,PORT004,INS0011,2025-12-10,3317,20.263,67212.37,983.66,USD,MOCK_FEED
POS00400220251210,PORT004,INS0012,2025-12-10,3918,9.8829,38721.2,1254.33,USD,MOCK_FEED
POS00400320251210,PORT004,INS0013,2025-12-10,2689,31.4572,84588.41,-1255.78,USD,MOCK_FEED
POS00400420251210,PORT004,INS0014,2025-12-10,4395,11.5728,50862.46,-1503.01,EUR,MOCK_FEED
POS00400520251210,PORT004,INS0015,2025-12-10,3351,25.9241,86871.66,-484.29,EUR,MOCK_FEED
POS00400620251210,PORT004,INS0016,2025-12-10,2255,48.5039,109376.29,-2013.03,INR,MOCK_FEED
POS00400720251210,PORT004,INS0017,2025-12-10,3838,136.2662,522989.68,17240.19,USD,MOCK_FEED
POS00400820251210,PORT004,INS0018,2025-12-10,3591,55.7241,200105.24,5872.19,INR,MOCK_FEED
POS00400920251210,PORT004,INS0019,2025-12-10,4090,16.5268,67594.61,-592.48,USD,MOCK_FEED
POS00401020251210,PORT004,INS0020,2025-12-10,3410,9.842,33561.22,-442.45,GBP,MOCK_FEED
POS00400120251211,PORT004,INS0011,2025-12-11,544,20.0931,10930.65,-290.04,GBP,MOCK_FEED
POS00400220251211,PORT004,INS0012,2025-12-11,1364,9.7897,13353.15,-25.84,USD,MOCK_FEED
POS00400320251211,PORT004,INS0013,2025-12-11,3189,32.1561,102545.8,3304.5,INR,MOCK_FEED
POS00400420251211,PORT004,INS0014,2025-12-11,1451,11.5825,16806.21,583.01,INR,MOCK_FEED
POS00400520251211,PORT004,INS0015,2025-12-11,1171,25.9538,30391.9,-117.87,EUR,MOCK_FEED
POS00400620251211,PORT004,INS0016,2025-12-11,3862,48.6308,187812.15,5922.33,USD,MOCK_FEED
POS00400720251211,PORT004,INS0017,2025-12-11,1498,134.0626,200825.77,706.54,GBP,MOCK_FEED
POS00400820251211,PORT004,INS0018,2025-12-11,4534,55.7135,252605.01,8151.59,INR,MOCK_FEED
POS00400920251211,PORT004,INS0019,2025-12-11,1905,16.6952,31804.36,1005.77,USD,MOCK_FEED
POS00401020251211,PORT004,INS0020,2025-12-11,188,9.9611,1872.69,41.51,EUR,MOCK_FEED
POS00400120251212,PORT004,INS0011,2025-12-12,1759,20.0963,35349.39,1329.83,USD,MOCK_FEED
POS00400220251212,PORT004,INS0012,2025-12-12,215,9.7165,2089.05,-54.9,USD,MOCK_FEED
POS00400320251212,PORT004,INS0013,2025-12-12,2730,31.861,86980.53,-2445.88,GBP,MOCK_FEED
POS00400420251212,PORT004,INS0014,2025-12-12,3917,11.851,46420.37,-1095.98,EUR,MOCK_FEED
POS00400520251212,PORT004,INS0015,2025-12-12,687,26.3649,18112.69,-199.17,EUR,MOCK_FEED
POS00400620251212,PORT004,INS0016,2025-12-12,3432,49.1794,168783.7,-1785.1,EUR,MOCK_FEED
POS00400720251212,PORT004,INS0017,2025-12-12,1350,135.5266,182960.91,-3931.79,EUR,MOCK_FEED
POS00400820251212,PORT004,INS0018,2025-12-12,2831,56.1751,159031.71,-1000.24,EUR,MOCK_FEED
POS00400920251212,PORT004,INS0019,2025-12-12,769,16.7411,12873.91,196.26,INR,MOCK_FEED
POS00401020251212,PORT004,INS0020,2025-12-12,736,9.9277,7306.79,-27.79,INR,MOCK_FEED
POS00400120251213,PORT004,INS0011,2025-12-13,4726,20.33,96079.58,-2157.28,EUR,MOCK_FEED
POS00400220251213,PORT004,INS0012,2025-12-13,1641,9.857,16175.34,247.45,INR,MOCK_FEED
POS00400320251213,PORT004,INS0013,2025-12-13,1200,31.6332,37959.84,-1125.45,INR,MOCK_FEED
POS00400420251213,PORT004,INS0014,2025-12-13,3767,11.8635,44689.8,-307.63,INR,MOCK_FEED
POS00400520251213,PORT004,INS0015,2025-12-13,2877,26.4809,76185.55,1299.4,GBP,MOCK_FEED
POS00400620251213,PORT004,INS0016,2025-12-13,1746,50.2355,87711.18,-56.62,GBP,MOCK_FEED
POS00400720251213,PORT004,INS0017,2025-12-13,4888,135.1845,660781.84,17533.86,INR,MOCK_FEED
POS00400820251213,PORT004,INS0018,2025-12-13,508,56.7434,28825.65,619.08,USD,MOCK_FEED
POS00400920251213,PORT004,INS0019,2025-12-13,1072,16.935,18154.32,-471.44,EUR,MOCK_FEED
POS00401020251213,PORT004,INS0020,2025-12-13,4987,9.9059,49400.72,1676.93,USD,MOCK_FEED
POS00400120251214,PORT004,INS0011,2025-12-14,1369,20.1059,27524.98,343.13,INR,MOCK_FEED
POS00400220251214,PORT004,INS0012,2025-12-14,3751,9.7767,36672.4,1000.58,USD,MOCK_FEED
POS00400320251214,PORT004,INS0013,2025-12-14,3482,31.2653,108865.77,4176.18,USD,MOCK_FEED
POS00400420251214,PORT004,INS0014,2025-12-14,592,12.0175,7114.36,84.64,GBP,MOCK_FEED
POS00400520251214,PORT004,INS0015,2025-12-14,2757,26.27,72426.39,1948.28,GBP,MOCK_FEED
POS00400620251214,PORT004,INS0016,2025-12-14,1799,49.7593,89516.98,1346.22,EUR,MOCK_FEED
POS00400720251214,PORT004,INS0017,2025-12-14,627,135.1547,84742.0,-1496.53,GBP,MOCK_FEED
POS00400820251214,PORT004,INS0018,2025-12-14,196,58.1583,11399.03,-105.46,EUR,MOCK_FEED
POS00400920251214,PORT004,INS0019,2025-12-14,3060,17.1461,52467.07,-36.67,EUR,MOCK_FEED
POS00401020251214,PORT004,INS0020,2025-12-14,4565,10.0957,46086.87,985.13,EUR,MOCK_FEED
POS00400120251215,PORT004,INS0011,2025-12-15,2438,20.0672,48923.83,-536.49,USD,MOCK_FEED
POS00400220251215,PORT004,INS0012,2025-12-15,1312,9.8527,12926.74,-10.61,INR,MOCK_FEED
POS00400320251215,PORT004,INS0013,2025-12-15,595,31.2699,18605.59,7.03,GBP,MOCK_FEED
POS00400420251215,PORT004,INS0014,2025-12-15,1115,11.9874,13365.95,394.56,INR,MOCK_FEED
POS00400520251215,PORT004,INS0015,2025-12-15,4997,26.7759,133799.17,-1919.82,USD,MOCK_FEED
POS00400620251215,PORT004,INS0016,2025-12-15,4776,50.1739,239630.55,1928.29,EUR,MOCK_FEED
POS00400720251215,PORT004,INS0017,2025-12-15,2478,131.5396,325955.13,11250.09,USD,MOCK_FEED
POS00400820251215,PORT004,INS0018,2025-12-15,4752,55.8993,265633.47,-2703.84,USD,MOCK_FEED
POS00400920251215,PORT004,INS0019,2025-12-15,313,17.2045,5385.01,-66.45,USD,MOCK_FEED
POS00401020251215,PORT004,INS0020,2025-12-15,4225,10.1661,42951.77,541.9,EUR,MOCK_FEED
POS00400120251216,PORT004,INS0011,2025-12-16,3063,19.904,60965.95,-602.02,USD,MOCK_FEED
POS00400220251216,PORT004,INS0012,2025-12-16,152,9.7534,1482.52,-0.26,GBP,MOCK_FEED
POS00400320251216,PORT004,INS0013,2025-12-16,4262,31.3495,133611.57,1688.88,EUR,MOCK_FEED
POS00400420251216,PORT004,INS0014,2025-12-16,4812,11.9979,57733.89,-109.39,EUR,MOCK_FEED
POS00400520251216,PORT004,INS0015,2025-12-16,1469,27.0765,39775.38,780.67,GBP,MOCK_FEED
POS00400620251216,PORT004,INS0016,2025-12-16,2069,49.8368,103112.34,3720.86,GBP,MOCK_FEED
POS00400720251216,PORT004,INS0017,2025-12-16,1890,128.9324,243682.24,-3376.13,INR,MOCK_FEED
POS00400820251216,PORT004,INS0018,2025-12-16,885,55.6432,49244.23,-1267.43,EUR,MOCK_FEED
POS00400920251216,PORT004,INS0019,2025-12-16,3317,17.4014,57720.44,-779.52,USD,MOCK_FEED
POS00401020251216,PORT004,INS0020,2025-12-16,3757,10.1918,38290.59,693.56,USD,MOCK_FEED
POS00400120251217,PORT004,INS0011,2025-12-17,2807,20.3612,57153.89,1540.86,USD,MOCK_FEED
POS00400220251217,PORT004,INS0012,2025-12-17,2950,9.88,29146.0,79.94,INR,MOCK_FEED
POS00400320251217,PORT004,INS0013,2025-12-17,1786,31.4544,56177.56,-662.83,EUR,MOCK_FEED
POS00400420251217,PORT004,INS0014,2025-12-17,2335,11.8846,27750.54,224.87,EUR,MOCK_FEED
POS00400520251217,PORT004,INS0015,2025-12-17,881,27.0413,23823.39,544.0,INR,MOCK_FEED
POS00400620251217,PORT004,INS0016,2025-12-17,1886,49.3324,93040.91,-1223.36,EUR,MOCK_FEED
POS00400720251217,PORT004,INS0017,2025-12-17,3869,126.7927,490560.96,9194.6,GBP,MOCK_FEED
POS00400820251217,PORT004,INS0018,2025-12-17,3778,56.1469,212122.99,-4175.93,USD,MOCK_FEED
POS00400920251217,PORT004,INS0019,2025-12-17,1807,17.3675,31383.07,495.85,INR,MOCK_FEED
POS00401020251217,PORT004,INS0020,2025-12-17,3178,10.2603,32607.23,90.06,INR,MOCK_FEED
POS00400120251218,PORT004,INS0011,2025-12-18,3495,20.3611,71162.04,681.36,INR,MOCK_FEED
POS00400220251218,PORT004,INS0012,2025-12-18,2980,10.0492,29946.62,808.59,EUR,MOCK_FEED
POS00400320251218,PORT004,INS0013,2025-12-18,1276,31.0621,39635.24,1103.86,EUR,MOCK_FEED
POS00400420251218,PORT004,INS0014,2025-12-18,4930,11.7243,57800.8,-1288.62,GBP,MOCK_FEED
POS00400520251218,PORT004,INS0015,2025-12-18,4198,27.3337,114746.87,-3165.07,EUR,MOCK_FEED
POS00400620251218,PORT004,INS0016,2025-12-18,2374,49.386,117242.36,3435.16,EUR,MOCK_FEED
POS00400720251218,PORT004,INS0017,2025-12-18,1362,127.2655,173335.61,-4694.76,GBP,MOCK_FEED
POS00400820251218,PORT004,INS0018,2025-12-18,800,56.1899,44951.92,1551.03,INR,MOCK_FEED
POS00400920251218,PORT004,INS0019,2025-12-18,2252,17.5634,39552.78,339.47,GBP,MOCK_FEED
POS00401020251218,PORT004,INS0020,2025-12-18,913,10.2867,9391.76,-244.17,INR,MOCK_FEED
POS00400120251219,PORT004,INS0011,2025-12-19,4174,20.7663,86678.54,1281.11,INR,MOCK_FEED
POS00400220251219,PORT004,INS0012,2025-12-19,4819,9.8728,47577.02,344.16,USD,MOCK_FEED
POS00400320251219,PORT004,INS0013,2025-12-19,372,31.3917,11677.71,305.49,USD,MOCK_FEED
POS00400420251219,PORT004,INS0014,2025-12-19,992,11.6491,11555.91,83.12,USD,MOCK_FEED
POS00400520251219,PORT004,INS0015,2025-12-19,1823,27.0585,49327.65,-108.38,USD,MOCK_FEED
POS00400620251219,PORT004,INS0016,2025-12-19,1201,50.3877,60515.63,1024.94,GBP,MOCK_FEED
POS00400720251219,PORT004,INS0017,2025-12-19,709,126.5518,89725.23,-2251.2,INR,MOCK_FEED
POS00400820251219,PORT004,INS0018,2025-12-19,570,55.3169,31530.63,-927.31,INR,MOCK_FEED
POS00400920251219,PORT004,INS0019,2025-12-19,3047,17.7411,54057.13,-607.79,INR,MOCK_FEED
POS00401020251219,PORT004,INS0020,2025-12-19,3053,10.2945,31429.11,777.22,EUR,MOCK_FEED
POS00400120251220,PORT004,INS0011,2025-12-20,3298,20.7599,68466.15,1783.7,EUR,MOCK_FEED
POS00400220251220,PORT004,INS0012,2025-12-20,1459,9.6027,14010.34,-48.38,INR,MOCK_FEED
POS00400320251220,PORT004,INS0013,2025-12-20,4622,31.6913,146477.19,846.19,EUR,MOCK_FEED
POS00400420251220,PORT004,INS0014,2025-12-20,1242,11.3574,14105.89,-226.69,GBP,MOCK_FEED
POS00400520251220,PORT004,INS0015,2025-12-20,1845,27.0188,49849.69,1559.28,USD,MOCK_FEED
POS00400620251220,PORT004,INS0016,2025-12-20,2172,50.2141,109065.03,-1355.6,GBP,MOCK_FEED
POS00400720251220,PORT004,INS0017,2025-12-20,3260,127.317,415053.42,-2302.81,EUR,MOCK_FEED
POS00400820251220,PORT004,INS0018,2025-12-20,773,54.9397,42468.39,1173.84,GBP,MOCK_FEED
POS00400920251220,PORT004,INS0019,2025-12-20,3901,17.7266,69151.47,464.64,INR,MOCK_FEED
POS00401020251220,PORT004,INS0020,2025-12-20,4277,10.2138,43684.42,-1082.94,EUR,MOCK_FEED
POS00400120251221,PORT004,INS0011,2025-12-21,530,20.9778,11118.23,-154.4,EUR,MOCK_FEED
POS00400220251221,PORT004,INS0012,2025-12-21,4566,9.7296,44425.35,1714.83,INR,MOCK_FEED
POS00400320251221,PORT004,INS0013,2025-12-21,821,31.5684,25917.66,-392.8,GBP,MOCK_FEED
POS00400420251221,PORT004,INS0014,2025-12-21,2490,11.5703,28810.05,915.62,USD,MOCK_FEED
POS00400520251221,PORT004,INS0015,2025-12-21,2593,27.0551,70153.87,811.05,INR,MOCK_FEED
POS00400620251221,PORT004,INS0016,2025-12-21,476,50.6476,24108.26,-132.09,GBP,MOCK_FEED
POS00400720251221,PORT004,INS0017,2025-12-21,2189,125.0991,273841.93,-473.14,INR,MOCK_FEED
POS00400820251221,PORT004,INS0018,2025-12-21,3686,54.4567,200727.4,6147.69,INR,MOCK_FEED
POS00400920251221,PORT004,INS0019,2025-12-21,1656,17.7718,29430.1,978.7,USD,MOCK_FEED
POS00401020251221,PORT004,INS0020,2025-12-21,1941,10.2983,19989.0,-124.85,USD,MOCK_FEED
POS00400120251222,PORT004,INS0011,2025-12-22,4020,21.2103,85265.41,-1249.62,EUR,MOCK_FEED
POS00400220251222,PORT004,INS0012,2025-12-22,802,9.6243,7718.69,134.06,EUR,MOCK_FEED
POS00400320251222,PORT004,INS0013,2025-12-22,2936,31.5782,92713.6,1189.35,INR,MOCK_FEED
POS00400420251222,PORT004,INS0014,2025-12-22,608,11.5363,7014.07,-25.95,GBP,MOCK_FEED
POS00400520251222,PORT004,INS0015,2025-12-22,1450,26.7616,38804.32,-830.87,EUR,MOCK_FEED
POS00400620251222,PORT004,INS0016,2025-12-22,4415,51.4973,227360.58,-5545.47,GBP,MOCK_FEED
POS00400720251222,PORT004,INS0017,2025-12-22,1389,127.2003,176681.22,-1631.13,GBP,MOCK_FEED
POS00400820251222,PORT004,INS0018,2025-12-22,3836,54.5098,209099.59,-3917.65,GBP,MOCK_FEED
POS00400920251222,PORT004,INS0019,2025-12-22,3130,17.7677,55612.9,-1292.05,INR,MOCK_FEED
POS00401020251222,PORT004,INS0020,2025-12-22,1905,10.4728,19950.68,188.36,INR,MOCK_FEED
POS00400120251223,PORT004,INS0011,2025-12-23,611,21.2226,12967.01,-50.84,INR,MOCK_FEED
POS00400220251223,PORT004,INS0012,2025-12-23,4437,9.6889,42989.65,-614.05,INR,MOCK_FEED
POS00400320251223,PORT004,INS0013,2025-12-23,1269,31.9774,40579.32,-462.72,GBP,MOCK_FEED
POS00400420251223,PORT004,INS0014,2025-12-23,868,11.5766,10048.49,140.48,INR,MOCK_FEED
POS00400520251223,PORT004,INS0015,2025-12-23,572,27.1494,15529.46,-53.24,USD,MOCK_FEED
POS00400620251223,PORT004,INS0016,2025-12-23,768,51.7824,39768.88,359.48,USD,MOCK_FEED
POS00400720251223,PORT004,INS0017,2025-12-23,3777,127.2078,480463.86,-10973.21,EUR,MOCK_FEED
POS00400820251223,PORT004,INS0018,2025-12-23,3709,54.8555,203459.05,1393.62,USD,MOCK_FEED
POS00400920251223,PORT004,INS0019,2025-12-23,1217,17.8875,21769.09,-598.23,INR,MOCK_FEED
POS00401020251223,PORT004,INS0020,2025-12-23,650,10.4884,6817.46,-110.96,INR,MOCK_FEED
POS00400120251224,PORT004,INS0011,2025-12-24,1901,21.6994,41250.56,865.11,GBP,MOCK_FEED
POS00400220251224,PORT004,INS0012,2025-12-24,1153,9.6548,11131.98,-274.4,USD,MOCK_FEED
POS00400320251224,PORT004,INS0013,2025-12-24,245,32.2368,7898.02,37.54,EUR,MOCK_FEED
POS00400420251224,PORT004,INS0014,2025-12-24,3625,11.5397,41831.41,1205.63,GBP,MOCK_FEED
POS00400520251224,PORT004,INS0015,2025-12-24,3982,27.4017,109113.57,2667.57,USD,MOCK_FEED
POS00400620251224,PORT004,INS0016,2025-12-24,2709,51.3905,139216.86,4735.23,USD,MOCK_FEED
POS00400720251224,PORT004,INS0017,2025-12-24,1251,127.9338,160045.18,4318.94,INR,MOCK_FEED
POS00400820251224,PORT004,INS0018,2025-12-24,4619,55.8314,257885.24,-902.39,GBP,MOCK_FEED
POS00400920251224,PORT004,INS0019,2025-12-24,1817,18.0131,32729.8,538.38,GBP,MOCK_FEED
POS00401020251224,PORT004,INS0020,2025-12-24,159,10.438,1659.64,59.54,INR,MOCK_FEED
POS00400120251225,PORT004,INS0011,2025-12-25,4333,22.0705,95631.48,-2585.41,INR,MOCK_FEED
POS00400220251225,PORT004,INS0012,2025-12-25,2685,9.5218,25566.03,485.43,INR,MOCK_FEED
POS00400320251225,PORT004,INS0013,2025-12-25,2576,32.2447,83062.35,2679.79,EUR,MOCK_FEED
POS00400420251225,PORT004,INS0014,2025-12-25,2083,11.5943,24150.93,914.35,EUR,MOCK_FEED
POS00400520251225,PORT004,INS0015,2025-12-25,1957,27.2509,53330.01,284.66,EUR,MOCK_FEED
POS00400620251225,PORT004,INS0016,2025-12-25,3221,51.6556,166382.69,1894.44,EUR,MOCK_FEED
POS00400720251225,PORT004,INS0017,2025-12-25,1685,127.0169,214023.48,2979.97,USD,MOCK_FEED
POS00400820251225,PORT004,INS0018,2025-12-25,3018,55.9946,168991.7,-1915.85,INR,MOCK_FEED
POS00400920251225,PORT004,INS0019,2025-12-25,2553,18.0605,46108.46,487.17,EUR,MOCK_FEED
POS00401020251225,PORT004,INS0020,2025-12-25,3785,10.6351,40253.85,-425.89,INR,MOCK_FEED
POS00400120251226,PORT004,INS0011,2025-12-26,911,22.142,20171.36,-522.89,USD,MOCK_FEED
POS00400220251226,PORT004,INS0012,2025-12-26,2828,9.4479,26718.66,573.51,GBP,MOCK_FEED
POS00400320251226,PORT004,INS0013,2025-12-26,374,31.7064,11858.19,198.83,USD,MOCK_FEED
POS00400420251226,PORT004,INS0014,2025-12-26,1279,11.7031,14968.26,-95.53,EUR,MOCK_FEED
POS00400520251226,PORT004,INS0015,2025-12-26,2174,27.3821,59528.69,-325.62,INR,MOCK_FEED
POS00400620251226,PORT004,INS0016,2025-12-26,126,52.229,6580.85,-132.18,EUR,MOCK_FEED
POS00400720251226,PORT004,INS0017,2025-12-26,3139,128.0834,402053.79,6655.02,INR,MOCK_FEED
POS00400820251226,PORT004,INS0018,2025-12-26,2695,56.4867,152231.66,-235.2,EUR,MOCK_FEED
POS00400920251226,PORT004,INS0019,2025-12-26,1371,17.9641,24628.78,956.48,INR,MOCK_FEED
POS00401020251226,PORT004,INS0020,2025-12-26,2403,10.5019,25236.07,-15.6,USD,MOCK_FEED
POS00400120251227,PORT004,INS0011,2025-12-27,1525,21.8531,33325.98,1197.13,EUR,MOCK_FEED
POS00400220251227,PORT004,INS0012,2025-12-27,3225,9.5421,30773.27,1102.55,GBP,MOCK_FEED
POS00400320251227,PORT004,INS0013,2025-12-27,129,32.1739,4150.43,2.07,USD,MOCK_FEED
POS00400420251227,PORT004,INS0014,2025-12-27,144,11.7133,1686.72,23.85,GBP,MOCK_FEED
POS00400520251227,PORT004,INS0015,2025-12-27,1502,27.4667,41254.98,-376.68,GBP,MOCK_FEED
POS00400620251227,PORT004,INS0016,2025-12-27,3280,51.7314,169678.99,-717.0,USD,MOCK_FEED
POS00400720251227,PORT004,INS0017,2025-12-27,4170,129.5383,540174.71,11870.88,GBP,MOCK_FEED
POS00400820251227,PORT004,INS0018,2025-12-27,2476,56.816,140676.42,15.74,USD,MOCK_FEED
POS00400920251227,PORT004,INS0019,2025-12-27,1694,17.9448,30398.49,439.17,GBP,MOCK_FEED
POS00401020251227,PORT004,INS0020,2025-12-27,2361,10.4747,24730.77,-46.87,INR,MOCK_FEED
POS00400120251228,PORT004,INS0011,2025-12-28,3084,22.187,68424.71,880.18,INR,MOCK_FEED
POS00400220251228,PORT004,INS0012,2025-12-28,4494,9.5073,42725.81,1137.65,GBP,MOCK_FEED
POS00400320251228,PORT004,INS0013,2025-12-28,252,32.6717,8233.27,-109.87,GBP,MOCK_FEED
POS00400420251228,PORT004,INS0014,2025-12-28,2816,11.8166,33275.55,-348.15,GBP,MOCK_FEED
POS00400520251228,PORT004,INS0015,2025-12-28,2652,27.1041,71880.07,2496.52,GBP,MOCK_FEED
POS00400620251228,PORT004,INS0016,2025-12-28,3706,50.9832,188943.74,-2398.36,USD,MOCK_FEED
POS00400720251228,PORT004,INS0017,2025-12-28,1492,130.241,194319.57,-2060.39,EUR,MOCK_FEED
POS00400820251228,PORT004,INS0018,2025-12-28,3970,56.5771,224611.09,4440.84,INR,MOCK_FEED
POS00400920251228,PORT004,INS0019,2025-12-28,355,18.2994,6496.29,-160.9,EUR,MOCK_FEED
POS00401020251228,PORT004,INS0020,2025-12-28,3931,10.4506,41081.31,1214.76,USD,MOCK_FEED
POS00400120251229,PORT004,INS0011,2025-12-29,1964,22.1795,43560.54,-403.84,GBP,MOCK_FEED
POS00400220251229,PORT004,INS0012,2025-12-29,2512,9.5022,23869.53,-636.93,GBP,MOCK_FEED
POS00400320251229,PORT004,INS0013,2025-12-29,4977,32.7005,162750.39,595.61,EUR,MOCK_FEED
POS00400420251229,PORT004,INS0014,2025-12-29,1451,11.8381,17177.08,-473.4,GBP,MOCK_FEED
POS00400520251229,PORT004,INS0015,2025-12-29,4802,27.4222,131681.4,704.76,GBP,MOCK_FEED
POS00400620251229,PORT004,INS0016,2025-12-29,417,51.0841,21302.07,804.67,INR,MOCK_FEED
POS00400720251229,PORT004,INS0017,2025-12-29,3293,131.4686,432926.1,2553.29,USD,MOCK_FEED
POS00400820251229,PORT004,INS0018,2025-12-29,3074,55.9968,172134.16,6528.25,INR,MOCK_FEED
POS00400920251229,PORT004,INS0019,2025-12-29,4686,18.6289,87295.03,967.17,EUR,MOCK_FEED
POS00401020251229,PORT004,INS0020,2025-12-29,4822,10.4141,50216.79,-822.28,USD,MOCK_FEED
POS00400120251230,PORT004,INS0011,2025-12-30,3701,21.9913,81389.8,2698.8,INR,MOCK_FEED
POS00400220251230,PORT004,INS0012,2025-12-30,2733,9.6788,26452.16,1008.45,EUR,MOCK_FEED
POS00400320251230,PORT004,INS0013,2025-12-30,773,32.9896,25500.96,30.25,INR,MOCK_FEED
POS00400420251230,PORT004,INS0014,2025-12-30,182,11.821,2151.42,-28.48,USD,MOCK_FEED
POS00400520251230,PORT004,INS0015,2025-12-30,787,27.5756,21702.0,538.15,USD,MOCK_FEED
POS00400620251230,PORT004,INS0016,2025-12-30,4160,50.4954,210060.86,-1228.0,USD,MOCK_FEED
POS00400720251230,PORT004,INS0017,2025-12-30,4165,129.0759,537601.12,-7532.53,USD,MOCK_FEED
POS00400820251230,PORT004,INS0018,2025-12-30,4078,55.7905,227513.66,7960.99,GBP,MOCK_FEED
POS00400920251230,PORT004,INS0019,2025-12-30,1509,18.8032,28374.03,42.05,GBP,MOCK_FEED
POS00401020251230,PORT004,INS0020,2025-12-30,2698,10.5017,28333.59,536.02,GBP,MOCK_FEED
POS00400120251231,PORT004,INS0011,2025-12-31,1394,22.4929,31355.1,-787.39,INR,MOCK_FEED
POS00400220251231,PORT004,INS0012,2025-12-31,1975,9.7439,19244.2,-443.45,EUR,MOCK_FEED
POS00400320251231,PORT004,INS0013,2025-12-31,1455,32.6979,47575.44,721.47,USD,MOCK_FEED
POS00400420251231,PORT004,INS0014,2025-12-31,2283,11.7926,26922.51,272.46,INR,MOCK_FEED
POS00400520251231,PORT004,INS0015,2025-12-31,4223,27.3561,115524.81,2497.26,GBP,MOCK_FEED
POS00400620251231,PORT004,INS0016,2025-12-31,1678,50.1138,84090.96,447.24,USD,MOCK_FEED
POS00400720251231,PORT004,INS0017,2025-12-31,2571,131.1966,337306.46,13473.01,INR,MOCK_FEED
POS00400820251231,PORT004,INS0018,2025-12-31,2254,55.2884,124620.05,3478.17,GBP,MOCK_FEED
POS00400920251231,PORT004,INS0019,2025-12-31,4106,18.6197,76452.49,-574.75,INR,MOCK_FEED
POS00401020251231,PORT004,INS0020,2025-12-31,2267,10.5009,23805.54,100.57,GBP,MOCK_FEED
POS00400120260101,PORT004,INS0011,2026-01-01,4988,22.4429,111945.19,-1380.78,GBP,MOCK_FEED
POS00400220260101,PORT004,INS0012,2026-01-01,3829,9.5639,36620.17,1026.66,USD,MOCK_FEED
POS00400320260101,PORT004,INS0013,2026-01-01,2163,31.9477,69102.88,-1007.76,GBP,MOCK_FEED
POS00400420260101,PORT004,INS0014,2026-01-01,1597,11.9513,19086.23,-216.25,EUR,MOCK_FEED
POS00400520260101,PORT004,INS0015,2026-01-01,2859,27.4909,78596.48,1970.2,INR,MOCK_FEED
POS00400620260101,PORT004,INS0016,2026-01-01,1147,50.4453,57860.76,1058.74,INR,MOCK_FEED
POS00400720260101,PORT004,INS0017,2026-01-01,3381,131.7534,445458.25,-67.65,INR,MOCK_FEED
POS00400820260101,PORT004,INS0018,2026-01-01,3141,55.8996,175580.64,5397.83,GBP,MOCK_FEED
POS00400920260101,PORT004,INS0019,2026-01-01,1639,18.6834,30622.09,397.35,EUR,MOCK_FEED
POS00401020260101,PORT004,INS0020,2026-01-01,735,10.825,7956.37,95.05,USD,MOCK_FEED
POS00400120260102,PORT004,INS0011,2026-01-02,2981,22.6239,67441.85,-1700.79,INR,MOCK_FEED
POS00400220260102,PORT004,INS0012,2026-01-02,3099,9.3352,28929.78,-866.18,GBP,MOCK_FEED
POS00400320260102,PORT004,INS0013,2026-01-02,4070,32.3278,131574.15,245.65,USD,MOCK_FEED
POS00400420260102,PORT004,INS0014,2026-01-02,309,11.9308,3686.62,-75.11,EUR,MOCK_FEED
POS00400520260102,PORT004,INS0015,2026-01-02,1580,27.3796,43259.77,1075.23,USD,MOCK_FEED
POS00400620260102,PORT004,INS0016,2026-01-02,4670,50.2752,234785.18,2483.57,USD,MOCK_FEED
POS00400720260102,PORT004,INS0017,2026-01-02,3092,129.1832,399434.45,-6565.37,EUR,MOCK_FEED
POS00400820260102,PORT004,INS0018,2026-01-02,2813,56.185,158048.4,834.77,USD,MOCK_FEED
POS00400920260102,PORT004,INS0019,2026-01-02,786,18.8988,14854.46,-335.85,GBP,MOCK_FEED
POS00401020260102,PORT004,INS0020,2026-01-02,333,10.6084,3532.6,14.07,GBP,MOCK_FEED
POS00400120260103,PORT004,INS0011,2026-01-03,3362,22.9937,77304.82,-1376.23,USD,MOCK_FEED
POS00400220260103,PORT004,INS0012,2026-01-03,733,9.3286,6837.86,-170.4,USD,MOCK_FEED
POS00400320260103,PORT004,INS0013,2026-01-03,4600,32.0431,147398.26,911.26,GBP,MOCK_FEED
POS00400420260103,PORT004,INS0014,2026-01-03,3967,12.0858,47944.37,-602.27,USD,MOCK_FEED
POS00400520260103,PORT004,INS0015,2026-01-03,730,27.2894,19921.26,-228.4,INR,MOCK_FEED
POS00400620260103,PORT004,INS0016,2026-01-03,3346,50.1862,167923.03,-1849.43,INR,MOCK_FEED
POS00400720260103,PORT004,INS0017,2026-01-03,2377,131.0842,311587.14,1214.48,GBP,MOCK_FEED
POS00400820260103,PORT004,INS0018,2026-01-03,2043,56.0882,114588.19,-2016.72,USD,MOCK_FEED
POS00400920260103,PORT004,INS0019,2026-01-03,1519,19.0793,28981.46,-249.53,USD,MOCK_FEED
POS00401020260103,PORT004,INS0020,2026-01-03,4666,10.6399,49645.77,-946.43,GBP,MOCK_FEED
POS00400120260104,PORT004,INS0011,2026-01-04,3019,23.1937,70021.78,2353.41,USD,MOCK_FEED
POS00400220260104,PORT004,INS0012,2026-01-04,4058,9.2241,37431.4,-619.38,INR,MOCK_FEED
POS00400320260104,PORT004,INS0013,2026-01-04,761,32.099,24427.34,-638.89,GBP,MOCK_FEED
POS00400420260104,PORT004,INS0014,2026-01-04,1602,11.8465,18978.09,136.93,INR,MOCK_FEED
POS00400520260104,PORT004,INS0015,2026-01-04,1930,27.2428,52578.6,863.38,EUR,MOCK_FEED
POS00400620260104,PORT004,INS0016,2026-01-04,911,50.6728,46162.92,125.81,GBP,MOCK_FEED
POS00400720260104,PORT004,INS0017,2026-01-04,2059,129.3702,266373.24,10257.65,USD,MOCK_FEED
POS00400820260104,PORT004,INS0018,2026-01-04,701,56.312,39474.71,1344.49,GBP,MOCK_FEED
POS00400920260104,PORT004,INS0019,2026-01-04,3323,19.2348,63917.24,-107.05,INR,MOCK_FEED
POS00401020260104,PORT004,INS0020,2026-01-04,432,10.7379,4638.77,172.57,GBP,MOCK_FEED
POS00400120260105,PORT004,INS0011,2026-01-05,380,23.0374,8754.21,229.81,USD,MOCK_FEED
POS00400220260105,PORT004,INS0012,2026-01-05,4636,9.5024,44053.13,1249.53,GBP,MOCK_FEED
POS00400320260105,PORT004,INS0013,2026-01-05,4121,31.339,129148.02,51.1,GBP,MOCK_FEED
POS00400420260105,PORT004,INS0014,2026-01-05,3326,11.9515,39750.69,-1132.23,GBP,MOCK_FEED
POS00400520260105,PORT004,INS0015,2026-01-05,3496,27.1162,94798.24,-113.19,INR,MOCK_FEED
POS00400620260105,PORT004,INS0016,2026-01-05,1464,50.2968,73634.52,2895.57,INR,MOCK_FEED
POS00400720260105,PORT004,INS0017,2026-01-05,1210,129.5489,156754.17,-4621.5,USD,MOCK_FEED
POS00400820260105,PORT004,INS0018,2026-01-05,1824,56.4197,102909.53,3178.67,INR,MOCK_FEED
POS00400920260105,PORT004,INS0019,2026-01-05,2110,19.4191,40974.3,1001.49,GBP,MOCK_FEED
POS00401020260105,PORT004,INS0020,2026-01-05,2563,10.6964,27414.87,-629.9,INR,MOCK_FEED
POS00400120260106,PORT004,INS0011,2026-01-06,4434,23.2577,103124.64,4012.7,GBP,MOCK_FEED
POS00400220260106,PORT004,INS0012,2026-01-06,2236,9.4836,21205.33,201.14,GBP,MOCK_FEED
POS00400320260106,PORT004,INS0013,2026-01-06,1923,31.7048,60968.33,1926.62,USD,MOCK_FEED
POS00400420260106,PORT004,INS0014,2026-01-06,444,11.681,5186.36,119.94,INR,MOCK_FEED
POS00400520260106,PORT004,INS0015,2026-01-06,3253,27.4103,89165.71,1564.94,GBP,MOCK_FEED
POS00400620260106,PORT004,INS0016,2026-01-06,3694,50.0833,185007.71,-2074.33,INR,MOCK_FEED
POS00400720260106,PORT004,INS0017,2026-01-06,839,128.8634,108116.39,393.02,GBP,MOCK_FEED
POS00400820260106,PORT004,INS0018,2026-01-06,1720,56.1794,96628.57,-2296.97,USD,MOCK_FEED
POS00400920260106,PORT004,INS0019,2026-01-06,2566,19.4385,49879.19,-215.74,GBP,MOCK_FEED
POS00401020260106,PORT004,INS0020,2026-01-06,3589,10.7107,38440.7,-61.84,EUR,MOCK_FEED
POS00400120260107,PORT004,INS0011,2026-01-07,2079,23.3155,48472.92,-129.59,EUR,MOCK_FEED
POS00400220260107,PORT004,INS0012,2026-01-07,2534,9.4987,24069.71,785.84,GBP,MOCK_FEED
POS00400320260107,PORT004,INS0013,2026-01-07,4317,31.4991,135981.61,1393.35,USD,MOCK_FEED
POS00400420260107,PORT004,INS0014,2026-01-07,1778,11.7104,20821.09,795.78,EUR,MOCK_FEED
POS00400520260107,PORT004,INS0015,2026-01-07,1502,27.5699,41409.99,1030.56,EUR,MOCK_FEED
POS00400620260107,PORT004,INS0016,2026-01-07,3706,49.7749,184465.78,813.09,USD,MOCK_FEED
POS00400720260107,PORT004,INS0017,2026-01-07,1488,126.2321,187833.36,-2377.96,EUR,MOCK_FEED
POS00400820260107,PORT004,INS0018,2026-01-07,4091,56.1958,229897.02,-265.57,INR,MOCK_FEED
POS00400920260107,PORT004,INS0019,2026-01-07,1920,19.6501,37728.19,-282.2,INR,MOCK_FEED
POS00401020260107,PORT004,INS0020,2026-01-07,3674,10.8029,39689.85,-783.91,INR,MOCK_FEED
POS00400120260108,PORT004,INS0011,2026-01-08,528,22.9822,12134.6,470.75,INR,MOCK_FEED
POS00400220260108,PORT004,INS0012,2026-01-08,2949,9.3821,27667.81,650.34,INR,MOCK_FEED
POS00400320260108,PORT004,INS0013,2026-01-08,368,31.6205,11636.34,228.32,EUR,MOCK_FEED
POS00400420260108,PORT004,INS0014,2026-01-08,3003,11.6841,35087.35,1217.97,INR,MOCK_FEED
POS00400520260108,PORT004,INS0015,2026-01-08,478,27.1316,12968.9,-148.98,INR,MOCK_FEED
POS00400620260108,PORT004,INS0016,2026-01-08,1450,49.8473,72278.58,-247.68,USD,MOCK_FEED
POS00400720260108,PORT004,INS0017,2026-01-08,2654,125.2084,332303.09,420.69,USD,MOCK_FEED
POS00400820260108,PORT004,INS0018,2026-01-08,4972,55.897,277919.88,-6683.01,USD,MOCK_FEED
POS00400920260108,PORT004,INS0019,2026-01-08,3146,19.5868,61620.07,-347.0,GBP,MOCK_FEED
POS00401020260108,PORT004,INS0020,2026-01-08,681,11.0016,7492.09,-113.54,EUR,MOCK_FEED
POS00400120260109,PORT004,INS0011,2026-01-09,4746,23.087,109570.9,219.09,GBP,MOCK_FEED
POS00400220260109,PORT004,INS0012,2026-01-09,3999,9.3371,37339.06,-345.88,GBP,MOCK_FEED
POS00400320260109,PORT004,INS0013,2026-01-09,4478,32.2447,144391.77,-2048.35,INR,MOCK_FEED
POS00400420260109,PORT004,INS0014,2026-01-09,2574,11.595,29845.53,-105.35,INR,MOCK_FEED
POS00400520260109,PORT004,INS0015,2026-01-09,2275,27.2103,61903.43,-453.95,EUR,MOCK_FEED
POS00400620260109,PORT004,INS0016,2026-01-09,2973,49.6753,147684.67,-2571.43,EUR,MOCK_FEED
POS00400720260109,PORT004,INS0017,2026-01-09,1239,128.9071,159715.9,-3464.38,INR,MOCK_FEED
POS00400820260109,PORT004,INS0018,2026-01-09,2587,56.1405,145235.47,91.25,EUR,MOCK_FEED
POS00400920260109,PORT004,INS0019,2026-01-09,3163,19.3182,61103.47,1413.0,GBP,MOCK_FEED
POS00401020260109,PORT004,INS0020,2026-01-09,3861,10.8299,41814.24,-550.65,INR,MOCK_FEED
POS00400120260110,PORT004,INS0011,2026-01-10,4505,23.4706,105735.05,-2364.92,INR,MOCK_FEED
POS00400220260110,PORT004,INS0012,2026-01-10,1740,9.2966,16176.08,-326.28,EUR,MOCK_FEED
POS00400320260110,PORT004,INS0013,2026-01-10,820,32.4357,26597.27,-569.92,INR,MOCK_FEED
POS00400420260110,PORT004,INS0014,2026-01-10,1565,11.6462,18226.3,-103.18,INR,MOCK_FEED
POS00400520260110,PORT004,INS0015,2026-01-10,3054,26.4372,80739.21,2081.09,EUR,MOCK_FEED
POS00400620260110,PORT004,INS0016,2026-01-10,808,49.6587,40124.23,-809.18,INR,MOCK_FEED
POS00400720260110,PORT004,INS0017,2026-01-10,714,130.3248,93051.91,-1535.1,EUR,MOCK_FEED
POS00400820260110,PORT004,INS0018,2026-01-10,4955,56.0693,277823.38,9520.76,USD,MOCK_FEED
POS00400920260110,PORT004,INS0019,2026-01-10,3425,19.3315,66210.39,2278.83,EUR,MOCK_FEED
POS00401020260110,PORT004,INS0020,2026-01-10,2546,10.7999,27496.55,206.14,USD,MOCK_FEED
POS00400120260111,PORT004,INS0011,2026-01-11,999,23.367,23343.63,228.05,GBP,MOCK_FEED
POS00400220260111,PORT004,INS0012,2026-01-11,1641,9.1572,15026.97,78.62,EUR,MOCK_FEED
POS00400320260111,PORT004,INS0013,2026-01-11,4783,32.9371,157538.15,3966.17,EUR,MOCK_FEED
POS00400420260111,PORT004,INS0014,2026-01-11,1227,11.4902,14098.48,-12.55,GBP,MOCK_FEED
POS00400520260111,PORT004,INS0015,2026-01-11,3529,26.6727,94127.96,-2136.28,USD,MOCK_FEED
POS00400620260111,PORT004,INS0016,2026-01-11,2291,50.3245,115293.43,186.84,EUR,MOCK_FEED
POS00400720260111,PORT004,INS0017,2026-01-11,2024,128.2513,259580.63,-4342.65,GBP,MOCK_FEED
POS00400820260111,PORT004,INS0018,2026-01-11,2554,56.0257,143089.64,939.69,GBP,MOCK_FEED
POS00400920260111,PORT004,INS0019,2026-01-11,120,19.4912,2338.94,-10.6,EUR,MOCK_FEED
POS00401020260111,PORT004,INS0020,2026-01-11,1677,10.7878,18091.14,163.91,GBP,MOCK_FEED
POS00400120260112,PORT004,INS0011,2026-01-12,2586,23.0716,59663.16,-1154.08,GBP,MOCK_FEED
POS00400220260112,PORT004,INS0012,2026-01-12,3205,9.1397,29292.74,-424.05,EUR,MOCK_FEED
POS00400320260112,PORT004,INS0013,2026-01-12,577,32.8846,18974.41,534.88,USD,MOCK_FEED
POS00400420260112,PORT004,INS0014,2026-01-12,4221,11.2764,47597.68,-651.05,USD,MOCK_FEED
POS00400520260112,PORT004,INS0015,2026-01-12,2654,26.2236,69597.43,2052.6,EUR,MOCK_FEED
POS00400620260112,PORT004,INS0016,2026-01-12,4476,51.1409,228906.67,-366.75,USD,MOCK_FEED
POS00400720260112,PORT004,INS0017,2026-01-12,1782,127.3577,226951.42,7992.03,USD,MOCK_FEED
POS00400820260112,PORT004,INS0018,2026-01-12,3266,56.9231,185910.84,1268.93,EUR,MOCK_FEED
POS00400920260112,PORT004,INS0019,2026-01-12,3529,19.6983,69515.3,-1696.87,EUR,MOCK_FEED
POS00401020260112,PORT004,INS0020,2026-01-12,3646,10.8354,39505.87,113.84,EUR,MOCK_FEED
POS00400120260113,PORT004,INS0011,2026-01-13,3026,23.4398,70928.83,1236.52,INR,MOCK_FEED
POS00400220260113,PORT004,INS0012,2026-01-13,2056,9.0805,18669.51,242.5,USD,MOCK_FEED
POS00400320260113,PORT004,INS0013,2026-01-13,242,32.3482,7828.26,19.21,INR,MOCK_FEED
POS00400420260113,PORT004,INS0014,2026-01-13,814,10.9932,8948.46,-123.3,EUR,MOCK_FEED
POS00400520260113,PORT004,INS0015,2026-01-13,2742,26.2748,72045.5,-674.46,USD,MOCK_FEED
POS00400620260113,PORT004,INS0016,2026-01-13,2109,50.3115,106106.95,3890.58,EUR,MOCK_FEED
POS00400720260113,PORT004,INS0017,2026-01-13,3837,127.7876,490321.02,5846.68,INR,MOCK_FEED
POS00400820260113,PORT004,INS0018,2026-01-13,3087,56.4076,174130.26,-4629.44,INR,MOCK_FEED
POS00400920260113,PORT004,INS0019,2026-01-13,3002,19.029,57125.06,304.07,GBP,MOCK_FEED
POS00401020260113,PORT004,INS0020,2026-01-13,183,10.679,1954.26,57.07,GBP,MOCK_FEED
POS00400120260114,PORT004,INS0011,2026-01-14,459,23.0927,10599.55,-89.27,INR,MOCK_FEED
POS00400220260114,PORT004,INS0012,2026-01-14,1243,9.1164,11331.69,405.13,EUR,MOCK_FEED
POS00400320260114,PORT004,INS0013,2026-01-14,953,31.7203,30229.45,136.43,EUR,MOCK_FEED
POS00400420260114,PORT004,INS0014,2026-01-14,358,10.8651,3889.71,-9.75,USD,MOCK_FEED
POS00400520260114,PORT004,INS0015,2026-01-14,4248,26.01,110490.48,-357.31,EUR,MOCK_FEED
POS00400620260114,PORT004,INS0016,2026-01-14,2909,50.5798,147136.64,-146.69,GBP,MOCK_FEED
POS00400720260114,PORT004,INS0017,2026-01-14,1803,127.5991,230061.18,6679.47,GBP,MOCK_FEED
POS00400820260114,PORT004,INS0018,2026-01-14,2213,56.3416,124683.96,4432.48,GBP,MOCK_FEED
POS00400920260114,PORT004,INS0019,2026-01-14,749,18.8433,14113.63,467.06,GBP,MOCK_FEED
POS00401020260114,PORT004,INS0020,2026-01-14,4254,10.6998,45516.95,1666.99,EUR,MOCK_FEED
POS00400120260115,PORT004,INS0011,2026-01-15,3349,22.9879,76986.48,1739.64,EUR,MOCK_FEED
POS00400220260115,PORT004,INS0012,2026-01-15,4015,9.1046,36554.97,-784.52,EUR,MOCK_FEED
POS00400320260115,PORT004,INS0013,2026-01-15,2412,31.8091,76723.55,-2129.12,INR,MOCK_FEED
POS00400420260115,PORT004,INS0014,2026-01-15,2312,10.8276,25033.41,129.9,GBP,MOCK_FEED
POS00400520260115,PORT004,INS0015,2026-01-15,4610,26.1891,120731.75,-493.21,GBP,MOCK_FEED
POS00400620260115,PORT004,INS0016,2026-01-15,1254,51.4484,64516.29,2280.63,USD,MOCK_FEED
POS00400720260115,PORT004,INS0017,2026-01-15,1803,125.7219,226676.59,-4112.0,USD,MOCK_FEED
POS00400820260115,PORT004,INS0018,2026-01-15,2820,56.5065,159348.33,-1985.12,USD,MOCK_FEED
POS00400920260115,PORT004,INS0019,2026-01-15,3223,18.8366,60710.36,2084.73,USD,MOCK_FEED
POS00401020260115,PORT004,INS0020,2026-01-15,3942,10.7662,42440.36,402.12,GBP,MOCK_FEED
POS00400120260116,PORT004,INS0011,2026-01-16,1637,22.5979,36992.76,1049.5,INR,MOCK_FEED
POS00400220260116,PORT004,INS0012,2026-01-16,510,9.1008,4641.41,37.07,INR,MOCK_FEED
POS00400320260116,PORT004,INS0013,2026-01-16,3895,31.5068,122718.99,2974.19,USD,MOCK_FEED
POS00400420260116,PORT004,INS0014,2026-01-16,4846,10.991,53262.39,-1480.02,USD,MOCK_FEED
POS00400520260116,PORT004,INS0015,2026-01-16,3434,26.0308,89389.77,-538.43,EUR,MOCK_FEED
POS00400620260116,PORT004,INS0016,2026-01-16,4655,51.452,239509.06,4998.07,INR,MOCK_FEED
POS00400720260116,PORT004,INS0017,2026-01-16,4784,125.8689,602156.82,18985.07,INR,MOCK_FEED
POS00400820260116,PORT004,INS0018,2026-01-16,2914,56.2642,163953.88,-1761.37,INR,MOCK_FEED
POS00400920260116,PORT004,INS0019,2026-01-16,3017,18.8873,56982.98,2191.22,USD,MOCK_FEED
POS00401020260116,PORT004,INS0020,2026-01-16,4381,10.6504,46659.4,63.98,GBP,MOCK_FEED
POS00400120260117,PORT004,INS0011,2026-01-17,1870,22.9459,42908.83,433.44,INR,MOCK_FEED
POS00400220260117,PORT004,INS0012,2026-01-17,2881,9.0864,26177.92,925.84,EUR,MOCK_FEED
POS00400320260117,PORT004,INS0013,2026-01-17,4956,31.5994,156606.63,4193.06,GBP,MOCK_FEED
POS00400420260117,PORT004,INS0014,2026-01-17,785,10.8524,8519.13,227.15,GBP,MOCK_FEED
POS00400520260117,PORT004,INS0015,2026-01-17,1604,25.9489,41622.04,-138.96,INR,MOCK_FEED
POS00400620260117,PORT004,INS0016,2026-01-17,3705,49.5101,183434.92,2707.0,USD,MOCK_FEED
POS00400720260117,PORT004,INS0017,2026-01-17,2687,125.724,337820.39,11798.16,INR,MOCK_FEED
POS00400820260117,PORT004,INS0018,2026-01-17,579,56.3187,32608.53,57.18,INR,MOCK_FEED
POS00400920260117,PORT004,INS0019,2026-01-17,3830,18.8793,72307.72,-508.85,INR,MOCK_FEED
POS00401020260117,PORT004,INS0020,2026-01-17,2798,10.4627,29274.63,-777.8,GBP,MOCK_FEED
POS00400120260118,PORT004,INS0011,2026-01-18,3227,22.892,73872.48,-513.32,USD,MOCK_FEED
POS00400220260118,PORT004,INS0012,2026-01-18,3665,9.2074,33745.12,-597.87,GBP,MOCK_FEED
POS00400320260118,PORT004,INS0013,2026-01-18,213,31.9694,6809.48,-61.76,GBP,MOCK_FEED
POS00400420260118,PORT004,INS0014,2026-01-18,632,10.9691,6932.47,157.81,INR,MOCK_FEED
POS00400520260118,PORT004,INS0015,2026-01-18,1392,26.1259,36367.25,1079.68,INR,MOCK_FEED
POS00400620260118,PORT004,INS0016,2026-01-18,3809,49.298,187776.08,-1590.22,GBP,MOCK_FEED
POS00400720260118,PORT004,INS0017,2026-01-18,3524,128.2222,451855.03,763.23,INR,MOCK_FEED
POS00400820260118,PORT004,INS0018,2026-01-18,1578,55.9721,88323.97,-2405.8,EUR,MOCK_FEED
POS00400920260118,PORT004,INS0019,2026-01-18,1748,18.6477,32596.18,937.54,EUR,MOCK_FEED
POS00401020260118,PORT004,INS0020,2026-01-18,1752,10.5208,18432.44,-421.76,EUR,MOCK_FEED
POS00400120260119,PORT004,INS0011,2026-01-19,2008,22.6877,45556.9,-486.41,INR,MOCK_FEED
POS00400220260119,PORT004,INS0012,2026-01-19,788,9.1755,7230.29,282.53,GBP,MOCK_FEED
POS00400320260119,PORT004,INS0013,2026-01-19,261,32.6868,8531.25,253.11,INR,MOCK_FEED
POS00400420260119,PORT004,INS0014,2026-01-19,243,11.2175,2725.85,38.72,GBP,MOCK_FEED
POS00400520260119,PORT004,INS0015,2026-01-19,2402,25.6499,61611.06,-763.82,EUR,MOCK_FEED
POS00400620260119,PORT004,INS0016,2026-01-19,702,49.58,34805.16,1133.97,GBP,MOCK_FEED
POS00400720260119,PORT004,INS0017,2026-01-19,508,129.3078,65688.36,-1487.15,GBP,MOCK_FEED
POS00400820260119,PORT004,INS0018,2026-01-19,4981,55.6925,277404.34,7656.65,EUR,MOCK_FEED
POS00400920260119,PORT004,INS0019,2026-01-19,2992,18.6712,55864.23,-344.43,USD,MOCK_FEED
POS00401020260119,PORT004,INS0020,2026-01-19,3265,10.6968,34925.05,-1046.53,GBP,MOCK_FEED
POS00400120260120,PORT004,INS0011,2026-01-20,2856,22.9492,65542.92,1061.38,INR,MOCK_FEED
POS00400220260120,PORT004,INS0012,2026-01-20,3839,9.2559,35533.4,481.97,USD,MOCK_FEED
POS00400320260120,PORT004,INS0013,2026-01-20,3801,32.7057,124314.37,3041.78,EUR,MOCK_FEED
POS00400420260120,PORT004,INS0014,2026-01-20,4122,11.2362,46315.62,6.63,INR,MOCK_FEED
POS00400520260120,PORT004,INS0015,2026-01-20,598,25.9254,15503.39,-420.25,EUR,MOCK_FEED
POS00400620260120,PORT004,INS0016,2026-01-20,3978,48.9481,194715.54,-580.79,EUR,MOCK_FEED
POS00400720260120,PORT004,INS0017,2026-01-20,1086,128.6615,139726.39,3431.62,EUR,MOCK_FEED
POS00400820260120,PORT004,INS0018,2026-01-20,3183,57.7681,183875.86,-228.09,USD,MOCK_FEED
POS00400920260120,PORT004,INS0019,2026-01-20,4587,18.5174,84939.31,-1195.17,GBP,MOCK_FEED
POS00401020260120,PORT004,INS0020,2026-01-20,4598,10.759,49469.88,-810.82,INR,MOCK_FEED
POS00400120260121,PORT004,INS0011,2026-01-21,2670,22.5086,60097.96,-131.85,GBP,MOCK_FEED
POS00400220260121,PORT004,INS0012,2026-01-21,728,9.4202,6857.91,211.95,EUR,MOCK_FEED
POS00400320260121,PORT004,INS0013,2026-01-21,2078,32.7154,67982.6,1158.04,GBP,MOCK_FEED
POS00400420260121,PORT004,INS0014,2026-01-21,3370,11.1441,37555.62,-421.82,USD,MOCK_FEED
POS00400520260121,PORT004,INS0015,2026-01-21,4901,25.6332,125628.31,2645.15,USD,MOCK_FEED
POS00400620260121,PORT004,INS0016,2026-01-21,3034,48.6099,147482.44,-1346.33,USD,MOCK_FEED
POS00400720260121,PORT004,INS0017,2026-01-21,3357,128.9666,432940.88,4077.13,EUR,MOCK_FEED
POS00400820260121,PORT004,INS0018,2026-01-21,4997,56.9752,284705.07,-8079.16,INR,MOCK_FEED
POS00400920260121,PORT004,INS0019,2026-01-21,3748,18.8467,70637.43,-1111.26,GBP,MOCK_FEED
POS00401020260121,PORT004,INS0020,2026-01-21,342,10.7347,3671.27,1.25,INR,MOCK_FEED
POS00400120260122,PORT004,INS0011,2026-01-22,3393,22.6288,76779.52,-765.52,INR,MOCK_FEED
POS00400220260122,PORT004,INS0012,2026-01-22,3102,9.4116,29194.78,813.54,GBP,MOCK_FEED
POS00400320260122,PORT004,INS0013,2026-01-22,2238,32.059,71748.04,-865.58,USD,MOCK_FEED
POS00400420260122,PORT004,INS0014,2026-01-22,242,11.198,2709.92,33.75,INR,MOCK_FEED
POS00400520260122,PORT004,INS0015,2026-01-22,1750,25.1741,44054.67,1567.79,EUR,MOCK_FEED
POS00400620260122,PORT004,INS0016,2026-01-22,3797,48.4261,183873.9,-2597.67,GBP,MOCK_FEED
POS00400720260122,PORT004,INS0017,2026-01-22,1185,126.4586,149853.44,5525.46,INR,MOCK_FEED
POS00400820260122,PORT004,INS0018,2026-01-22,2570,57.226,147070.82,-967.59,EUR,MOCK_FEED
POS00400920260122,PORT004,INS0019,2026-01-22,370,18.9362,7006.39,147.26,GBP,MOCK_FEED
POS00401020260122,PORT004,INS0020,2026-01-22,2684,10.7268,28790.73,135.34,USD,MOCK_FEED
POS00400120260123,PORT004,INS0011,2026-01-23,1222,22.0073,26892.92,-587.54,GBP,MOCK_FEED
POS00400220260123,PORT004,INS0012,2026-01-23,2364,9.3375,22073.85,-106.73,EUR,MOCK_FEED
POS00400320260123,PORT004,INS0013,2026-01-23,2503,31.4933,78827.73,2950.69,INR,MOCK_FEED
POS00400420260123,PORT004,INS0014,2026-01-23,850,11.2262,9542.27,348.06,USD,MOCK_FEED
POS00400520260123,PORT004,INS0015,2026-01-23,410,25.4249,10424.21,134.62,USD,MOCK_FEED
POS00400620260123,PORT004,INS0016,2026-01-23,491,48.4856,23806.43,-38.56,INR,MOCK_FEED
POS00400720260123,PORT004,INS0017,2026-01-23,3698,125.9822,465882.18,-6095.6,USD,MOCK_FEED
POS00400820260123,PORT004,INS0018,2026-01-23,3504,56.2857,197225.09,7888.46,GBP,MOCK_FEED
POS00400920260123,PORT004,INS0019,2026-01-23,3353,19.0953,64026.54,1563.84,EUR,MOCK_FEED
POS00401020260123,PORT004,INS0020,2026-01-23,1125,10.5512,11870.1,316.08,GBP,MOCK_FEED
POS00400120260124,PORT004,INS0011,2026-01-24,2308,21.8667,50468.34,90.04,INR,MOCK_FEED
POS00400220260124,PORT004,INS0012,2026-01-24,3627,9.2978,33723.12,-702.5,USD,MOCK_FEED
POS00400320260124,PORT004,INS0013,2026-01-24,484,31.1644,15083.57,-96.96,INR,MOCK_FEED
POS00400420260124,PORT004,INS0014,2026-01-24,4055,11.1414,45178.38,-1309.51,INR,MOCK_FEED
POS00400520260124,PORT004,INS0015,2026-01-24,676,25.1088,16973.55,-44.73,GBP,MOCK_FEED
POS00400620260124,PORT004,INS0016,2026-01-24,2999,47.7379,143165.96,4637.89,GBP,MOCK_FEED
POS00400720260124,PORT004,INS0017,2026-01-24,818,125.9323,103012.62,2513.0,GBP,MOCK_FEED
POS00400820260124,PORT004,INS0018,2026-01-24,4582,55.75,255446.5,-4667.94,GBP,MOCK_FEED
POS00400920260124,PORT004,INS0019,2026-01-24,4311,18.8375,81208.46,74.79,GBP,MOCK_FEED
POS00401020260124,PORT004,INS0020,2026-01-24,485,10.5136,5099.1,2.77,EUR,MOCK_FEED
POS00400120260125,PORT004,INS0011,2026-01-25,1013,21.709,21991.22,653.36,GBP,MOCK_FEED
POS00400220260125,PORT004,INS0012,2026-01-25,4121,9.2992,38322.0,1378.69,INR,MOCK_FEED
POS00400320260125,PORT004,INS0013,2026-01-25,1912,31.191,59637.19,1210.38,USD,MOCK_FEED
POS00400420260125,PORT004,INS0014,2026-01-25,4937,10.9733,54175.18,650.9,EUR,MOCK_FEED
POS00400520260125,PORT004,INS0015,2026-01-25,3242,24.6482,79909.46,-1337.37,INR,MOCK_FEED
POS00400620260125,PORT004,INS0016,2026-01-25,3362,47.6769,160289.74,-4334.3,EUR,MOCK_FEED
POS00400720260125,PORT004,INS0017,2026-01-25,468,128.5489,60160.89,-61.25,INR,MOCK_FEED
POS00400820260125,PORT004,INS0018,2026-01-25,203,56.051,11378.35,134.41,USD,MOCK_FEED
POS00400920260125,PORT004,INS0019,2026-01-25,2448,18.8523,46150.43,-246.41,EUR,MOCK_FEED
POS00401020260125,PORT004,INS0020,2026-01-25,3048,10.7057,32630.97,-348.73,INR,MOCK_FEED
POS00400120260126,PORT004,INS0011,2026-01-26,3944,22.1272,87269.68,-2083.49,INR,MOCK_FEED
POS00400220260126,PORT004,INS0012,2026-01-26,4226,9.2292,39002.6,-652.69,EUR,MOCK_FEED
POS00400320260126,PORT004,INS0013,2026-01-26,1447,31.1481,45071.3,-1204.33,INR,MOCK_FEED
POS00400420260126,PORT004,INS0014,2026-01-26,3819,10.9212,41708.06,1543.35,USD,MOCK_FEED
POS00400520260126,PORT004,INS0015,2026-01-26,2388,24.4663,58425.52,-1352.64,USD,MOCK_FEED
POS00400620260126,PORT004,INS0016,2026-01-26,4365,48.0033,209534.4,7995.91,EUR,MOCK_FEED
POS00400720260126,PORT004,INS0017,2026-01-26,2828,129.73,366876.44,-4725.51,USD,MOCK_FEED
POS00400820260126,PORT004,INS0018,2026-01-26,2674,56.4029,150821.35,1133.64,GBP,MOCK_FEED
POS00400920260126,PORT004,INS0019,2026-01-26,3030,18.8087,56990.36,-899.42,INR,MOCK_FEED
POS00401020260126,PORT004,INS0020,2026-01-26,4453,10.903,48551.06,52.13,EUR,MOCK_FEED
POS00400120260127,PORT004,INS0011,2026-01-27,4669,22.0437,102922.04,-2724.64,INR,MOCK_FEED
POS00400220260127,PORT004,INS0012,2026-01-27,4545,9.162,41641.29,-512.91,GBP,MOCK_FEED
POS00400320260127,PORT004,INS0013,2026-01-27,4087,31.2857,127864.66,1030.61,EUR,MOCK_FEED
POS00400420260127,PORT004,INS0014,2026-01-27,1469,11.0615,16249.34,15.54,USD,MOCK_FEED
POS00400520260127,PORT004,INS0015,2026-01-27,3478,24.6203,85629.4,-1627.98,INR,MOCK_FEED
POS00400620260127,PORT004,INS0016,2026-01-27,294,48.2166,14175.68,336.59,USD,MOCK_FEED
POS00400720260127,PORT004,INS0017,2026-01-27,844,128.6719,108599.08,-244.25,USD,MOCK_FEED
POS00400820260127,PORT004,INS0018,2026-01-27,3813,55.7995,212763.49,-3323.81,GBP,MOCK_FEED
POS00400920260127,PORT004,INS0019,2026-01-27,4829,19.0438,91962.51,-1581.63,USD,MOCK_FEED
POS00401020260127,PORT004,INS0020,2026-01-27,4346,10.8531,47167.57,-326.29,GBP,MOCK_FEED
POS00400120260128,PORT004,INS0011,2026-01-28,2266,21.2273,48101.06,1379.43,INR,MOCK_FEED
POS00400220260128,PORT004,INS0012,2026-01-28,4328,9.1873,39762.63,-598.64,USD,MOCK_FEED
POS00400320260128,PORT004,INS0013,2026-01-28,3433,31.5854,108432.68,3036.76,GBP,MOCK_FEED
POS00400420260128,PORT004,INS0014,2026-01-28,164,11.2152,1839.29,-11.44,EUR,MOCK_FEED
POS00400520260128,PORT004,INS0015,2026-01-28,1858,24.4893,45501.12,-408.86,EUR,MOCK_FEED
POS00400620260128,PORT004,INS0016,2026-01-28,3312,47.8228,158389.11,1789.58,GBP,MOCK_FEED
POS00400720260128,PORT004,INS0017,2026-01-28,330,126.7477,41826.74,586.44,GBP,MOCK_FEED
POS00400820260128,PORT004,INS0018,2026-01-28,1372,56.9155,78088.07,322.37,GBP,MOCK_FEED
POS00400920260128,PORT004,INS0019,2026-01-28,2348,18.6598,43813.21,-1256.28,GBP,MOCK_FEED
POS00401020260128,PORT004,INS0020,2026-01-28,2889,10.6275,30702.85,570.71,USD,MOCK_FEED
POS00400120260129,PORT004,INS0011,2026-01-29,2794,21.3457,59639.89,1722.32,GBP,MOCK_FEED
POS00400220260129,PORT004,INS0012,2026-01-29,2111,9.016,19032.78,669.48,USD,MOCK_FEED
POS00400320260129,PORT004,INS0013,2026-01-29,255,31.9903,8157.53,138.47,EUR,MOCK_FEED
POS00400420260129,PORT004,INS0014,2026-01-29,685,11.2262,7689.95,181.09,EUR,MOCK_FEED
POS00400520260129,PORT004,INS0015,2026-01-29,1933,24.4811,47321.97,-1149.93,EUR,MOCK_FEED
POS00400620260129,PORT004,INS0016,2026-01-29,3028,48.6379,147275.56,4609.82,USD,MOCK_FEED
POS00400720260129,PORT004,INS0017,2026-01-29,4328,123.686,535313.01,-2048.61,INR,MOCK_FEED
POS00400820260129,PORT004,INS0018,2026-01-29,1814,56.5479,102577.89,658.67,USD,MOCK_FEED
POS00400920260129,PORT004,INS0019,2026-01-29,4193,18.9649,79519.83,916.06,INR,MOCK_FEED
POS00401020260129,PORT004,INS0020,2026-01-29,1160,10.5632,12253.31,188.76,GBP,MOCK_FEED
POS00400120260130,PORT004,INS0011,2026-01-30,1870,21.2307,39701.41,1090.08,USD,MOCK_FEED
POS00400220260130,PORT004,INS0012,2026-01-30,2632,9.2291,24290.99,341.58,INR,MOCK_FEED
POS00400320260130,PORT004,INS0013,2026-01-30,4573,32.2719,147579.4,5241.22,EUR,MOCK_FEED
POS00400420260130,PORT004,INS0014,2026-01-30,1785,11.2159,20020.38,395.96,EUR,MOCK_FEED
POS00400520260130,PORT004,INS0015,2026-01-30,105,25.0879,2634.23,22.55,GBP,MOCK_FEED
POS00400620260130,PORT004,INS0016,2026-01-30,442,49.5095,21883.2,442.1,USD,MOCK_FEED
POS00400720260130,PORT004,INS0017,2026-01-30,4108,123.5473,507532.31,5252.42,EUR,MOCK_FEED
POS00400820260130,PORT004,INS0018,2026-01-30,1847,56.8551,105011.37,-2607.85,GBP,MOCK_FEED
POS00400920260130,PORT004,INS0019,2026-01-30,3007,18.961,57015.73,744.19,INR,MOCK_FEED
POS00401020260130,PORT004,INS0020,2026-01-30,405,10.6717,4322.04,116.78,USD,MOCK_FEED
POS00400120260131,PORT004,INS0011,2026-01-31,671,21.1828,14213.66,379.85,USD,MOCK_FEED
POS00400220260131,PORT004,INS0012,2026-01-31,271,9.2012,2493.53,50.22,GBP,MOCK_FEED
POS00400320260131,PORT004,INS0013,2026-01-31,1807,31.6417,57176.55,2068.78,INR,MOCK_FEED
POS00400420260131,PORT004,INS0014,2026-01-31,1553,11.2223,17428.23,453.05,USD,MOCK_FEED
POS00400520260131,PORT004,INS0015,2026-01-31,4626,25.2972,117024.85,3360.36,EUR,MOCK_FEED
POS00400620260131,PORT004,INS0016,2026-01-31,3563,49.581,176657.1,5255.02,INR,MOCK_FEED
POS00400720260131,PORT004,INS0017,2026-01-31,3835,123.2911,472821.37,-6086.05,USD,MOCK_FEED
POS00400820260131,PORT004,INS0018,2026-01-31,3711,57.3787,212932.36,-2224.41,EUR,MOCK_FEED
POS00400920260131,PORT004,INS0019,2026-01-31,116,19.0903,2214.47,46.38,USD,MOCK_FEED
POS00401020260131,PORT004,INS0020,2026-01-31,4139,10.7448,44472.73,-311.21,INR,MOCK_FEED
POS00400120260201,PORT004,INS0011,2026-02-01,792,21.3288,16892.41,425.91,INR,MOCK_FEED
POS00400220260201,PORT004,INS0012,2026-02-01,4837,9.462,45767.69,-959.75,INR,MOCK_FEED
POS00400320260201,PORT004,INS0013,2026-02-01,2494,32.2119,80336.48,2159.99,EUR,MOCK_FEED
POS00400420260201,PORT004,INS0014,2026-02-01,292,11.1265,3248.94,-29.29,INR,MOCK_FEED
POS00400520260201,PORT004,INS0015,2026-02-01,2674,25.3872,67885.37,-953.22,EUR,MOCK_FEED
POS00400620260201,PORT004,INS0016,2026-02-01,364,49.7811,18120.32,542.41,EUR,MOCK_FEED
POS00400720260201,PORT004,INS0017,2026-02-01,2334,124.4333,290427.32,-4712.93,GBP,MOCK_FEED
POS00400820260201,PORT004,INS0018,2026-02-01,2553,57.5869,147019.36,-495.43,EUR,MOCK_FEED
POS00400920260201,PORT004,INS0019,2026-02-01,629,18.9452,11916.53,-276.17,EUR,MOCK_FEED
POS00401020260201,PORT004,INS0020,2026-02-01,104,10.6641,1109.07,13.51,INR,MOCK_FEED
POS00400120260202,PORT004,INS0011,2026-02-02,4107,21.3308,87605.6,-310.5,USD,MOCK_FEED
POS00400220260202,PORT004,INS0012,2026-02-02,801,9.585,7677.59,-188.18,USD,MOCK_FEED
POS00400320260202,PORT004,INS0013,2026-02-02,1261,31.7073,39982.91,272.84,EUR,MOCK_FEED
POS00400420260202,PORT004,INS0014,2026-02-02,1441,10.9772,15818.15,-382.8,EUR,MOCK_FEED
POS00400520260202,PORT004,INS0015,2026-02-02,600,25.41,15246.0,-272.32,USD,MOCK_FEED
POS00400620260202,PORT004,INS0016,2026-02-02,1689,48.6998,82253.96,3146.22,USD,MOCK_FEED
POS00400720260202,PORT004,INS0017,2026-02-02,518,123.6384,64044.69,-1920.53,EUR,MOCK_FEED
POS00400820260202,PORT004,INS0018,2026-02-02,4144,57.3846,237801.78,-435.65,USD,MOCK_FEED
POS00400920260202,PORT004,INS0019,2026-02-02,4204,18.8399,79202.94,-2152.33,INR,MOCK_FEED
POS00401020260202,PORT004,INS0020,2026-02-02,2269,10.5253,23881.91,422.14,EUR,MOCK_FEED
POS00400120260203,PORT004,INS0011,2026-02-03,2016,21.1488,42635.98,1211.89,GBP,MOCK_FEED
POS00400220260203,PORT004,INS0012,2026-02-03,408,9.5716,3905.21,77.22,INR,MOCK_FEED
POS00400320260203,PORT004,INS0013,2026-02-03,1992,31.3114,62372.31,-203.74,INR,MOCK_FEED
POS00400420260203,PORT004,INS0014,2026-02-03,1522,11.0108,16758.44,359.68,INR,MOCK_FEED
POS00400520260203,PORT004,INS0015,2026-02-03,383,25.4233,9737.12,-47.18,INR,MOCK_FEED
POS00400620260203,PORT004,INS0016,2026-02-03,3093,48.1293,148863.92,-356.68,EUR,MOCK_FEED
POS00400720260203,PORT004,INS0017,2026-02-03,474,126.5894,60003.38,-1486.93,EUR,MOCK_FEED
POS00400820260203,PORT004,INS0018,2026-02-03,1251,57.4341,71850.06,-890.71,GBP,MOCK_FEED
POS00400920260203,PORT004,INS0019,2026-02-03,3944,18.4104,72610.62,-1958.63,GBP,MOCK_FEED
POS00401020260203,PORT004,INS0020,2026-02-03,936,10.4087,9742.54,29.29,EUR,MOCK_FEED
POS00400120260204,PORT004,INS0011,2026-02-04,1380,21.2987,29392.21,-303.7,GBP,MOCK_FEED
POS00400220260204,PORT004,INS0012,2026-02-04,1303,9.4861,12360.39,-323.07,EUR,MOCK_FEED
POS00400320260204,PORT004,INS0013,2026-02-04,3100,31.7744,98500.64,-794.89,USD,MOCK_FEED
POS00400420260204,PORT004,INS0014,2026-02-04,4305,10.8724,46805.68,1225.71,EUR,MOCK_FEED
POS00400520260204,PORT004,INS0015,2026-02-04,4656,25.1683,117183.6,4667.21,EUR,MOCK_FEED
POS00400620260204,PORT004,INS0016,2026-02-04,4652,48.6242,226199.78,-4188.67,EUR,MOCK_FEED
POS00400720260204,PORT004,INS0017,2026-02-04,4697,128.8441,605180.74,3992.97,EUR,MOCK_FEED
POS00400820260204,PORT004,INS0018,2026-02-04,4662,57.6807,268907.42,-3042.45,EUR,MOCK_FEED
POS00400920260204,PORT004,INS0019,2026-02-04,2135,18.4718,39437.29,1159.2,EUR,MOCK_FEED
POS00401020260204,PORT004,INS0020,2026-02-04,441,10.3916,4582.7,71.41,EUR,MOCK_FEED
POS00400120260205,PORT004,INS0011,2026-02-05,4712,21.5797,101683.55,-2707.72,USD,MOCK_FEED
POS00400220260205,PORT004,INS0012,2026-02-05,3432,9.6469,33108.16,1000.94,EUR,MOCK_FEED
POS00400320260205,PORT004,INS0013,2026-02-05,2692,31.5103,84825.73,-1870.17,USD,MOCK_FEED
POS00400420260205,PORT004,INS0014,2026-02-05,1130,10.912,12330.56,489.25,USD,MOCK_FEED
POS00400520260205,PORT004,INS0015,2026-02-05,3237,25.5781,82796.31,1142.35,EUR,MOCK_FEED
POS00400620260205,PORT004,INS0016,2026-02-05,4595,48.3445,222142.98,1039.56,USD,MOCK_FEED
POS00400720260205,PORT004,INS0017,2026-02-05,1750,128.5526,224967.05,-2017.77,EUR,MOCK_FEED
POS00400820260205,PORT004,INS0018,2026-02-05,3808,57.4647,218825.58,8239.38,USD,MOCK_FEED
POS00400920260205,PORT004,INS0019,2026-02-05,2785,18.3141,51004.77,455.87,EUR,MOCK_FEED
POS00401020260205,PORT004,INS0020,2026-02-05,2029,10.273,20843.92,324.25,USD,MOCK_FEED
POS00400120260206,PORT004,INS0011,2026-02-06,2360,21.7672,51370.59,728.58,EUR,MOCK_FEED
POS00400220260206,PORT004,INS0012,2026-02-06,380,9.7191,3693.26,-1.81,GBP,MOCK_FEED
POS00400320260206,PORT004,INS0013,2026-02-06,3165,31.768,100545.72,3123.42,GBP,MOCK_FEED
POS00400420260206,PORT004,INS0014,2026-02-06,1233,10.9519,13503.69,-342.58,EUR,MOCK_FEED
POS00400520260206,PORT004,INS0015,2026-02-06,2963,25.8337,76545.25,-1227.31,EUR,MOCK_FEED
POS00400620260206,PORT004,INS0016,2026-02-06,4724,48.5256,229234.93,243.02,GBP,MOCK_FEED
POS00400720260206,PORT004,INS0017,2026-02-06,346,128.3397,44405.54,226.34,INR,MOCK_FEED
POS00400820260206,PORT004,INS0018,2026-02-06,1581,57.406,90758.89,-1722.87,USD,MOCK_FEED
POS00400920260206,PORT004,INS0019,2026-02-06,3613,18.2143,65808.27,393.19,USD,MOCK_FEED
POS00401020260206,PORT004,INS0020,2026-02-06,3790,10.082,38210.78,522.78,GBP,MOCK_FEED
POS00400120260207,PORT004,INS0011,2026-02-07,4235,21.6526,91698.76,1200.52,USD,MOCK_FEED
POS00400220260207,PORT004,INS0012,2026-02-07,4371,9.9061,43299.56,-185.28,INR,MOCK_FEED
POS00400320260207,PORT004,INS0013,2026-02-07,4778,31.54,150698.12,-3052.84,EUR,MOCK_FEED
POS00400420260207,PORT004,INS0014,2026-02-07,492,11.0616,5442.31,186.76,GBP,MOCK_FEED
POS00400520260207,PORT004,INS0015,2026-02-07,825,26.1574,21579.85,-274.05,USD,MOCK_FEED
POS00400620260207,PORT004,INS0016,2026-02-07,185,48.6004,8991.07,124.04,USD,MOCK_FEED
POS00400720260207,PORT004,INS0017,2026-02-07,4236,128.0112,542255.44,7131.71,USD,MOCK_FEED
POS00400820260207,PORT004,INS0018,2026-02-07,4557,55.1911,251505.84,7944.5,GBP,MOCK_FEED
POS00400920260207,PORT004,INS0019,2026-02-07,2838,17.8305,50602.96,-584.18,EUR,MOCK_FEED
POS00401020260207,PORT004,INS0020,2026-02-07,3075,10.1651,31257.68,-849.76,EUR,MOCK_FEED
POS00400120260208,PORT004,INS0011,2026-02-08,1682,21.643,36403.53,-837.46,EUR,MOCK_FEED
POS00400220260208,PORT004,INS0012,2026-02-08,2438,9.924,24194.71,-121.16,INR,MOCK_FEED
POS00400320260208,PORT004,INS0013,2026-02-08,162,31.8006,5151.7,-12.43,INR,MOCK_FEED
POS00400420260208,PORT004,INS0014,2026-02-08,1333,11.0003,14663.4,170.31,EUR,MOCK_FEED
POS00400520260208,PORT004,INS0015,2026-02-08,3687,26.3381,97108.57,537.78,GBP,MOCK_FEED
POS00400620260208,PORT004,INS0016,2026-02-08,1075,47.4964,51058.63,1167.82,EUR,MOCK_FEED
POS00400720260208,PORT004,INS0017,2026-02-08,512,128.3347,65707.37,2218.42,GBP,MOCK_FEED
POS00400820260208,PORT004,INS0018,2026-02-08,4591,55.3321,254029.67,-5959.83,EUR,MOCK_FEED
POS00400920260208,PORT004,INS0019,2026-02-08,1985,17.5622,34860.97,1175.54,INR,MOCK_FEED
POS00401020260208,PORT004,INS0020,2026-02-08,3391,10.1288,34346.76,-779.68,INR,MOCK_FEED
POS00400120260209,PORT004,INS0011,2026-02-09,741,21.5416,15962.33,-131.86,USD,MOCK_FEED
POS00400220260209,PORT004,INS0012,2026-02-09,1389,10.0434,13950.28,419.02,INR,MOCK_FEED
POS00400320260209,PORT004,INS0013,2026-02-09,3155,31.3801,99004.22,3619.41,INR,MOCK_FEED
POS00400420260209,PORT004,INS0014,2026-02-09,653,10.998,7181.69,243.91,INR,MOCK_FEED
POS00400520260209,PORT004,INS0015,2026-02-09,3730,26.2049,97744.28,-1468.28,USD,MOCK_FEED
POS00400620260209,PORT004,INS0016,2026-02-09,3005,47.0996,141534.3,3019.19,USD,MOCK_FEED
POS00400720260209,PORT004,INS0017,2026-02-09,778,129.815,100996.07,2417.03,INR,MOCK_FEED
POS00400820260209,PORT004,INS0018,2026-02-09,1107,55.8499,61825.84,1317.42,INR,MOCK_FEED
POS00400920260209,PORT004,INS0019,2026-02-09,364,17.7045,6444.44,246.07,INR,MOCK_FEED
POS00401020260209,PORT004,INS0020,2026-02-09,1440,10.3163,14855.47,41.72,GBP,MOCK_FEED
POS00400120260210,PORT004,INS0011,2026-02-10,922,21.3672,19700.56,612.01,EUR,MOCK_FEED
POS00400220260210,PORT004,INS0012,2026-02-10,3996,10.0185,40033.93,1010.48,GBP,MOCK_FEED
POS00400320260210,PORT004,INS0013,2026-02-10,417,30.7224,12811.24,201.91,EUR,MOCK_FEED
POS00400420260210,PORT004,INS0014,2026-02-10,3764,10.8961,41012.92,-726.99,GBP,MOCK_FEED
POS00400520260210,PORT004,INS0015,2026-02-10,1618,26.1593,42325.75,-763.17,GBP,MOCK_FEED
POS00400620260210,PORT004,INS0016,2026-02-10,2524,47.6187,120189.6,3041.44,GBP,MOCK_FEED
POS00400720260210,PORT004,INS0017,2026-02-10,974,129.3406,125977.74,-155.48,GBP,MOCK_FEED
POS00400820260210,PORT004,INS0018,2026-02-10,1091,55.1722,60192.87,-1466.53,EUR,MOCK_FEED
POS00400920260210,PORT004,INS0019,2026-02-10,2844,17.3844,49441.23,-986.33,GBP,MOCK_FEED
POS00401020260210,PORT004,INS0020,2026-02-10,1394,10.3172,14382.18,-322.82,GBP,MOCK_FEED
POS00400120260211,PORT004,INS0011,2026-02-11,1937,21.6947,42022.63,-546.86,USD,MOCK_FEED
POS00400220260211,PORT004,INS0012,2026-02-11,4844,10.0789,48822.19,548.14,USD,MOCK_FEED
POS00400320260211,PORT004,INS0013,2026-02-11,322,30.7278,9894.35,179.72,INR,MOCK_FEED
POS00400420260211,PORT004,INS0014,2026-02-11,838,11.0404,9251.86,-47.57,EUR,MOCK_FEED
POS00400520260211,PORT004,INS0015,2026-02-11,2873,25.9666,74602.04,2373.02,GBP,MOCK_FEED
POS00400620260211,PORT004,INS0016,2026-02-11,4555,47.2906,215408.68,-3077.4,INR,MOCK_FEED
POS00400720260211,PORT004,INS0017,2026-02-11,2576,128.4141,330794.72,-9771.92,USD,MOCK_FEED
POS00400820260211,PORT004,INS0018,2026-02-11,4309,55.1075,237458.22,-1083.48,GBP,MOCK_FEED
POS00400920260211,PORT004,INS0019,2026-02-11,1760,17.3247,30491.47,549.65,INR,MOCK_FEED
POS00401020260211,PORT004,INS0020,2026-02-11,773,10.3758,8020.49,-49.25,INR,MOCK_FEED
POS00400120260212,PORT004,INS0011,2026-02-12,4019,22.0775,88729.47,1605.29,USD,MOCK_FEED
POS00400220260212,PORT004,INS0012,2026-02-12,4704,10.1264,47634.59,134.66,GBP,MOCK_FEED
POS00400320260212,PORT004,INS0013,2026-02-12,4452,30.2856,134831.49,2528.87,GBP,MOCK_FEED
POS00400420260212,PORT004,INS0014,2026-02-12,898,10.9421,9826.01,-212.3,EUR,MOCK_FEED
POS00400520260212,PORT004,INS0015,2026-02-12,2557,25.8994,66224.77,2037.32,USD,MOCK_FEED
POS00400620260212,PORT004,INS0016,2026-02-12,3722,47.252,175871.94,-2302.52,EUR,MOCK_FEED
POS00400720260212,PORT004,INS0017,2026-02-12,4512,127.8506,576861.91,21350.32,EUR,MOCK_FEED
POS00400820260212,PORT004,INS0018,2026-02-12,441,55.429,24444.19,-406.35,USD,MOCK_FEED
POS00400920260212,PORT004,INS0019,2026-02-12,538,17.5381,9435.5,308.34,GBP,MOCK_FEED
POS00401020260212,PORT004,INS0020,2026-02-12,274,10.2028,2795.57,64.71,GBP,MOCK_FEED
POS00400120260213,PORT004,INS0011,2026-02-13,141,21.5552,3039.28,61.48,INR,MOCK_FEED
POS00400220260213,PORT004,INS0012,2026-02-13,937,10.1388,9500.06,-193.41,INR,MOCK_FEED
POS00400320260213,PORT004,INS0013,2026-02-13,2930,30.3456,88912.61,3481.35,USD,MOCK_FEED
POS00400420260213,PORT004,INS0014,2026-02-13,2935,11.0308,32375.4,1188.74,EUR,MOCK_FEED
POS00400520260213,PORT004,INS0015,2026-02-13,1550,25.6406,39742.93,-1182.3,EUR,MOCK_FEED
POS00400620260213,PORT004,INS0016,2026-02-13,1267,47.1797,59776.68,272.77,INR,MOCK_FEED
POS00400720260213,PORT004,INS0017,2026-02-13,4095,128.2842,525323.8,8644.32,INR,MOCK_FEED
POS00400820260213,PORT004,INS0018,2026-02-13,2560,55.896,143093.76,-1321.13,EUR,MOCK_FEED
POS00400920260213,PORT004,INS0019,2026-02-13,1281,17.3813,22265.45,271.05,GBP,MOCK_FEED
POS00401020260213,PORT004,INS0020,2026-02-13,4978,10.1238,50396.28,1570.76,EUR,MOCK_FEED
POS00400120260214,PORT004,INS0011,2026-02-14,3391,21.6512,73419.22,1935.99,INR,MOCK_FEED
POS00400220260214,PORT004,INS0012,2026-02-14,753,10.1721,7659.59,244.86,EUR,MOCK_FEED
POS00400320260214,PORT004,INS0013,2026-02-14,1784,30.1565,53799.2,1066.84,GBP,MOCK_FEED
POS00400420260214,PORT004,INS0014,2026-02-14,518,11.2768,5841.38,36.28,EUR,MOCK_FEED
POS00400520260214,PORT004,INS0015,2026-02-14,2937,25.7982,75769.31,664.13,INR,MOCK_FEED
POS00400620260214,PORT004,INS0016,2026-02-14,2948,46.678,137606.74,-1687.94,USD,MOCK_FEED
POS00400720260214,PORT004,INS0017,2026-02-14,3824,128.305,490638.32,-7428.53,EUR,MOCK_FEED
POS00400820260214,PORT004,INS0018,2026-02-14,496,55.8822,27717.57,-714.2,EUR,MOCK_FEED
POS00400920260214,PORT004,INS0019,2026-02-14,3389,17.1285,58048.49,27.17,INR,MOCK_FEED
POS00401020260214,PORT004,INS0020,2026-02-14,3926,10.0612,39500.27,1365.87,GBP,MOCK_FEED
POS00400120260215,PORT004,INS0011,2026-02-15,776,21.6819,16825.15,-192.2,USD,MOCK_FEED
POS00400220260215,PORT004,INS0012,2026-02-15,3234,9.9793,32273.06,-34.15,EUR,MOCK_FEED
POS00400320260215,PORT004,INS0013,2026-02-15,4795,30.028,143984.26,5251.44,INR,MOCK_FEED
POS00400420260215,PORT004,INS0014,2026-02-15,967,11.2725,10900.51,-196.58,GBP,MOCK_FEED
POS00400520260215,PORT004,INS0015,2026-02-15,1886,25.8786,48807.04,-1311.12,USD,MOCK_FEED
POS00400620260215,PORT004,INS0016,2026-02-15,2884,45.8786,132313.88,-1061.87,EUR,MOCK_FEED
POS00400720260215,PORT004,INS0017,2026-02-15,4629,131.4405,608438.07,9036.62,EUR,MOCK_FEED
POS00400820260215,PORT004,INS0018,2026-02-15,2078,55.7457,115839.56,2346.32,GBP,MOCK_FEED
POS00400920260215,PORT004,INS0019,2026-02-15,2840,17.5728,49906.75,-517.64,EUR,MOCK_FEED
POS00401020260215,PORT004,INS0020,2026-02-15,1508,10.0004,15080.6,160.52,INR,MOCK_FEED
POS00400120260216,PORT004,INS0011,2026-02-16,584,21.9705,12830.77,432.53,USD,MOCK_FEED
POS00400220260216,PORT004,INS0012,2026-02-16,147,10.2123,1501.21,-34.23,GBP,MOCK_FEED
POS00400320260216,PORT004,INS0013,2026-02-16,1825,30.842,56286.65,687.3,USD,MOCK_FEED
POS00400420260216,PORT004,INS0014,2026-02-16,2439,11.091,27050.95,-244.28,USD,MOCK_FEED
POS00400520260216,PORT004,INS0015,2026-02-16,1269,25.9967,32989.81,-454.89,EUR,MOCK_FEED
POS00400620260216,PORT004,INS0016,2026-02-16,4821,46.0351,221935.22,3346.88,EUR,MOCK_FEED
POS00400720260216,PORT004,INS0017,2026-02-16,3929,134.229,527385.74,-11015.74,INR,MOCK_FEED
POS00400820260216,PORT004,INS0018,2026-02-16,4071,56.478,229921.94,-2620.15,EUR,MOCK_FEED
POS00400920260216,PORT004,INS0019,2026-02-16,1293,17.5049,22633.84,637.75,EUR,MOCK_FEED
POS00401020260216,PORT004,INS0020,2026-02-16,1026,10.1683,10432.68,246.74,GBP,MOCK_FEED
POS00400120260217,PORT004,INS0011,2026-02-17,3573,21.9977,78597.78,1548.25,INR,MOCK_FEED
POS00400220260217,PORT004,INS0012,2026-02-17,2751,10.1512,27925.95,-650.24,GBP,MOCK_FEED
POS00400320260217,PORT004,INS0013,2026-02-17,3638,30.9441,112574.64,4271.48,EUR,MOCK_FEED
POS00400420260217,PORT004,INS0014,2026-02-17,1655,11.2085,18550.07,-505.9,EUR,MOCK_FEED
POS00400520260217,PORT004,INS0015,2026-02-17,3513,26.022,91415.29,3013.64,EUR,MOCK_FEED
POS00400620260217,PORT004,INS0016,2026-02-17,2898,45.7523,132590.17,-2154.23,EUR,MOCK_FEED
POS00400720260217,PORT004,INS0017,2026-02-17,1207,134.9582,162894.55,6148.06,EUR,MOCK_FEED
POS00400820260217,PORT004,INS0018,2026-02-17,3262,56.9901,185901.71,-1002.17,INR,MOCK_FEED
POS00400920260217,PORT004,INS0019,2026-02-17,3871,17.2879,66921.46,1686.36,INR,MOCK_FEED
POS00401020260217,PORT004,INS0020,2026-02-17,425,10.0169,4257.18,-48.45,GBP,MOCK_FEED
POS00400120260218,PORT004,INS0011,2026-02-18,932,22.2934,20777.45,-11.12,INR,MOCK_FEED
POS00400220260218,PORT004,INS0012,2026-02-18,186,10.1207,1882.45,64.42,USD,MOCK_FEED
POS00400320260218,PORT004,INS0013,2026-02-18,2344,31.7805,74493.49,-1473.65,EUR,MOCK_FEED
POS00400420260218,PORT004,INS0014,2026-02-18,4782,11.292,53998.34,818.6,EUR,MOCK_FEED
POS00400520260218,PORT004,INS0015,2026-02-18,1714,26.5792,45556.75,-473.83,GBP,MOCK_FEED
POS00400620260218,PORT004,INS0016,2026-02-18,3457,45.6565,157834.52,-2683.12,INR,MOCK_FEED
POS00400720260218,PORT004,INS0017,2026-02-18,1627,137.6884,224019.03,5200.6,INR,MOCK_FEED
POS00400820260218,PORT004,INS0018,2026-02-18,572,58.1709,33273.75,283.59,EUR,MOCK_FEED
POS00400920260218,PORT004,INS0019,2026-02-18,4540,17.5119,79504.03,2941.69,EUR,MOCK_FEED
POS00401020260218,PORT004,INS0020,2026-02-18,2170,10.2355,22211.03,258.8,EUR,MOCK_FEED
POS00400120260219,PORT004,INS0011,2026-02-19,3315,22.0729,73171.66,-225.97,USD,MOCK_FEED
POS00400220260219,PORT004,INS0012,2026-02-19,4851,10.0387,48697.73,330.4,USD,MOCK_FEED
POS00400320260219,PORT004,INS0013,2026-02-19,4240,32.2846,136886.7,-2786.65,USD,MOCK_FEED
POS00400420260219,PORT004,INS0014,2026-02-19,3436,11.4823,39453.18,182.06,GBP,MOCK_FEED
POS00400520260219,PORT004,INS0015,2026-02-19,3388,26.669,90354.57,-2490.87,USD,MOCK_FEED
POS00400620260219,PORT004,INS0016,2026-02-19,143,45.4886,6504.87,30.83,GBP,MOCK_FEED
POS00400720260219,PORT004,INS0017,2026-02-19,1731,139.2519,241045.04,4187.16,INR,MOCK_FEED
POS00400820260219,PORT004,INS0018,2026-02-19,755,57.7044,43566.82,1439.97,USD,MOCK_FEED
POS00400920260219,PORT004,INS0019,2026-02-19,1696,17.5456,29757.34,-669.91,GBP,MOCK_FEED
POS00401020260219,PORT004,INS0020,2026-02-19,3073,10.1476,31183.57,565.06,USD,MOCK_FEED
POS00400120260220,PORT004,INS0011,2026-02-20,3020,21.9119,66173.94,1483.07,USD,MOCK_FEED
POS00400220260220,PORT004,INS0012,2026-02-20,1728,10.0366,17343.24,40.72,USD,MOCK_FEED
POS00400320260220,PORT004,INS0013,2026-02-20,4949,32.356,160129.84,860.18,GBP,MOCK_FEED
POS00400420260220,PORT004,INS0014,2026-02-20,140,11.3842,1593.79,31.79,GBP,MOCK_FEED
POS00400520260220,PORT004,INS0015,2026-02-20,1774,26.7753,47499.38,-566.14,USD,MOCK_FEED
POS00400620260220,PORT004,INS0016,2026-02-20,439,45.7267,20074.02,587.13,EUR,MOCK_FEED
POS00400720260220,PORT004,INS0017,2026-02-20,4077,139.3471,568118.13,21569.75,USD,MOCK_FEED
POS00400820260220,PORT004,INS0018,2026-02-20,1247,57.7899,72064.01,-1032.66,INR,MOCK_FEED
POS00400920260220,PORT004,INS0019,2026-02-20,4860,17.439,84753.54,-1793.62,USD,MOCK_FEED
POS00401020260220,PORT004,INS0020,2026-02-20,2766,10.1382,28042.26,-758.77,INR,MOCK_FEED
POS00400120260221,PORT004,INS0011,2026-02-21,2580,21.7741,56177.18,1231.89,EUR,MOCK_FEED
POS00400220260221,PORT004,INS0012,2026-02-21,4268,10.1726,43416.66,297.09,USD,MOCK_FEED
POS00400320260221,PORT004,INS0013,2026-02-21,4915,32.2282,158401.6,-437.27,EUR,MOCK_FEED
POS00400420260221,PORT004,INS0014,2026-02-21,2191,11.257,24664.09,546.88,USD,MOCK_FEED
POS00400520260221,PORT004,INS0015,2026-02-21,2171,26.7015,57968.96,-1599.64,GBP,MOCK_FEED
POS00400620260221,PORT004,INS0016,2026-02-21,4921,45.2003,222430.68,-4119.2,GBP,MOCK_FEED
POS00400720260221,PORT004,INS0017,2026-02-21,3919,138.5931,543146.36,-9137.41,GBP,MOCK_FEED
POS00400820260221,PORT004,INS0018,2026-02-21,633,57.127,36161.39,1424.04,USD,MOCK_FEED
POS00400920260221,PORT004,INS0019,2026-02-21,4347,17.3432,75390.89,-2142.01,USD,MOCK_FEED
POS00401020260221,PORT004,INS0020,2026-02-21,2616,10.1346,26512.11,-79.17,INR,MOCK_FEED
POS00400120260222,PORT004,INS0011,2026-02-22,2845,21.3689,60794.52,1814.15,GBP,MOCK_FEED
POS00400220260222,PORT004,INS0012,2026-02-22,3608,10.2103,36838.76,42.39,GBP,MOCK_FEED
POS00400320260222,PORT004,INS0013,2026-02-22,1927,32.0364,61734.14,2239.57,USD,MOCK_FEED
POS00400420260222,PORT004,INS0014,2026-02-22,1940,11.171,21671.74,-390.13,GBP,MOCK_FEED
POS00400520260222,PORT004,INS0015,2026-02-22,4501,26.7792,120533.18,2413.89,EUR,MOCK_FEED
POS00400620260222,PORT004,INS0016,2026-02-22,4016,44.265,177768.24,4082.71,GBP,MOCK_FEED
POS00400720260222,PORT004,INS0017,2026-02-22,1110,141.6072,157183.99,-796.6,INR,MOCK_FEED
POS00400820260222,PORT004,INS0018,2026-02-22,3392,57.3277,194455.56,-4413.67,EUR,MOCK_FEED
POS00400920260222,PORT004,INS0019,2026-02-22,3964,17.2754,68479.69,968.71,INR,MOCK_FEED
POS00401020260222,PORT004,INS0020,2026-02-22,1069,10.1595,10860.51,147.41,INR,MOCK_FEED
POS00400120260223,PORT004,INS0011,2026-02-23,121,21.491,2600.41,-27.78,EUR,MOCK_FEED
POS00400220260223,PORT004,INS0012,2026-02-23,3414,10.2768,35085.0,-114.02,USD,MOCK_FEED
POS00400320260223,PORT004,INS0013,2026-02-23,2788,31.9431,89057.36,1194.07,USD,MOCK_FEED
POS00400420260223,PORT004,INS0014,2026-02-23,4698,11.0029,51691.62,170.57,INR,MOCK_FEED
POS00400520260223,PORT004,INS0015,2026-02-23,790,26.956,21295.24,815.07,INR,MOCK_FEED
POS00400620260223,PORT004,INS0016,2026-02-23,1743,45.0698,78556.66,514.96,USD,MOCK_FEED
POS00400720260223,PORT004,INS0017,2026-02-23,3443,139.4419,480098.46,7601.11,GBP,MOCK_FEED
POS00400820260223,PORT004,INS0018,2026-02-23,3637,56.5873,205808.01,8205.48,GBP,MOCK_FEED
POS00400920260223,PORT004,INS0019,2026-02-23,2707,17.3021,46836.78,1517.9,GBP,MOCK_FEED
POS00401020260223,PORT004,INS0020,2026-02-23,233,10.0685,2345.96,-59.06,GBP,MOCK_FEED
POS00400120260224,PORT004,INS0011,2026-02-24,704,21.4986,15135.01,-72.75,INR,MOCK_FEED
POS00400220260224,PORT004,INS0012,2026-02-24,2501,10.3983,26006.15,-214.85,USD,MOCK_FEED
POS00400320260224,PORT004,INS0013,2026-02-24,634,31.1108,19724.25,170.68,GBP,MOCK_FEED
POS00400420260224,PORT004,INS0014,2026-02-24,1200,10.6862,12823.44,-159.16,USD,MOCK_FEED
POS00400520260224,PORT004,INS0015,2026-02-24,119,27.8568,3314.96,-34.49,GBP,MOCK_FEED
POS00400620260224,PORT004,INS0016,2026-02-24,2726,45.1168,122988.4,23.8,USD,MOCK_FEED
POS00400720260224,PORT004,INS0017,2026-02-24,321,134.9831,43329.58,1254.44,INR,MOCK_FEED
POS00400820260224,PORT004,INS0018,2026-02-24,4083,55.9768,228553.27,-5761.68,USD,MOCK_FEED
POS00400920260224,PORT004,INS0019,2026-02-24,2984,16.8731,50349.33,497.34,EUR,MOCK_FEED
POS00401020260224,PORT004,INS0020,2026-02-24,4221,10.0712,42510.54,1556.22,USD,MOCK_FEED
POS00400120260225,PORT004,INS0011,2026-02-25,2635,21.287,56091.24,-667.94,EUR,MOCK_FEED
POS00400220260225,PORT004,INS0012,2026-02-25,3714,10.4105,38664.6,-481.32,EUR,MOCK_FEED
POS00400320260225,PORT004,INS0013,2026-02-25,3467,30.7821,106721.54,780.42,INR,MOCK_FEED
POS00400420260225,PORT004,INS0014,2026-02-25,4966,10.5924,52601.86,1112.17,USD,MOCK_FEED
POS00400520260225,PORT004,INS0015,2026-02-25,3306,27.2166,89978.08,-2572.17,USD,MOCK_FEED
POS00400620260225,PORT004,INS0016,2026-02-25,4951,44.8361,221983.53,-5072.29,USD,MOCK_FEED
POS00400720260225,PORT004,INS0017,2026-02-25,2566,134.8474,346018.43,-7265.67,INR,MOCK_FEED
POS00400820260225,PORT004,INS0018,2026-02-25,2446,55.8111,136513.95,-1463.64,INR,MOCK_FEED
POS00400920260225,PORT004,INS0019,2026-02-25,551,16.8512,9285.01,141.33,USD,MOCK_FEED
POS00401020260225,PORT004,INS0020,2026-02-25,2402,10.0963,24251.31,-517.17,INR,MOCK_FEED
POS00400120260226,PORT004,INS0011,2026-02-26,2224,21.3823,47554.24,-1085.07,USD,MOCK_FEED
POS00400220260226,PORT004,INS0012,2026-02-26,539,10.3115,5557.9,65.1,USD,MOCK_FEED
POS00400320260226,PORT004,INS0013,2026-02-26,1391,30.3469,42212.54,-738.9,INR,MOCK_FEED
POS00400420260226,PORT004,INS0014,2026-02-26,585,10.6655,6239.32,-175.12,EUR,MOCK_FEED
POS00400520260226,PORT004,INS0015,2026-02-26,4167,27.1935,113315.31,3229.53,GBP,MOCK_FEED
POS00400620260226,PORT004,INS0016,2026-02-26,2822,44.6136,125899.58,-3097.15,INR,MOCK_FEED
POS00400720260226,PORT004,INS0017,2026-02-26,2923,133.069,388960.69,13480.3,GBP,MOCK_FEED
POS00400820260226,PORT004,INS0018,2026-02-26,2609,55.1742,143949.49,853.25,USD,MOCK_FEED
POS00400920260226,PORT004,INS0019,2026-02-26,228,16.4995,3761.89,126.81,EUR,MOCK_FEED
POS00401020260226,PORT004,INS0020,2026-02-26,626,10.2362,6407.86,37.2,INR,MOCK_FEED
POS00400120260227,PORT004,INS0011,2026-02-27,3937,20.9775,82588.42,-1286.54,GBP,MOCK_FEED
POS00400220260227,PORT004,INS0012,2026-02-27,893,10.3721,9262.29,-73.79,USD,MOCK_FEED
POS00400320260227,PORT004,INS0013,2026-02-27,1523,29.6052,45088.72,1029.44,INR,MOCK_FEED
POS00400420260227,PORT004,INS0014,2026-02-27,284,10.66,3027.44,-26.06,EUR,MOCK_FEED
POS00400520260227,PORT004,INS0015,2026-02-27,2396,27.1162,64970.42,-157.27,INR,MOCK_FEED
POS00400620260227,PORT004,INS0016,2026-02-27,544,45.2695,24626.61,157.49,GBP,MOCK_FEED
POS00400720260227,PORT004,INS0017,2026-02-27,764,133.8805,102284.7,1364.42,INR,MOCK_FEED
POS00400820260227,PORT004,INS0018,2026-02-27,4101,54.7185,224400.57,-2198.43,GBP,MOCK_FEED
POS00400920260227,PORT004,INS0019,2026-02-27,4140,16.4988,68305.03,806.64,INR,MOCK_FEED
POS00401020260227,PORT004,INS0020,2026-02-27,3028,10.2391,31003.99,222.4,INR,MOCK_FEED
POS00400120260228,PORT004,INS0011,2026-02-28,4915,21.3612,104990.3,1288.46,EUR,MOCK_FEED
POS00400220260228,PORT004,INS0012,2026-02-28,1506,10.5049,15820.38,506.41,EUR,MOCK_FEED
POS00400320260228,PORT004,INS0013,2026-02-28,1404,29.7135,41717.75,688.84,GBP,MOCK_FEED
POS00400420260228,PORT004,INS0014,2026-02-28,4447,10.5673,46992.78,-626.29,USD,MOCK_FEED
POS00400520260228,PORT004,INS0015,2026-02-28,1454,26.5434,38594.1,-906.43,GBP,MOCK_FEED
POS00400620260228,PORT004,INS0016,2026-02-28,2589,45.0796,116711.08,3942.82,USD,MOCK_FEED
POS00400720260228,PORT004,INS0017,2026-02-28,4008,133.4455,534849.56,21168.7,INR,MOCK_FEED
POS00400820260228,PORT004,INS0018,2026-02-28,4412,55.3151,244050.22,3262.42,GBP,MOCK_FEED
POS00400920260228,PORT004,INS0019,2026-02-28,2695,16.4216,44256.21,529.09,GBP,MOCK_FEED
POS00401020260228,PORT004,INS0020,2026-02-28,4283,10.2606,43946.15,1127.82,GBP,MOCK_FEED
POS00400120260301,PORT004,INS0011,2026-03-01,1390,21.8399,30357.46,-879.35,USD,MOCK_FEED
POS00400220260301,PORT004,INS0012,2026-03-01,3012,10.3287,31110.04,1056.67,USD,MOCK_FEED
POS00400320260301,PORT004,INS0013,2026-03-01,2868,29.6258,84966.79,3007.26,GBP,MOCK_FEED
POS00400420260301,PORT004,INS0014,2026-03-01,1299,10.2855,13360.86,-321.59,USD,MOCK_FEED
POS00400520260301,PORT004,INS0015,2026-03-01,4280,26.6227,113945.16,2103.95,EUR,MOCK_FEED
POS00400620260301,PORT004,INS0016,2026-03-01,519,45.7894,23764.7,818.75,INR,MOCK_FEED
POS00400720260301,PORT004,INS0017,2026-03-01,2439,133.5535,325736.99,-543.74,GBP,MOCK_FEED
POS00400820260301,PORT004,INS0018,2026-03-01,1408,54.9174,77323.7,2588.0,USD,MOCK_FEED
POS00400920260301,PORT004,INS0019,2026-03-01,4703,16.0455,75461.99,-2034.07,INR,MOCK_FEED
POS00401020260301,PORT004,INS0020,2026-03-01,2065,10.168,20996.92,-85.4,GBP,MOCK_FEED
POS00400120260302,PORT004,INS0011,2026-03-02,2644,22.0049,58180.96,206.99,GBP,MOCK_FEED
POS00400220260302,PORT004,INS0012,2026-03-02,504,10.1722,5126.79,179.9,USD,MOCK_FEED
POS00400320260302,PORT004,INS0013,2026-03-02,1666,29.3421,48883.94,1317.85,EUR,MOCK_FEED
POS00400420260302,PORT004,INS0014,2026-03-02,3359,10.2955,34582.58,1380.9,GBP,MOCK_FEED
POS00400520260302,PORT004,INS0015,2026-03-02,2322,26.8479,62340.82,1670.69,USD,MOCK_FEED
POS00400620260302,PORT004,INS0016,2026-03-02,1348,46.3448,62472.79,1486.16,INR,MOCK_FEED
POS00400720260302,PORT004,INS0017,2026-03-02,114,134.0859,15285.79,53.54,EUR,MOCK_FEED
POS00400820260302,PORT004,INS0018,2026-03-02,2318,54.6613,126704.89,-413.38,USD,MOCK_FEED
POS00400920260302,PORT004,INS0019,2026-03-02,2118,16.0478,33989.24,457.41,EUR,MOCK_FEED
POS00401020260302,PORT004,INS0020,2026-03-02,2182,10.0314,21888.51,367.77,USD,MOCK_FEED
POS00400120260303,PORT004,INS0011,2026-03-03,1213,22.2383,26975.06,458.32,INR,MOCK_FEED
POS00400220260303,PORT004,INS0012,2026-03-03,604,10.0866,6092.31,125.72,USD,MOCK_FEED
POS00400320260303,PORT004,INS0013,2026-03-03,1866,29.6935,55408.07,-532.15,INR,MOCK_FEED
POS00400420260303,PORT004,INS0014,2026-03-03,2578,10.3049,26566.03,-658.62,GBP,MOCK_FEED
POS00400520260303,PORT004,INS0015,2026-03-03,642,26.8483,17236.61,569.47,GBP,MOCK_FEED
POS00400620260303,PORT004,INS0016,2026-03-03,1426,46.6082,66463.29,912.48,EUR,MOCK_FEED
POS00400720260303,PORT004,INS0017,2026-03-03,2547,134.6596,342978.0,9087.58,GBP,MOCK_FEED
POS00400820260303,PORT004,INS0018,2026-03-03,3253,53.8327,175117.77,-4328.1,INR,MOCK_FEED
POS00400920260303,PORT004,INS0019,2026-03-03,3966,15.9673,63326.31,1588.85,USD,MOCK_FEED
POS00401020260303,PORT004,INS0020,2026-03-03,170,10.2002,1734.03,11.88,USD,MOCK_FEED
POS00400120260304,PORT004,INS0011,2026-03-04,2904,22.9524,66653.77,-252.13,EUR,MOCK_FEED
POS00400220260304,PORT004,INS0012,2026-03-04,2885,10.0649,29037.24,150.62,EUR,MOCK_FEED
POS00400320260304,PORT004,INS0013,2026-03-04,3397,29.648,100714.26,3130.55,INR,MOCK_FEED
POS00400420260304,PORT004,INS0014,2026-03-04,3830,10.3752,39737.02,1174.99,GBP,MOCK_FEED
POS00400520260304,PORT004,INS0015,2026-03-04,2618,26.5474,69501.09,1766.35,INR,MOCK_FEED
POS00400620260304,PORT004,INS0016,2026-03-04,1436,45.9124,65930.21,543.44,USD,MOCK_FEED
POS00400720260304,PORT004,INS0017,2026-03-04,3921,133.6029,523856.97,11755.07,GBP,MOCK_FEED
POS00400820260304,PORT004,INS0018,2026-03-04,1541,54.426,83870.47,361.01,EUR,MOCK_FEED
POS00400920260304,PORT004,INS0019,2026-03-04,2000,15.9166,31833.2,409.49,GBP,MOCK_FEED
POS00401020260304,PORT004,INS0020,2026-03-04,2370,10.4029,24654.87,751.86,USD,MOCK_FEED
POS00400120260305,PORT004,INS0011,2026-03-05,1519,23.067,35038.77,358.27,GBP,MOCK_FEED
POS00400220260305,PORT004,INS0012,2026-03-05,2343,10.0393,23522.08,-151.61,USD,MOCK_FEED
POS00400320260305,PORT004,INS0013,2026-03-05,4864,29.3931,142968.04,-2357.0,INR,MOCK_FEED
POS00400420260305,PORT004,INS0014,2026-03-05,3836,10.5915,40628.99,1136.76,INR,MOCK_FEED
POS00400520260305,PORT004,INS0015,2026-03-05,1662,26.5492,44124.77,-1069.71,GBP,MOCK_FEED
POS00400620260305,PORT004,INS0016,2026-03-05,646,45.6107,29464.51,-374.03,EUR,MOCK_FEED
POS00400720260305,PORT004,INS0017,2026-03-05,4512,133.2734,601329.58,21682.58,EUR,MOCK_FEED
POS00400820260305,PORT004,INS0018,2026-03-05,1924,54.3806,104628.27,3095.21,USD,MOCK_FEED
POS00400920260305,PORT004,INS0019,2026-03-05,2086,15.8934,33153.63,-490.68,EUR,MOCK_FEED
POS00401020260305,PORT004,INS0020,2026-03-05,1591,10.4348,16601.77,450.93,INR,MOCK_FEED
POS00400120260306,PORT004,INS0011,2026-03-06,2516,23.0312,57946.5,-387.24,EUR,MOCK_FEED
POS00400220260306,PORT004,INS0012,2026-03-06,3975,9.9786,39664.93,584.11,EUR,MOCK_FEED
POS00400320260306,PORT004,INS0013,2026-03-06,519,29.2978,15205.56,502.03,INR,MOCK_FEED
POS00400420260306,PORT004,INS0014,2026-03-06,4734,10.3604,49046.13,739.6,USD,MOCK_FEED
POS00400520260306,PORT004,INS0015,2026-03-06,602,26.2945,15829.29,-16.61,GBP,MOCK_FEED
POS00400620260306,PORT004,INS0016,2026-03-06,3704,45.6601,169125.01,-5066.32,GBP,MOCK_FEED
POS00400720260306,PORT004,INS0017,2026-03-06,3926,134.4142,527710.15,-1033.48,GBP,MOCK_FEED
POS00400820260306,PORT004,INS0018,2026-03-06,3683,53.1699,195824.74,5149.3,GBP,MOCK_FEED
POS00400920260306,PORT004,INS0019,2026-03-06,3059,15.9482,48785.54,1891.18,USD,MOCK_FEED
POS00401020260306,PORT004,INS0020,2026-03-06,4744,10.745,50974.28,-1155.38,INR,MOCK_FEED
POS00400120260307,PORT004,INS0011,2026-03-07,1347,22.9267,30882.26,293.72,GBP,MOCK_FEED
POS00400220260307,PORT004,INS0012,2026-03-07,4944,9.9094,48992.07,420.66,USD,MOCK_FEED
POS00400320260307,PORT004,INS0013,2026-03-07,2261,29.3876,66445.36,-1078.66,EUR,MOCK_FEED
POS00400420260307,PORT004,INS0014,2026-03-07,4246,10.4131,44214.02,974.71,USD,MOCK_FEED
POS00400520260307,PORT004,INS0015,2026-03-07,1250,26.2563,32820.38,-598.34,EUR,MOCK_FEED
POS00400620260307,PORT004,INS0016,2026-03-07,4314,45.6339,196864.64,7090.38,EUR,MOCK_FEED
POS00400720260307,PORT004,INS0017,2026-03-07,2434,138.2701,336549.42,7868.23,EUR,MOCK_FEED
POS00400820260307,PORT004,INS0018,2026-03-07,2743,53.8222,147634.29,2776.54,EUR,MOCK_FEED
POS00400920260307,PORT004,INS0019,2026-03-07,4795,15.7721,75627.22,-1557.01,GBP,MOCK_FEED
POS00401020260307,PORT004,INS0020,2026-03-07,4436,10.5972,47009.18,-1049.39,INR,MOCK_FEED
POS00400120260308,PORT004,INS0011,2026-03-08,2383,23.0476,54922.43,-1629.11,USD,MOCK_FEED
POS00400220260308,PORT004,INS0012,2026-03-08,1506,9.8367,14814.07,-324.6,USD,MOCK_FEED
POS00400320260308,PORT004,INS0013,2026-03-08,1185,29.5399,35004.78,1128.69,USD,MOCK_FEED
POS00400420260308,PORT004,INS0014,2026-03-08,3491,10.6456,37163.79,730.77,GBP,MOCK_FEED
POS00400520260308,PORT004,INS0015,2026-03-08,710,26.4543,18782.55,658.95,GBP,MOCK_FEED
POS00400620260308,PORT004,INS0016,2026-03-08,3562,46.0909,164175.79,6354.74,USD,MOCK_FEED
POS00400720260308,PORT004,INS0017,2026-03-08,2737,137.1437,375362.31,-2518.0,INR,MOCK_FEED
POS00400820260308,PORT004,INS0018,2026-03-08,140,53.4166,7478.32,286.72,USD,MOCK_FEED
POS00400920260308,PORT004,INS0019,2026-03-08,4711,15.9831,75296.38,-563.99,EUR,MOCK_FEED
POS00401020260308,PORT004,INS0020,2026-03-08,2247,10.7372,24126.49,-501.47,USD,MOCK_FEED
POS00400120260309,PORT004,INS0011,2026-03-09,935,23.234,21723.79,189.5,EUR,MOCK_FEED
POS00400220260309,PORT004,INS0012,2026-03-09,737,9.8093,7229.45,282.26,GBP,MOCK_FEED
POS00400320260309,PORT004,INS0013,2026-03-09,3449,28.9867,99975.13,2374.98,GBP,MOCK_FEED
POS00400420260309,PORT004,INS0014,2026-03-09,2084,10.5127,21908.47,-623.17,GBP,MOCK_FEED
POS00400520260309,PORT004,INS0015,2026-03-09,4041,26.5319,107215.41,-2172.0,EUR,MOCK_FEED
POS00400620260309,PORT004,INS0016,2026-03-09,625,46.9305,29331.56,618.03,GBP,MOCK_FEED
POS00400720260309,PORT004,INS0017,2026-03-09,4426,138.5729,613323.66,-16040.5,INR,MOCK_FEED
POS00400820260309,PORT004,INS0018,2026-03-09,4940,53.0509,262071.45,-3122.13,INR,MOCK_FEED
POS00400920260309,PORT004,INS0019,2026-03-09,4447,16.0107,71199.58,-505.3,INR,MOCK_FEED
POS00401020260309,PORT004,INS0020,2026-03-09,784,10.7773,8449.4,-99.91,EUR,MOCK_FEED
POS00400120260310,PORT004,INS0011,2026-03-10,602,22.9607,13822.34,160.42,INR,MOCK_FEED
POS00400220260310,PORT004,INS0012,2026-03-10,3940,9.8542,38825.55,862.16,INR,MOCK_FEED
POS00400320260310,PORT004,INS0013,2026-03-10,3306,29.9738,99093.38,3891.35,INR,MOCK_FEED
POS00400420260310,PORT004,INS0014,2026-03-10,1487,10.5033,15618.41,-207.46,GBP,MOCK_FEED
POS00400520260310,PORT004,INS0015,2026-03-10,566,26.8494,15196.76,447.08,EUR,MOCK_FEED
POS00400620260310,PORT004,INS0016,2026-03-10,3079,47.1297,145112.35,4868.6,EUR,MOCK_FEED
POS00400720260310,PORT004,INS0017,2026-03-10,2785,137.1481,381957.46,9940.76,EUR,MOCK_FEED
POS00400820260310,PORT004,INS0018,2026-03-10,2430,53.6561,130384.32,-3383.12,INR,MOCK_FEED
POS00400920260310,PORT004,INS0019,2026-03-10,1265,15.9871,20223.68,-440.12,GBP,MOCK_FEED
POS00401020260310,PORT004,INS0020,2026-03-10,4312,10.9341,47147.84,-876.99,INR,MOCK_FEED
POS00400120260311,PORT004,INS0011,2026-03-11,2237,22.9065,51241.84,488.98,EUR,MOCK_FEED
POS00400220260311,PORT004,INS0012,2026-03-11,4861,10.0952,49072.77,1122.71,EUR,MOCK_FEED
POS00400320260311,PORT004,INS0013,2026-03-11,2997,29.4049,88126.49,-1670.91,GBP,MOCK_FEED
POS00400420260311,PORT004,INS0014,2026-03-11,2325,10.609,24665.92,-238.77,EUR,MOCK_FEED
POS00400520260311,PORT004,INS0015,2026-03-11,653,27.0495,17663.32,244.63,USD,MOCK_FEED
POS00400620260311,PORT004,INS0016,2026-03-11,4706,47.2145,222191.44,1917.05,USD,MOCK_FEED
POS00400720260311,PORT004,INS0017,2026-03-11,2200,135.7892,298736.24,1241.28,INR,MOCK_FEED
POS00400820260311,PORT004,INS0018,2026-03-11,2814,52.7705,148496.19,5515.09,EUR,MOCK_FEED
POS00400920260311,PORT004,INS0019,2026-03-11,1115,15.7057,17511.86,-394.41,USD,MOCK_FEED
POS00401020260311,PORT004,INS0020,2026-03-11,2847,11.0517,31464.19,-565.11,GBP,MOCK_FEED
POS00400120260312,PORT004,INS0011,2026-03-12,3574,22.7656,81364.25,-949.16,USD,MOCK_FEED
POS00400220260312,PORT004,INS0012,2026-03-12,3079,10.032,30888.53,630.8,INR,MOCK_FEED
POS00400320260312,PORT004,INS0013,2026-03-12,2391,29.0467,69450.66,-659.71,GBP,MOCK_FEED
POS00400420260312,PORT004,INS0014,2026-03-12,4875,10.576,51558.0,-1543.88,INR,MOCK_FEED
POS00400520260312,PORT004,INS0015,2026-03-12,3846,27.0118,103887.38,1342.88,USD,MOCK_FEED
POS00400620260312,PORT004,INS0016,2026-03-12,2488,45.9511,114326.34,-1770.24,INR,MOCK_FEED
POS00400720260312,PORT004,INS0017,2026-03-12,130,137.5867,17886.27,-461.09,INR,MOCK_FEED
POS00400820260312,PORT004,INS0018,2026-03-12,3744,52.4198,196259.73,-103.73,USD,MOCK_FEED
POS00400920260312,PORT004,INS0019,2026-03-12,1135,15.9786,18135.71,-21.84,GBP,MOCK_FEED
POS00401020260312,PORT004,INS0020,2026-03-12,4713,11.0344,52005.13,347.84,EUR,MOCK_FEED
POS00400120260313,PORT004,INS0011,2026-03-13,3765,22.4179,84403.39,-2202.43,USD,MOCK_FEED
POS00400220260313,PORT004,INS0012,2026-03-13,3796,9.9007,37583.06,-1091.7,GBP,MOCK_FEED
POS00400320260313,PORT004,INS0013,2026-03-13,2890,29.2322,84481.06,357.83,EUR,MOCK_FEED
POS00400420260313,PORT004,INS0014,2026-03-13,3831,10.8063,41398.94,-732.15,INR,MOCK_FEED
POS00400520260313,PORT004,INS0015,2026-03-13,3291,26.9122,88568.05,3114.4,USD,MOCK_FEED
POS00400620260313,PORT004,INS0016,2026-03-13,2320,45.9431,106587.99,-2827.02,USD,MOCK_FEED
POS00400720260313,PORT004,INS0017,2026-03-13,879,137.1133,120522.59,-2696.56,INR,MOCK_FEED
POS00400820260313,PORT004,INS0018,2026-03-13,2952,51.7907,152886.15,5951.44,USD,MOCK_FEED
POS00400920260313,PORT004,INS0019,2026-03-13,2128,16.0883,34235.9,-697.3,GBP,MOCK_FEED
POS00401020260313,PORT004,INS0020,2026-03-13,2399,10.9967,26381.08,363.97,USD,MOCK_FEED
POS00400120260314,PORT004,INS0011,2026-03-14,1507,22.6722,34167.01,490.76,GBP,MOCK_FEED
POS00400220260314,PORT004,INS0012,2026-03-14,2787,9.7817,27261.6,1058.24,EUR,MOCK_FEED
POS00400320260314,PORT004,INS0013,2026-03-14,1210,29.5873,35800.63,262.47,USD,MOCK_FEED
POS00400420260314,PORT004,INS0014,2026-03-14,3656,10.5862,38703.15,-129.9,USD,MOCK_FEED
POS00400520260314,PORT004,INS0015,2026-03-14,1869,26.0424,48673.25,676.43,USD,MOCK_FEED
POS00400620260314,PORT004,INS0016,2026-03-14,1130,45.7882,51740.67,-264.85,GBP,MOCK_FEED
POS00400720260314,PORT004,INS0017,2026-03-14,1951,139.128,271438.73,9947.64,USD,MOCK_FEED
POS00400820260314,PORT004,INS0018,2026-03-14,2558,51.7908,132480.87,-2426.1,INR,MOCK_FEED
POS00400920260314,PORT004,INS0019,2026-03-14,1635,16.1809,26455.77,974.79,INR,MOCK_FEED
POS00401020260314,PORT004,INS0020,2026-03-14,3219,10.9903,35377.78,557.03,GBP,MOCK_FEED
POS00400120260315,PORT004,INS0011,2026-03-15,709,22.5604,15995.32,-326.08,GBP,MOCK_FEED
POS00400220260315,PORT004,INS0012,2026-03-15,4439,9.9515,44174.71,542.57,USD,MOCK_FEED
POS00400320260315,PORT004,INS0013,2026-03-15,984,29.8872,29409.0,512.03,INR,MOCK_FEED
POS00400420260315,PORT004,INS0014,2026-03-15,4790,10.7029,51266.89,1811.83,INR,MOCK_FEED
POS00400520260315,PORT004,INS0015,2026-03-15,4706,26.1306,122970.6,4435.34,INR,MOCK_FEED
POS00400620260315,PORT004,INS0016,2026-03-15,4840,45.4427,219942.67,246.83,EUR,MOCK_FEED
POS00400720260315,PORT004,INS0017,2026-03-15,3828,137.6473,526913.86,15412.01,EUR,MOCK_FEED
POS00400820260315,PORT004,INS0018,2026-03-15,1216,51.6109,62758.85,2457.18,EUR,MOCK_FEED
POS00400920260315,PORT004,INS0019,2026-03-15,219,15.6594,3429.41,-51.49,INR,MOCK_FEED
POS00401020260315,PORT004,INS0020,2026-03-15,2358,10.8782,25650.8,658.09,INR,MOCK_FEED
POS00400120260316,PORT004,INS0011,2026-03-16,4303,22.6341,97394.53,3241.91,EUR,MOCK_FEED
POS00400220260316,PORT004,INS0012,2026-03-16,3884,10.1325,39354.63,-1104.46,INR,MOCK_FEED
POS00400320260316,PORT004,INS0013,2026-03-16,2240,29.1575,65312.8,2076.31,EUR,MOCK_FEED
POS00400420260316,PORT004,INS0014,2026-03-16,3527,10.628,37484.96,347.92,EUR,MOCK_FEED
POS00400520260316,PORT004,INS0015,2026-03-16,2209,26.6502,58870.29,-476.9,INR,MOCK_FEED
POS00400620260316,PORT004,INS0016,2026-03-16,4572,46.2799,211591.7,-2076.91,USD,MOCK_FEED
POS00400720260316,PORT004,INS0017,2026-03-16,590,137.5091,81130.37,-1042.91,USD,MOCK_FEED
POS00400820260316,PORT004,INS0018,2026-03-16,485,52.3785,25403.57,993.58,EUR,MOCK_FEED
POS00400920260316,PORT004,INS0019,2026-03-16,1026,15.8047,16215.62,90.88,GBP,MOCK_FEED
POS00401020260316,PORT004,INS0020,2026-03-16,4657,10.8224,50399.92,487.01,GBP,MOCK_FEED
POS00400120260317,PORT004,INS0011,2026-03-17,569,22.6241,12873.11,232.98,USD,MOCK_FEED
POS00400220260317,PORT004,INS0012,2026-03-17,1674,10.2627,17179.76,199.74,USD,MOCK_FEED
POS00400320260317,PORT004,INS0013,2026-03-17,618,28.9734,17905.56,-523.26,USD,MOCK_FEED
POS00400420260317,PORT004,INS0014,2026-03-17,4647,10.6415,49451.05,1784.07,INR,MOCK_FEED
POS00400520260317,PORT004,INS0015,2026-03-17,3870,26.4535,102375.04,-1427.0,INR,MOCK_FEED
POS00400620260317,PORT004,INS0016,2026-03-17,2200,46.2894,101836.68,1364.71,GBP,MOCK_FEED
POS00400720260317,PORT004,INS0017,2026-03-17,4150,137.1024,568974.96,14988.6,GBP,MOCK_FEED
POS00400820260317,PORT004,INS0018,2026-03-17,2161,52.4701,113387.89,3872.01,USD,MOCK_FEED
POS00400920260317,PORT004,INS0019,2026-03-17,3778,15.8124,59739.25,549.11,EUR,MOCK_FEED
POS00401020260317,PORT004,INS0020,2026-03-17,4312,10.9466,47201.74,864.38,GBP,MOCK_FEED
POS00400120260318,PORT004,INS0011,2026-03-18,3041,22.1465,67347.51,-1015.59,INR,MOCK_FEED
POS00400220260318,PORT004,INS0012,2026-03-18,901,10.2771,9259.67,178.56,EUR,MOCK_FEED
POS00400320260318,PORT004,INS0013,2026-03-18,2353,29.3241,68999.61,-1265.35,INR,MOCK_FEED
POS00400420260318,PORT004,INS0014,2026-03-18,1442,10.8972,15713.76,-377.27,USD,MOCK_FEED
POS00400520260318,PORT004,INS0015,2026-03-18,544,26.6397,14492.0,189.24,INR,MOCK_FEED
POS00400620260318,PORT004,INS0016,2026-03-18,2265,45.8031,103744.02,960.12,INR,MOCK_FEED
POS00400720260318,PORT004,INS0017,2026-03-18,2505,136.2795,341380.15,-4453.02,INR,MOCK_FEED
POS00400820260318,PORT004,INS0018,2026-03-18,1895,51.179,96984.21,519.51,USD,MOCK_FEED
POS00400920260318,PORT004,INS0019,2026-03-18,1311,15.6645,20536.16,468.17,USD,MOCK_FEED
POS00401020260318,PORT004,INS0020,2026-03-18,3847,10.9221,42017.32,-17.39,GBP,MOCK_FEED
POS00400120260319,PORT004,INS0011,2026-03-19,3783,22.1656,83852.46,3253.05,INR,MOCK_FEED
POS00400220260319,PORT004,INS0012,2026-03-19,4825,10.3562,49968.66,1613.09,GBP,MOCK_FEED
POS00400320260319,PORT004,INS0013,2026-03-19,4701,28.9918,136290.45,-2524.5,GBP,MOCK_FEED
POS00400420260319,PORT004,INS0014,2026-03-19,1407,11.0537,15552.56,-50.27,GBP,MOCK_FEED
POS00400520260319,PORT004,INS0015,2026-03-19,475,26.4173,12548.22,-149.16,EUR,MOCK_FEED
POS00400620260319,PORT004,INS0016,2026-03-19,934,45.7873,42765.34,-470.56,GBP,MOCK_FEED
POS00400720260319,PORT004,INS0017,2026-03-19,4536,134.206,608758.42,18279.76,GBP,MOCK_FEED
POS00400820260319,PORT004,INS0018,2026-03-19,367,51.1023,18754.54,132.12,EUR,MOCK_FEED
POS00400920260319,PORT004,INS0019,2026-03-19,3838,15.4355,59241.45,-687.12,INR,MOCK_FEED
POS00401020260319,PORT004,INS0020,2026-03-19,1019,10.9244,11131.96,27.42,EUR,MOCK_FEED
POS00400120260320,PORT004,INS0011,2026-03-20,2575,22.5186,57985.39,376.11,USD,MOCK_FEED
POS00400220260320,PORT004,INS0012,2026-03-20,4307,10.4398,44964.22,1058.88,EUR,MOCK_FEED
POS00400320260320,PORT004,INS0013,2026-03-20,4568,29.2904,133798.55,-3286.92,EUR,MOCK_FEED
POS00400420260320,PORT004,INS0014,2026-03-20,3048,11.153,33994.34,1349.87,INR,MOCK_FEED
POS00400520260320,PORT004,INS0015,2026-03-20,1752,26.3178,46108.79,-1315.01,USD,MOCK_FEED
POS00400620260320,PORT004,INS0016,2026-03-20,3326,45.878,152590.23,5729.31,USD,MOCK_FEED
POS00400720260320,PORT004,INS0017,2026-03-20,822,136.2828,112024.46,258.58,USD,MOCK_FEED
POS00400820260320,PORT004,INS0018,2026-03-20,4569,51.598,235751.26,8701.64,GBP,MOCK_FEED
POS00400920260320,PORT004,INS0019,2026-03-20,917,15.5455,14255.22,458.75,GBP,MOCK_FEED
POS00401020260320,PORT004,INS0020,2026-03-20,4091,10.898,44583.72,-937.63,EUR,MOCK_FEED
POS00400120260321,PORT004,INS0011,2026-03-21,1485,22.5521,33489.87,945.84,INR,MOCK_FEED
POS00400220260321,PORT004,INS0012,2026-03-21,211,10.7154,2260.95,18.92,EUR,MOCK_FEED
POS00400320260321,PORT004,INS0013,2026-03-21,4486,29.4155,131957.93,-3924.23,INR,MOCK_FEED
POS00400420260321,PORT004,INS0014,2026-03-21,2627,11.2204,29475.99,-279.08,USD,MOCK_FEED
POS00400520260321,PORT004,INS0015,2026-03-21,341,26.5995,9070.43,192.43,EUR,MOCK_FEED
POS00400620260321,PORT004,INS0016,2026-03-21,4490,45.2581,203208.87,7380.06,INR,MOCK_FEED
POS00400720260321,PORT004,INS0017,2026-03-21,2072,137.652,285214.94,6199.06,GBP,MOCK_FEED
POS00400820260321,PORT004,INS0018,2026-03-21,978,52.101,50954.78,1627.84,GBP,MOCK_FEED
POS00400920260321,PORT004,INS0019,2026-03-21,3414,15.4739,52827.89,1231.51,EUR,MOCK_FEED
POS00401020260321,PORT004,INS0020,2026-03-21,1296,11.1038,14390.52,53.27,USD,MOCK_FEED
POS00400120260322,PORT004,INS0011,2026-03-22,3380,22.1044,74712.87,606.58,INR,MOCK_FEED
POS00400220260322,PORT004,INS0012,2026-03-22,3494,10.7246,37471.75,641.22,INR,MOCK_FEED
POS00400320260322,PORT004,INS0013,2026-03-22,2211,30.0059,66343.04,-1046.6,INR,MOCK_FEED
POS00400420260322,PORT004,INS0014,2026-03-22,1266,11.2211,14205.91,-135.02,USD,MOCK_FEED
POS00400520260322,PORT004,INS0015,2026-03-22,2330,26.7885,62417.2,-849.08,INR,MOCK_FEED
POS00400620260322,PORT004,INS0016,2026-03-22,686,45.3298,31096.24,382.55,INR,MOCK_FEED
POS00400720260322,PORT004,INS0017,2026-03-22,1830,137.8062,252185.35,7169.52,GBP,MOCK_FEED
POS00400820260322,PORT004,INS0018,2026-03-22,262,53.199,13938.14,-345.64,GBP,MOCK_FEED
POS00400920260322,PORT004,INS0019,2026-03-22,395,15.5097,6126.33,27.0,USD,MOCK_FEED
POS00401020260322,PORT004,INS0020,2026-03-22,927,11.085,10275.8,-291.68,USD,MOCK_FEED
POS00400120260323,PORT004,INS0011,2026-03-23,1602,22.135,35460.27,-883.52,USD,MOCK_FEED
POS00400220260323,PORT004,INS0012,2026-03-23,4822,10.8607,52370.3,1762.22,INR,MOCK_FEED
POS00400320260323,PORT004,INS0013,2026-03-23,4072,30.2498,123177.19,-2232.46,EUR,MOCK_FEED
POS00400420260323,PORT004,INS0014,2026-03-23,2786,11.2781,31420.79,1215.09,EUR,MOCK_FEED
POS00400520260323,PORT004,INS0015,2026-03-23,1912,27.4645,52512.12,-1099.14,INR,MOCK_FEED
POS00400620260323,PORT004,INS0016,2026-03-23,4585,45.1267,206905.92,-6202.55,GBP,MOCK_FEED
POS00400720260323,PORT004,INS0017,2026-03-23,3789,134.9071,511163.0,-12827.31,INR,MOCK_FEED
POS00400820260323,PORT004,INS0018,2026-03-23,1004,52.9845,53196.44,1732.61,GBP,MOCK_FEED
POS00400920260323,PORT004,INS0019,2026-03-23,2778,15.3248,42572.29,54.86,INR,MOCK_FEED
POS00401020260323,PORT004,INS0020,2026-03-23,3509,11.0522,38782.17,-388.56,USD,MOCK_FEED
POS00400120260324,PORT004,INS0011,2026-03-24,777,22.0989,17170.85,153.67,EUR,MOCK_FEED
POS00400220260324,PORT004,INS0012,2026-03-24,490,10.7351,5260.2,28.63,GBP,MOCK_FEED
POS00400320260324,PORT004,INS0013,2026-03-24,3550,30.4309,108029.7,-2829.12,INR,MOCK_FEED
POS00400420260324,PORT004,INS0014,2026-03-24,3916,11.3681,44517.48,-1183.47,USD,MOCK_FEED
POS00400520260324,PORT004,INS0015,2026-03-24,1374,27.6505,37991.79,49.44,INR,MOCK_FEED
POS00400620260324,PORT004,INS0016,2026-03-24,2323,45.1454,104872.76,-845.56,EUR,MOCK_FEED
POS00400720260324,PORT004,INS0017,2026-03-24,2067,132.6646,274217.73,-5377.9,GBP,MOCK_FEED
POS00400820260324,PORT004,INS0018,2026-03-24,2912,52.7203,153521.51,1145.83,INR,MOCK_FEED
POS00400920260324,PORT004,INS0019,2026-03-24,3526,15.4309,54409.35,102.84,EUR,MOCK_FEED
POS00401020260324,PORT004,INS0020,2026-03-24,1244,11.1643,13888.39,-131.81,INR,MOCK_FEED
POS00400120260325,PORT004,INS0011,2026-03-25,1212,21.9589,26614.19,963.06,EUR,MOCK_FEED
POS00400220260325,PORT004,INS0012,2026-03-25,4572,10.697,48906.68,-74.24,USD,MOCK_FEED
POS00400320260325,PORT004,INS0013,2026-03-25,1230,29.793,36645.39,1373.72,EUR,MOCK_FEED
POS00400420260325,PORT004,INS0014,2026-03-25,4121,11.408,47012.37,-759.74,EUR,MOCK_FEED
POS00400520260325,PORT004,INS0015,2026-03-25,2979,27.1809,80971.9,-9.93,USD,MOCK_FEED
POS00400620260325,PORT004,INS0016,2026-03-25,1340,44.25,59295.0,-736.73,INR,MOCK_FEED
POS00400720260325,PORT004,INS0017,2026-03-25,2846,134.0543,381518.54,4852.63,EUR,MOCK_FEED
POS00400820260325,PORT004,INS0018,2026-03-25,628,51.917,32603.88,865.03,USD,MOCK_FEED
POS00400920260325,PORT004,INS0019,2026-03-25,4342,15.2092,66038.35,637.37,GBP,MOCK_FEED
POS00401020260325,PORT004,INS0020,2026-03-25,1244,11.159,13881.8,111.8,USD,MOCK_FEED
POS00400120260326,PORT004,INS0011,2026-03-26,2049,22.3432,45781.22,544.74,EUR,MOCK_FEED
POS00400220260326,PORT004,INS0012,2026-03-26,2035,10.7772,21931.6,-343.77,EUR,MOCK_FEED
POS00400320260326,PORT004,INS0013,2026-03-26,2325,29.2919,68103.67,1006.08,GBP,MOCK_FEED
POS00400420260326,PORT004,INS0014,2026-03-26,1396,11.2354,15684.62,480.48,USD,MOCK_FEED
POS00400520260326,PORT004,INS0015,2026-03-26,310,27.2621,8451.25,57.96,USD,MOCK_FEED
POS00400620260326,PORT004,INS0016,2026-03-26,674,44.0888,29715.85,-380.69,GBP,MOCK_FEED
POS00400720260326,PORT004,INS0017,2026-03-26,825,132.2312,109090.74,3713.9,EUR,MOCK_FEED
POS00400820260326,PORT004,INS0018,2026-03-26,783,51.1958,40086.31,307.23,GBP,MOCK_FEED
POS00400920260326,PORT004,INS0019,2026-03-26,392,14.9951,5878.08,-160.95,INR,MOCK_FEED
POS00401020260326,PORT004,INS0020,2026-03-26,4334,11.1568,48353.57,-1016.34,GBP,MOCK_FEED
POS00400120260327,PORT004,INS0011,2026-03-27,2571,22.2544,57216.06,-1632.71,EUR,MOCK_FEED
POS00400220260327,PORT004,INS0012,2026-03-27,4516,10.7893,48724.48,1352.94,EUR,MOCK_FEED
POS00400320260327,PORT004,INS0013,2026-03-27,1718,29.1221,50031.77,591.74,USD,MOCK_FEED
POS00400420260327,PORT004,INS0014,2026-03-27,911,11.4837,10461.65,-11.14,GBP,MOCK_FEED
POS00400520260327,PORT004,INS0015,2026-03-27,4245,26.7544,113572.43,2968.93,GBP,MOCK_FEED
POS00400620260327,PORT004,INS0016,2026-03-27,3991,44.2864,176747.02,-2531.41,INR,MOCK_FEED
POS00400720260327,PORT004,INS0017,2026-03-27,687,134.5896,92463.06,1138.12,GBP,MOCK_FEED
POS00400820260327,PORT004,INS0018,2026-03-27,2706,51.2721,138742.3,5119.26,EUR,MOCK_FEED
POS00400920260327,PORT004,INS0019,2026-03-27,4204,15.1781,63808.73,-865.42,INR,MOCK_FEED
POS00401020260327,PORT004,INS0020,2026-03-27,3327,11.0011,36600.66,82.88,INR,MOCK_FEED
POS00400120260328,PORT004,INS0011,2026-03-28,3419,21.9381,75006.36,1019.74,EUR,MOCK_FEED
POS00400220260328,PORT004,INS0012,2026-03-28,1128,10.7226,12095.09,4.87,EUR,MOCK_FEED
POS00400320260328,PORT004,INS0013,2026-03-28,1324,29.5346,39103.81,240.38,INR,MOCK_FEED
POS00400420260328,PORT004,INS0014,2026-03-28,1969,11.5306,22703.75,-104.85,EUR,MOCK_FEED
POS00400520260328,PORT004,INS0015,2026-03-28,4201,27.0521,113645.87,3704.5,INR,MOCK_FEED
POS00400620260328,PORT004,INS0016,2026-03-28,4054,44.7951,181599.34,-335.89,INR,MOCK_FEED
POS00400720260328,PORT004,INS0017,2026-03-28,3142,136.5777,429127.13,-3833.19,INR,MOCK_FEED
POS00400820260328,PORT004,INS0018,2026-03-28,1777,50.308,89397.32,1369.01,INR,MOCK_FEED
POS00400920260328,PORT004,INS0019,2026-03-28,3967,15.4727,61380.2,316.43,EUR,MOCK_FEED
POS00401020260328,PORT004,INS0020,2026-03-28,1014,11.1814,11337.94,419.06,EUR,MOCK_FEED
POS00400120260329,PORT004,INS0011,2026-03-29,919,21.6618,19907.19,-374.29,USD,MOCK_FEED
POS00400220260329,PORT004,INS0012,2026-03-29,4643,10.8664,50452.7,211.0,INR,MOCK_FEED
POS00400320260329,PORT004,INS0013,2026-03-29,2129,29.1716,62106.34,-1068.22,USD,MOCK_FEED
POS00400420260329,PORT004,INS0014,2026-03-29,917,11.5411,10583.19,361.15,GBP,MOCK_FEED
POS00400520260329,PORT004,INS0015,2026-03-29,2192,27.4123,60087.76,2390.49,USD,MOCK_FEED
POS00400620260329,PORT004,INS0016,2026-03-29,4605,44.8452,206512.15,-6138.29,USD,MOCK_FEED
POS00400720260329,PORT004,INS0017,2026-03-29,223,133.9272,29865.77,-422.82,USD,MOCK_FEED
POS00400820260329,PORT004,INS0018,2026-03-29,3848,50.2527,193372.39,-985.66,GBP,MOCK_FEED
POS00400920260329,PORT004,INS0019,2026-03-29,2412,15.4948,37373.46,-554.53,INR,MOCK_FEED
POS00401020260329,PORT004,INS0020,2026-03-29,1112,11.3852,12660.34,-324.42,EUR,MOCK_FEED
POS00400120260330,PORT004,INS0011,2026-03-30,2878,21.0935,60707.09,-864.97,INR,MOCK_FEED
POS00400220260330,PORT004,INS0012,2026-03-30,1806,10.7224,19364.65,553.83,EUR,MOCK_FEED
POS00400320260330,PORT004,INS0013,2026-03-30,4941,29.2537,144542.53,-2113.27,USD,MOCK_FEED
POS00400420260330,PORT004,INS0014,2026-03-30,1387,11.6896,16213.48,-270.7,INR,MOCK_FEED
POS00400520260330,PORT004,INS0015,2026-03-30,1724,27.5924,47569.3,-461.56,GBP,MOCK_FEED
POS00400620260330,PORT004,INS0016,2026-03-30,188,44.4636,8359.16,217.96,USD,MOCK_FEED
POS00400720260330,PORT004,INS0017,2026-03-30,4740,133.8306,634357.04,6554.56,INR,MOCK_FEED
POS00400820260330,PORT004,INS0018,2026-03-30,4713,49.8676,235026.0,3624.82,USD,MOCK_FEED
POS00400920260330,PORT004,INS0019,2026-03-30,4456,15.4585,68883.08,-1489.77,INR,MOCK_FEED
POS00401020260330,PORT004,INS0020,2026-03-30,2674,11.3557,30365.14,-265.81,GBP,MOCK_FEED
POS00400120260331,PORT004,INS0011,2026-03-31,2121,20.8937,44315.54,-704.83,EUR,MOCK_FEED
POS00400220260331,PORT004,INS0012,2026-03-31,1894,10.4831,19854.99,190.99,USD,MOCK_FEED
POS00400320260331,PORT004,INS0013,2026-03-31,3690,29.1803,107675.31,1658.62,INR,MOCK_FEED
POS00400420260331,PORT004,INS0014,2026-03-31,4534,11.5564,52396.72,2020.21,USD,MOCK_FEED
POS00400520260331,PORT004,INS0015,2026-03-31,4813,28.1952,135703.5,-228.84,INR,MOCK_FEED
POS00400620260331,PORT004,INS0016,2026-03-31,4731,44.3015,209590.4,-3197.14,INR,MOCK_FEED
POS00400720260331,PORT004,INS0017,2026-03-31,2784,132.2726,368246.92,-2848.49,EUR,MOCK_FEED
POS00400820260331,PORT004,INS0018,2026-03-31,5000,51.0215,255107.5,913.62,USD,MOCK_FEED
POS00400920260331,PORT004,INS0019,2026-03-31,374,15.4577,5781.18,-161.28,INR,MOCK_FEED
POS00401020260331,PORT004,INS0020,2026-03-31,4087,11.3346,46324.51,116.55,EUR,MOCK_FEED
POS00400120260401,PORT004,INS0011,2026-04-01,749,21.0944,15799.71,216.96,USD,MOCK_FEED
POS00400220260401,PORT004,INS0012,2026-04-01,4974,10.6143,52795.53,-661.68,USD,MOCK_FEED
POS00400320260401,PORT004,INS0013,2026-04-01,2814,29.3971,82723.44,503.24,GBP,MOCK_FEED
POS00400420260401,PORT004,INS0014,2026-04-01,4813,11.2827,54303.64,395.23,GBP,MOCK_FEED
POS00400520260401,PORT004,INS0015,2026-04-01,4592,28.1274,129161.02,-775.84,EUR,MOCK_FEED
POS00400620260401,PORT004,INS0016,2026-04-01,4070,44.8668,182607.88,2549.78,USD,MOCK_FEED
POS00400720260401,PORT004,INS0017,2026-04-01,573,135.4848,77632.79,1272.98,GBP,MOCK_FEED
POS00400820260401,PORT004,INS0018,2026-04-01,919,51.0605,46924.6,-1111.82,USD,MOCK_FEED
POS00400920260401,PORT004,INS0019,2026-04-01,4895,15.4925,75835.79,2518.58,GBP,MOCK_FEED
POS00401020260401,PORT004,INS0020,2026-04-01,2282,11.1921,25540.37,564.05,USD,MOCK_FEED
POS00400120260402,PORT004,INS0011,2026-04-02,2353,21.2233,49938.42,878.18,USD,MOCK_FEED
POS00400220260402,PORT004,INS0012,2026-04-02,2541,10.6926,27169.9,802.9,GBP,MOCK_FEED
POS00400320260402,PORT004,INS0013,2026-04-02,2285,29.4494,67291.88,-164.59,EUR,MOCK_FEED
POS00400420260402,PORT004,INS0014,2026-04-02,4964,11.1718,55456.82,-236.86,USD,MOCK_FEED
POS00400520260402,PORT004,INS0015,2026-04-02,1853,27.9352,51763.93,1554.32,INR,MOCK_FEED
POS00400620260402,PORT004,INS0016,2026-04-02,4881,45.2383,220808.14,-85.87,EUR,MOCK_FEED
POS00400720260402,PORT004,INS0017,2026-04-02,1439,136.874,196961.69,2096.54,USD,MOCK_FEED
POS00400820260402,PORT004,INS0018,2026-04-02,2888,51.1869,147827.77,2718.36,GBP,MOCK_FEED
POS00400920260402,PORT004,INS0019,2026-04-02,1174,15.4475,18135.36,308.41,INR,MOCK_FEED
POS00401020260402,PORT004,INS0020,2026-04-02,3767,11.3517,42761.85,214.88,USD,MOCK_FEED
POS00400120260403,PORT004,INS0011,2026-04-03,2616,21.0966,55188.71,287.83,EUR,MOCK_FEED
POS00400220260403,PORT004,INS0012,2026-04-03,2348,10.5728,24824.93,557.97,EUR,MOCK_FEED
POS00400320260403,PORT004,INS0013,2026-04-03,1859,29.4806,54804.44,1165.33,INR,MOCK_FEED
POS00400420260403,PORT004,INS0014,2026-04-03,305,11.1757,3408.59,41.45,GBP,MOCK_FEED
POS00400520260403,PORT004,INS0015,2026-04-03,1749,27.5792,48236.02,-607.84,INR,MOCK_FEED
POS00400620260403,PORT004,INS0016,2026-04-03,3494,45.1978,157921.11,2418.98,GBP,MOCK_FEED
POS00400720260403,PORT004,INS0017,2026-04-03,3868,138.649,536294.33,9514.08,INR,MOCK_FEED
POS00400820260403,PORT004,INS0018,2026-04-03,4848,51.667,250481.62,9220.87,EUR,MOCK_FEED
POS00400920260403,PORT004,INS0019,2026-04-03,4198,15.7042,65926.23,-1727.86,EUR,MOCK_FEED
POS00401020260403,PORT004,INS0020,2026-04-03,637,11.5323,7346.08,-9.45,GBP,MOCK_FEED
POS00400120260404,PORT004,INS0011,2026-04-04,2048,20.8333,42666.6,154.55,GBP,MOCK_FEED
POS00400220260404,PORT004,INS0012,2026-04-04,2643,10.579,27960.3,527.63,GBP,MOCK_FEED
POS00400320260404,PORT004,INS0013,2026-04-04,987,28.8124,28437.84,866.57,INR,MOCK_FEED
POS00400420260404,PORT004,INS0014,2026-04-04,196,11.0396,2163.76,35.45,USD,MOCK_FEED
POS00400520260404,PORT004,INS0015,2026-04-04,3610,28.0003,101081.08,3873.17,USD,MOCK_FEED
POS00400620260404,PORT004,INS0016,2026-04-04,914,45.8194,41878.93,1450.77,EUR,MOCK_FEED
POS00400720260404,PORT004,INS0017,2026-04-04,3732,137.1681,511911.35,10145.11,GBP,MOCK_FEED
POS00400820260404,PORT004,INS0018,2026-04-04,3785,50.8045,192295.03,-1425.68,USD,MOCK_FEED
POS00400920260404,PORT004,INS0019,2026-04-04,4624,15.781,72971.34,-919.13,GBP,MOCK_FEED
POS00401020260404,PORT004,INS0020,2026-04-04,1028,11.9324,12266.51,-337.24,USD,MOCK_FEED
POS00400120260405,PORT004,INS0011,2026-04-05,4081,21.3615,87176.28,-1033.75,EUR,MOCK_FEED
POS00400220260405,PORT004,INS0012,2026-04-05,1883,10.8341,20400.61,376.84,GBP,MOCK_FEED
POS00400320260405,PORT004,INS0013,2026-04-05,4280,28.4741,121869.15,444.01,INR,MOCK_FEED
POS00400420260405,PORT004,INS0014,2026-04-05,800,11.0046,8803.68,-111.09,USD,MOCK_FEED
POS00400520260405,PORT004,INS0015,2026-04-05,1511,28.4131,42932.19,-37.35,GBP,MOCK_FEED
POS00400620260405,PORT004,INS0016,2026-04-05,2704,46.7531,126420.38,-2298.47,INR,MOCK_FEED
POS00400720260405,PORT004,INS0017,2026-04-05,4501,134.4871,605326.44,-59.73,INR,MOCK_FEED
POS00400820260405,PORT004,INS0018,2026-04-05,4017,50.0977,201242.46,3545.21,USD,MOCK_FEED
POS00400920260405,PORT004,INS0019,2026-04-05,2839,16.0718,45627.84,1458.0,USD,MOCK_FEED
POS00401020260405,PORT004,INS0020,2026-04-05,775,12.0047,9303.64,143.17,USD,MOCK_FEED
POS00400120260406,PORT004,INS0011,2026-04-06,4579,21.0481,96379.25,-874.79,USD,MOCK_FEED
POS00400220260406,PORT004,INS0012,2026-04-06,2396,10.8208,25926.64,676.65,USD,MOCK_FEED
POS00400320260406,PORT004,INS0013,2026-04-06,1230,28.4443,34986.49,-791.29,EUR,MOCK_FEED
POS00400420260406,PORT004,INS0014,2026-04-06,3091,11.0558,34173.48,307.65,EUR,MOCK_FEED
POS00400520260406,PORT004,INS0015,2026-04-06,3657,28.3567,103700.45,-3060.69,INR,MOCK_FEED
POS00400620260406,PORT004,INS0016,2026-04-06,1418,45.9955,65221.62,-1870.69,USD,MOCK_FEED
POS00400720260406,PORT004,INS0017,2026-04-06,2441,136.7198,333733.03,7253.25,USD,MOCK_FEED
POS00400820260406,PORT004,INS0018,2026-04-06,4605,49.6194,228497.34,2384.23,EUR,MOCK_FEED
POS00400920260406,PORT004,INS0019,2026-04-06,3250,16.1682,52546.65,1173.02,EUR,MOCK_FEED
POS00401020260406,PORT004,INS0020,2026-04-06,3944,11.9849,47268.45,-330.91,GBP,MOCK_FEED
POS00400120260407,PORT004,INS0011,2026-04-07,4621,21.0826,97422.69,537.99,USD,MOCK_FEED
POS00400220260407,PORT004,INS0012,2026-04-07,2000,10.9227,21845.4,-15.81,EUR,MOCK_FEED
POS00400320260407,PORT004,INS0013,2026-04-07,303,29.1248,8824.81,151.18,EUR,MOCK_FEED
POS00400420260407,PORT004,INS0014,2026-04-07,413,11.052,4564.48,100.67,USD,MOCK_FEED
POS00400520260407,PORT004,INS0015,2026-04-07,206,28.1836,5805.82,-88.38,GBP,MOCK_FEED
POS00400620260407,PORT004,INS0016,2026-04-07,3482,46.0043,160186.97,5544.22,INR,MOCK_FEED
POS00400720260407,PORT004,INS0017,2026-04-07,4309,136.5136,588237.1,-15344.59,GBP,MOCK_FEED
POS00400820260407,PORT004,INS0018,2026-04-07,3952,50.7086,200400.39,1103.32,USD,MOCK_FEED
POS00400920260407,PORT004,INS0019,2026-04-07,1162,16.671,19371.7,224.74,USD,MOCK_FEED
POS00401020260407,PORT004,INS0020,2026-04-07,2562,11.9263,30555.18,-479.91,GBP,MOCK_FEED
POS00400120260408,PORT004,INS0011,2026-04-08,2871,21.0199,60348.13,1466.8,USD,MOCK_FEED
POS00400220260408,PORT004,INS0012,2026-04-08,4083,11.0328,45046.92,-467.3,EUR,MOCK_FEED
POS00400320260408,PORT004,INS0013,2026-04-08,223,28.8723,6438.52,174.69,INR,MOCK_FEED
POS00400420260408,PORT004,INS0014,2026-04-08,1569,10.9383,17162.19,-327.18,INR,MOCK_FEED
POS00400520260408,PORT004,INS0015,2026-04-08,1432,28.2364,40434.52,-612.39,INR,MOCK_FEED
POS00400620260408,PORT004,INS0016,2026-04-08,1577,46.4104,73189.2,2695.54,EUR,MOCK_FEED
POS00400720260408,PORT004,INS0017,2026-04-08,788,135.6654,106904.34,2790.83,INR,MOCK_FEED
POS00400820260408,PORT004,INS0018,2026-04-08,1949,50.7759,98962.23,-2667.26,GBP,MOCK_FEED
POS00400920260408,PORT004,INS0019,2026-04-08,3135,16.6245,52117.81,-1491.04,INR,MOCK_FEED
POS00401020260408,PORT004,INS0020,2026-04-08,4128,11.8826,49051.37,-356.57,EUR,MOCK_FEED
POS00400120260409,PORT004,INS0011,2026-04-09,3080,21.1505,65143.54,1263.16,USD,MOCK_FEED
POS00400220260409,PORT004,INS0012,2026-04-09,395,11.1145,4390.23,-114.25,INR,MOCK_FEED
POS00400320260409,PORT004,INS0013,2026-04-09,2721,28.864,78538.94,76.06,INR,MOCK_FEED
POS00400420260409,PORT004,INS0014,2026-04-09,3284,10.7984,35461.95,138.75,GBP,MOCK_FEED
POS00400520260409,PORT004,INS0015,2026-04-09,1993,27.6939,55193.94,-1101.95,GBP,MOCK_FEED
POS00400620260409,PORT004,INS0016,2026-04-09,1715,46.4302,79627.79,475.2,EUR,MOCK_FEED
POS00400720260409,PORT004,INS0017,2026-04-09,3997,134.1392,536154.38,9213.85,EUR,MOCK_FEED
POS00400820260409,PORT004,INS0018,2026-04-09,3571,50.518,180399.78,-1425.44,USD,MOCK_FEED
POS00400920260409,PORT004,INS0019,2026-04-09,332,16.6009,5511.5,-94.1,USD,MOCK_FEED
POS00401020260409,PORT004,INS0020,2026-04-09,2145,11.8291,25373.42,308.31,USD,MOCK_FEED
POS00400120260410,PORT004,INS0011,2026-04-10,760,20.6958,15728.81,-375.33,INR,MOCK_FEED
POS00400220260410,PORT004,INS0012,2026-04-10,2232,11.2836,25185.0,-336.78,USD,MOCK_FEED
POS00400320260410,PORT004,INS0013,2026-04-10,2114,29.493,62348.2,697.02,USD,MOCK_FEED
POS00400420260410,PORT004,INS0014,2026-04-10,2105,10.7679,22666.43,-531.0,USD,MOCK_FEED
POS00400520260410,PORT004,INS0015,2026-04-10,3099,27.9516,86622.01,1670.75,EUR,MOCK_FEED
POS00400620260410,PORT004,INS0016,2026-04-10,3280,45.6917,149868.78,95.24,INR,MOCK_FEED
POS00400720260410,PORT004,INS0017,2026-04-10,2803,133.7739,374968.24,-8593.79,INR,MOCK_FEED
POS00400820260410,PORT004,INS0018,2026-04-10,2401,51.3253,123232.05,100.43,GBP,MOCK_FEED
POS00400920260410,PORT004,INS0019,2026-04-10,4958,16.6818,82708.36,-1931.98,GBP,MOCK_FEED
POS00401020260410,PORT004,INS0020,2026-04-10,3172,12.1437,38519.82,66.11,EUR,MOCK_FEED
POS00400120260411,PORT004,INS0011,2026-04-11,2155,20.5,44177.5,756.54,GBP,MOCK_FEED
POS00400220260411,PORT004,INS0012,2026-04-11,997,11.3206,11286.64,-125.17,INR,MOCK_FEED
POS00400320260411,PORT004,INS0013,2026-04-11,4515,29.8975,134987.21,5008.33,USD,MOCK_FEED
POS00400420260411,PORT004,INS0014,2026-04-11,3673,10.9452,40201.72,1422.02,INR,MOCK_FEED
POS00400520260411,PORT004,INS0015,2026-04-11,2335,27.7577,64814.23,1260.36,INR,MOCK_FEED
POS00400620260411,PORT004,INS0016,2026-04-11,2811,45.4709,127818.7,1574.15,GBP,MOCK_FEED
POS00400720260411,PORT004,INS0017,2026-04-11,4555,134.1587,611092.88,-15087.78,USD,MOCK_FEED
POS00400820260411,PORT004,INS0018,2026-04-11,2853,50.4572,143954.39,-3298.76,USD,MOCK_FEED
POS00400920260411,PORT004,INS0019,2026-04-11,1436,16.7754,24089.47,140.78,INR,MOCK_FEED
POS00401020260411,PORT004,INS0020,2026-04-11,3960,12.1231,48007.48,1722.1,EUR,MOCK_FEED
POS00400120260412,PORT004,INS0011,2026-04-12,4114,20.6218,84838.09,1820.15,GBP,MOCK_FEED
POS00400220260412,PORT004,INS0012,2026-04-12,4496,11.2662,50652.84,404.48,GBP,MOCK_FEED
POS00400320260412,PORT004,INS0013,2026-04-12,3762,29.5185,111048.6,344.64,EUR,MOCK_FEED
POS00400420260412,PORT004,INS0014,2026-04-12,4453,10.9669,48835.61,15.58,EUR,MOCK_FEED
POS00400520260412,PORT004,INS0015,2026-04-12,1715,27.9472,47929.45,133.14,USD,MOCK_FEED
POS00400620260412,PORT004,INS0016,2026-04-12,4908,45.6637,224117.44,-1185.91,USD,MOCK_FEED
POS00400720260412,PORT004,INS0017,2026-04-12,2925,133.7889,391332.53,-593.65,USD,MOCK_FEED
POS00400820260412,PORT004,INS0018,2026-04-12,3609,50.2848,181477.84,5748.36,INR,MOCK_FEED
POS00400920260412,PORT004,INS0019,2026-04-12,3438,16.6521,57249.92,1680.31,INR,MOCK_FEED
POS00401020260412,PORT004,INS0020,2026-04-12,4640,11.9064,55245.7,1279.07,EUR,MOCK_FEED
POS00400120260413,PORT004,INS0011,2026-04-13,4802,20.578,98815.56,486.1,USD,MOCK_FEED
POS00400220260413,PORT004,INS0012,2026-04-13,2800,11.2507,31501.96,1113.49,GBP,MOCK_FEED
POS00400320260413,PORT004,INS0013,2026-04-13,4966,29.5036,146514.88,738.27,EUR,MOCK_FEED
POS00400420260413,PORT004,INS0014,2026-04-13,3799,11.0381,41933.74,1130.06,INR,MOCK_FEED
POS00400520260413,PORT004,INS0015,2026-04-13,314,27.8424,8742.51,-241.75,EUR,MOCK_FEED
POS00400620260413,PORT004,INS0016,2026-04-13,2192,45.6676,100103.38,2608.03,EUR,MOCK_FEED
POS00400720260413,PORT004,INS0017,2026-04-13,947,135.3896,128213.95,-853.96,EUR,MOCK_FEED
POS00400820260413,PORT004,INS0018,2026-04-13,2071,49.9072,103357.81,-217.03,GBP,MOCK_FEED
POS00400920260413,PORT004,INS0019,2026-04-13,4572,16.5084,75476.4,-1141.82,EUR,MOCK_FEED
POS00401020260413,PORT004,INS0020,2026-04-13,1780,11.7624,20937.07,682.48,USD,MOCK_FEED
POS00400120260414,PORT004,INS0011,2026-04-14,3444,21.1981,73006.26,446.51,EUR,MOCK_FEED
POS00400220260414,PORT004,INS0012,2026-04-14,394,11.1926,4409.88,119.91,INR,MOCK_FEED
POS00400320260414,PORT004,INS0013,2026-04-14,4892,30.1545,147515.81,-532.66,EUR,MOCK_FEED
POS00400420260414,PORT004,INS0014,2026-04-14,3881,11.0861,43025.15,-690.28,EUR,MOCK_FEED
POS00400520260414,PORT004,INS0015,2026-04-14,140,27.727,3881.78,92.37,USD,MOCK_FEED
POS00400620260414,PORT004,INS0016,2026-04-14,4580,45.6274,208973.49,-42.37,INR,MOCK_FEED
POS00400720260414,PORT004,INS0017,2026-04-14,2289,135.2541,309596.63,10894.33,EUR,MOCK_FEED
POS00400820260414,PORT004,INS0018,2026-04-14,2686,50.2658,135013.94,1124.28,GBP,MOCK_FEED
POS00400920260414,PORT004,INS0019,2026-04-14,719,16.6345,11960.21,443.29,EUR,MOCK_FEED
POS00401020260414,PORT004,INS0020,2026-04-14,3813,12.0602,45985.54,1090.01,GBP,MOCK_FEED
POS00400120260415,PORT004,INS0011,2026-04-15,4488,21.5301,96627.09,2294.52,USD,MOCK_FEED
POS00400220260415,PORT004,INS0012,2026-04-15,2043,11.2382,22959.64,32.82,GBP,MOCK_FEED
POS00400320260415,PORT004,INS0013,2026-04-15,463,29.8804,13834.63,11.61,GBP,MOCK_FEED
POS00400420260415,PORT004,INS0014,2026-04-15,673,11.1968,7535.45,-158.44,GBP,MOCK_FEED
POS00400520260415,PORT004,INS0015,2026-04-15,1414,27.8885,39434.34,-807.63,EUR,MOCK_FEED
POS00400620260415,PORT004,INS0016,2026-04-15,3972,45.6031,181135.51,5896.7,GBP,MOCK_FEED
POS00400720260415,PORT004,INS0017,2026-04-15,4591,137.9507,633331.66,9976.47,GBP,MOCK_FEED
POS00400820260415,PORT004,INS0018,2026-04-15,4968,50.875,252747.0,8691.32,EUR,MOCK_FEED
POS00400920260415,PORT004,INS0019,2026-04-15,495,16.5595,8196.95,146.12,USD,MOCK_FEED
POS00401020260415,PORT004,INS0020,2026-04-15,2373,12.0529,28601.53,-613.09,USD,MOCK_FEED
POS00400120260416,PORT004,INS0011,2026-04-16,2825,21.6267,61095.43,-101.7,USD,MOCK_FEED
POS00400220260416,PORT004,INS0012,2026-04-16,2844,11.0643,31466.87,548.28,INR,MOCK_FEED
POS00400320260416,PORT004,INS0013,2026-04-16,2372,30.0372,71248.24,2085.46,EUR,MOCK_FEED
POS00400420260416,PORT004,INS0014,2026-04-16,1898,11.2222,21299.74,220.75,GBP,MOCK_FEED
POS00400520260416,PORT004,INS0015,2026-04-16,2004,27.5497,55209.6,1615.71,INR,MOCK_FEED
POS00400620260416,PORT004,INS0016,2026-04-16,3978,44.7209,177899.74,4288.09,INR,MOCK_FEED
POS00400720260416,PORT004,INS0017,2026-04-16,2746,136.6566,375259.02,13082.0,GBP,MOCK_FEED
POS00400820260416,PORT004,INS0018,2026-04-16,871,51.4432,44807.03,-553.43,INR,MOCK_FEED
POS00400920260416,PORT004,INS0019,2026-04-16,2278,16.5982,37810.7,-808.94,GBP,MOCK_FEED
POS00401020260416,PORT004,INS0020,2026-04-16,4416,11.9111,52599.42,1624.25,GBP,MOCK_FEED
POS00400120260417,PORT004,INS0011,2026-04-17,4771,21.1748,101024.97,-2773.51,USD,MOCK_FEED
POS00400220260417,PORT004,INS0012,2026-04-17,4736,11.0514,52339.43,-1105.45,USD,MOCK_FEED
POS00400320260417,PORT004,INS0013,2026-04-17,2413,30.4094,73377.88,-984.73,INR,MOCK_FEED
POS00400420260417,PORT004,INS0014,2026-04-17,3201,11.3154,36220.6,-128.83,GBP,MOCK_FEED
POS00400520260417,PORT004,INS0015,2026-04-17,612,28.2138,17266.85,659.78,USD,MOCK_FEED
POS00400620260417,PORT004,INS0016,2026-04-17,3803,44.8887,170711.73,-4267.47,INR,MOCK_FEED
POS00400720260417,PORT004,INS0017,2026-04-17,1880,136.104,255875.52,5560.73,GBP,MOCK_FEED
POS00400820260417,PORT004,INS0018,2026-04-17,3413,52.6728,179772.27,3697.85,USD,MOCK_FEED
POS00400920260417,PORT004,INS0019,2026-04-17,3331,16.5833,55238.97,751.65,USD,MOCK_FEED
POS00401020260417,PORT004,INS0020,2026-04-17,3206,11.9826,38416.22,-586.39,INR,MOCK_FEED
POS00400120260418,PORT004,INS0011,2026-04-18,2414,20.6747,49908.73,158.41,EUR,MOCK_FEED
POS00400220260418,PORT004,INS0012,2026-04-18,2721,11.0665,30111.95,-730.76,INR,MOCK_FEED
POS00400320260418,PORT004,INS0013,2026-04-18,1223,30.4908,37290.25,563.14,INR,MOCK_FEED
POS00400420260418,PORT004,INS0014,2026-04-18,4413,11.4307,50443.68,-997.34,EUR,MOCK_FEED
POS00400520260418,PORT004,INS0015,2026-04-18,3659,27.9233,102171.35,582.86,USD,MOCK_FEED
POS00400620260418,PORT004,INS0016,2026-04-18,1152,45.4144,52317.39,-1501.69,USD,MOCK_FEED
POS00400720260418,PORT004,INS0017,2026-04-18,756,137.3232,103816.34,3306.88,GBP,MOCK_FEED
POS00400820260418,PORT004,INS0018,2026-04-18,1352,52.2724,70672.28,-2075.24,GBP,MOCK_FEED
POS00400920260418,PORT004,INS0019,2026-04-18,113,16.1633,1826.45,58.36,INR,MOCK_FEED
POS00401020260418,PORT004,INS0020,2026-04-18,4276,11.9994,51309.43,-301.11,USD,MOCK_FEED
POS00400120260419,PORT004,INS0011,2026-04-19,3346,20.3881,68218.58,1295.14,GBP,MOCK_FEED
POS00400220260419,PORT004,INS0012,2026-04-19,4484,11.0809,49686.76,-916.86,INR,MOCK_FEED
POS00400320260419,PORT004,INS0013,2026-04-19,3247,30.3362,98501.64,-1043.84,GBP,MOCK_FEED
POS00400420260419,PORT004,INS0014,2026-04-19,4442,11.5215,51178.5,775.26,INR,MOCK_FEED
POS00400520260419,PORT004,INS0015,2026-04-19,3393,27.7026,93994.92,-176.02,INR,MOCK_FEED
POS00400620260419,PORT004,INS0016,2026-04-19,2966,44.8447,133009.38,967.93,USD,MOCK_FEED
POS00400720260419,PORT004,INS0017,2026-04-19,862,136.3893,117567.58,1769.9,INR,MOCK_FEED
POS00400820260419,PORT004,INS0018,2026-04-19,3819,52.7197,201336.53,3845.29,EUR,MOCK_FEED
POS00400920260419,PORT004,INS0019,2026-04-19,4892,16.0182,78361.03,500.6,USD,MOCK_FEED
POS00401020260419,PORT004,INS0020,2026-04-19,2637,11.8529,31256.1,-877.39,INR,MOCK_FEED
POS00500120250419,PORT005,INS0014,2025-04-19,129,16.6603,2149.18,-41.12,USD,MOCK_FEED
POS00500220250419,PORT005,INS0015,2025-04-19,3856,31.0219,119620.45,-2203.15,GBP,MOCK_FEED
POS00500320250419,PORT005,INS0016,2025-04-19,4319,41.7429,180287.59,5381.42,GBP,MOCK_FEED
POS00500420250419,PORT005,INS0017,2025-04-19,2299,120.2201,276386.01,4349.06,USD,MOCK_FEED
POS00500520250419,PORT005,INS0018,2025-04-19,1354,49.7618,67377.48,-1077.31,GBP,MOCK_FEED
POS00500620250419,PORT005,INS0019,2025-04-19,2736,17.676,48361.54,-135.86,EUR,MOCK_FEED
POS00500720250419,PORT005,INS0020,2025-04-19,4820,11.6457,56132.27,307.45,INR,MOCK_FEED
POS00500820250419,PORT005,INS0021,2025-04-19,1985,54.1215,107431.18,-436.63,EUR,MOCK_FEED
POS00500920250419,PORT005,INS0022,2025-04-19,242,48.2822,11684.29,-3.53,INR,MOCK_FEED
POS00501020250419,PORT005,INS0023,2025-04-19,2695,49.3424,132977.77,2467.05,GBP,MOCK_FEED
POS00500120250420,PORT005,INS0014,2025-04-20,1330,16.5869,22060.58,-72.37,GBP,MOCK_FEED
POS00500220250420,PORT005,INS0015,2025-04-20,341,30.7803,10496.08,10.02,USD,MOCK_FEED
POS00500320250420,PORT005,INS0016,2025-04-20,4116,42.676,175654.42,6989.79,INR,MOCK_FEED
POS00500420250420,PORT005,INS0017,2025-04-20,3341,121.4218,405670.23,-10215.38,USD,MOCK_FEED
POS00500520250420,PORT005,INS0018,2025-04-20,1864,48.5161,90434.01,2188.62,EUR,MOCK_FEED
POS00500620250420,PORT005,INS0019,2025-04-20,3863,17.6048,68007.34,-596.23,GBP,MOCK_FEED
POS00500720250420,PORT005,INS0020,2025-04-20,127,11.6678,1481.81,37.84,INR,MOCK_FEED
POS00500820250420,PORT005,INS0021,2025-04-20,4569,53.1751,242957.03,-5806.3,GBP,MOCK_FEED
POS00500920250420,PORT005,INS0022,2025-04-20,2329,47.5968,110852.95,-3313.35,INR,MOCK_FEED
POS00501020250420,PORT005,INS0023,2025-04-20,2628,49.1975,129291.03,4473.9,GBP,MOCK_FEED
POS00500120250421,PORT005,INS0014,2025-04-21,4402,16.9581,74649.56,217.45,INR,MOCK_FEED
POS00500220250421,PORT005,INS0015,2025-04-21,3146,30.2276,95096.03,1496.02,EUR,MOCK_FEED
POS00500320250421,PORT005,INS0016,2025-04-21,4497,43.4168,195245.35,6718.97,INR,MOCK_FEED
POS00500420250421,PORT005,INS0017,2025-04-21,3287,122.5873,402944.46,5143.58,EUR,MOCK_FEED
POS00500520250421,PORT005,INS0018,2025-04-21,3081,48.558,149607.2,1192.68,INR,MOCK_FEED
POS00500620250421,PORT005,INS0019,2025-04-21,4796,17.1874,82430.77,-1328.11,EUR,MOCK_FEED
POS00500720250421,PORT005,INS0020,2025-04-21,3740,11.7061,43780.81,519.22,GBP,MOCK_FEED
POS00500820250421,PORT005,INS0021,2025-04-21,345,52.6494,18164.04,307.21,EUR,MOCK_FEED
POS00500920250421,PORT005,INS0022,2025-04-21,4461,47.0151,209734.36,2515.92,GBP,MOCK_FEED
POS00501020250421,PORT005,INS0023,2025-04-21,1758,48.2057,84745.62,1159.99,EUR,MOCK_FEED
POS00500120250422,PORT005,INS0014,2025-04-22,2043,16.4684,33644.94,1224.81,USD,MOCK_FEED
POS00500220250422,PORT005,INS0015,2025-04-22,2742,29.9831,82213.66,506.83,USD,MOCK_FEED
POS00500320250422,PORT005,INS0016,2025-04-22,3351,42.9198,143824.25,1327.73,INR,MOCK_FEED
POS00500420250422,PORT005,INS0017,2025-04-22,4924,123.2973,607115.91,-12400.41,INR,MOCK_FEED
POS00500520250422,PORT005,INS0018,2025-04-22,4195,48.9734,205443.41,8048.74,INR,MOCK_FEED
POS00500620250422,PORT005,INS0019,2025-04-22,838,17.5771,14729.61,-439.52,USD,MOCK_FEED
POS00500720250422,PORT005,INS0020,2025-04-22,3828,11.866,45423.05,-872.11,INR,MOCK_FEED
POS00500820250422,PORT005,INS0021,2025-04-22,129,52.906,6824.87,-152.18,GBP,MOCK_FEED
POS00500920250422,PORT005,INS0022,2025-04-22,2228,46.7561,104172.59,1468.59,USD,MOCK_FEED
POS00501020250422,PORT005,INS0023,2025-04-22,3371,48.9201,164909.66,-1719.38,GBP,MOCK_FEED
POS00500120250423,PORT005,INS0014,2025-04-23,4285,16.3002,69846.36,2524.98,USD,MOCK_FEED
POS00500220250423,PORT005,INS0015,2025-04-23,4480,30.2212,135390.98,1629.89,EUR,MOCK_FEED
POS00500320250423,PORT005,INS0016,2025-04-23,3404,42.9725,146278.39,2115.15,INR,MOCK_FEED
POS00500420250423,PORT005,INS0017,2025-04-23,1559,124.4262,193980.45,6029.17,USD,MOCK_FEED
POS00500520250423,PORT005,INS0018,2025-04-23,2186,49.8808,109039.43,754.89,INR,MOCK_FEED
POS00500620250423,PORT005,INS0019,2025-04-23,4356,17.449,76007.84,-518.06,INR,MOCK_FEED
POS00500720250423,PORT005,INS0020,2025-04-23,4555,11.6861,53230.19,1170.2,INR,MOCK_FEED
POS00500820250423,PORT005,INS0021,2025-04-23,841,52.9352,44518.5,578.19,EUR,MOCK_FEED
POS00500920250423,PORT005,INS0022,2025-04-23,4589,47.1443,216345.19,3622.46,USD,MOCK_FEED
POS00501020250423,PORT005,INS0023,2025-04-23,1053,50.2777,52942.42,-978.92,EUR,MOCK_FEED
POS00500120250424,PORT005,INS0014,2025-04-24,1550,16.2165,25135.58,834.49,INR,MOCK_FEED
POS00500220250424,PORT005,INS0015,2025-04-24,164,30.3834,4982.88,24.39,INR,MOCK_FEED
POS00500320250424,PORT005,INS0016,2025-04-24,4411,42.9852,189607.72,-3508.22,USD,MOCK_FEED
POS00500420250424,PORT005,INS0017,2025-04-24,1788,123.4984,220815.14,-1305.82,GBP,MOCK_FEED
POS00500520250424,PORT005,INS0018,2025-04-24,1519,49.6363,75397.54,-1975.17,USD,MOCK_FEED
POS00500620250424,PORT005,INS0019,2025-04-24,1923,17.5507,33750.0,697.89,USD,MOCK_FEED
POS00500720250424,PORT005,INS0020,2025-04-24,4747,11.6921,55502.4,405.8,EUR,MOCK_FEED
POS00500820250424,PORT005,INS0021,2025-04-24,3349,53.5557,179358.04,1329.34,USD,MOCK_FEED
POS00500920250424,PORT005,INS0022,2025-04-24,1646,47.9874,78987.26,1285.12,GBP,MOCK_FEED
POS00501020250424,PORT005,INS0023,2025-04-24,526,49.1802,25868.79,-420.11,INR,MOCK_FEED
POS00500120250425,PORT005,INS0014,2025-04-25,3285,15.9497,52394.76,1773.58,GBP,MOCK_FEED
POS00500220250425,PORT005,INS0015,2025-04-25,3427,30.489,104485.8,-1166.23,EUR,MOCK_FEED
POS00500320250425,PORT005,INS0016,2025-04-25,320,43.409,13890.88,73.44,USD,MOCK_FEED
POS00500420250425,PORT005,INS0017,2025-04-25,2462,124.1357,305622.09,-1967.09,GBP,MOCK_FEED
POS00500520250425,PORT005,INS0018,2025-04-25,4585,49.5539,227204.63,4182.37,USD,MOCK_FEED
POS00500620250425,PORT005,INS0019,2025-04-25,338,17.6602,5969.15,166.56,USD,MOCK_FEED
POS00500720250425,PORT005,INS0020,2025-04-25,4420,11.5294,50959.95,1914.08,USD,MOCK_FEED
POS00500820250425,PORT005,INS0021,2025-04-25,2393,53.1462,127178.86,-3657.52,USD,MOCK_FEED
POS00500920250425,PORT005,INS0022,2025-04-25,4213,47.6676,200823.6,4510.91,EUR,MOCK_FEED
POS00501020250425,PORT005,INS0023,2025-04-25,1695,49.6216,84108.61,-340.43,GBP,MOCK_FEED
POS00500120250426,PORT005,INS0014,2025-04-26,3927,15.8907,62402.78,1156.19,USD,MOCK_FEED
POS00500220250426,PORT005,INS0015,2025-04-26,1605,29.9597,48085.32,1665.09,GBP,MOCK_FEED
POS00500320250426,PORT005,INS0016,2025-04-26,4760,44.1498,210153.05,2410.22,GBP,MOCK_FEED
POS00500420250426,PORT005,INS0017,2025-04-26,1861,123.0549,229005.17,-383.81,EUR,MOCK_FEED
POS00500520250426,PORT005,INS0018,2025-04-26,1583,49.7727,78790.18,-310.61,GBP,MOCK_FEED
POS00500620250426,PORT005,INS0019,2025-04-26,2767,17.9975,49799.08,-905.6,GBP,MOCK_FEED
POS00500720250426,PORT005,INS0020,2025-04-26,289,11.151,3222.64,20.71,GBP,MOCK_FEED
POS00500820250426,PORT005,INS0021,2025-04-26,1367,52.3754,71597.17,-425.19,GBP,MOCK_FEED
POS00500920250426,PORT005,INS0022,2025-04-26,980,48.1808,47217.18,-876.94,USD,MOCK_FEED
POS00501020250426,PORT005,INS0023,2025-04-26,2468,51.0735,126049.4,851.6,EUR,MOCK_FEED
POS00500120250427,PORT005,INS0014,2025-04-27,3407,15.7219,53564.51,294.1,GBP,MOCK_FEED
POS00500220250427,PORT005,INS0015,2025-04-27,4382,29.7455,130344.78,-1743.8,USD,MOCK_FEED
POS00500320250427,PORT005,INS0016,2025-04-27,4330,45.1441,195473.95,-394.3,EUR,MOCK_FEED
POS00500420250427,PORT005,INS0017,2025-04-27,3250,124.1601,403520.33,13390.25,EUR,MOCK_FEED
POS00500520250427,PORT005,INS0018,2025-04-27,3053,49.5757,151354.61,3460.39,GBP,MOCK_FEED
POS00500620250427,PORT005,INS0019,2025-04-27,1506,18.0992,27257.4,-394.66,INR,MOCK_FEED
POS00500720250427,PORT005,INS0020,2025-04-27,1395,11.1456,15548.11,532.28,INR,MOCK_FEED
POS00500820250427,PORT005,INS0021,2025-04-27,3032,52.2415,158396.23,-749.5,EUR,MOCK_FEED
POS00500920250427,PORT005,INS0022,2025-04-27,350,47.8915,16762.03,-35.6,GBP,MOCK_FEED
POS00501020250427,PORT005,INS0023,2025-04-27,568,50.5508,28712.85,-241.79,USD,MOCK_FEED
POS00500120250428,PORT005,INS0014,2025-04-28,1713,15.4814,26519.64,507.1,GBP,MOCK_FEED
POS00500220250428,PORT005,INS0015,2025-04-28,3855,29.9322,115388.63,3114.15,INR,MOCK_FEED
POS00500320250428,PORT005,INS0016,2025-04-28,4996,45.4425,227030.73,5993.09,EUR,MOCK_FEED
POS00500420250428,PORT005,INS0017,2025-04-28,535,124.1994,66446.68,1342.26,USD,MOCK_FEED
POS00500520250428,PORT005,INS0018,2025-04-28,2134,49.8039,106281.52,305.73,USD,MOCK_FEED
POS00500620250428,PORT005,INS0019,2025-04-28,1864,18.1406,33814.08,712.43,EUR,MOCK_FEED
POS00500720250428,PORT005,INS0020,2025-04-28,392,11.3069,4432.3,100.21,INR,MOCK_FEED
POS00500820250428,PORT005,INS0021,2025-04-28,3810,51.4606,196064.89,4360.75,USD,MOCK_FEED
POS00500920250428,PORT005,INS0022,2025-04-28,4919,46.6699,229569.24,-5699.33,EUR,MOCK_FEED
POS00501020250428,PORT005,INS0023,2025-04-28,1812,50.6172,91718.37,3204.59,EUR,MOCK_FEED
POS00500120250429,PORT005,INS0014,2025-04-29,3788,15.1877,57531.01,-181.38,USD,MOCK_FEED
POS00500220250429,PORT005,INS0015,2025-04-29,1915,30.2524,57933.35,224.31,INR,MOCK_FEED
POS00500320250429,PORT005,INS0016,2025-04-29,4341,44.548,193382.87,5986.12,USD,MOCK_FEED
POS00500420250429,PORT005,INS0017,2025-04-29,2522,125.5287,316583.38,-9291.88,EUR,MOCK_FEED
POS00500520250429,PORT005,INS0018,2025-04-29,2420,50.234,121566.28,1620.04,GBP,MOCK_FEED
POS00500620250429,PORT005,INS0019,2025-04-29,2840,18.2096,51715.26,-1101.58,USD,MOCK_FEED
POS00500720250429,PORT005,INS0020,2025-04-29,1607,11.1432,17907.12,582.58,USD,MOCK_FEED
POS00500820250429,PORT005,INS0021,2025-04-29,4639,51.5974,239360.34,1871.94,INR,MOCK_FEED
POS00500920250429,PORT005,INS0022,2025-04-29,804,46.089,37055.56,-869.42,INR,MOCK_FEED
POS00501020250429,PORT005,INS0023,2025-04-29,1059,51.4714,54508.21,902.52,INR,MOCK_FEED
POS00500120250430,PORT005,INS0014,2025-04-30,3155,15.0297,47418.7,795.15,EUR,MOCK_FEED
POS00500220250430,PORT005,INS0015,2025-04-30,803,30.2638,24301.83,-105.33,USD,MOCK_FEED
POS00500320250430,PORT005,INS0016,2025-04-30,1447,44.8725,64930.51,2145.09,USD,MOCK_FEED
POS00500420250430,PORT005,INS0017,2025-04-30,1689,122.9899,207729.94,968.99,GBP,MOCK_FEED
POS00500520250430,PORT005,INS0018,2025-04-30,3051,49.8581,152117.06,-2399.14,USD,MOCK_FEED
POS00500620250430,PORT005,INS0019,2025-04-30,1653,18.0567,29847.73,735.35,EUR,MOCK_FEED
POS00500720250430,PORT005,INS0020,2025-04-30,2725,11.0091,29999.8,-791.33,USD,MOCK_FEED
POS00500820250430,PORT005,INS0021,2025-04-30,3888,52.3512,203541.47,-4778.95,GBP,MOCK_FEED
POS00500920250430,PORT005,INS0022,2025-04-30,3567,46.9531,167481.71,4753.06,USD,MOCK_FEED
POS00501020250430,PORT005,INS0023,2025-04-30,1934,50.9902,98615.05,-1836.09,INR,MOCK_FEED
POS00500120250501,PORT005,INS0014,2025-05-01,4566,15.0673,68797.29,-274.11,INR,MOCK_FEED
POS00500220250501,PORT005,INS0015,2025-05-01,3618,30.1244,108990.08,2710.23,EUR,MOCK_FEED
POS00500320250501,PORT005,INS0016,2025-05-01,3839,45.3073,173934.72,1363.21,EUR,MOCK_FEED
POS00500420250501,PORT005,INS0017,2025-05-01,441,122.9037,54200.53,579.89,EUR,MOCK_FEED
POS00500520250501,PORT005,INS0018,2025-05-01,4163,50.2197,209064.61,4320.08,INR,MOCK_FEED
POS00500620250501,PORT005,INS0019,2025-05-01,4557,18.3373,83563.08,1592.75,USD,MOCK_FEED
POS00500720250501,PORT005,INS0020,2025-05-01,4114,10.9816,45178.3,77.18,USD,MOCK_FEED
POS00500820250501,PORT005,INS0021,2025-05-01,4967,52.1488,259023.09,-2521.81,GBP,MOCK_FEED
POS00500920250501,PORT005,INS0022,2025-05-01,1132,47.2874,53529.34,1337.25,GBP,MOCK_FEED
POS00501020250501,PORT005,INS0023,2025-05-01,336,51.3702,17260.39,21.62,GBP,MOCK_FEED
POS00500120250502,PORT005,INS0014,2025-05-02,2531,14.5742,36887.3,143.08,EUR,MOCK_FEED
POS00500220250502,PORT005,INS0015,2025-05-02,4696,30.4285,142892.24,4787.35,USD,MOCK_FEED
POS00500320250502,PORT005,INS0016,2025-05-02,1662,44.2526,73547.82,582.5,EUR,MOCK_FEED
POS00500420250502,PORT005,INS0017,2025-05-02,3256,124.3229,404795.36,13550.45,USD,MOCK_FEED
POS00500520250502,PORT005,INS0018,2025-05-02,4530,50.4914,228726.04,-1028.32,GBP,MOCK_FEED
POS00500620250502,PORT005,INS0019,2025-05-02,4597,18.3257,84243.24,2918.5,USD,MOCK_FEED
POS00500720250502,PORT005,INS0020,2025-05-02,2646,10.7206,28366.71,-621.33,INR,MOCK_FEED
POS00500820250502,PORT005,INS0021,2025-05-02,3278,52.1301,170882.47,1013.76,INR,MOCK_FEED
POS00500920250502,PORT005,INS0022,2025-05-02,4676,46.8089,218878.42,4461.28,USD,MOCK_FEED
POS00501020250502,PORT005,INS0023,2025-05-02,660,50.5607,33370.06,-891.95,EUR,MOCK_FEED
POS00500120250503,PORT005,INS0014,2025-05-03,473,14.7155,6960.43,86.72,USD,MOCK_FEED
POS00500220250503,PORT005,INS0015,2025-05-03,2130,30.6941,65378.43,-751.7,GBP,MOCK_FEED
POS00500320250503,PORT005,INS0016,2025-05-03,4440,44.2887,196641.83,-4566.7,GBP,MOCK_FEED
POS00500420250503,PORT005,INS0017,2025-05-03,3546,122.7795,435376.11,3746.7,EUR,MOCK_FEED
POS00500520250503,PORT005,INS0018,2025-05-03,3312,49.9618,165473.48,265.57,INR,MOCK_FEED
POS00500620250503,PORT005,INS0019,2025-05-03,919,18.7962,17273.71,88.96,GBP,MOCK_FEED
POS00500720250503,PORT005,INS0020,2025-05-03,191,10.7253,2048.53,-50.57,GBP,MOCK_FEED
POS00500820250503,PORT005,INS0021,2025-05-03,2383,52.175,124333.02,-1720.69,EUR,MOCK_FEED
POS00500920250503,PORT005,INS0022,2025-05-03,382,46.8397,17892.77,-20.1,INR,MOCK_FEED
POS00501020250503,PORT005,INS0023,2025-05-03,4343,51.805,224989.11,-3474.35,GBP,MOCK_FEED
POS00500120250504,PORT005,INS0014,2025-05-04,4954,14.8519,73576.31,2243.39,GBP,MOCK_FEED
POS00500220250504,PORT005,INS0015,2025-05-04,415,30.6313,12711.99,387.59,USD,MOCK_FEED
POS00500320250504,PORT005,INS0016,2025-05-04,3264,43.5858,142264.05,2855.62,EUR,MOCK_FEED
POS00500420250504,PORT005,INS0017,2025-05-04,865,123.2035,106571.03,-2008.63,EUR,MOCK_FEED
POS00500520250504,PORT005,INS0018,2025-05-04,1431,49.6284,71018.24,1224.77,USD,MOCK_FEED
POS00500620250504,PORT005,INS0019,2025-05-04,4916,19.0245,93524.44,1861.37,INR,MOCK_FEED
POS00500720250504,PORT005,INS0020,2025-05-04,3300,10.6979,35303.07,936.8,EUR,MOCK_FEED
POS00500820250504,PORT005,INS0021,2025-05-04,292,52.1395,15224.73,96.03,USD,MOCK_FEED
POS00500920250504,PORT005,INS0022,2025-05-04,3632,45.819,166414.61,1645.98,USD,MOCK_FEED
POS00501020250504,PORT005,INS0023,2025-05-04,3450,51.9339,179171.96,-1251.91,GBP,MOCK_FEED
POS00500120250505,PORT005,INS0014,2025-05-05,895,15.0978,13512.53,406.29,EUR,MOCK_FEED
POS00500220250505,PORT005,INS0015,2025-05-05,1012,29.7374,30094.25,502.2,INR,MOCK_FEED
POS00500320250505,PORT005,INS0016,2025-05-05,2118,43.5041,92141.68,3314.61,INR,MOCK_FEED
POS00500420250505,PORT005,INS0017,2025-05-05,3559,119.8307,426477.46,14449.76,GBP,MOCK_FEED
POS00500520250505,PORT005,INS0018,2025-05-05,3688,49.6457,183093.34,3264.35,INR,MOCK_FEED
POS00500620250505,PORT005,INS0019,2025-05-05,4519,19.0977,86302.51,2640.37,GBP,MOCK_FEED
POS00500720250505,PORT005,INS0020,2025-05-05,3587,10.7483,38554.15,403.42,EUR,MOCK_FEED
POS00500820250505,PORT005,INS0021,2025-05-05,1865,51.4716,95994.53,1876.76,USD,MOCK_FEED
POS00500920250505,PORT005,INS0022,2025-05-05,1117,46.1495,51548.99,-368.11,INR,MOCK_FEED
POS00501020250505,PORT005,INS0023,2025-05-05,3313,51.7115,171320.2,4078.88,EUR,MOCK_FEED
POS00500120250506,PORT005,INS0014,2025-05-06,3769,15.1447,57080.37,1191.44,INR,MOCK_FEED
POS00500220250506,PORT005,INS0015,2025-05-06,650,29.6128,19248.32,47.57,GBP,MOCK_FEED
POS00500320250506,PORT005,INS0016,2025-05-06,4260,43.5082,185344.93,137.85,USD,MOCK_FEED
POS00500420250506,PORT005,INS0017,2025-05-06,3787,119.864,453924.97,1063.96,USD,MOCK_FEED
POS00500520250506,PORT005,INS0018,2025-05-06,3191,49.6745,158511.33,6324.07,EUR,MOCK_FEED
POS00500620250506,PORT005,INS0019,2025-05-06,347,19.4208,6739.02,162.46,EUR,MOCK_FEED
POS00500720250506,PORT005,INS0020,2025-05-06,1288,10.6045,13658.6,-13.78,INR,MOCK_FEED
POS00500820250506,PORT005,INS0021,2025-05-06,3629,49.8955,181070.77,4081.24,INR,MOCK_FEED
POS00500920250506,PORT005,INS0022,2025-05-06,3274,46.0739,150845.95,-1295.12,INR,MOCK_FEED
POS00501020250506,PORT005,INS0023,2025-05-06,558,50.7955,28343.89,302.24,EUR,MOCK_FEED
POS00500120250507,PORT005,INS0014,2025-05-07,243,15.2784,3712.65,133.31,INR,MOCK_FEED
POS00500220250507,PORT005,INS0015,2025-05-07,775,29.9141,23183.43,-203.24,USD,MOCK_FEED
POS00500320250507,PORT005,INS0016,2025-05-07,4156,44.2136,183751.72,-3450.88,INR,MOCK_FEED
POS00500420250507,PORT005,INS0017,2025-05-07,1057,118.6377,125400.05,-892.62,INR,MOCK_FEED
POS00500520250507,PORT005,INS0018,2025-05-07,3491,49.4351,172577.93,4162.1,GBP,MOCK_FEED
POS00500620250507,PORT005,INS0019,2025-05-07,4168,19.4153,80922.97,-682.14,INR,MOCK_FEED
POS00500720250507,PORT005,INS0020,2025-05-07,4410,10.48,46216.8,-143.02,EUR,MOCK_FEED
POS00500820250507,PORT005,INS0021,2025-05-07,951,49.8042,47363.79,-455.48,USD,MOCK_FEED
POS00500920250507,PORT005,INS0022,2025-05-07,504,46.3059,23338.17,-277.37,GBP,MOCK_FEED
POS00501020250507,PORT005,INS0023,2025-05-07,2181,50.7172,110614.21,-963.85,USD,MOCK_FEED
POS00500120250508,PORT005,INS0014,2025-05-08,4896,15.0772,73817.97,-399.49,GBP,MOCK_FEED
POS00500220250508,PORT005,INS0015,2025-05-08,3691,29.9357,110492.67,891.27,GBP,MOCK_FEED
POS00500320250508,PORT005,INS0016,2025-05-08,1277,43.3033,55298.31,-568.61,EUR,MOCK_FEED
POS00500420250508,PORT005,INS0017,2025-05-08,1817,119.7204,217531.97,1997.37,USD,MOCK_FEED
POS00500520250508,PORT005,INS0018,2025-05-08,1298,49.1518,63799.04,-636.89,USD,MOCK_FEED
POS00500620250508,PORT005,INS0019,2025-05-08,479,19.2327,9212.46,114.66,GBP,MOCK_FEED
POS00500720250508,PORT005,INS0020,2025-05-08,3451,10.3478,35710.26,-333.32,GBP,MOCK_FEED
POS00500820250508,PORT005,INS0021,2025-05-08,138,49.6119,6846.44,5.93,USD,MOCK_FEED
POS00500920250508,PORT005,INS0022,2025-05-08,1305,47.3415,61780.66,-1775.89,USD,MOCK_FEED
POS00501020250508,PORT005,INS0023,2025-05-08,2313,51.4626,119032.99,214.8,GBP,MOCK_FEED
POS00500120250509,PORT005,INS0014,2025-05-09,1014,15.0916,15302.88,-387.81,GBP,MOCK_FEED
POS00500220250509,PORT005,INS0015,2025-05-09,1003,29.5656,29654.3,865.47,USD,MOCK_FEED
POS00500320250509,PORT005,INS0016,2025-05-09,3233,43.2828,139933.29,-188.86,USD,MOCK_FEED
POS00500420250509,PORT005,INS0017,2025-05-09,3019,119.1544,359727.13,7396.28,GBP,MOCK_FEED
POS00500520250509,PORT005,INS0018,2025-05-09,234,48.9452,11453.18,73.97,INR,MOCK_FEED
POS00500620250509,PORT005,INS0019,2025-05-09,3881,19.4527,75495.93,-1159.83,INR,MOCK_FEED
POS00500720250509,PORT005,INS0020,2025-05-09,2971,10.2271,30384.71,-105.92,USD,MOCK_FEED
POS00500820250509,PORT005,INS0021,2025-05-09,4908,49.1542,241248.81,7177.98,INR,MOCK_FEED
POS00500920250509,PORT005,INS0022,2025-05-09,2891,47.7476,138038.31,3681.49,INR,MOCK_FEED
POS00501020250509,PORT005,INS0023,2025-05-09,314,50.8209,15957.76,483.88,EUR,MOCK_FEED
POS00500120250510,PORT005,INS0014,2025-05-10,2817,15.0851,42494.73,1370.93,EUR,MOCK_FEED
POS00500220250510,PORT005,INS0015,2025-05-10,1999,29.6264,59223.17,75.97,GBP,MOCK_FEED
POS00500320250510,PORT005,INS0016,2025-05-10,390,43.6377,17018.7,-152.75,GBP,MOCK_FEED
POS00500420250510,PORT005,INS0017,2025-05-10,4305,120.6352,519334.54,3863.3,GBP,MOCK_FEED
POS00500520250510,PORT005,INS0018,2025-05-10,4177,49.3328,206063.11,3703.14,GBP,MOCK_FEED
POS00500620250510,PORT005,INS0019,2025-05-10,1481,19.2434,28499.48,170.22,GBP,MOCK_FEED
POS00500720250510,PORT005,INS0020,2025-05-10,2846,10.1535,28896.86,612.33,EUR,MOCK_FEED
POS00500820250510,PORT005,INS0021,2025-05-10,2313,48.7455,112748.34,-2166.82,GBP,MOCK_FEED
POS00500920250510,PORT005,INS0022,2025-05-10,2711,47.9344,129950.16,4294.26,INR,MOCK_FEED
POS00501020250510,PORT005,INS0023,2025-05-10,521,50.9033,26520.62,-678.42,USD,MOCK_FEED
POS00500120250511,PORT005,INS0014,2025-05-11,3942,15.4412,60869.21,1204.73,EUR,MOCK_FEED
POS00500220250511,PORT005,INS0015,2025-05-11,1008,29.7283,29966.13,-493.75,GBP,MOCK_FEED
POS00500320250511,PORT005,INS0016,2025-05-11,514,43.5822,22401.25,663.19,GBP,MOCK_FEED
POS00500420250511,PORT005,INS0017,2025-05-11,611,119.4688,72995.44,709.11,GBP,MOCK_FEED
POS00500520250511,PORT005,INS0018,2025-05-11,2440,49.4715,120710.46,-1258.53,GBP,MOCK_FEED
POS00500620250511,PORT005,INS0019,2025-05-11,402,19.4985,7838.4,107.2,EUR,MOCK_FEED
POS00500720250511,PORT005,INS0020,2025-05-11,4803,10.1438,48720.67,-481.33,GBP,MOCK_FEED
POS00500820250511,PORT005,INS0021,2025-05-11,4177,49.029,204794.13,2898.33,USD,MOCK_FEED
POS00500920250511,PORT005,INS0022,2025-05-11,1914,47.5253,90963.42,599.37,GBP,MOCK_FEED
POS00501020250511,PORT005,INS0023,2025-05-11,4447,51.6405,229645.3,-6877.52,INR,MOCK_FEED
POS00500120250512,PORT005,INS0014,2025-05-12,3074,15.5612,47835.13,1331.01,GBP,MOCK_FEED
POS00500220250512,PORT005,INS0015,2025-05-12,1474,29.0968,42888.68,-410.37,EUR,MOCK_FEED
POS00500320250512,PORT005,INS0016,2025-05-12,4539,43.7146,198420.57,-1959.59,GBP,MOCK_FEED
POS00500420250512,PORT005,INS0017,2025-05-12,2884,118.2205,340947.92,6802.23,INR,MOCK_FEED
POS00500520250512,PORT005,INS0018,2025-05-12,2074,49.0842,101800.63,-1741.8,INR,MOCK_FEED
POS00500620250512,PORT005,INS0019,2025-05-12,2955,19.7644,58403.8,1938.41,GBP,MOCK_FEED
POS00500720250512,PORT005,INS0020,2025-05-12,286,10.3178,2950.89,32.86,EUR,MOCK_FEED
POS00500820250512,PORT005,INS0021,2025-05-12,986,49.5397,48846.14,1889.15,USD,MOCK_FEED
POS00500920250512,PORT005,INS0022,2025-05-12,2931,47.3602,138812.75,-2056.03,GBP,MOCK_FEED
POS00501020250512,PORT005,INS0023,2025-05-12,619,51.8305,32083.08,1154.98,EUR,MOCK_FEED
POS00500120250513,PORT005,INS0014,2025-05-13,722,15.466,11166.45,-69.86,EUR,MOCK_FEED
POS00500220250513,PORT005,INS0015,2025-05-13,1099,29.1746,32062.89,373.31,EUR,MOCK_FEED
POS00500320250513,PORT005,INS0016,2025-05-13,4544,42.9481,195156.17,5712.54,USD,MOCK_FEED
POS00500420250513,PORT005,INS0017,2025-05-13,2458,120.2956,295686.58,-4290.48,INR,MOCK_FEED
POS00500520250513,PORT005,INS0018,2025-05-13,4507,49.031,220982.72,-4303.87,GBP,MOCK_FEED
POS00500620250513,PORT005,INS0019,2025-05-13,4397,19.8601,87324.86,-1839.89,GBP,MOCK_FEED
POS00500720250513,PORT005,INS0020,2025-05-13,1467,10.2997,15109.66,-119.12,USD,MOCK_FEED
POS00500820250513,PORT005,INS0021,2025-05-13,4445,50.0793,222602.49,1250.56,INR,MOCK_FEED
POS00500920250513,PORT005,INS0022,2025-05-13,4246,46.3401,196760.06,-382.35,EUR,MOCK_FEED
POS00501020250513,PORT005,INS0023,2025-05-13,1325,51.8629,68718.34,-637.72,USD,MOCK_FEED
POS00500120250514,PORT005,INS0014,2025-05-14,1872,15.2162,28484.73,981.98,INR,MOCK_FEED
POS00500220250514,PORT005,INS0015,2025-05-14,3257,29.1383,94903.44,406.06,GBP,MOCK_FEED
POS00500320250514,PORT005,INS0016,2025-05-14,1829,44.1942,80831.19,-1454.49,GBP,MOCK_FEED
POS00500420250514,PORT005,INS0017,2025-05-14,2849,120.7132,343911.91,-2400.69,GBP,MOCK_FEED
POS00500520250514,PORT005,INS0018,2025-05-14,1303,49.4604,64446.9,-1309.63,GBP,MOCK_FEED
POS00500620250514,PORT005,INS0019,2025-05-14,966,19.3927,18733.35,606.0,USD,MOCK_FEED
POS00500720250514,PORT005,INS0020,2025-05-14,474,10.1731,4822.05,-128.72,GBP,MOCK_FEED
POS00500820250514,PORT005,INS0021,2025-05-14,4061,48.7923,198145.53,-3808.73,EUR,MOCK_FEED
POS00500920250514,PORT005,INS0022,2025-05-14,775,46.4227,35977.59,280.52,EUR,MOCK_FEED
POS00501020250514,PORT005,INS0023,2025-05-14,1573,52.1038,81959.28,-83.29,INR,MOCK_FEED
POS00500120250515,PORT005,INS0014,2025-05-15,2864,15.5189,44446.13,-655.4,USD,MOCK_FEED
POS00500220250515,PORT005,INS0015,2025-05-15,705,29.0914,20509.44,345.12,INR,MOCK_FEED
POS00500320250515,PORT005,INS0016,2025-05-15,2885,44.8298,129333.97,544.6,GBP,MOCK_FEED
POS00500420250515,PORT005,INS0017,2025-05-15,2768,124.5886,344861.24,-2901.14,INR,MOCK_FEED
POS00500520250515,PORT005,INS0018,2025-05-15,3390,49.5626,168017.21,-4658.32,GBP,MOCK_FEED
POS00500620250515,PORT005,INS0019,2025-05-15,4753,19.2086,91298.48,925.62,INR,MOCK_FEED
POS00500720250515,PORT005,INS0020,2025-05-15,2161,10.1467,21927.02,-181.8,EUR,MOCK_FEED
POS00500820250515,PORT005,INS0021,2025-05-15,3081,48.7288,150133.43,5621.85,EUR,MOCK_FEED
POS00500920250515,PORT005,INS0022,2025-05-15,1056,45.4465,47991.5,1728.14,INR,MOCK_FEED
POS00501020250515,PORT005,INS0023,2025-05-15,1668,52.2728,87191.03,-2442.57,EUR,MOCK_FEED
POS00500120250516,PORT005,INS0014,2025-05-16,2516,15.3806,38697.59,-320.69,GBP,MOCK_FEED
POS00500220250516,PORT005,INS0015,2025-05-16,4289,29.1396,124979.74,2227.27,INR,MOCK_FEED
POS00500320250516,PORT005,INS0016,2025-05-16,1424,44.675,63617.2,1775.26,GBP,MOCK_FEED
POS00500420250516,PORT005,INS0017,2025-05-16,2846,121.9658,347114.67,9255.76,GBP,MOCK_FEED
POS00500520250516,PORT005,INS0018,2025-05-16,4873,49.4983,241205.22,-6575.13,EUR,MOCK_FEED
POS00500620250516,PORT005,INS0019,2025-05-16,2581,18.9306,48859.88,1342.97,USD,MOCK_FEED
POS00500720250516,PORT005,INS0020,2025-05-16,4063,10.2065,41469.01,-1169.36,GBP,MOCK_FEED
POS00500820250516,PORT005,INS0021,2025-05-16,1879,48.2426,90647.85,176.75,GBP,MOCK_FEED
POS00500920250516,PORT005,INS0022,2025-05-16,1181,45.12,53286.72,1512.15,EUR,MOCK_FEED
POS00501020250516,PORT005,INS0023,2025-05-16,2946,51.5753,151940.83,1161.3,INR,MOCK_FEED
POS00500120250517,PORT005,INS0014,2025-05-17,2856,15.5468,44401.66,1463.73,GBP,MOCK_FEED
POS00500220250517,PORT005,INS0015,2025-05-17,387,29.0155,11229.0,-238.48,INR,MOCK_FEED
POS00500320250517,PORT005,INS0016,2025-05-17,1308,43.7867,57273.0,178.6,INR,MOCK_FEED
POS00500420250517,PORT005,INS0017,2025-05-17,4731,120.9721,572319.01,17488.8,INR,MOCK_FEED
POS00500520250517,PORT005,INS0018,2025-05-17,3798,49.6589,188604.5,-3759.6,USD,MOCK_FEED
POS00500620250517,PORT005,INS0019,2025-05-17,1550,19.4178,30097.59,-105.66,INR,MOCK_FEED
POS00500720250517,PORT005,INS0020,2025-05-17,4091,10.1576,41554.74,-1167.36,USD,MOCK_FEED
POS00500820250517,PORT005,INS0021,2025-05-17,333,49.0847,16345.21,-436.39,GBP,MOCK_FEED
POS00500920250517,PORT005,INS0022,2025-05-17,2582,45.2619,116866.23,470.99,USD,MOCK_FEED
POS00501020250517,PORT005,INS0023,2025-05-17,1491,51.775,77196.52,346.11,EUR,MOCK_FEED
POS00500120250518,PORT005,INS0014,2025-05-18,4031,15.2268,61379.23,902.62,EUR,MOCK_FEED
POS00500220250518,PORT005,INS0015,2025-05-18,4442,29.3232,130253.65,-2656.33,GBP,MOCK_FEED
POS00500320250518,PORT005,INS0016,2025-05-18,1302,42.7999,55725.47,971.46,EUR,MOCK_FEED
POS00500420250518,PORT005,INS0017,2025-05-18,2454,120.0,294480.0,3935.34,USD,MOCK_FEED
POS00500520250518,PORT005,INS0018,2025-05-18,2362,49.1973,116204.02,1960.32,GBP,MOCK_FEED
POS00500620250518,PORT005,INS0019,2025-05-18,4306,19.1149,82308.76,1983.55,EUR,MOCK_FEED
POS00500720250518,PORT005,INS0020,2025-05-18,4104,10.1221,41541.1,-487.43,INR,MOCK_FEED
POS00500820250518,PORT005,INS0021,2025-05-18,2292,49.2259,112825.76,-1719.85,EUR,MOCK_FEED
POS00500920250518,PORT005,INS0022,2025-05-18,1427,45.1794,64471.0,355.77,USD,MOCK_FEED
POS00501020250518,PORT005,INS0023,2025-05-18,221,52.1667,11528.84,229.45,USD,MOCK_FEED
POS00500120250519,PORT005,INS0014,2025-05-19,1754,15.191,26645.01,43.96,USD,MOCK_FEED
POS00500220250519,PORT005,INS0015,2025-05-19,1489,29.4548,43858.2,-218.6,GBP,MOCK_FEED
POS00500320250519,PORT005,INS0016,2025-05-19,712,43.4713,30951.57,1068.73,GBP,MOCK_FEED
POS00500420250519,PORT005,INS0017,2025-05-19,2487,118.7595,295354.88,-3596.94,USD,MOCK_FEED
POS00500520250519,PORT005,INS0018,2025-05-19,2320,48.9326,113523.63,-1525.97,EUR,MOCK_FEED
POS00500620250519,PORT005,INS0019,2025-05-19,2820,19.105,53876.1,1582.09,USD,MOCK_FEED
POS00500720250519,PORT005,INS0020,2025-05-19,3741,10.1805,38085.25,1314.16,GBP,MOCK_FEED
POS00500820250519,PORT005,INS0021,2025-05-19,1292,49.6281,64119.51,2186.52,USD,MOCK_FEED
POS00500920250519,PORT005,INS0022,2025-05-19,4847,45.1899,219035.45,-6352.19,INR,MOCK_FEED
POS00501020250519,PORT005,INS0023,2025-05-19,2239,52.7852,118186.06,-488.34,USD,MOCK_FEED
POS00500120250520,PORT005,INS0014,2025-05-20,4976,15.4364,76811.53,1305.79,EUR,MOCK_FEED
POS00500220250520,PORT005,INS0015,2025-05-20,4873,29.4738,143625.83,-2144.64,EUR,MOCK_FEED
POS00500320250520,PORT005,INS0016,2025-05-20,2891,43.9541,127071.3,4757.4,EUR,MOCK_FEED
POS00500420250520,PORT005,INS0017,2025-05-20,3350,117.1826,392561.71,-10983.73,GBP,MOCK_FEED
POS00500520250520,PORT005,INS0018,2025-05-20,1977,48.3342,95556.71,2808.32,EUR,MOCK_FEED
POS00500620250520,PORT005,INS0019,2025-05-20,2741,18.6674,51167.34,2035.44,USD,MOCK_FEED
POS00500720250520,PORT005,INS0020,2025-05-20,1576,10.0059,15769.3,248.04,GBP,MOCK_FEED
POS00500820250520,PORT005,INS0021,2025-05-20,3831,49.3802,189175.55,2991.16,EUR,MOCK_FEED
POS00500920250520,PORT005,INS0022,2025-05-20,2277,45.2213,102968.9,165.86,INR,MOCK_FEED
POS00501020250520,PORT005,INS0023,2025-05-20,461,52.2186,24072.77,436.78,GBP,MOCK_FEED
POS00500120250521,PORT005,INS0014,2025-05-21,4289,15.0608,64595.77,-1602.0,INR,MOCK_FEED
POS00500220250521,PORT005,INS0015,2025-05-21,1974,29.461,58156.01,2147.35,INR,MOCK_FEED
POS00500320250521,PORT005,INS0016,2025-05-21,3142,44.2553,139050.15,-127.26,GBP,MOCK_FEED
POS00500420250521,PORT005,INS0017,2025-05-21,3328,118.4361,394155.34,5063.77,GBP,MOCK_FEED
POS00500520250521,PORT005,INS0018,2025-05-21,2194,48.2132,105779.76,2032.21,INR,MOCK_FEED
POS00500620250521,PORT005,INS0019,2025-05-21,3185,18.5135,58965.5,-611.08,GBP,MOCK_FEED
POS00500720250521,PORT005,INS0020,2025-05-21,961,10.0368,9645.36,-207.46,INR,MOCK_FEED
POS00500820250521,PORT005,INS0021,2025-05-21,2488,49.2759,122598.44,3705.07,USD,MOCK_FEED
POS00500920250521,PORT005,INS0022,2025-05-21,310,45.0967,13979.98,24.24,EUR,MOCK_FEED
POS00501020250521,PORT005,INS0023,2025-05-21,4678,51.1,239045.8,-2170.5,EUR,MOCK_FEED
POS00500120250522,PORT005,INS0014,2025-05-22,2690,15.0515,40488.54,-359.14,USD,MOCK_FEED
POS00500220250522,PORT005,INS0015,2025-05-22,773,29.624,22899.35,817.79,EUR,MOCK_FEED
POS00500320250522,PORT005,INS0016,2025-05-22,2566,44.3128,113706.64,61.7,EUR,MOCK_FEED
POS00500420250522,PORT005,INS0017,2025-05-22,2284,119.3912,272689.5,-4878.04,GBP,MOCK_FEED
POS00500520250522,PORT005,INS0018,2025-05-22,1365,47.6347,65021.37,1007.19,INR,MOCK_FEED
POS00500620250522,PORT005,INS0019,2025-05-22,4241,18.304,77627.26,2707.46,INR,MOCK_FEED
POS00500720250522,PORT005,INS0020,2025-05-22,3436,10.1033,34714.94,1127.63,GBP,MOCK_FEED
POS00500820250522,PORT005,INS0021,2025-05-22,4091,49.055,200684.01,2719.1,INR,MOCK_FEED
POS00500920250522,PORT005,INS0022,2025-05-22,685,45.0701,30873.02,419.22,USD,MOCK_FEED
POS00501020250522,PORT005,INS0023,2025-05-22,2553,51.2114,130742.7,4789.3,GBP,MOCK_FEED
POS00500120250523,PORT005,INS0014,2025-05-23,358,14.8818,5327.68,191.82,GBP,MOCK_FEED
POS00500220250523,PORT005,INS0015,2025-05-23,4592,29.8886,137248.45,-4093.83,INR,MOCK_FEED
POS00500320250523,PORT005,INS0016,2025-05-23,1380,45.2647,62465.29,1651.61,EUR,MOCK_FEED
POS00500420250523,PORT005,INS0017,2025-05-23,4527,116.7831,528677.09,1276.89,INR,MOCK_FEED
POS00500520250523,PORT005,INS0018,2025-05-23,4674,47.5925,222447.35,-3116.23,GBP,MOCK_FEED
POS00500620250523,PORT005,INS0019,2025-05-23,2205,18.2706,40286.67,853.62,GBP,MOCK_FEED
POS00500720250523,PORT005,INS0020,2025-05-23,4118,10.1153,41654.81,205.23,GBP,MOCK_FEED
POS00500820250523,PORT005,INS0021,2025-05-23,4537,48.0575,218036.88,-2671.71,INR,MOCK_FEED
POS00500920250523,PORT005,INS0022,2025-05-23,4322,44.8573,193873.25,2308.33,EUR,MOCK_FEED
POS00501020250523,PORT005,INS0023,2025-05-23,175,51.9554,9092.19,295.99,USD,MOCK_FEED
POS00500120250524,PORT005,INS0014,2025-05-24,663,14.8149,9822.28,286.0,EUR,MOCK_FEED
POS00500220250524,PORT005,INS0015,2025-05-24,4899,30.4789,149316.13,2973.14,EUR,MOCK_FEED
POS00500320250524,PORT005,INS0016,2025-05-24,4920,44.6988,219918.1,3493.22,USD,MOCK_FEED
POS00500420250524,PORT005,INS0017,2025-05-24,2459,116.4218,286281.21,2181.79,USD,MOCK_FEED
POS00500520250524,PORT005,INS0018,2025-05-24,3657,48.1503,176085.65,1047.88,GBP,MOCK_FEED
POS00500620250524,PORT005,INS0019,2025-05-24,2536,18.5229,46974.07,-568.75,INR,MOCK_FEED
POS00500720250524,PORT005,INS0020,2025-05-24,3799,10.2257,38847.43,-302.5,INR,MOCK_FEED
POS00500820250524,PORT005,INS0021,2025-05-24,4141,48.3891,200379.26,3310.11,INR,MOCK_FEED
POS00500920250524,PORT005,INS0022,2025-05-24,1757,44.6838,78509.44,-1279.25,USD,MOCK_FEED
POS00501020250524,PORT005,INS0023,2025-05-24,2271,51.9052,117876.71,-1097.09,EUR,MOCK_FEED
POS00500120250525,PORT005,INS0014,2025-05-25,3725,14.401,53643.72,557.84,EUR,MOCK_FEED
POS00500220250525,PORT005,INS0015,2025-05-25,1240,30.7345,38110.78,1010.32,GBP,MOCK_FEED
POS00500320250525,PORT005,INS0016,2025-05-25,3404,45.1608,153727.36,-3692.7,INR,MOCK_FEED
POS00500420250525,PORT005,INS0017,2025-05-25,1756,116.5928,204736.96,-2682.0,GBP,MOCK_FEED
POS00500520250525,PORT005,INS0018,2025-05-25,1755,47.2961,83004.66,-708.75,INR,MOCK_FEED
POS00500620250525,PORT005,INS0019,2025-05-25,3924,18.2796,71729.15,1720.48,GBP,MOCK_FEED
POS00500720250525,PORT005,INS0020,2025-05-25,2942,10.1112,29747.15,135.74,EUR,MOCK_FEED
POS00500820250525,PORT005,INS0021,2025-05-25,936,47.4427,44406.37,1182.37,EUR,MOCK_FEED
POS00500920250525,PORT005,INS0022,2025-05-25,445,44.655,19871.48,-574.98,USD,MOCK_FEED
POS00501020250525,PORT005,INS0023,2025-05-25,2317,52.5129,121672.39,-3494.93,EUR,MOCK_FEED
POS00500120250526,PORT005,INS0014,2025-05-26,3281,14.5864,47857.98,-884.8,EUR,MOCK_FEED
POS00500220250526,PORT005,INS0015,2025-05-26,2058,30.3368,62433.13,1231.37,GBP,MOCK_FEED
POS00500320250526,PORT005,INS0016,2025-05-26,3371,44.3561,149524.41,5213.05,EUR,MOCK_FEED
POS00500420250526,PORT005,INS0017,2025-05-26,2356,117.4457,276702.07,3147.69,INR,MOCK_FEED
POS00500520250526,PORT005,INS0018,2025-05-26,2896,46.8604,135707.72,-90.37,INR,MOCK_FEED
POS00500620250526,PORT005,INS0019,2025-05-26,1231,18.4793,22748.02,900.29,GBP,MOCK_FEED
POS00500720250526,PORT005,INS0020,2025-05-26,4748,10.0071,47513.71,1053.49,INR,MOCK_FEED
POS00500820250526,PORT005,INS0021,2025-05-26,4537,46.4185,210600.73,5012.96,GBP,MOCK_FEED
POS00500920250526,PORT005,INS0022,2025-05-26,2909,45.0206,130964.93,2632.24,USD,MOCK_FEED
POS00501020250526,PORT005,INS0023,2025-05-26,4852,52.2195,253369.01,7232.7,EUR,MOCK_FEED
POS00500120250527,PORT005,INS0014,2025-05-27,1222,14.2981,17472.28,-417.49,USD,MOCK_FEED
POS00500220250527,PORT005,INS0015,2025-05-27,1818,30.4746,55402.82,-414.02,GBP,MOCK_FEED
POS00500320250527,PORT005,INS0016,2025-05-27,946,44.8537,42431.6,1140.63,INR,MOCK_FEED
POS00500420250527,PORT005,INS0017,2025-05-27,4579,116.4654,533295.07,2971.84,INR,MOCK_FEED
POS00500520250527,PORT005,INS0018,2025-05-27,2979,46.0374,137145.41,215.78,USD,MOCK_FEED
POS00500620250527,PORT005,INS0019,2025-05-27,4556,18.1085,82502.33,2633.13,EUR,MOCK_FEED
POS00500720250527,PORT005,INS0020,2025-05-27,3768,10.0099,37717.3,1152.81,USD,MOCK_FEED
POS00500820250527,PORT005,INS0021,2025-05-27,3185,45.5159,144968.14,39.32,USD,MOCK_FEED
POS00500920250527,PORT005,INS0022,2025-05-27,4522,44.6867,202073.26,3290.36,EUR,MOCK_FEED
POS00501020250527,PORT005,INS0023,2025-05-27,1602,51.0399,81765.92,311.77,USD,MOCK_FEED
POS00500120250528,PORT005,INS0014,2025-05-28,1095,13.9736,15301.09,560.89,GBP,MOCK_FEED
POS00500220250528,PORT005,INS0015,2025-05-28,3202,31.0168,99315.79,1787.22,USD,MOCK_FEED
POS00500320250528,PORT005,INS0016,2025-05-28,1233,45.5309,56139.6,16.93,GBP,MOCK_FEED
POS00500420250528,PORT005,INS0017,2025-05-28,3225,117.0342,377435.29,5612.64,GBP,MOCK_FEED
POS00500520250528,PORT005,INS0018,2025-05-28,3237,45.9993,148899.73,4952.14,USD,MOCK_FEED
POS00500620250528,PORT005,INS0019,2025-05-28,3799,17.8636,67863.82,2557.68,EUR,MOCK_FEED
POS00500720250528,PORT005,INS0020,2025-05-28,890,10.0681,8960.61,72.69,USD,MOCK_FEED
POS00500820250528,PORT005,INS0021,2025-05-28,1346,46.537,62638.8,1053.02,INR,MOCK_FEED
POS00500920250528,PORT005,INS0022,2025-05-28,4521,44.6686,201946.74,1837.84,INR,MOCK_FEED
POS00501020250528,PORT005,INS0023,2025-05-28,113,51.1073,5775.12,34.97,INR,MOCK_FEED
POS00500120250529,PORT005,INS0014,2025-05-29,2015,13.9066,28021.8,864.57,GBP,MOCK_FEED
POS00500220250529,PORT005,INS0015,2025-05-29,2103,31.0163,65227.28,1389.96,GBP,MOCK_FEED
POS00500320250529,PORT005,INS0016,2025-05-29,4639,45.2934,210116.08,7938.81,EUR,MOCK_FEED
POS00500420250529,PORT005,INS0017,2025-05-29,3507,117.5904,412389.53,11092.31,GBP,MOCK_FEED
POS00500520250529,PORT005,INS0018,2025-05-29,1586,46.3082,73444.81,-1994.51,EUR,MOCK_FEED
POS00500620250529,PORT005,INS0019,2025-05-29,4372,17.6259,77060.43,-1250.15,INR,MOCK_FEED
POS00500720250529,PORT005,INS0020,2025-05-29,810,10.2154,8274.47,-190.78,USD,MOCK_FEED
POS00500820250529,PORT005,INS0021,2025-05-29,4043,46.9811,189944.59,6617.99,EUR,MOCK_FEED
POS00500920250529,PORT005,INS0022,2025-05-29,2480,44.0301,109194.65,-1270.98,EUR,MOCK_FEED
POS00501020250529,PORT005,INS0023,2025-05-29,150,51.2845,7692.68,-55.34,INR,MOCK_FEED
POS00500120250530,PORT005,INS0014,2025-05-30,2112,13.71,28955.52,39.15,INR,MOCK_FEED
POS00500220250530,PORT005,INS0015,2025-05-30,1353,30.6523,41472.56,-66.79,GBP,MOCK_FEED
POS00500320250530,PORT005,INS0016,2025-05-30,2610,45.505,118768.05,-1699.77,EUR,MOCK_FEED
POS00500420250530,PORT005,INS0017,2025-05-30,2610,115.2496,300801.46,5713.77,GBP,MOCK_FEED
POS00500520250530,PORT005,INS0018,2025-05-30,2659,45.9747,122246.73,1784.94,EUR,MOCK_FEED
POS00500620250530,PORT005,INS0019,2025-05-30,683,17.6266,12038.97,-114.07,EUR,MOCK_FEED
POS00500720250530,PORT005,INS0020,2025-05-30,4035,9.8824,39875.48,-456.62,USD,MOCK_FEED
POS00500820250530,PORT005,INS0021,2025-05-30,3242,45.9333,148915.76,-1392.95,INR,MOCK_FEED
POS00500920250530,PORT005,INS0022,2025-05-30,4784,43.9216,210120.93,-3560.81,USD,MOCK_FEED
POS00501020250530,PORT005,INS0023,2025-05-30,760,50.9861,38749.44,-865.73,INR,MOCK_FEED
POS00500120250531,PORT005,INS0014,2025-05-31,398,13.8064,5494.95,178.56,USD,MOCK_FEED
POS00500220250531,PORT005,INS0015,2025-05-31,3154,30.0795,94870.74,2268.01,GBP,MOCK_FEED
POS00500320250531,PORT005,INS0016,2025-05-31,778,44.79,34846.62,-782.88,GBP,MOCK_FEED
POS00500420250531,PORT005,INS0017,2025-05-31,1214,116.1962,141062.19,4204.66,EUR,MOCK_FEED
POS00500520250531,PORT005,INS0018,2025-05-31,2286,46.2062,105627.37,3185.81,USD,MOCK_FEED
POS00500620250531,PORT005,INS0019,2025-05-31,2568,17.6268,45265.62,879.72,INR,MOCK_FEED
POS00500720250531,PORT005,INS0020,2025-05-31,2884,10.006,28857.3,722.86,EUR,MOCK_FEED
POS00500820250531,PORT005,INS0021,2025-05-31,1551,46.3852,71943.45,18.7,USD,MOCK_FEED
POS00500920250531,PORT005,INS0022,2025-05-31,4230,42.9696,181761.41,-1761.33,GBP,MOCK_FEED
POS00501020250531,PORT005,INS0023,2025-05-31,3024,51.2862,155089.47,4236.03,EUR,MOCK_FEED
POS00500120250601,PORT005,INS0014,2025-06-01,2959,13.9369,41239.29,1096.79,GBP,MOCK_FEED
POS00500220250601,PORT005,INS0015,2025-06-01,1385,29.8407,41329.37,-1090.28,USD,MOCK_FEED
POS00500320250601,PORT005,INS0016,2025-06-01,1027,44.1139,45304.98,1137.5,USD,MOCK_FEED
POS00500420250601,PORT005,INS0017,2025-06-01,928,115.7584,107423.8,936.55,GBP,MOCK_FEED
POS00500520250601,PORT005,INS0018,2025-06-01,1473,46.3755,68311.11,663.65,GBP,MOCK_FEED
POS00500620250601,PORT005,INS0019,2025-06-01,455,17.5562,7988.07,105.42,EUR,MOCK_FEED
POS00500720250601,PORT005,INS0020,2025-06-01,1478,10.0132,14799.51,382.96,INR,MOCK_FEED
POS00500820250601,PORT005,INS0021,2025-06-01,2518,45.8466,115441.74,-525.58,INR,MOCK_FEED
POS00500920250601,PORT005,INS0022,2025-06-01,183,43.6008,7978.95,-221.83,INR,MOCK_FEED
POS00501020250601,PORT005,INS0023,2025-06-01,1558,51.0571,79546.96,-1720.79,USD,MOCK_FEED
POS00500120250602,PORT005,INS0014,2025-06-02,520,13.8585,7206.42,-203.27,INR,MOCK_FEED
POS00500220250602,PORT005,INS0015,2025-06-02,4953,30.3651,150398.34,5146.78,USD,MOCK_FEED
POS00500320250602,PORT005,INS0016,2025-06-02,370,43.2969,16019.85,391.31,EUR,MOCK_FEED
POS00500420250602,PORT005,INS0017,2025-06-02,4341,114.4855,496981.56,-11088.41,USD,MOCK_FEED
POS00500520250602,PORT005,INS0018,2025-06-02,4950,46.4024,229691.88,-5297.96,GBP,MOCK_FEED
POS00500620250602,PORT005,INS0019,2025-06-02,2640,17.7825,46945.8,518.08,EUR,MOCK_FEED
POS00500720250602,PORT005,INS0020,2025-06-02,311,10.0793,3134.66,38.74,EUR,MOCK_FEED
POS00500820250602,PORT005,INS0021,2025-06-02,1738,46.3605,80574.55,1770.05,EUR,MOCK_FEED
POS00500920250602,PORT005,INS0022,2025-06-02,4647,43.3248,201330.35,4872.8,INR,MOCK_FEED
POS00501020250602,PORT005,INS0023,2025-06-02,3387,51.5704,174668.94,2579.66,EUR,MOCK_FEED
POS00500120250603,PORT005,INS0014,2025-06-03,485,13.9547,6768.03,15.07,INR,MOCK_FEED
POS00500220250603,PORT005,INS0015,2025-06-03,1598,30.1596,48195.04,1599.04,INR,MOCK_FEED
POS00500320250603,PORT005,INS0016,2025-06-03,2030,42.7283,86738.45,1103.72,GBP,MOCK_FEED
POS00500420250603,PORT005,INS0017,2025-06-03,3912,112.9476,441851.01,-7905.36,GBP,MOCK_FEED
POS00500520250603,PORT005,INS0018,2025-06-03,323,46.4569,15005.58,402.08,GBP,MOCK_FEED
POS00500620250603,PORT005,INS0019,2025-06-03,3975,18.0991,71943.92,-943.23,INR,MOCK_FEED
POS00500720250603,PORT005,INS0020,2025-06-03,4489,10.0237,44996.39,375.44,USD,MOCK_FEED
POS00500820250603,PORT005,INS0021,2025-06-03,3780,45.4473,171790.79,-455.79,EUR,MOCK_FEED
POS00500920250603,PORT005,INS0022,2025-06-03,424,43.5195,18452.27,-206.55,EUR,MOCK_FEED
POS00501020250603,PORT005,INS0023,2025-06-03,1251,51.8333,64843.46,2268.97,USD,MOCK_FEED
POS00500120250604,PORT005,INS0014,2025-06-04,3272,13.9248,45561.95,1224.12,INR,MOCK_FEED
POS00500220250604,PORT005,INS0015,2025-06-04,313,30.175,9444.77,73.68,EUR,MOCK_FEED
POS00500320250604,PORT005,INS0016,2025-06-04,1821,42.9336,78182.09,-1331.33,GBP,MOCK_FEED
POS00500420250604,PORT005,INS0017,2025-06-04,725,112.0241,81217.47,2960.08,EUR,MOCK_FEED
POS00500520250604,PORT005,INS0018,2025-06-04,1570,47.0105,73806.49,1639.81,USD,MOCK_FEED
POS00500620250604,PORT005,INS0019,2025-06-04,4849,18.3432,88946.18,1959.49,USD,MOCK_FEED
POS00500720250604,PORT005,INS0020,2025-06-04,1565,10.0322,15700.39,476.74,GBP,MOCK_FEED
POS00500820250604,PORT005,INS0021,2025-06-04,950,45.6469,43364.56,1079.53,EUR,MOCK_FEED
POS00500920250604,PORT005,INS0022,2025-06-04,3367,43.9699,148046.65,4044.34,EUR,MOCK_FEED
POS00501020250604,PORT005,INS0023,2025-06-04,1677,52.0979,87368.18,3017.49,EUR,MOCK_FEED
POS00500120250605,PORT005,INS0014,2025-06-05,3604,13.6407,49161.08,1292.41,USD,MOCK_FEED
POS00500220250605,PORT005,INS0015,2025-06-05,4783,29.5395,141287.43,2801.44,INR,MOCK_FEED
POS00500320250605,PORT005,INS0016,2025-06-05,3400,42.7279,145274.86,-1076.87,INR,MOCK_FEED
POS00500420250605,PORT005,INS0017,2025-06-05,3781,111.3179,420892.98,-7616.22,INR,MOCK_FEED
POS00500520250605,PORT005,INS0018,2025-06-05,4175,47.4501,198104.17,-1245.29,EUR,MOCK_FEED
POS00500620250605,PORT005,INS0019,2025-06-05,319,17.9921,5739.48,220.44,USD,MOCK_FEED
POS00500720250605,PORT005,INS0020,2025-06-05,4983,10.0255,49957.07,-740.02,USD,MOCK_FEED
POS00500820250605,PORT005,INS0021,2025-06-05,2315,45.0851,104372.01,1287.34,GBP,MOCK_FEED
POS00500920250605,PORT005,INS0022,2025-06-05,2885,43.6041,125797.83,3356.96,INR,MOCK_FEED
POS00501020250605,PORT005,INS0023,2025-06-05,3949,51.7254,204263.6,-2068.0,GBP,MOCK_FEED
POS00500120250606,PORT005,INS0014,2025-06-06,4941,13.8302,68335.02,367.27,GBP,MOCK_FEED
POS00500220250606,PORT005,INS0015,2025-06-06,4088,28.7726,117622.39,-599.23,EUR,MOCK_FEED
POS00500320250606,PORT005,INS0016,2025-06-06,1150,43.6131,50155.07,74.14,GBP,MOCK_FEED
POS00500420250606,PORT005,INS0017,2025-06-06,4119,112.0584,461568.55,18164.01,INR,MOCK_FEED
POS00500520250606,PORT005,INS0018,2025-06-06,255,47.4287,12094.32,-142.75,EUR,MOCK_FEED
POS00500620250606,PORT005,INS0019,2025-06-06,4039,18.2151,73570.79,-880.84,GBP,MOCK_FEED
POS00500720250606,PORT005,INS0020,2025-06-06,215,9.999,2149.79,68.56,GBP,MOCK_FEED
POS00500820250606,PORT005,INS0021,2025-06-06,528,45.4497,23997.44,-210.65,EUR,MOCK_FEED
POS00500920250606,PORT005,INS0022,2025-06-06,3390,43.8347,148599.63,397.29,INR,MOCK_FEED
POS00501020250606,PORT005,INS0023,2025-06-06,549,51.592,28324.01,164.6,EUR,MOCK_FEED
POS00500120250607,PORT005,INS0014,2025-06-07,1981,13.8898,27515.69,915.91,INR,MOCK_FEED
POS00500220250607,PORT005,INS0015,2025-06-07,372,28.3594,10549.7,251.46,USD,MOCK_FEED
POS00500320250607,PORT005,INS0016,2025-06-07,2346,44.1107,103483.7,537.7,INR,MOCK_FEED
POS00500420250607,PORT005,INS0017,2025-06-07,2044,113.192,231364.45,-6125.04,EUR,MOCK_FEED
POS00500520250607,PORT005,INS0018,2025-06-07,871,46.353,40373.46,1358.53,EUR,MOCK_FEED
POS00500620250607,PORT005,INS0019,2025-06-07,2457,17.8521,43862.61,459.68,USD,MOCK_FEED
POS00500720250607,PORT005,INS0020,2025-06-07,2758,10.064,27756.51,-339.05,USD,MOCK_FEED
POS00500820250607,PORT005,INS0021,2025-06-07,1215,46.1581,56082.09,-1090.67,INR,MOCK_FEED
POS00500920250607,PORT005,INS0022,2025-06-07,3900,44.3493,172962.27,-2733.46,USD,MOCK_FEED
POS00501020250607,PORT005,INS0023,2025-06-07,3429,52.8371,181178.42,-3444.37,GBP,MOCK_FEED
POS00500120250608,PORT005,INS0014,2025-06-08,2694,13.7671,37088.57,718.18,INR,MOCK_FEED
POS00500220250608,PORT005,INS0015,2025-06-08,870,28.239,24567.93,799.53,EUR,MOCK_FEED
POS00500320250608,PORT005,INS0016,2025-06-08,3533,43.4283,153432.18,644.7,USD,MOCK_FEED
POS00500420250608,PORT005,INS0017,2025-06-08,1613,114.1853,184180.89,5064.04,INR,MOCK_FEED
POS00500520250608,PORT005,INS0018,2025-06-08,1369,46.3856,63501.89,-558.01,GBP,MOCK_FEED
POS00500620250608,PORT005,INS0019,2025-06-08,607,17.823,10818.56,-38.45,EUR,MOCK_FEED
POS00500720250608,PORT005,INS0020,2025-06-08,4557,10.0579,45833.85,-1054.47,INR,MOCK_FEED
POS00500820250608,PORT005,INS0021,2025-06-08,3163,46.8471,148177.38,-367.12,GBP,MOCK_FEED
POS00500920250608,PORT005,INS0022,2025-06-08,2105,44.0888,92806.92,3214.33,USD,MOCK_FEED
POS00501020250608,PORT005,INS0023,2025-06-08,3313,52.5332,174042.49,-4729.19,GBP,MOCK_FEED
POS00500120250609,PORT005,INS0014,2025-06-09,2565,13.7994,35395.46,-113.31,EUR,MOCK_FEED
POS00500220250609,PORT005,INS0015,2025-06-09,4862,28.4692,138417.25,5420.21,USD,MOCK_FEED
POS00500320250609,PORT005,INS0016,2025-06-09,3283,43.8403,143927.7,-2863.86,USD,MOCK_FEED
POS00500420250609,PORT005,INS0017,2025-06-09,4972,112.9719,561696.29,-16804.02,EUR,MOCK_FEED
POS00500520250609,PORT005,INS0018,2025-06-09,4357,46.2621,201563.97,6306.31,GBP,MOCK_FEED
POS00500620250609,PORT005,INS0019,2025-06-09,724,17.6096,12749.35,-230.9,USD,MOCK_FEED
POS00500720250609,PORT005,INS0020,2025-06-09,3943,9.7992,38638.25,251.54,EUR,MOCK_FEED
POS00500820250609,PORT005,INS0021,2025-06-09,2370,47.0363,111476.03,1032.49,INR,MOCK_FEED
POS00500920250609,PORT005,INS0022,2025-06-09,582,43.4214,25271.25,198.43,INR,MOCK_FEED
POS00501020250609,PORT005,INS0023,2025-06-09,4758,51.8331,246621.89,8987.57,GBP,MOCK_FEED
POS00500120250610,PORT005,INS0014,2025-06-10,884,13.8821,12271.78,-274.26,GBP,MOCK_FEED
POS00500220250610,PORT005,INS0015,2025-06-10,4114,28.7169,118141.33,-1769.83,GBP,MOCK_FEED
POS00500320250610,PORT005,INS0016,2025-06-10,4365,43.8874,191568.5,4426.6,INR,MOCK_FEED
POS00500420250610,PORT005,INS0017,2025-06-10,4934,112.7717,556415.57,-1664.68,USD,MOCK_FEED
POS00500520250610,PORT005,INS0018,2025-06-10,1704,47.0801,80224.49,-120.26,GBP,MOCK_FEED
POS00500620250610,PORT005,INS0019,2025-06-10,2580,18.0574,46588.09,862.75,INR,MOCK_FEED
POS00500720250610,PORT005,INS0020,2025-06-10,2938,9.8546,28952.81,401.69,GBP,MOCK_FEED
POS00500820250610,PORT005,INS0021,2025-06-10,3195,47.6016,152087.11,-1315.43,EUR,MOCK_FEED
POS00500920250610,PORT005,INS0022,2025-06-10,2123,43.2434,91805.74,1340.42,INR,MOCK_FEED
POS00501020250610,PORT005,INS0023,2025-06-10,1978,51.6043,102073.31,-393.82,INR,MOCK_FEED
POS00500120250611,PORT005,INS0014,2025-06-11,4020,14.0806,56604.01,1241.26,USD,MOCK_FEED
POS00500220250611,PORT005,INS0015,2025-06-11,2204,28.9367,63776.49,706.25,USD,MOCK_FEED
POS00500320250611,PORT005,INS0016,2025-06-11,735,43.3815,31885.4,251.29,USD,MOCK_FEED
POS00500420250611,PORT005,INS0017,2025-06-11,983,112.5394,110626.23,2420.42,USD,MOCK_FEED
POS00500520250611,PORT005,INS0018,2025-06-11,2284,46.6459,106539.24,1285.3,GBP,MOCK_FEED
POS00500620250611,PORT005,INS0019,2025-06-11,1337,18.1327,24243.42,920.65,INR,MOCK_FEED
POS00500720250611,PORT005,INS0020,2025-06-11,1788,9.8508,17613.23,125.67,GBP,MOCK_FEED
POS00500820250611,PORT005,INS0021,2025-06-11,2593,48.2121,125013.98,554.03,USD,MOCK_FEED
POS00500920250611,PORT005,INS0022,2025-06-11,3596,42.5527,153019.51,-3199.59,EUR,MOCK_FEED
POS00501020250611,PORT005,INS0023,2025-06-11,512,52.5876,26924.85,-110.52,EUR,MOCK_FEED
POS00500120250612,PORT005,INS0014,2025-06-12,537,13.8886,7458.18,-57.07,GBP,MOCK_FEED
POS00500220250612,PORT005,INS0015,2025-06-12,4515,29.0363,131098.89,-1305.59,GBP,MOCK_FEED
POS00500320250612,PORT005,INS0016,2025-06-12,4032,43.5022,175400.87,-2643.25,USD,MOCK_FEED
POS00500420250612,PORT005,INS0017,2025-06-12,3418,112.4429,384329.83,15068.04,INR,MOCK_FEED
POS00500520250612,PORT005,INS0018,2025-06-12,4394,46.911,206126.93,-4550.9,INR,MOCK_FEED
POS00500620250612,PORT005,INS0019,2025-06-12,3115,18.2535,56859.65,288.26,USD,MOCK_FEED
POS00500720250612,PORT005,INS0020,2025-06-12,1302,9.9089,12901.39,-354.4,GBP,MOCK_FEED
POS00500820250612,PORT005,INS0021,2025-06-12,1246,48.2002,60057.45,847.69,GBP,MOCK_FEED
POS00500920250612,PORT005,INS0022,2025-06-12,4179,42.3803,177107.27,3908.94,USD,MOCK_FEED
POS00501020250612,PORT005,INS0023,2025-06-12,3320,52.5914,174603.45,-2510.63,EUR,MOCK_FEED
POS00500120250613,PORT005,INS0014,2025-06-13,1262,13.9064,17549.88,-480.83,USD,MOCK_FEED
POS00500220250613,PORT005,INS0015,2025-06-13,4053,29.585,119908.01,-1237.76,INR,MOCK_FEED
POS00500320250613,PORT005,INS0016,2025-06-13,2566,43.9349,112736.95,2373.75,INR,MOCK_FEED
POS00500420250613,PORT005,INS0017,2025-06-13,319,112.3923,35853.14,-475.19,GBP,MOCK_FEED
POS00500520250613,PORT005,INS0018,2025-06-13,1185,46.3546,54930.2,-1069.67,USD,MOCK_FEED
POS00500620250613,PORT005,INS0019,2025-06-13,4719,18.2602,86169.88,1003.24,EUR,MOCK_FEED
POS00500720250613,PORT005,INS0020,2025-06-13,2191,9.8795,21645.98,565.01,EUR,MOCK_FEED
POS00500820250613,PORT005,INS0021,2025-06-13,1426,47.434,67640.88,-372.47,USD,MOCK_FEED
POS00500920250613,PORT005,INS0022,2025-06-13,2993,42.0458,125843.08,3168.75,INR,MOCK_FEED
POS00501020250613,PORT005,INS0023,2025-06-13,3481,52.5234,182833.96,3915.06,USD,MOCK_FEED
POS00500120250614,PORT005,INS0014,2025-06-14,4965,13.6838,67940.07,-434.45,INR,MOCK_FEED
POS00500220250614,PORT005,INS0015,2025-06-14,4168,29.1745,121599.32,1146.01,GBP,MOCK_FEED
POS00500320250614,PORT005,INS0016,2025-06-14,721,43.5565,31404.24,356.52,INR,MOCK_FEED
POS00500420250614,PORT005,INS0017,2025-06-14,1162,111.5098,129574.39,1473.63,INR,MOCK_FEED
POS00500520250614,PORT005,INS0018,2025-06-14,1769,46.3259,81950.52,698.77,INR,MOCK_FEED
POS00500620250614,PORT005,INS0019,2025-06-14,2944,18.3095,53903.17,-72.31,GBP,MOCK_FEED
POS00500720250614,PORT005,INS0020,2025-06-14,1279,9.9923,12780.15,-330.62,GBP,MOCK_FEED
POS00500820250614,PORT005,INS0021,2025-06-14,2079,47.7266,99223.6,1797.49,GBP,MOCK_FEED
POS00500920250614,PORT005,INS0022,2025-06-14,4601,41.9207,192877.14,-4856.52,EUR,MOCK_FEED
POS00501020250614,PORT005,INS0023,2025-06-14,697,52.1766,36367.09,806.19,EUR,MOCK_FEED
POS00500120250615,PORT005,INS0014,2025-06-15,1082,13.6905,14813.12,192.43,GBP,MOCK_FEED
POS00500220250615,PORT005,INS0015,2025-06-15,402,29.5415,11875.68,327.2,EUR,MOCK_FEED
POS00500320250615,PORT005,INS0016,2025-06-15,1827,44.7039,81674.03,2573.14,INR,MOCK_FEED
POS00500420250615,PORT005,INS0017,2025-06-15,4138,112.6434,466118.39,-5658.26,INR,MOCK_FEED
POS00500520250615,PORT005,INS0018,2025-06-15,3347,46.5871,155927.02,1373.68,GBP,MOCK_FEED
POS00500620250615,PORT005,INS0019,2025-06-15,1148,18.2115,20906.8,-124.43,INR,MOCK_FEED
POS00500720250615,PORT005,INS0020,2025-06-15,1385,10.1583,14069.25,-269.4,EUR,MOCK_FEED
POS00500820250615,PORT005,INS0021,2025-06-15,4700,47.5944,223693.68,5167.23,GBP,MOCK_FEED
POS00500920250615,PORT005,INS0022,2025-06-15,4232,42.2031,178603.52,5122.24,USD,MOCK_FEED
POS00501020250615,PORT005,INS0023,2025-06-15,1493,52.4383,78290.38,1160.41,USD,MOCK_FEED
POS00500120250616,PORT005,INS0014,2025-06-16,3520,13.6166,47930.43,156.9,GBP,MOCK_FEED
POS00500220250616,PORT005,INS0015,2025-06-16,3452,29.2393,100934.06,451.29,EUR,MOCK_FEED
POS00500320250616,PORT005,INS0016,2025-06-16,3277,44.4021,145505.68,-2565.59,INR,MOCK_FEED
POS00500420250616,PORT005,INS0017,2025-06-16,903,113.0186,102055.8,2189.58,INR,MOCK_FEED
POS00500520250616,PORT005,INS0018,2025-06-16,4400,46.1658,203129.52,233.9,GBP,MOCK_FEED
POS00500620250616,PORT005,INS0019,2025-06-16,3239,17.9531,58150.09,-645.76,EUR,MOCK_FEED
POS00500720250616,PORT005,INS0020,2025-06-16,1684,9.8431,16575.78,30.82,USD,MOCK_FEED
POS00500820250616,PORT005,INS0021,2025-06-16,1598,47.1506,75346.66,-190.62,INR,MOCK_FEED
POS00500920250616,PORT005,INS0022,2025-06-16,3299,42.3578,139738.38,2549.19,EUR,MOCK_FEED
POS00501020250616,PORT005,INS0023,2025-06-16,909,51.8412,47123.65,852.95,INR,MOCK_FEED
POS00500120250617,PORT005,INS0014,2025-06-17,3935,13.5065,53148.08,36.38,INR,MOCK_FEED
POS00500220250617,PORT005,INS0015,2025-06-17,193,29.2952,5653.97,131.7,INR,MOCK_FEED
POS00500320250617,PORT005,INS0016,2025-06-17,2100,43.9871,92372.91,2440.63,EUR,MOCK_FEED
POS00500420250617,PORT005,INS0017,2025-06-17,3688,111.5254,411305.68,-6474.59,INR,MOCK_FEED
POS00500520250617,PORT005,INS0018,2025-06-17,2655,45.4791,120747.01,2795.94,USD,MOCK_FEED
POS00500620250617,PORT005,INS0019,2025-06-17,121,18.106,2190.83,-59.96,GBP,MOCK_FEED
POS00500720250617,PORT005,INS0020,2025-06-17,3830,9.7731,37430.97,-83.0,INR,MOCK_FEED
POS00500820250617,PORT005,INS0021,2025-06-17,2116,47.9928,101552.76,478.44,INR,MOCK_FEED
POS00500920250617,PORT005,INS0022,2025-06-17,1525,42.4061,64669.3,-579.65,GBP,MOCK_FEED
POS00501020250617,PORT005,INS0023,2025-06-17,355,52.4524,18620.6,147.09,GBP,MOCK_FEED
POS00500120250618,PORT005,INS0014,2025-06-18,725,13.3507,9679.26,-154.92,EUR,MOCK_FEED
POS00500220250618,PORT005,INS0015,2025-06-18,4035,29.3991,118625.37,3205.76,INR,MOCK_FEED
POS00500320250618,PORT005,INS0016,2025-06-18,3231,43.7149,141242.84,-3003.08,EUR,MOCK_FEED
POS00500420250618,PORT005,INS0017,2025-06-18,4875,111.7863,544958.21,8587.29,GBP,MOCK_FEED
POS00500520250618,PORT005,INS0018,2025-06-18,978,45.4121,44413.03,-107.57,GBP,MOCK_FEED
POS00500620250618,PORT005,INS0019,2025-06-18,1162,17.9177,20820.37,785.94,INR,MOCK_FEED
POS00500720250618,PORT005,INS0020,2025-06-18,196,9.9066,1941.69,42.31,GBP,MOCK_FEED
POS00500820250618,PORT005,INS0021,2025-06-18,4850,48.7499,236437.01,-5783.29,EUR,MOCK_FEED
POS00500920250618,PORT005,INS0022,2025-06-18,1203,42.557,51196.07,-782.74,EUR,MOCK_FEED
POS00501020250618,PORT005,INS0023,2025-06-18,2401,51.2061,122945.85,4798.16,GBP,MOCK_FEED
POS00500120250619,PORT005,INS0014,2025-06-19,4784,13.4937,64553.86,-684.54,EUR,MOCK_FEED
POS00500220250619,PORT005,INS0015,2025-06-19,1296,29.774,38587.1,-930.38,EUR,MOCK_FEED
POS00500320250619,PORT005,INS0016,2025-06-19,3942,43.6805,172188.53,-123.69,GBP,MOCK_FEED
POS00500420250619,PORT005,INS0017,2025-06-19,2686,114.2012,306744.42,1128.01,EUR,MOCK_FEED
POS00500520250619,PORT005,INS0018,2025-06-19,521,44.6189,23246.45,265.07,USD,MOCK_FEED
POS00500620250619,PORT005,INS0019,2025-06-19,2317,17.8069,41258.59,-448.49,INR,MOCK_FEED
POS00500720250619,PORT005,INS0020,2025-06-19,4255,9.7526,41497.31,980.67,EUR,MOCK_FEED
POS00500820250619,PORT005,INS0021,2025-06-19,3309,48.2082,159520.93,3780.2,USD,MOCK_FEED
POS00500920250619,PORT005,INS0022,2025-06-19,527,42.5128,22404.25,469.91,USD,MOCK_FEED
POS00501020250619,PORT005,INS0023,2025-06-19,893,51.1079,45639.35,-621.05,GBP,MOCK_FEED
POS00500120250620,PORT005,INS0014,2025-06-20,2035,13.5389,27551.66,-715.5,INR,MOCK_FEED
POS00500220250620,PORT005,INS0015,2025-06-20,3739,29.9483,111976.69,3309.92,INR,MOCK_FEED
POS00500320250620,PORT005,INS0016,2025-06-20,2634,43.774,115300.72,-2581.62,USD,MOCK_FEED
POS00500420250620,PORT005,INS0017,2025-06-20,1289,114.7729,147942.27,-748.69,GBP,MOCK_FEED
POS00500520250620,PORT005,INS0018,2025-06-20,3652,43.7785,159879.08,-3780.91,EUR,MOCK_FEED
POS00500620250620,PORT005,INS0019,2025-06-20,2532,17.9217,45377.74,29.7,EUR,MOCK_FEED
POS00500720250620,PORT005,INS0020,2025-06-20,3428,9.6051,32926.28,825.78,EUR,MOCK_FEED
POS00500820250620,PORT005,INS0021,2025-06-20,1425,47.7396,68028.93,-687.89,INR,MOCK_FEED
POS00500920250620,PORT005,INS0022,2025-06-20,4523,42.4344,191930.79,1172.75,GBP,MOCK_FEED
POS00501020250620,PORT005,INS0023,2025-06-20,2153,50.7875,109345.49,-1160.5,GBP,MOCK_FEED
POS00500120250621,PORT005,INS0014,2025-06-21,395,13.6259,5382.23,-54.32,EUR,MOCK_FEED
POS00500220250621,PORT005,INS0015,2025-06-21,3042,30.1439,91697.74,-954.49,EUR,MOCK_FEED
POS00500320250621,PORT005,INS0016,2025-06-21,4303,43.5248,187287.21,2234.64,GBP,MOCK_FEED
POS00500420250621,PORT005,INS0017,2025-06-21,4703,115.6886,544083.49,8191.37,GBP,MOCK_FEED
POS00500520250621,PORT005,INS0018,2025-06-21,2950,43.5914,128594.63,2058.0,USD,MOCK_FEED
POS00500620250621,PORT005,INS0019,2025-06-21,3838,18.272,70127.94,1653.34,GBP,MOCK_FEED
POS00500720250621,PORT005,INS0020,2025-06-21,4274,9.5266,40716.69,696.53,INR,MOCK_FEED
POS00500820250621,PORT005,INS0021,2025-06-21,1372,47.8208,65610.14,-1874.06,USD,MOCK_FEED
POS00500920250621,PORT005,INS0022,2025-06-21,363,43.4259,15763.6,220.36,USD,MOCK_FEED
POS00501020250621,PORT005,INS0023,2025-06-21,2426,50.6324,122834.2,2823.54,USD,MOCK_FEED
POS00500120250622,PORT005,INS0014,2025-06-22,3493,13.5868,47458.69,-1253.08,GBP,MOCK_FEED
POS00500220250622,PORT005,INS0015,2025-06-22,3870,29.6101,114591.09,454.15,EUR,MOCK_FEED
POS00500320250622,PORT005,INS0016,2025-06-22,3157,45.2667,142906.97,1261.58,USD,MOCK_FEED
POS00500420250622,PORT005,INS0017,2025-06-22,367,116.7263,42838.55,1190.78,EUR,MOCK_FEED
POS00500520250622,PORT005,INS0018,2025-06-22,2763,44.7018,123511.07,1300.09,USD,MOCK_FEED
POS00500620250622,PORT005,INS0019,2025-06-22,2953,17.7654,52461.23,-1136.1,GBP,MOCK_FEED
POS00500720250622,PORT005,INS0020,2025-06-22,3211,9.6547,31001.24,-662.57,INR,MOCK_FEED
POS00500820250622,PORT005,INS0021,2025-06-22,2931,46.625,136657.88,-1900.39,INR,MOCK_FEED
POS00500920250622,PORT005,INS0022,2025-06-22,1442,42.2037,60857.74,2277.19,GBP,MOCK_FEED
POS00501020250622,PORT005,INS0023,2025-06-22,2398,50.0134,119932.13,-2191.13,GBP,MOCK_FEED
POS00500120250623,PORT005,INS0014,2025-06-23,2449,13.5547,33195.46,1155.93,INR,MOCK_FEED
POS00500220250623,PORT005,INS0015,2025-06-23,1377,29.483,40598.09,-722.91,USD,MOCK_FEED
POS00500320250623,PORT005,INS0016,2025-06-23,1557,45.5455,70914.34,1611.13,INR,MOCK_FEED
POS00500420250623,PORT005,INS0017,2025-06-23,4952,114.4835,566922.29,20843.06,GBP,MOCK_FEED
POS00500520250623,PORT005,INS0018,2025-06-23,4321,44.7913,193543.21,6149.87,USD,MOCK_FEED
POS00500620250623,PORT005,INS0019,2025-06-23,349,17.8944,6245.15,-108.62,INR,MOCK_FEED
POS00500720250623,PORT005,INS0020,2025-06-23,4318,9.6345,41601.77,-441.95,USD,MOCK_FEED
POS00500820250623,PORT005,INS0021,2025-06-23,1898,47.0813,89360.31,1507.96,INR,MOCK_FEED
POS00500920250623,PORT005,INS0022,2025-06-23,3405,42.6809,145328.46,2316.71,GBP,MOCK_FEED
POS00501020250623,PORT005,INS0023,2025-06-23,3483,49.6262,172848.05,5159.34,USD,MOCK_FEED
POS00500120250624,PORT005,INS0014,2025-06-24,2885,13.3693,38570.43,-989.15,EUR,MOCK_FEED
POS00500220250624,PORT005,INS0015,2025-06-24,1862,29.2495,54462.57,-468.41,EUR,MOCK_FEED
POS00500320250624,PORT005,INS0016,2025-06-24,787,45.381,35714.85,941.6,GBP,MOCK_FEED
POS00500420250624,PORT005,INS0017,2025-06-24,1549,117.2445,181611.73,-2847.53,EUR,MOCK_FEED
POS00500520250624,PORT005,INS0018,2025-06-24,188,44.9251,8445.92,336.23,USD,MOCK_FEED
POS00500620250624,PORT005,INS0019,2025-06-24,868,17.8828,15522.27,-274.65,INR,MOCK_FEED
POS00500720250624,PORT005,INS0020,2025-06-24,3260,9.5398,31099.75,-240.48,USD,MOCK_FEED
POS00500820250624,PORT005,INS0021,2025-06-24,642,46.9819,30162.38,246.93,EUR,MOCK_FEED
POS00500920250624,PORT005,INS0022,2025-06-24,2328,43.5579,101402.79,-769.03,GBP,MOCK_FEED
POS00501020250624,PORT005,INS0023,2025-06-24,311,48.9506,15223.64,-407.26,EUR,MOCK_FEED
POS00500120250625,PORT005,INS0014,2025-06-25,4344,13.4694,58511.07,851.41,USD,MOCK_FEED
POS00500220250625,PORT005,INS0015,2025-06-25,4466,28.5538,127521.27,3804.57,GBP,MOCK_FEED
POS00500320250625,PORT005,INS0016,2025-06-25,857,45.5585,39043.63,-281.28,INR,MOCK_FEED
POS00500420250625,PORT005,INS0017,2025-06-25,3414,119.8765,409258.37,6217.66,INR,MOCK_FEED
POS00500520250625,PORT005,INS0018,2025-06-25,274,45.0073,12332.0,195.99,GBP,MOCK_FEED
POS00500620250625,PORT005,INS0019,2025-06-25,3143,17.97,56479.71,694.85,GBP,MOCK_FEED
POS00500720250625,PORT005,INS0020,2025-06-25,1439,9.6691,13913.83,-287.75,USD,MOCK_FEED
POS00500820250625,PORT005,INS0021,2025-06-25,2674,47.903,128092.62,-1129.83,INR,MOCK_FEED
POS00500920250625,PORT005,INS0022,2025-06-25,2663,44.2249,117770.91,3647.57,EUR,MOCK_FEED
POS00501020250625,PORT005,INS0023,2025-06-25,478,49.1311,23484.67,371.79,EUR,MOCK_FEED
POS00500120250626,PORT005,INS0014,2025-06-26,4767,13.5037,64372.14,-1650.31,USD,MOCK_FEED
POS00500220250626,PORT005,INS0015,2025-06-26,4541,28.2574,128316.85,1315.85,EUR,MOCK_FEED
POS00500320250626,PORT005,INS0016,2025-06-26,1834,45.8883,84159.14,2710.12,USD,MOCK_FEED
POS00500420250626,PORT005,INS0017,2025-06-26,4053,120.5289,488503.63,7988.57,INR,MOCK_FEED
POS00500520250626,PORT005,INS0018,2025-06-26,2906,45.1265,131137.61,4634.23,INR,MOCK_FEED
POS00500620250626,PORT005,INS0019,2025-06-26,4172,18.0668,75374.69,2281.23,GBP,MOCK_FEED
POS00500720250626,PORT005,INS0020,2025-06-26,1791,9.7926,17538.55,-193.88,EUR,MOCK_FEED
POS00500820250626,PORT005,INS0021,2025-06-26,2406,48.2737,116146.52,300.1,USD,MOCK_FEED
POS00500920250626,PORT005,INS0022,2025-06-26,2649,44.0548,116701.17,-3153.2,INR,MOCK_FEED
POS00501020250626,PORT005,INS0023,2025-06-26,443,50.0395,22167.5,-485.61,USD,MOCK_FEED
POS00500120250627,PORT005,INS0014,2025-06-27,2886,13.4356,38775.14,-288.36,GBP,MOCK_FEED
POS00500220250627,PORT005,INS0015,2025-06-27,886,28.1686,24957.38,350.17,EUR,MOCK_FEED
POS00500320250627,PORT005,INS0016,2025-06-27,1074,46.131,49544.69,1521.56,GBP,MOCK_FEED
POS00500420250627,PORT005,INS0017,2025-06-27,1136,120.8707,137309.12,-3326.09,USD,MOCK_FEED
POS00500520250627,PORT005,INS0018,2025-06-27,1033,44.6621,46135.95,893.19,INR,MOCK_FEED
POS00500620250627,PORT005,INS0019,2025-06-27,661,17.8667,11809.89,394.73,INR,MOCK_FEED
POS00500720250627,PORT005,INS0020,2025-06-27,1805,9.7951,17680.16,-529.22,EUR,MOCK_FEED
POS00500820250627,PORT005,INS0021,2025-06-27,2526,48.5498,122636.79,-615.69,GBP,MOCK_FEED
POS00500920250627,PORT005,INS0022,2025-06-27,896,44.0421,39461.72,68.74,INR,MOCK_FEED
POS00501020250627,PORT005,INS0023,2025-06-27,1467,50.4111,73953.08,-586.85,EUR,MOCK_FEED
POS00500120250628,PORT005,INS0014,2025-06-28,1451,13.6461,19800.49,703.11,INR,MOCK_FEED
POS00500220250628,PORT005,INS0015,2025-06-28,4511,28.0727,126635.95,-996.51,GBP,MOCK_FEED
POS00500320250628,PORT005,INS0016,2025-06-28,3368,45.6636,153795.0,-1011.87,EUR,MOCK_FEED
POS00500420250628,PORT005,INS0017,2025-06-28,3143,120.205,377804.32,7623.82,INR,MOCK_FEED
POS00500520250628,PORT005,INS0018,2025-06-28,806,44.3597,35753.92,1039.76,USD,MOCK_FEED
POS00500620250628,PORT005,INS0019,2025-06-28,3140,17.4427,54770.08,-402.03,USD,MOCK_FEED
POS00500720250628,PORT005,INS0020,2025-06-28,257,9.8684,2536.18,1.26,INR,MOCK_FEED
POS00500820250628,PORT005,INS0021,2025-06-28,2231,49.5252,110490.72,3229.85,EUR,MOCK_FEED
POS00500920250628,PORT005,INS0022,2025-06-28,2127,43.9629,93509.09,662.56,GBP,MOCK_FEED
POS00501020250628,PORT005,INS0023,2025-06-28,4418,51.2538,226439.29,-5937.33,EUR,MOCK_FEED
POS00500120250629,PORT005,INS0014,2025-06-29,1294,13.6011,17599.82,240.59,EUR,MOCK_FEED
POS00500220250629,PORT005,INS0015,2025-06-29,231,27.6153,6379.13,-187.46,INR,MOCK_FEED
POS00500320250629,PORT005,INS0016,2025-06-29,1949,45.7121,89092.88,2900.19,USD,MOCK_FEED
POS00500420250629,PORT005,INS0017,2025-06-29,4156,116.731,485134.04,-11305.42,GBP,MOCK_FEED
POS00500520250629,PORT005,INS0018,2025-06-29,461,44.6892,20601.72,370.74,USD,MOCK_FEED
POS00500620250629,PORT005,INS0019,2025-06-29,4855,17.8093,86464.15,533.53,GBP,MOCK_FEED
POS00500720250629,PORT005,INS0020,2025-06-29,3131,9.9008,30999.4,1203.02,EUR,MOCK_FEED
POS00500820250629,PORT005,INS0021,2025-06-29,4373,50.4205,220488.85,-4053.13,INR,MOCK_FEED
POS00500920250629,PORT005,INS0022,2025-06-29,167,44.2858,7395.73,-135.18,EUR,MOCK_FEED
POS00501020250629,PORT005,INS0023,2025-06-29,4767,51.2333,244229.14,-2487.64,GBP,MOCK_FEED
POS00500120250630,PORT005,INS0014,2025-06-30,2226,13.6096,30294.97,415.24,GBP,MOCK_FEED
POS00500220250630,PORT005,INS0015,2025-06-30,4732,27.7831,131469.63,3107.86,INR,MOCK_FEED
POS00500320250630,PORT005,INS0016,2025-06-30,3454,45.6406,157642.63,-855.58,EUR,MOCK_FEED
POS00500420250630,PORT005,INS0017,2025-06-30,4288,116.9797,501608.95,-10049.57,GBP,MOCK_FEED
POS00500520250630,PORT005,INS0018,2025-06-30,2487,44.8954,111654.86,-259.47,USD,MOCK_FEED
POS00500620250630,PORT005,INS0019,2025-06-30,2137,17.821,38083.48,-259.07,INR,MOCK_FEED
POS00500720250630,PORT005,INS0020,2025-06-30,3471,9.889,34324.72,684.42,EUR,MOCK_FEED
POS00500820250630,PORT005,INS0021,2025-06-30,4177,50.7545,212001.55,7479.97,USD,MOCK_FEED
POS00500920250630,PORT005,INS0022,2025-06-30,1472,44.1805,65033.7,2088.39,INR,MOCK_FEED
POS00501020250630,PORT005,INS0023,2025-06-30,2362,50.9172,120266.43,3551.62,INR,MOCK_FEED
POS00500120250701,PORT005,INS0014,2025-07-01,3046,13.6602,41608.97,1464.56,USD,MOCK_FEED
POS00500220250701,PORT005,INS0015,2025-07-01,4482,27.5177,123334.33,3901.55,INR,MOCK_FEED
POS00500320250701,PORT005,INS0016,2025-07-01,2127,45.6566,97111.59,3375.82,GBP,MOCK_FEED
POS00500420250701,PORT005,INS0017,2025-07-01,2210,115.6073,255492.13,-6263.15,EUR,MOCK_FEED
POS00500520250701,PORT005,INS0018,2025-07-01,4365,44.0716,192372.53,-4560.46,EUR,MOCK_FEED
POS00500620250701,PORT005,INS0019,2025-07-01,1238,17.7925,22027.12,325.32,INR,MOCK_FEED
POS00500720250701,PORT005,INS0020,2025-07-01,2453,9.9933,24513.56,-313.44,EUR,MOCK_FEED
POS00500820250701,PORT005,INS0021,2025-07-01,3567,50.4795,180060.38,6934.68,INR,MOCK_FEED
POS00500920250701,PORT005,INS0022,2025-07-01,3527,44.9289,158464.23,1344.25,INR,MOCK_FEED
POS00501020250701,PORT005,INS0023,2025-07-01,2245,50.7419,113915.57,-256.32,USD,MOCK_FEED
POS00500120250702,PORT005,INS0014,2025-07-02,3141,13.6828,42977.67,344.17,INR,MOCK_FEED
POS00500220250702,PORT005,INS0015,2025-07-02,3137,27.2192,85386.63,-987.19,EUR,MOCK_FEED
POS00500320250702,PORT005,INS0016,2025-07-02,4589,45.2547,207673.82,-3021.86,GBP,MOCK_FEED
POS00500420250702,PORT005,INS0017,2025-07-02,116,117.417,13620.37,-336.42,INR,MOCK_FEED
POS00500520250702,PORT005,INS0018,2025-07-02,1554,43.8168,68091.31,1774.07,EUR,MOCK_FEED
POS00500620250702,PORT005,INS0019,2025-07-02,2777,17.914,49747.18,-1341.47,GBP,MOCK_FEED
POS00500720250702,PORT005,INS0020,2025-07-02,2540,10.0477,25521.16,-710.83,INR,MOCK_FEED
POS00500820250702,PORT005,INS0021,2025-07-02,3741,49.7103,185966.23,2194.33,EUR,MOCK_FEED
POS00500920250702,PORT005,INS0022,2025-07-02,4612,43.88,202374.56,-2022.55,INR,MOCK_FEED
POS00501020250702,PORT005,INS0023,2025-07-02,4422,51.1045,225984.1,3993.89,GBP,MOCK_FEED
POS00500120250703,PORT005,INS0014,2025-07-03,1141,13.5018,15405.55,385.19,INR,MOCK_FEED
POS00500220250703,PORT005,INS0015,2025-07-03,3944,26.7687,105575.75,750.9,EUR,MOCK_FEED
POS00500320250703,PORT005,INS0016,2025-07-03,4708,45.0552,212119.88,5384.53,EUR,MOCK_FEED
POS00500420250703,PORT005,INS0017,2025-07-03,4782,120.5841,576633.17,13782.85,GBP,MOCK_FEED
POS00500520250703,PORT005,INS0018,2025-07-03,362,43.1948,15636.52,-270.81,USD,MOCK_FEED
POS00500620250703,PORT005,INS0019,2025-07-03,938,17.9106,16800.14,194.43,EUR,MOCK_FEED
POS00500720250703,PORT005,INS0020,2025-07-03,2567,9.9796,25617.63,-624.53,GBP,MOCK_FEED
POS00500820250703,PORT005,INS0021,2025-07-03,2057,48.7203,100217.66,1749.71,INR,MOCK_FEED
POS00500920250703,PORT005,INS0022,2025-07-03,3578,43.5437,155799.36,-2982.39,INR,MOCK_FEED
POS00501020250703,PORT005,INS0023,2025-07-03,3922,50.879,199547.44,5757.03,INR,MOCK_FEED
POS00500120250704,PORT005,INS0014,2025-07-04,1354,13.4373,18194.1,-269.4,GBP,MOCK_FEED
POS00500220250704,PORT005,INS0015,2025-07-04,3847,26.6556,102544.09,3451.2,INR,MOCK_FEED
POS00500320250704,PORT005,INS0016,2025-07-04,4606,44.5524,205208.35,8032.96,GBP,MOCK_FEED
POS00500420250704,PORT005,INS0017,2025-07-04,1943,119.4154,232024.12,-5004.05,USD,MOCK_FEED
POS00500520250704,PORT005,INS0018,2025-07-04,3727,43.1136,160684.39,4190.83,INR,MOCK_FEED
POS00500620250704,PORT005,INS0019,2025-07-04,1992,17.9622,35780.7,-631.87,INR,MOCK_FEED
POS00500720250704,PORT005,INS0020,2025-07-04,4106,10.0426,41234.92,-37.36,EUR,MOCK_FEED
POS00500820250704,PORT005,INS0021,2025-07-04,4718,48.4488,228581.44,6679.92,GBP,MOCK_FEED
POS00500920250704,PORT005,INS0022,2025-07-04,2687,43.9755,118162.17,-663.05,GBP,MOCK_FEED
POS00501020250704,PORT005,INS0023,2025-07-04,643,51.2956,32983.07,-656.03,GBP,MOCK_FEED
POS00500120250705,PORT005,INS0014,2025-07-05,292,13.5882,3967.75,124.39,GBP,MOCK_FEED
POS00500220250705,PORT005,INS0015,2025-07-05,2249,26.792,60255.21,968.71,USD,MOCK_FEED
POS00500320250705,PORT005,INS0016,2025-07-05,2078,45.1257,93771.2,3167.47,USD,MOCK_FEED
POS00500420250705,PORT005,INS0017,2025-07-05,4685,119.5284,559990.55,-12485.97,GBP,MOCK_FEED
POS00500520250705,PORT005,INS0018,2025-07-05,3498,43.2921,151435.77,4429.95,INR,MOCK_FEED
POS00500620250705,PORT005,INS0019,2025-07-05,992,17.9804,17836.56,588.01,INR,MOCK_FEED
POS00500720250705,PORT005,INS0020,2025-07-05,2210,10.2185,22582.89,545.05,GBP,MOCK_FEED
POS00500820250705,PORT005,INS0021,2025-07-05,4594,48.6437,223469.16,-470.8,GBP,MOCK_FEED
POS00500920250705,PORT005,INS0022,2025-07-05,637,43.8139,27909.45,-163.78,GBP,MOCK_FEED
POS00501020250705,PORT005,INS0023,2025-07-05,3747,51.2352,191978.29,-3774.69,USD,MOCK_FEED
POS00500120250706,PORT005,INS0014,2025-07-06,2289,13.5097,30923.7,1085.19,USD,MOCK_FEED
POS00500220250706,PORT005,INS0015,2025-07-06,626,26.7268,16730.98,309.97,EUR,MOCK_FEED
POS00500320250706,PORT005,INS0016,2025-07-06,4147,44.8662,186060.13,-5427.08,GBP,MOCK_FEED
POS00500420250706,PORT005,INS0017,2025-07-06,3463,120.8779,418600.17,12529.62,EUR,MOCK_FEED
POS00500520250706,PORT005,INS0018,2025-07-06,3620,42.8837,155238.99,-1522.06,EUR,MOCK_FEED
POS00500620250706,PORT005,INS0019,2025-07-06,1659,17.9153,29721.48,-702.21,USD,MOCK_FEED
POS00500720250706,PORT005,INS0020,2025-07-06,3483,10.0353,34952.95,742.56,EUR,MOCK_FEED
POS00500820250706,PORT005,INS0021,2025-07-06,2282,48.5069,110692.75,2741.49,EUR,MOCK_FEED
POS00500920250706,PORT005,INS0022,2025-07-06,2063,44.0959,90969.84,-2201.79,GBP,MOCK_FEED
POS00501020250706,PORT005,INS0023,2025-07-06,4380,50.6509,221850.94,4056.83,GBP,MOCK_FEED
POS00500120250707,PORT005,INS0014,2025-07-07,3466,13.5997,47136.56,-792.22,USD,MOCK_FEED
POS00500220250707,PORT005,INS0015,2025-07-07,187,26.6179,4977.55,115.02,USD,MOCK_FEED
POS00500320250707,PORT005,INS0016,2025-07-07,4073,44.34,180596.82,1247.51,EUR,MOCK_FEED
POS00500420250707,PORT005,INS0017,2025-07-07,3533,124.0707,438341.78,16804.84,USD,MOCK_FEED
POS00500520250707,PORT005,INS0018,2025-07-07,853,42.6674,36395.29,-534.98,USD,MOCK_FEED
POS00500620250707,PORT005,INS0019,2025-07-07,4488,18.0078,80819.01,918.88,EUR,MOCK_FEED
POS00500720250707,PORT005,INS0020,2025-07-07,3342,9.8927,33061.4,-338.92,USD,MOCK_FEED
POS00500820250707,PORT005,INS0021,2025-07-07,4148,49.0139,203309.66,7642.14,EUR,MOCK_FEED
POS00500920250707,PORT005,INS0022,2025-07-07,1677,44.6518,74881.07,-1790.66,EUR,MOCK_FEED
POS00501020250707,PORT005,INS0023,2025-07-07,1923,51.3108,98670.67,-1822.28,GBP,MOCK_FEED
POS00500120250708,PORT005,INS0014,2025-07-08,384,13.5163,5190.26,149.64,INR,MOCK_FEED
POS00500220250708,PORT005,INS0015,2025-07-08,2520,26.2719,66205.19,-58.95,EUR,MOCK_FEED
POS00500320250708,PORT005,INS0016,2025-07-08,1600,44.279,70846.4,1290.44,USD,MOCK_FEED
POS00500420250708,PORT005,INS0017,2025-07-08,4344,124.1857,539462.68,14121.54,GBP,MOCK_FEED
POS00500520250708,PORT005,INS0018,2025-07-08,1950,43.1188,84081.66,-1245.8,INR,MOCK_FEED
POS00500620250708,PORT005,INS0019,2025-07-08,761,18.2342,13876.23,65.92,GBP,MOCK_FEED
POS00500720250708,PORT005,INS0020,2025-07-08,123,9.9418,1222.84,45.8,INR,MOCK_FEED
POS00500820250708,PORT005,INS0021,2025-07-08,3835,49.8706,191253.75,5026.14,GBP,MOCK_FEED
POS00500920250708,PORT005,INS0022,2025-07-08,3821,44.9588,171787.57,3381.94,EUR,MOCK_FEED
POS00501020250708,PORT005,INS0023,2025-07-08,1555,51.5951,80230.38,-2229.84,INR,MOCK_FEED
POS00500120250709,PORT005,INS0014,2025-07-09,3940,13.5677,53456.74,-1547.74,EUR,MOCK_FEED
POS00500220250709,PORT005,INS0015,2025-07-09,640,25.6521,16417.34,177.52,EUR,MOCK_FEED
POS00500320250709,PORT005,INS0016,2025-07-09,944,44.2471,41769.26,324.88,GBP,MOCK_FEED
POS00500420250709,PORT005,INS0017,2025-07-09,3620,127.423,461271.26,-9730.79,GBP,MOCK_FEED
POS00500520250709,PORT005,INS0018,2025-07-09,2716,43.7031,118697.62,2020.83,USD,MOCK_FEED
POS00500620250709,PORT005,INS0019,2025-07-09,1799,18.2267,32789.83,-227.14,EUR,MOCK_FEED
POS00500720250709,PORT005,INS0020,2025-07-09,365,10.0782,3678.54,61.26,INR,MOCK_FEED
POS00500820250709,PORT005,INS0021,2025-07-09,542,50.0584,27131.65,754.33,EUR,MOCK_FEED
POS00500920250709,PORT005,INS0022,2025-07-09,770,43.9845,33868.06,-22.56,USD,MOCK_FEED
POS00501020250709,PORT005,INS0023,2025-07-09,2991,51.5758,154263.22,1737.84,USD,MOCK_FEED
POS00500120250710,PORT005,INS0014,2025-07-10,2531,13.6382,34518.28,-681.95,INR,MOCK_FEED
POS00500220250710,PORT005,INS0015,2025-07-10,432,25.9106,11193.38,-309.33,GBP,MOCK_FEED
POS00500320250710,PORT005,INS0016,2025-07-10,3918,44.0077,172422.17,-2483.69,INR,MOCK_FEED
POS00500420250710,PORT005,INS0017,2025-07-10,813,127.4675,103631.08,816.04,GBP,MOCK_FEED
POS00500520250710,PORT005,INS0018,2025-07-10,711,43.626,31018.09,733.92,GBP,MOCK_FEED
POS00500620250710,PORT005,INS0019,2025-07-10,1007,18.3937,18522.46,-33.1,EUR,MOCK_FEED
POS00500720250710,PORT005,INS0020,2025-07-10,3865,10.0571,38870.69,766.55,EUR,MOCK_FEED
POS00500820250710,PORT005,INS0021,2025-07-10,2284,49.8847,113936.65,-1656.57,INR,MOCK_FEED
POS00500920250710,PORT005,INS0022,2025-07-10,891,43.7361,38968.87,-619.66,USD,MOCK_FEED
POS00501020250710,PORT005,INS0023,2025-07-10,1241,51.7235,64188.86,1095.72,INR,MOCK_FEED
POS00500120250711,PORT005,INS0014,2025-07-11,1304,13.2397,17264.57,-506.09,EUR,MOCK_FEED
POS00500220250711,PORT005,INS0015,2025-07-11,4949,25.8856,128107.83,1772.52,EUR,MOCK_FEED
POS00500320250711,PORT005,INS0016,2025-07-11,3550,44.2628,157132.94,-2900.42,GBP,MOCK_FEED
POS00500420250711,PORT005,INS0017,2025-07-11,1330,127.1634,169127.32,2989.25,USD,MOCK_FEED
POS00500520250711,PORT005,INS0018,2025-07-11,1693,43.1667,73081.22,-1306.46,USD,MOCK_FEED
POS00500620250711,PORT005,INS0019,2025-07-11,810,18.0824,14646.74,515.81,EUR,MOCK_FEED
POS00500720250711,PORT005,INS0020,2025-07-11,1787,9.968,17812.82,694.23,INR,MOCK_FEED
POS00500820250711,PORT005,INS0021,2025-07-11,2907,50.0908,145613.96,653.67,EUR,MOCK_FEED
POS00500920250711,PORT005,INS0022,2025-07-11,663,43.9202,29119.09,30.91,EUR,MOCK_FEED
POS00501020250711,PORT005,INS0023,2025-07-11,308,51.3507,15816.02,-390.92,GBP,MOCK_FEED
POS00500120250712,PORT005,INS0014,2025-07-12,4896,13.167,64465.63,1650.45,INR,MOCK_FEED
POS00500220250712,PORT005,INS0015,2025-07-12,2564,26.2075,67196.03,529.38,USD,MOCK_FEED
POS00500320250712,PORT005,INS0016,2025-07-12,1800,44.764,80575.2,-1813.64,INR,MOCK_FEED
POS00500420250712,PORT005,INS0017,2025-07-12,1937,126.3839,244805.61,1135.37,USD,MOCK_FEED
POS00500520250712,PORT005,INS0018,2025-07-12,349,43.7214,15258.77,-450.62,GBP,MOCK_FEED
POS00500620250712,PORT005,INS0019,2025-07-12,3723,17.9489,66823.75,-928.21,INR,MOCK_FEED
POS00500720250712,PORT005,INS0020,2025-07-12,253,10.0344,2538.7,21.02,INR,MOCK_FEED
POS00500820250712,PORT005,INS0021,2025-07-12,4330,49.0004,212171.73,2504.13,USD,MOCK_FEED
POS00500920250712,PORT005,INS0022,2025-07-12,3752,44.6786,167634.11,1726.71,USD,MOCK_FEED
POS00501020250712,PORT005,INS0023,2025-07-12,502,51.3343,25769.82,955.75,INR,MOCK_FEED
POS00500120250713,PORT005,INS0014,2025-07-13,2606,13.1702,34321.54,-782.85,EUR,MOCK_FEED
POS00500220250713,PORT005,INS0015,2025-07-13,4728,25.8124,122041.03,4330.78,EUR,MOCK_FEED
POS00500320250713,PORT005,INS0016,2025-07-13,2676,43.5523,116545.95,-3266.13,USD,MOCK_FEED
POS00500420250713,PORT005,INS0017,2025-07-13,4172,124.0954,517726.01,15520.78,EUR,MOCK_FEED
POS00500520250713,PORT005,INS0018,2025-07-13,318,43.6487,13880.29,16.87,INR,MOCK_FEED
POS00500620250713,PORT005,INS0019,2025-07-13,1065,17.972,19140.18,-536.01,EUR,MOCK_FEED
POS00500720250713,PORT005,INS0020,2025-07-13,3473,10.0833,35019.3,89.59,GBP,MOCK_FEED
POS00500820250713,PORT005,INS0021,2025-07-13,772,48.5114,37450.8,-898.15,USD,MOCK_FEED
POS00500920250713,PORT005,INS0022,2025-07-13,461,44.928,20711.81,-13.12,INR,MOCK_FEED
POS00501020250713,PORT005,INS0023,2025-07-13,3901,51.8202,202150.6,-1472.66,USD,MOCK_FEED
POS00500120250714,PORT005,INS0014,2025-07-14,1570,12.979,20377.03,-379.51,INR,MOCK_FEED
POS00500220250714,PORT005,INS0015,2025-07-14,3920,25.8632,101383.74,710.06,USD,MOCK_FEED
POS00500320250714,PORT005,INS0016,2025-07-14,2176,43.9173,95564.04,-141.37,USD,MOCK_FEED
POS00500420250714,PORT005,INS0017,2025-07-14,3439,123.7372,425532.23,-1862.0,INR,MOCK_FEED
POS00500520250714,PORT005,INS0018,2025-07-14,2328,43.9672,102355.64,-1122.74,USD,MOCK_FEED
POS00500620250714,PORT005,INS0019,2025-07-14,3942,18.1063,71375.03,-1814.82,INR,MOCK_FEED
POS00500720250714,PORT005,INS0020,2025-07-14,2107,10.1439,21373.2,416.04,USD,MOCK_FEED
POS00500820250714,PORT005,INS0021,2025-07-14,3244,48.8011,158310.77,2075.07,GBP,MOCK_FEED
POS00500920250714,PORT005,INS0022,2025-07-14,4891,44.6253,218262.34,2286.78,INR,MOCK_FEED
POS00501020250714,PORT005,INS0023,2025-07-14,4423,51.5417,227968.94,-397.1,GBP,MOCK_FEED
POS00500120250715,PORT005,INS0014,2025-07-15,4215,12.8597,54203.64,-980.47,USD,MOCK_FEED
POS00500220250715,PORT005,INS0015,2025-07-15,1047,25.6279,26832.41,-459.82,INR,MOCK_FEED
POS00500320250715,PORT005,INS0016,2025-07-15,4211,44.3524,186767.96,1282.47,EUR,MOCK_FEED
POS00500420250715,PORT005,INS0017,2025-07-15,4338,122.7735,532591.44,6029.33,GBP,MOCK_FEED
POS00500520250715,PORT005,INS0018,2025-07-15,1829,43.2389,79083.95,1054.58,GBP,MOCK_FEED
POS00500620250715,PORT005,INS0019,2025-07-15,366,18.4979,6770.23,-63.59,USD,MOCK_FEED
POS00500720250715,PORT005,INS0020,2025-07-15,2737,10.136,27742.23,-697.69,INR,MOCK_FEED
POS00500820250715,PORT005,INS0021,2025-07-15,2441,49.7788,121510.05,2393.6,INR,MOCK_FEED
POS00500920250715,PORT005,INS0022,2025-07-15,2717,45.5138,123660.99,438.41,GBP,MOCK_FEED
POS00501020250715,PORT005,INS0023,2025-07-15,4847,52.7824,255836.29,-5873.51,INR,MOCK_FEED
POS00500120250716,PORT005,INS0014,2025-07-16,3432,12.8629,44145.47,-289.14,INR,MOCK_FEED
POS00500220250716,PORT005,INS0015,2025-07-16,3808,25.7677,98123.4,2048.92,EUR,MOCK_FEED
POS00500320250716,PORT005,INS0016,2025-07-16,1749,44.5775,77966.05,1507.25,INR,MOCK_FEED
POS00500420250716,PORT005,INS0017,2025-07-16,855,123.6642,105732.89,-1169.98,USD,MOCK_FEED
POS00500520250716,PORT005,INS0018,2025-07-16,1271,43.0606,54730.02,471.06,USD,MOCK_FEED
POS00500620250716,PORT005,INS0019,2025-07-16,3178,18.8584,59932.0,1639.99,USD,MOCK_FEED
POS00500720250716,PORT005,INS0020,2025-07-16,676,10.1929,6890.4,-19.24,EUR,MOCK_FEED
POS00500820250716,PORT005,INS0021,2025-07-16,4202,49.476,207898.15,479.39,USD,MOCK_FEED
POS00500920250716,PORT005,INS0022,2025-07-16,4011,45.2822,181626.9,909.42,GBP,MOCK_FEED
POS00501020250716,PORT005,INS0023,2025-07-16,3469,52.9519,183690.14,4386.19,EUR,MOCK_FEED
POS00500120250717,PORT005,INS0014,2025-07-17,268,12.7893,3427.53,-3.67,EUR,MOCK_FEED
POS00500220250717,PORT005,INS0015,2025-07-17,3228,25.7826,83226.23,-132.08,GBP,MOCK_FEED
POS00500320250717,PORT005,INS0016,2025-07-17,4609,44.0298,202933.35,-2610.16,GBP,MOCK_FEED
POS00500420250717,PORT005,INS0017,2025-07-17,139,125.4982,17444.25,492.94,GBP,MOCK_FEED
POS00500520250717,PORT005,INS0018,2025-07-17,3445,43.1966,148812.29,2357.69,EUR,MOCK_FEED
POS00500620250717,PORT005,INS0019,2025-07-17,4880,18.4583,90076.5,2938.94,INR,MOCK_FEED
POS00500720250717,PORT005,INS0020,2025-07-17,1925,10.188,19611.9,445.21,GBP,MOCK_FEED
POS00500820250717,PORT005,INS0021,2025-07-17,3382,48.6891,164666.54,4666.82,INR,MOCK_FEED
POS00500920250717,PORT005,INS0022,2025-07-17,4278,44.933,192223.37,-5101.65,USD,MOCK_FEED
POS00501020250717,PORT005,INS0023,2025-07-17,428,53.349,22833.37,141.81,USD,MOCK_FEED
POS00500120250718,PORT005,INS0014,2025-07-18,2815,12.8205,36089.71,-365.86,USD,MOCK_FEED
POS00500220250718,PORT005,INS0015,2025-07-18,2073,25.7045,53285.43,-1312.88,INR,MOCK_FEED
POS00500320250718,PORT005,INS0016,2025-07-18,3283,44.3046,145452.0,5623.49,GBP,MOCK_FEED
POS00500420250718,PORT005,INS0017,2025-07-18,1285,124.9189,160520.79,-2353.66,USD,MOCK_FEED
POS00500520250718,PORT005,INS0018,2025-07-18,772,43.2016,33351.64,242.54,GBP,MOCK_FEED
POS00500620250718,PORT005,INS0019,2025-07-18,3115,18.2181,56749.38,1693.86,EUR,MOCK_FEED
POS00500720250718,PORT005,INS0020,2025-07-18,2028,10.1882,20661.67,-315.98,INR,MOCK_FEED
POS00500820250718,PORT005,INS0021,2025-07-18,2163,47.8442,103487.0,-304.82,USD,MOCK_FEED
POS00500920250718,PORT005,INS0022,2025-07-18,3328,45.7037,152101.91,5760.87,GBP,MOCK_FEED
POS00501020250718,PORT005,INS0023,2025-07-18,3044,53.3242,162318.86,4268.33,INR,MOCK_FEED
POS00500120250719,PORT005,INS0014,2025-07-19,4212,12.7462,53686.99,327.99,GBP,MOCK_FEED
POS00500220250719,PORT005,INS0015,2025-07-19,2343,25.4939,59732.21,1615.67,INR,MOCK_FEED
POS00500320250719,PORT005,INS0016,2025-07-19,3076,44.5739,137109.32,-1990.28,INR,MOCK_FEED
POS00500420250719,PORT005,INS0017,2025-07-19,1749,124.7709,218224.3,1674.94,USD,MOCK_FEED
POS00500520250719,PORT005,INS0018,2025-07-19,1833,43.3956,79544.13,271.75,USD,MOCK_FEED
POS00500620250719,PORT005,INS0019,2025-07-19,4813,18.1891,87544.14,-1580.51,GBP,MOCK_FEED
POS00500720250719,PORT005,INS0020,2025-07-19,3080,10.2748,31646.38,610.07,GBP,MOCK_FEED
POS00500820250719,PORT005,INS0021,2025-07-19,4458,48.4767,216109.13,1078.7,USD,MOCK_FEED
POS00500920250719,PORT005,INS0022,2025-07-19,3122,44.4292,138707.96,-528.59,GBP,MOCK_FEED
POS00501020250719,PORT005,INS0023,2025-07-19,4845,53.7779,260553.93,-1683.09,INR,MOCK_FEED
POS00500120250720,PORT005,INS0014,2025-07-20,4316,12.5932,54352.25,1508.55,EUR,MOCK_FEED
POS00500220250720,PORT005,INS0015,2025-07-20,2454,25.4251,62393.2,-1775.55,INR,MOCK_FEED
POS00500320250720,PORT005,INS0016,2025-07-20,1558,44.1924,68851.76,798.49,GBP,MOCK_FEED
POS00500420250720,PORT005,INS0017,2025-07-20,1696,122.6747,208056.29,89.71,USD,MOCK_FEED
POS00500520250720,PORT005,INS0018,2025-07-20,1417,43.2203,61243.17,-1437.62,INR,MOCK_FEED
POS00500620250720,PORT005,INS0019,2025-07-20,4644,17.8066,82693.85,3059.4,USD,MOCK_FEED
POS00500720250720,PORT005,INS0020,2025-07-20,959,10.4251,9997.67,388.01,EUR,MOCK_FEED
POS00500820250720,PORT005,INS0021,2025-07-20,3334,48.4135,161410.61,5560.46,GBP,MOCK_FEED
POS00500920250720,PORT005,INS0022,2025-07-20,4221,44.2413,186742.53,341.38,INR,MOCK_FEED
POS00501020250720,PORT005,INS0023,2025-07-20,1366,53.3859,72925.14,-249.79,EUR,MOCK_FEED
POS00500120250721,PORT005,INS0014,2025-07-21,1511,12.6595,19128.5,502.71,EUR,MOCK_FEED
POS00500220250721,PORT005,INS0015,2025-07-21,2017,25.312,51054.3,2038.8,EUR,MOCK_FEED
POS00500320250721,PORT005,INS0016,2025-07-21,3637,43.7622,159163.12,3211.8,INR,MOCK_FEED
POS00500420250721,PORT005,INS0017,2025-07-21,643,124.2199,79873.4,-991.65,INR,MOCK_FEED
POS00500520250721,PORT005,INS0018,2025-07-21,2593,42.4949,110189.28,-1118.01,EUR,MOCK_FEED
POS00500620250721,PORT005,INS0019,2025-07-21,2110,18.028,38039.08,-329.95,GBP,MOCK_FEED
POS00500720250721,PORT005,INS0020,2025-07-21,211,10.5384,2223.6,-34.26,GBP,MOCK_FEED
POS00500820250721,PORT005,INS0021,2025-07-21,2343,48.391,113380.11,-2482.79,GBP,MOCK_FEED
POS00500920250721,PORT005,INS0022,2025-07-21,3268,44.9492,146893.99,-3865.74,USD,MOCK_FEED
POS00501020250721,PORT005,INS0023,2025-07-21,4822,52.2992,252186.74,3058.23,GBP,MOCK_FEED
POS00500120250722,PORT005,INS0014,2025-07-22,2165,12.6806,27453.5,812.57,GBP,MOCK_FEED
POS00500220250722,PORT005,INS0015,2025-07-22,390,25.6607,10007.67,61.19,GBP,MOCK_FEED
POS00500320250722,PORT005,INS0016,2025-07-22,1746,44.5397,77766.32,3019.95,GBP,MOCK_FEED
POS00500420250722,PORT005,INS0017,2025-07-22,1764,124.4886,219597.89,1600.89,EUR,MOCK_FEED
POS00500520250722,PORT005,INS0018,2025-07-22,1697,42.7096,72478.19,2321.31,USD,MOCK_FEED
POS00500620250722,PORT005,INS0019,2025-07-22,3049,17.8768,54506.36,2016.69,USD,MOCK_FEED
POS00500720250722,PORT005,INS0020,2025-07-22,2980,10.5277,31372.55,600.45,INR,MOCK_FEED
POS00500820250722,PORT005,INS0021,2025-07-22,780,49.5345,38636.91,1371.7,INR,MOCK_FEED
POS00500920250722,PORT005,INS0022,2025-07-22,3505,43.9993,154217.55,1360.78,EUR,MOCK_FEED
POS00501020250722,PORT005,INS0023,2025-07-22,1066,53.2471,56761.41,590.51,EUR,MOCK_FEED
POS00500120250723,PORT005,INS0014,2025-07-23,1249,12.6748,15830.83,128.28,EUR,MOCK_FEED
POS00500220250723,PORT005,INS0015,2025-07-23,3665,25.5096,93492.68,1194.19,EUR,MOCK_FEED
POS00500320250723,PORT005,INS0016,2025-07-23,4486,44.0324,197529.35,7606.62,INR,MOCK_FEED
POS00500420250723,PORT005,INS0017,2025-07-23,777,124.7657,96942.95,3547.52,EUR,MOCK_FEED
POS00500520250723,PORT005,INS0018,2025-07-23,3694,43.0033,158854.19,-2029.94,INR,MOCK_FEED
POS00500620250723,PORT005,INS0019,2025-07-23,1148,17.7054,20325.8,-121.16,INR,MOCK_FEED
POS00500720250723,PORT005,INS0020,2025-07-23,4064,10.4205,42348.91,-973.15,USD,MOCK_FEED
POS00500820250723,PORT005,INS0021,2025-07-23,4482,49.7491,222975.47,7710.09,USD,MOCK_FEED
POS00500920250723,PORT005,INS0022,2025-07-23,4311,44.0934,190086.65,3168.43,GBP,MOCK_FEED
POS00501020250723,PORT005,INS0023,2025-07-23,3562,54.9311,195664.58,5834.09,INR,MOCK_FEED
POS00500120250724,PORT005,INS0014,2025-07-24,2653,12.5707,33350.07,30.42,INR,MOCK_FEED
POS00500220250724,PORT005,INS0015,2025-07-24,3336,25.5605,85269.83,2693.34,USD,MOCK_FEED
POS00500320250724,PORT005,INS0016,2025-07-24,2563,44.5451,114169.09,-1123.95,EUR,MOCK_FEED
POS00500420250724,PORT005,INS0017,2025-07-24,4973,123.8784,616047.28,20468.38,INR,MOCK_FEED
POS00500520250724,PORT005,INS0018,2025-07-24,1484,42.8508,63590.59,-1289.02,USD,MOCK_FEED
POS00500620250724,PORT005,INS0019,2025-07-24,828,17.6153,14585.47,-85.15,INR,MOCK_FEED
POS00500720250724,PORT005,INS0020,2025-07-24,2287,10.453,23906.01,102.14,USD,MOCK_FEED
POS00500820250724,PORT005,INS0021,2025-07-24,2039,50.4118,102789.66,1555.62,EUR,MOCK_FEED
POS00500920250724,PORT005,INS0022,2025-07-24,1656,44.2299,73244.71,2279.86,EUR,MOCK_FEED
POS00501020250724,PORT005,INS0023,2025-07-24,1162,55.1016,64028.06,1376.52,INR,MOCK_FEED
POS00500120250725,PORT005,INS0014,2025-07-25,2669,12.3225,32888.75,-654.1,INR,MOCK_FEED
POS00500220250725,PORT005,INS0015,2025-07-25,3099,26.2087,81220.76,-533.93,GBP,MOCK_FEED
POS00500320250725,PORT005,INS0016,2025-07-25,4258,44.8717,191063.7,-5323.16,USD,MOCK_FEED
POS00500420250725,PORT005,INS0017,2025-07-25,162,123.3965,19990.23,-90.56,GBP,MOCK_FEED
POS00500520250725,PORT005,INS0018,2025-07-25,1884,43.4419,81844.54,-1819.88,EUR,MOCK_FEED
POS00500620250725,PORT005,INS0019,2025-07-25,2909,17.6369,51305.74,802.02,USD,MOCK_FEED
POS00500720250725,PORT005,INS0020,2025-07-25,1637,10.5076,17200.94,441.19,GBP,MOCK_FEED
POS00500820250725,PORT005,INS0021,2025-07-25,4923,48.6743,239623.58,-76.54,USD,MOCK_FEED
POS00500920250725,PORT005,INS0022,2025-07-25,1813,43.6594,79154.49,-1301.86,GBP,MOCK_FEED
POS00501020250725,PORT005,INS0023,2025-07-25,3017,55.4907,167415.44,2922.94,INR,MOCK_FEED
POS00500120250726,PORT005,INS0014,2025-07-26,4731,12.4374,58841.34,673.48,GBP,MOCK_FEED
POS00500220250726,PORT005,INS0015,2025-07-26,2245,26.4749,59436.15,1010.95,USD,MOCK_FEED
POS00500320250726,PORT005,INS0016,2025-07-26,3739,44.2806,165565.16,6420.48,USD,MOCK_FEED
POS00500420250726,PORT005,INS0017,2025-07-26,771,122.2956,94289.91,1962.77,GBP,MOCK_FEED
POS00500520250726,PORT005,INS0018,2025-07-26,4373,43.7049,191121.53,5426.91,EUR,MOCK_FEED
POS00500620250726,PORT005,INS0019,2025-07-26,1932,17.6341,34069.08,-787.66,GBP,MOCK_FEED
POS00500720250726,PORT005,INS0020,2025-07-26,3601,10.5954,38154.04,-850.22,EUR,MOCK_FEED
POS00500820250726,PORT005,INS0021,2025-07-26,975,48.4818,47269.75,62.07,USD,MOCK_FEED
POS00500920250726,PORT005,INS0022,2025-07-26,3569,43.3937,154872.12,3260.36,USD,MOCK_FEED
POS00501020250726,PORT005,INS0023,2025-07-26,1438,55.6428,80014.35,-438.93,GBP,MOCK_FEED
POS00500120250727,PORT005,INS0014,2025-07-27,3472,12.2587,42562.21,810.99,GBP,MOCK_FEED
POS00500220250727,PORT005,INS0015,2025-07-27,582,26.0855,15181.76,-303.91,USD,MOCK_FEED
POS00500320250727,PORT005,INS0016,2025-07-27,387,44.6263,17270.38,527.63,INR,MOCK_FEED
POS00500420250727,PORT005,INS0017,2025-07-27,131,122.8017,16087.02,-147.86,USD,MOCK_FEED
POS00500520250727,PORT005,INS0018,2025-07-27,3413,44.1549,150700.67,-2951.82,EUR,MOCK_FEED
POS00500620250727,PORT005,INS0019,2025-07-27,3052,17.6033,53725.27,-797.97,GBP,MOCK_FEED
POS00500720250727,PORT005,INS0020,2025-07-27,470,10.906,5125.82,83.94,EUR,MOCK_FEED
POS00500820250727,PORT005,INS0021,2025-07-27,1923,48.7618,93768.94,-660.34,USD,MOCK_FEED
POS00500920250727,PORT005,INS0022,2025-07-27,353,42.6279,15047.65,-254.29,EUR,MOCK_FEED
POS00501020250727,PORT005,INS0023,2025-07-27,1805,56.5181,102015.17,-1647.63,EUR,MOCK_FEED
POS00500120250728,PORT005,INS0014,2025-07-28,3478,12.1863,42383.95,261.72,GBP,MOCK_FEED
POS00500220250728,PORT005,INS0015,2025-07-28,3809,26.0357,99169.98,-565.75,INR,MOCK_FEED
POS00500320250728,PORT005,INS0016,2025-07-28,3515,44.9979,158167.62,-1132.79,GBP,MOCK_FEED
POS00500420250728,PORT005,INS0017,2025-07-28,702,124.1661,87164.6,-149.31,USD,MOCK_FEED
POS00500520250728,PORT005,INS0018,2025-07-28,534,44.4709,23747.46,607.39,INR,MOCK_FEED
POS00500620250728,PORT005,INS0019,2025-07-28,2416,17.5635,42433.42,-1085.74,GBP,MOCK_FEED
POS00500720250728,PORT005,INS0020,2025-07-28,2564,10.8534,27828.12,-769.07,INR,MOCK_FEED
POS00500820250728,PORT005,INS0021,2025-07-28,3401,50.0606,170256.1,247.94,INR,MOCK_FEED
POS00500920250728,PORT005,INS0022,2025-07-28,4879,42.4637,207180.39,4721.95,GBP,MOCK_FEED
POS00501020250728,PORT005,INS0023,2025-07-28,2874,56.3232,161872.88,828.18,USD,MOCK_FEED
POS00500120250729,PORT005,INS0014,2025-07-29,1835,12.3404,22644.63,396.94,INR,MOCK_FEED
POS00500220250729,PORT005,INS0015,2025-07-29,3073,25.952,79750.5,2236.64,EUR,MOCK_FEED
POS00500320250729,PORT005,INS0016,2025-07-29,4412,45.4131,200362.6,5265.8,EUR,MOCK_FEED
POS00500420250729,PORT005,INS0017,2025-07-29,2413,123.0189,296844.61,-5465.43,GBP,MOCK_FEED
POS00500520250729,PORT005,INS0018,2025-07-29,2643,44.2928,117065.87,1682.7,GBP,MOCK_FEED
POS00500620250729,PORT005,INS0019,2025-07-29,2030,17.5828,35693.08,634.19,GBP,MOCK_FEED
POS00500720250729,PORT005,INS0020,2025-07-29,706,10.9827,7753.79,19.88,GBP,MOCK_FEED
POS00500820250729,PORT005,INS0021,2025-07-29,403,49.7564,20051.83,-101.16,GBP,MOCK_FEED
POS00500920250729,PORT005,INS0022,2025-07-29,559,42.5445,23782.38,450.69,EUR,MOCK_FEED
POS00501020250729,PORT005,INS0023,2025-07-29,179,55.5175,9937.63,82.97,USD,MOCK_FEED
POS00500120250730,PORT005,INS0014,2025-07-30,1141,12.3822,14128.09,363.92,EUR,MOCK_FEED
POS00500220250730,PORT005,INS0015,2025-07-30,1594,25.6086,40820.11,709.99,INR,MOCK_FEED
POS00500320250730,PORT005,INS0016,2025-07-30,2579,44.525,114829.97,613.23,GBP,MOCK_FEED
POS00500420250730,PORT005,INS0017,2025-07-30,942,122.1701,115084.23,4366.5,USD,MOCK_FEED
POS00500520250730,PORT005,INS0018,2025-07-30,3112,44.3037,137873.11,2818.84,GBP,MOCK_FEED
POS00500620250730,PORT005,INS0019,2025-07-30,3935,18.0761,71129.45,274.09,INR,MOCK_FEED
POS00500720250730,PORT005,INS0020,2025-07-30,685,11.0356,7559.39,-8.01,USD,MOCK_FEED
POS00500820250730,PORT005,INS0021,2025-07-30,4309,49.4649,213144.25,-1142.4,USD,MOCK_FEED
POS00500920250730,PORT005,INS0022,2025-07-30,3912,43.1903,168960.45,-1759.96,GBP,MOCK_FEED
POS00501020250730,PORT005,INS0023,2025-07-30,4655,55.5118,258407.43,-7619.04,GBP,MOCK_FEED
POS00500120250731,PORT005,INS0014,2025-07-31,2344,12.1997,28596.1,-273.31,GBP,MOCK_FEED
POS00500220250731,PORT005,INS0015,2025-07-31,2885,25.1591,72584.0,-2106.45,GBP,MOCK_FEED
POS00500320250731,PORT005,INS0016,2025-07-31,2062,44.802,92381.72,-2622.63,EUR,MOCK_FEED
POS00500420250731,PORT005,INS0017,2025-07-31,4204,121.195,509503.78,-4002.24,USD,MOCK_FEED
POS00500520250731,PORT005,INS0018,2025-07-31,976,44.5567,43487.34,811.08,INR,MOCK_FEED
POS00500620250731,PORT005,INS0019,2025-07-31,636,18.4477,11732.74,426.97,INR,MOCK_FEED
POS00500720250731,PORT005,INS0020,2025-07-31,4129,11.0389,45579.62,1135.82,EUR,MOCK_FEED
POS00500820250731,PORT005,INS0021,2025-07-31,3484,49.4591,172315.5,5924.23,GBP,MOCK_FEED
POS00500920250731,PORT005,INS0022,2025-07-31,4820,43.7927,211080.81,4149.41,GBP,MOCK_FEED
POS00501020250731,PORT005,INS0023,2025-07-31,3009,54.7225,164660.0,2521.88,GBP,MOCK_FEED
POS00500120250801,PORT005,INS0014,2025-08-01,1057,12.2974,12998.35,242.87,GBP,MOCK_FEED
POS00500220250801,PORT005,INS0015,2025-08-01,3294,24.7483,81520.9,-987.34,EUR,MOCK_FEED
POS00500320250801,PORT005,INS0016,2025-08-01,933,45.7341,42669.92,923.92,EUR,MOCK_FEED
POS00500420250801,PORT005,INS0017,2025-08-01,656,122.5549,80396.01,1480.07,EUR,MOCK_FEED
POS00500520250801,PORT005,INS0018,2025-08-01,2980,45.2459,134832.78,-1084.29,GBP,MOCK_FEED
POS00500620250801,PORT005,INS0019,2025-08-01,2299,18.8453,43325.34,-352.38,USD,MOCK_FEED
POS00500720250801,PORT005,INS0020,2025-08-01,619,10.7744,6669.35,-149.19,INR,MOCK_FEED
POS00500820250801,PORT005,INS0021,2025-08-01,1236,49.1888,60797.36,975.15,GBP,MOCK_FEED
POS00500920250801,PORT005,INS0022,2025-08-01,1313,42.6668,56021.51,840.35,GBP,MOCK_FEED
POS00501020250801,PORT005,INS0023,2025-08-01,2407,55.3262,133170.16,1464.9,INR,MOCK_FEED
POS00500120250802,PORT005,INS0014,2025-08-02,2448,12.6161,30884.21,-767.11,INR,MOCK_FEED
POS00500220250802,PORT005,INS0015,2025-08-02,1927,24.5713,47348.9,-672.9,INR,MOCK_FEED
POS00500320250802,PORT005,INS0016,2025-08-02,1680,46.3907,77936.38,1144.78,EUR,MOCK_FEED
POS00500420250802,PORT005,INS0017,2025-08-02,585,123.6969,72362.69,-1985.92,USD,MOCK_FEED
POS00500520250802,PORT005,INS0018,2025-08-02,4951,45.2381,223973.83,3988.78,INR,MOCK_FEED
POS00500620250802,PORT005,INS0019,2025-08-02,2068,18.4698,38195.55,-460.74,GBP,MOCK_FEED
POS00500720250802,PORT005,INS0020,2025-08-02,577,10.5739,6101.14,-41.18,INR,MOCK_FEED
POS00500820250802,PORT005,INS0021,2025-08-02,715,48.6995,34820.14,-674.11,USD,MOCK_FEED
POS00500920250802,PORT005,INS0022,2025-08-02,3527,43.4516,153253.79,-1519.37,USD,MOCK_FEED
POS00501020250802,PORT005,INS0023,2025-08-02,2782,55.2229,153630.11,-2659.0,INR,MOCK_FEED
POS00500120250803,PORT005,INS0014,2025-08-03,896,12.5786,11270.43,273.66,GBP,MOCK_FEED
POS00500220250803,PORT005,INS0015,2025-08-03,1125,24.387,27435.38,484.65,INR,MOCK_FEED
POS00500320250803,PORT005,INS0016,2025-08-03,2672,46.3088,123737.11,-2617.62,USD,MOCK_FEED
POS00500420250803,PORT005,INS0017,2025-08-03,526,125.0725,65788.14,-1102.19,INR,MOCK_FEED
POS00500520250803,PORT005,INS0018,2025-08-03,3335,45.8209,152812.7,4929.32,EUR,MOCK_FEED
POS00500620250803,PORT005,INS0019,2025-08-03,2464,18.6743,46013.48,1818.16,USD,MOCK_FEED
POS00500720250803,PORT005,INS0020,2025-08-03,1732,10.6066,18370.63,-116.08,USD,MOCK_FEED
POS00500820250803,PORT005,INS0021,2025-08-03,980,47.5028,46552.74,518.1,USD,MOCK_FEED
POS00500920250803,PORT005,INS0022,2025-08-03,3830,43.3715,166112.85,-4931.32,GBP,MOCK_FEED
POS00501020250803,PORT005,INS0023,2025-08-03,3664,55.8038,204465.12,6080.18,USD,MOCK_FEED
POS00500120250804,PORT005,INS0014,2025-08-04,2028,12.7091,25774.05,232.28,GBP,MOCK_FEED
POS00500220250804,PORT005,INS0015,2025-08-04,1598,24.7226,39506.71,-740.53,USD,MOCK_FEED
POS00500320250804,PORT005,INS0016,2025-08-04,1523,46.2315,70410.57,-2031.73,GBP,MOCK_FEED
POS00500420250804,PORT005,INS0017,2025-08-04,1599,124.618,199264.18,-1342.6,EUR,MOCK_FEED
POS00500520250804,PORT005,INS0018,2025-08-04,3991,45.5528,181801.22,1460.45,GBP,MOCK_FEED
POS00500620250804,PORT005,INS0019,2025-08-04,3906,19.0185,74286.26,1679.37,EUR,MOCK_FEED
POS00500720250804,PORT005,INS0020,2025-08-04,3883,10.8398,42090.94,1287.09,USD,MOCK_FEED
POS00500820250804,PORT005,INS0021,2025-08-04,3192,47.5953,151924.2,2052.81,EUR,MOCK_FEED
POS00500920250804,PORT005,INS0022,2025-08-04,3501,43.1284,150992.53,3639.07,INR,MOCK_FEED
POS00501020250804,PORT005,INS0023,2025-08-04,4083,55.441,226365.6,-6194.02,INR,MOCK_FEED
POS00500120250805,PORT005,INS0014,2025-08-05,2739,12.479,34179.98,-581.39,INR,MOCK_FEED
POS00500220250805,PORT005,INS0015,2025-08-05,1544,25.2786,39030.16,-985.2,USD,MOCK_FEED
POS00500320250805,PORT005,INS0016,2025-08-05,616,47.1107,29020.19,631.6,EUR,MOCK_FEED
POS00500420250805,PORT005,INS0017,2025-08-05,2741,124.4531,341125.95,8854.89,USD,MOCK_FEED
POS00500520250805,PORT005,INS0018,2025-08-05,3720,45.9101,170785.57,-3113.36,EUR,MOCK_FEED
POS00500620250805,PORT005,INS0019,2025-08-05,3048,19.1845,58474.36,-863.08,INR,MOCK_FEED
POS00500720250805,PORT005,INS0020,2025-08-05,1256,10.7923,13555.13,478.96,INR,MOCK_FEED
POS00500820250805,PORT005,INS0021,2025-08-05,1743,47.6547,83062.14,1474.19,GBP,MOCK_FEED
POS00500920250805,PORT005,INS0022,2025-08-05,164,43.2197,7088.03,-15.88,INR,MOCK_FEED
POS00501020250805,PORT005,INS0023,2025-08-05,2382,56.3627,134255.95,697.11,INR,MOCK_FEED
POS00500120250806,PORT005,INS0014,2025-08-06,149,12.4798,1859.49,5.26,GBP,MOCK_FEED
POS00500220250806,PORT005,INS0015,2025-08-06,785,25.0154,19637.09,563.9,GBP,MOCK_FEED
POS00500320250806,PORT005,INS0016,2025-08-06,596,46.8433,27918.61,291.03,USD,MOCK_FEED
POS00500420250806,PORT005,INS0017,2025-08-06,2752,125.293,344806.34,1276.08,INR,MOCK_FEED
POS00500520250806,PORT005,INS0018,2025-08-06,3353,46.1645,154789.57,-4552.85,EUR,MOCK_FEED
POS00500620250806,PORT005,INS0019,2025-08-06,3621,19.2419,69674.92,-489.93,INR,MOCK_FEED
POS00500720250806,PORT005,INS0020,2025-08-06,4694,10.8147,50764.2,659.58,INR,MOCK_FEED
POS00500820250806,PORT005,INS0021,2025-08-06,451,47.5538,21446.76,-424.7,INR,MOCK_FEED
POS00500920250806,PORT005,INS0022,2025-08-06,2297,43.3296,99528.09,3227.81,GBP,MOCK_FEED
POS00501020250806,PORT005,INS0023,2025-08-06,383,57.6762,22089.98,419.51,EUR,MOCK_FEED
POS00500120250807,PORT005,INS0014,2025-08-07,294,12.4468,3659.36,121.73,USD,MOCK_FEED
POS00500220250807,PORT005,INS0015,2025-08-07,751,24.8869,18690.06,520.64,USD,MOCK_FEED
POS00500320250807,PORT005,INS0016,2025-08-07,1160,47.3523,54928.67,1865.57,EUR,MOCK_FEED
POS00500420250807,PORT005,INS0017,2025-08-07,1471,127.47,187508.37,-2140.33,EUR,MOCK_FEED
POS00500520250807,PORT005,INS0018,2025-08-07,4060,45.7683,185819.3,1087.31,GBP,MOCK_FEED
POS00500620250807,PORT005,INS0019,2025-08-07,281,19.3692,5442.75,-43.74,EUR,MOCK_FEED
POS00500720250807,PORT005,INS0020,2025-08-07,185,10.8783,2012.49,-57.67,GBP,MOCK_FEED
POS00500820250807,PORT005,INS0021,2025-08-07,1102,48.1713,53084.77,-449.87,INR,MOCK_FEED
POS00500920250807,PORT005,INS0022,2025-08-07,4065,43.2666,175878.73,2423.0,USD,MOCK_FEED
POS00501020250807,PORT005,INS0023,2025-08-07,1302,57.2568,74548.35,2911.47,USD,MOCK_FEED
POS00500120250808,PORT005,INS0014,2025-08-08,3822,12.453,47595.37,642.15,GBP,MOCK_FEED
POS00500220250808,PORT005,INS0015,2025-08-08,2509,24.7763,62163.74,-409.03,EUR,MOCK_FEED
POS00500320250808,PORT005,INS0016,2025-08-08,4562,46.5679,212442.76,5536.12,INR,MOCK_FEED
POS00500420250808,PORT005,INS0017,2025-08-08,1130,128.9437,145706.38,-757.0,INR,MOCK_FEED
POS00500520250808,PORT005,INS0018,2025-08-08,3547,46.345,164385.71,6134.02,INR,MOCK_FEED
POS00500620250808,PORT005,INS0019,2025-08-08,1746,19.2547,33618.71,-965.67,INR,MOCK_FEED
POS00500720250808,PORT005,INS0020,2025-08-08,3979,10.8154,43034.48,141.97,INR,MOCK_FEED
POS00500820250808,PORT005,INS0021,2025-08-08,1931,48.5652,93779.4,-43.34,GBP,MOCK_FEED
POS00500920250808,PORT005,INS0022,2025-08-08,2497,43.3655,108283.65,-2160.62,GBP,MOCK_FEED
POS00501020250808,PORT005,INS0023,2025-08-08,2376,58.0398,137902.56,-153.18,EUR,MOCK_FEED
POS00500120250809,PORT005,INS0014,2025-08-09,4290,12.5714,53931.31,-586.67,INR,MOCK_FEED
POS00500220250809,PORT005,INS0015,2025-08-09,3699,24.2666,89762.15,-2023.1,USD,MOCK_FEED
POS00500320250809,PORT005,INS0016,2025-08-09,1366,47.0337,64248.03,-1565.91,USD,MOCK_FEED
POS00500420250809,PORT005,INS0017,2025-08-09,3880,127.1286,493258.97,-1680.11,INR,MOCK_FEED
POS00500520250809,PORT005,INS0018,2025-08-09,2167,45.641,98904.05,-49.88,INR,MOCK_FEED
POS00500620250809,PORT005,INS0019,2025-08-09,1405,18.8163,26436.9,903.31,INR,MOCK_FEED
POS00500720250809,PORT005,INS0020,2025-08-09,3000,10.7711,32313.3,1287.09,GBP,MOCK_FEED
POS00500820250809,PORT005,INS0021,2025-08-09,2500,48.0099,120024.75,4466.35,USD,MOCK_FEED
POS00500920250809,PORT005,INS0022,2025-08-09,179,43.3226,7754.75,-80.06,INR,MOCK_FEED
POS00501020250809,PORT005,INS0023,2025-08-09,3380,56.6397,191442.19,-2636.33,EUR,MOCK_FEED
POS00500120250810,PORT005,INS0014,2025-08-10,1917,12.7519,24445.39,109.34,USD,MOCK_FEED
POS00500220250810,PORT005,INS0015,2025-08-10,2201,24.2224,53313.5,-656.73,INR,MOCK_FEED
POS00500320250810,PORT005,INS0016,2025-08-10,2049,46.6713,95629.49,-2168.75,USD,MOCK_FEED
POS00500420250810,PORT005,INS0017,2025-08-10,4164,126.085,525017.94,-12216.77,INR,MOCK_FEED
POS00500520250810,PORT005,INS0018,2025-08-10,1169,45.9124,53671.6,738.12,EUR,MOCK_FEED
POS00500620250810,PORT005,INS0019,2025-08-10,3391,18.7702,63649.75,1359.4,USD,MOCK_FEED
POS00500720250810,PORT005,INS0020,2025-08-10,685,10.9162,7477.6,242.45,EUR,MOCK_FEED
POS00500820250810,PORT005,INS0021,2025-08-10,4383,47.3438,207507.88,-1402.69,GBP,MOCK_FEED
POS00500920250810,PORT005,INS0022,2025-08-10,4735,43.5342,206134.44,3169.37,USD,MOCK_FEED
POS00501020250810,PORT005,INS0023,2025-08-10,4960,57.6251,285820.5,-5465.35,USD,MOCK_FEED
POS00500120250811,PORT005,INS0014,2025-08-11,4486,12.5829,56446.89,49.98,GBP,MOCK_FEED
POS00500220250811,PORT005,INS0015,2025-08-11,1064,24.4645,26030.23,99.14,INR,MOCK_FEED
POS00500320250811,PORT005,INS0016,2025-08-11,2367,45.8966,108637.25,-749.23,INR,MOCK_FEED
POS00500420250811,PORT005,INS0017,2025-08-11,3095,125.2672,387701.98,-8700.53,EUR,MOCK_FEED
POS00500520250811,PORT005,INS0018,2025-08-11,4631,45.0537,208643.68,2535.67,EUR,MOCK_FEED
POS00500620250811,PORT005,INS0019,2025-08-11,4042,18.6397,75341.67,-1147.25,INR,MOCK_FEED
POS00500720250811,PORT005,INS0020,2025-08-11,4042,10.8931,44029.91,-383.54,EUR,MOCK_FEED
POS00500820250811,PORT005,INS0021,2025-08-11,346,47.3254,16374.59,328.0,USD,MOCK_FEED
POS00500920250811,PORT005,INS0022,2025-08-11,449,43.487,19525.66,445.94,GBP,MOCK_FEED
POS00501020250811,PORT005,INS0023,2025-08-11,1184,57.7586,68386.18,-551.9,USD,MOCK_FEED
POS00500120250812,PORT005,INS0014,2025-08-12,2968,12.7482,37836.66,565.07,USD,MOCK_FEED
POS00500220250812,PORT005,INS0015,2025-08-12,4638,24.4779,113528.5,3913.06,EUR,MOCK_FEED
POS00500320250812,PORT005,INS0016,2025-08-12,4009,46.0603,184655.74,4272.56,USD,MOCK_FEED
POS00500420250812,PORT005,INS0017,2025-08-12,1259,124.2251,156399.4,-512.52,INR,MOCK_FEED
POS00500520250812,PORT005,INS0018,2025-08-12,1553,44.2792,68765.6,1855.1,USD,MOCK_FEED
POS00500620250812,PORT005,INS0019,2025-08-12,3477,18.6224,64750.08,-1787.73,GBP,MOCK_FEED
POS00500720250812,PORT005,INS0020,2025-08-12,1916,10.829,20748.36,-274.95,GBP,MOCK_FEED
POS00500820250812,PORT005,INS0021,2025-08-12,261,46.9522,12254.52,290.8,USD,MOCK_FEED
POS00500920250812,PORT005,INS0022,2025-08-12,3761,43.3674,163104.79,4203.27,GBP,MOCK_FEED
POS00501020250812,PORT005,INS0023,2025-08-12,4965,57.3742,284862.9,-5735.9,INR,MOCK_FEED
POS00500120250813,PORT005,INS0014,2025-08-13,4371,12.4595,54460.47,-1578.64,INR,MOCK_FEED
POS00500220250813,PORT005,INS0015,2025-08-13,607,24.8627,15091.66,316.99,USD,MOCK_FEED
POS00500320250813,PORT005,INS0016,2025-08-13,2602,46.0201,119744.3,3115.14,EUR,MOCK_FEED
POS00500420250813,PORT005,INS0017,2025-08-13,180,123.4189,22215.4,209.72,INR,MOCK_FEED
POS00500520250813,PORT005,INS0018,2025-08-13,2926,44.4737,130130.05,1868.59,GBP,MOCK_FEED
POS00500620250813,PORT005,INS0019,2025-08-13,867,18.7623,16266.91,58.36,GBP,MOCK_FEED
POS00500720250813,PORT005,INS0020,2025-08-13,1600,10.6639,17062.24,138.25,INR,MOCK_FEED
POS00500820250813,PORT005,INS0021,2025-08-13,2705,47.5089,128511.57,374.93,EUR,MOCK_FEED
POS00500920250813,PORT005,INS0022,2025-08-13,1255,43.869,55055.6,1945.2,GBP,MOCK_FEED
POS00501020250813,PORT005,INS0023,2025-08-13,1625,55.989,90982.12,2358.62,EUR,MOCK_FEED
POS00500120250814,PORT005,INS0014,2025-08-14,4716,12.1006,57066.43,-483.36,GBP,MOCK_FEED
POS00500220250814,PORT005,INS0015,2025-08-14,3445,24.9512,85956.88,709.26,USD,MOCK_FEED
POS00500320250814,PORT005,INS0016,2025-08-14,3961,45.7952,181394.79,4574.47,USD,MOCK_FEED
POS00500420250814,PORT005,INS0017,2025-08-14,2142,121.7137,260710.75,818.07,INR,MOCK_FEED
POS00500520250814,PORT005,INS0018,2025-08-14,3204,43.9604,140849.12,-3967.49,USD,MOCK_FEED
POS00500620250814,PORT005,INS0019,2025-08-14,398,18.8219,7491.12,-69.92,INR,MOCK_FEED
POS00500720250814,PORT005,INS0020,2025-08-14,548,10.5902,5803.43,99.99,EUR,MOCK_FEED
POS00500820250814,PORT005,INS0021,2025-08-14,4175,46.7939,195364.53,950.76,USD,MOCK_FEED
POS00500920250814,PORT005,INS0022,2025-08-14,3791,43.5113,164951.34,-2369.75,INR,MOCK_FEED
POS00501020250814,PORT005,INS0023,2025-08-14,2341,56.9314,133276.41,-1711.37,EUR,MOCK_FEED
POS00500120250815,PORT005,INS0014,2025-08-15,734,12.1676,8931.02,250.52,USD,MOCK_FEED
POS00500220250815,PORT005,INS0015,2025-08-15,4358,24.6963,107626.48,-2626.95,GBP,MOCK_FEED
POS00500320250815,PORT005,INS0016,2025-08-15,160,46.2113,7393.81,217.32,INR,MOCK_FEED
POS00500420250815,PORT005,INS0017,2025-08-15,2238,121.977,272984.53,-2515.43,GBP,MOCK_FEED
POS00500520250815,PORT005,INS0018,2025-08-15,1232,44.2512,54517.48,-269.21,INR,MOCK_FEED
POS00500620250815,PORT005,INS0019,2025-08-15,4633,18.9524,87806.47,3049.99,GBP,MOCK_FEED
POS00500720250815,PORT005,INS0020,2025-08-15,2165,10.6217,22995.98,-185.99,GBP,MOCK_FEED
POS00500820250815,PORT005,INS0021,2025-08-15,1011,46.973,47489.7,-872.09,EUR,MOCK_FEED
POS00500920250815,PORT005,INS0022,2025-08-15,4924,43.8921,216124.7,2503.07,GBP,MOCK_FEED
POS00501020250815,PORT005,INS0023,2025-08-15,1305,57.2773,74746.88,1664.66,INR,MOCK_FEED
POS00500120250816,PORT005,INS0014,2025-08-16,2031,12.3534,25089.76,279.88,EUR,MOCK_FEED
POS00500220250816,PORT005,INS0015,2025-08-16,4662,24.3509,113523.9,-479.41,EUR,MOCK_FEED
POS00500320250816,PORT005,INS0016,2025-08-16,4852,46.2336,224325.43,8612.71,EUR,MOCK_FEED
POS00500420250816,PORT005,INS0017,2025-08-16,1683,121.5804,204619.81,2542.47,GBP,MOCK_FEED
POS00500520250816,PORT005,INS0018,2025-08-16,2364,44.1838,104450.5,1604.63,GBP,MOCK_FEED
POS00500620250816,PORT005,INS0019,2025-08-16,4674,18.5643,86769.54,3373.02,INR,MOCK_FEED
POS00500720250816,PORT005,INS0020,2025-08-16,1900,10.4334,19823.46,718.84,USD,MOCK_FEED
POS00500820250816,PORT005,INS0021,2025-08-16,2571,46.7919,120301.97,-3483.65,INR,MOCK_FEED
POS00500920250816,PORT005,INS0022,2025-08-16,1226,42.8269,52505.78,1627.64,USD,MOCK_FEED
POS00501020250816,PORT005,INS0023,2025-08-16,462,57.8624,26732.43,337.39,USD,MOCK_FEED
POS00500120250817,PORT005,INS0014,2025-08-17,1521,12.5604,19104.37,172.79,GBP,MOCK_FEED
POS00500220250817,PORT005,INS0015,2025-08-17,177,24.2393,4290.36,91.7,EUR,MOCK_FEED
POS00500320250817,PORT005,INS0016,2025-08-17,1242,46.196,57375.43,-1525.85,USD,MOCK_FEED
POS00500420250817,PORT005,INS0017,2025-08-17,3449,121.6901,419709.15,6939.17,EUR,MOCK_FEED
POS00500520250817,PORT005,INS0018,2025-08-17,2124,44.1084,93686.24,1366.39,GBP,MOCK_FEED
POS00500620250817,PORT005,INS0019,2025-08-17,4691,18.5176,86866.06,2315.83,USD,MOCK_FEED
POS00500720250817,PORT005,INS0020,2025-08-17,1684,10.4017,17516.46,-116.3,INR,MOCK_FEED
POS00500820250817,PORT005,INS0021,2025-08-17,813,47.5428,38652.3,79.14,USD,MOCK_FEED
POS00500920250817,PORT005,INS0022,2025-08-17,3569,43.1342,153945.96,-597.97,USD,MOCK_FEED
POS00501020250817,PORT005,INS0023,2025-08-17,2873,57.3945,164894.4,-2200.61,USD,MOCK_FEED
POS00500120250818,PORT005,INS0014,2025-08-18,1806,12.3953,22385.91,-420.42,USD,MOCK_FEED
POS00500220250818,PORT005,INS0015,2025-08-18,2072,24.6391,51052.22,1828.33,USD,MOCK_FEED
POS00500320250818,PORT005,INS0016,2025-08-18,3032,45.1433,136874.49,3978.67,INR,MOCK_FEED
POS00500420250818,PORT005,INS0017,2025-08-18,3485,122.346,426375.81,11833.61,USD,MOCK_FEED
POS00500520250818,PORT005,INS0018,2025-08-18,3979,44.5429,177236.2,-3990.2,USD,MOCK_FEED
POS00500620250818,PORT005,INS0019,2025-08-18,1540,18.5841,28619.51,687.41,INR,MOCK_FEED
POS00500720250818,PORT005,INS0020,2025-08-18,4862,10.4574,50843.88,1613.39,GBP,MOCK_FEED
POS00500820250818,PORT005,INS0021,2025-08-18,4858,46.8484,227589.53,-6260.65,GBP,MOCK_FEED
POS00500920250818,PORT005,INS0022,2025-08-18,611,43.6372,26662.33,773.08,GBP,MOCK_FEED
POS00501020250818,PORT005,INS0023,2025-08-18,3202,56.5459,181059.97,-303.11,USD,MOCK_FEED
POS00500120250819,PORT005,INS0014,2025-08-19,1933,12.3324,23838.53,778.05,USD,MOCK_FEED
POS00500220250819,PORT005,INS0015,2025-08-19,3659,25.3295,92680.64,-1587.76,USD,MOCK_FEED
POS00500320250819,PORT005,INS0016,2025-08-19,1138,45.3882,51651.77,1299.37,USD,MOCK_FEED
POS00500420250819,PORT005,INS0017,2025-08-19,2094,125.1886,262144.93,-1412.96,USD,MOCK_FEED
POS00500520250819,PORT005,INS0018,2025-08-19,1676,44.1362,73972.27,1603.56,INR,MOCK_FEED
POS00500620250819,PORT005,INS0019,2025-08-19,3220,18.7108,60248.78,1102.6,USD,MOCK_FEED
POS00500720250819,PORT005,INS0020,2025-08-19,743,10.4692,7778.62,-175.55,GBP,MOCK_FEED
POS00500820250819,PORT005,INS0021,2025-08-19,4163,47.2726,196795.83,444.03,GBP,MOCK_FEED
POS00500920250819,PORT005,INS0022,2025-08-19,3489,43.5534,151957.81,4156.76,USD,MOCK_FEED
POS00501020250819,PORT005,INS0023,2025-08-19,2485,56.7118,140928.82,3687.47,EUR,MOCK_FEED
POS00500120250820,PORT005,INS0014,2025-08-20,4764,12.4708,59410.89,-1720.94,INR,MOCK_FEED
POS00500220250820,PORT005,INS0015,2025-08-20,567,24.912,14125.1,-413.99,EUR,MOCK_FEED
POS00500320250820,PORT005,INS0016,2025-08-20,2362,45.432,107310.38,-2947.32,USD,MOCK_FEED
POS00500420250820,PORT005,INS0017,2025-08-20,267,127.5341,34051.6,-989.19,GBP,MOCK_FEED
POS00500520250820,PORT005,INS0018,2025-08-20,3987,44.5691,177697.0,4391.82,INR,MOCK_FEED
POS00500620250820,PORT005,INS0019,2025-08-20,4173,18.5244,77302.32,-2203.47,INR,MOCK_FEED
POS00500720250820,PORT005,INS0020,2025-08-20,3907,10.288,40195.22,-1175.84,EUR,MOCK_FEED
POS00500820250820,PORT005,INS0021,2025-08-20,2606,46.2409,120503.79,908.73,EUR,MOCK_FEED
POS00500920250820,PORT005,INS0022,2025-08-20,1010,43.5275,43962.78,466.34,INR,MOCK_FEED
POS00501020250820,PORT005,INS0023,2025-08-20,4809,57.4699,276372.75,-4271.45,GBP,MOCK_FEED
POS00500120250821,PORT005,INS0014,2025-08-21,854,12.5054,10679.61,-91.99,INR,MOCK_FEED
POS00500220250821,PORT005,INS0015,2025-08-21,3927,25.6487,100722.44,3408.21,USD,MOCK_FEED
POS00500320250821,PORT005,INS0016,2025-08-21,1746,45.2213,78956.39,2452.78,GBP,MOCK_FEED
POS00500420250821,PORT005,INS0017,2025-08-21,1230,130.4638,160470.47,-949.24,INR,MOCK_FEED
POS00500520250821,PORT005,INS0018,2025-08-21,3922,45.1413,177044.18,6965.76,INR,MOCK_FEED
POS00500620250821,PORT005,INS0019,2025-08-21,1061,18.7015,19842.29,419.97,USD,MOCK_FEED
POS00500720250821,PORT005,INS0020,2025-08-21,752,10.2873,7736.05,111.49,GBP,MOCK_FEED
POS00500820250821,PORT005,INS0021,2025-08-21,1083,45.6171,49403.32,1902.01,EUR,MOCK_FEED
POS00500920250821,PORT005,INS0022,2025-08-21,1516,44.393,67299.79,-1356.89,EUR,MOCK_FEED
POS00501020250821,PORT005,INS0023,2025-08-21,4231,57.1482,241794.03,7800.97,INR,MOCK_FEED
POS00500120250822,PORT005,INS0014,2025-08-22,734,12.3152,9039.36,-25.75,INR,MOCK_FEED
POS00500220250822,PORT005,INS0015,2025-08-22,3065,26.0655,79890.76,1282.03,EUR,MOCK_FEED
POS00500320250822,PORT005,INS0016,2025-08-22,3154,44.3144,139767.62,3556.17,EUR,MOCK_FEED
POS00500420250822,PORT005,INS0017,2025-08-22,2116,130.8548,276888.76,1902.47,USD,MOCK_FEED
POS00500520250822,PORT005,INS0018,2025-08-22,3477,46.1742,160547.69,3668.88,GBP,MOCK_FEED
POS00500620250822,PORT005,INS0019,2025-08-22,3795,19.0713,72375.58,395.34,GBP,MOCK_FEED
POS00500720250822,PORT005,INS0020,2025-08-22,4968,10.1731,50539.96,-23.1,INR,MOCK_FEED
POS00500820250822,PORT005,INS0021,2025-08-22,3549,45.1766,160331.75,-3269.66,USD,MOCK_FEED
POS00500920250822,PORT005,INS0022,2025-08-22,3189,44.5714,142138.19,3799.31,GBP,MOCK_FEED
POS00501020250822,PORT005,INS0023,2025-08-22,683,57.1924,39062.41,73.67,USD,MOCK_FEED
POS00500120250823,PORT005,INS0014,2025-08-23,865,12.3368,10671.33,-272.95,INR,MOCK_FEED
POS00500220250823,PORT005,INS0015,2025-08-23,344,25.5561,8791.3,2.18,INR,MOCK_FEED
POS00500320250823,PORT005,INS0016,2025-08-23,3410,44.7991,152764.93,1827.92,GBP,MOCK_FEED
POS00500420250823,PORT005,INS0017,2025-08-23,2627,133.8495,351622.64,-6668.14,INR,MOCK_FEED
POS00500520250823,PORT005,INS0018,2025-08-23,1882,46.9748,88406.57,-1711.22,INR,MOCK_FEED
POS00500620250823,PORT005,INS0019,2025-08-23,3519,18.8739,66417.25,-1268.35,INR,MOCK_FEED
POS00500720250823,PORT005,INS0020,2025-08-23,1361,10.2583,13961.55,304.08,INR,MOCK_FEED
POS00500820250823,PORT005,INS0021,2025-08-23,2364,44.6551,105564.66,-290.08,INR,MOCK_FEED
POS00500920250823,PORT005,INS0022,2025-08-23,2187,44.5511,97433.26,-58.89,USD,MOCK_FEED
POS00501020250823,PORT005,INS0023,2025-08-23,3876,57.0632,221176.96,-3706.22,USD,MOCK_FEED
POS00500120250824,PORT005,INS0014,2025-08-24,681,12.2922,8370.99,-4.7,GBP,MOCK_FEED
POS00500220250824,PORT005,INS0015,2025-08-24,3918,25.7014,100698.09,2378.12,USD,MOCK_FEED
POS00500320250824,PORT005,INS0016,2025-08-24,2992,45.9751,137557.5,-1394.81,USD,MOCK_FEED
POS00500420250824,PORT005,INS0017,2025-08-24,1635,133.9674,219036.7,8559.85,USD,MOCK_FEED
POS00500520250824,PORT005,INS0018,2025-08-24,4358,47.2969,206119.89,-846.01,INR,MOCK_FEED
POS00500620250824,PORT005,INS0019,2025-08-24,504,19.0725,9612.54,358.7,INR,MOCK_FEED
POS00500720250824,PORT005,INS0020,2025-08-24,3517,10.3273,36321.11,-751.38,USD,MOCK_FEED
POS00500820250824,PORT005,INS0021,2025-08-24,2547,45.7272,116467.18,1318.93,INR,MOCK_FEED
POS00500920250824,PORT005,INS0022,2025-08-24,2280,44.4453,101335.28,-1826.37,GBP,MOCK_FEED
POS00501020250824,PORT005,INS0023,2025-08-24,4085,57.6966,235690.61,5184.45,USD,MOCK_FEED
POS00500120250825,PORT005,INS0014,2025-08-25,1096,12.2073,13379.2,533.63,USD,MOCK_FEED
POS00500220250825,PORT005,INS0015,2025-08-25,156,25.762,4018.87,-27.59,EUR,MOCK_FEED
POS00500320250825,PORT005,INS0016,2025-08-25,2707,46.2483,125194.15,-2577.6,INR,MOCK_FEED
POS00500420250825,PORT005,INS0017,2025-08-25,4361,132.7231,578805.44,-7540.13,GBP,MOCK_FEED
POS00500520250825,PORT005,INS0018,2025-08-25,394,47.6085,18757.75,-225.33,INR,MOCK_FEED
POS00500620250825,PORT005,INS0019,2025-08-25,1315,19.0785,25088.23,-263.34,GBP,MOCK_FEED
POS00500720250825,PORT005,INS0020,2025-08-25,1317,10.2876,13548.77,-7.35,EUR,MOCK_FEED
POS00500820250825,PORT005,INS0021,2025-08-25,659,45.887,30239.53,1072.06,GBP,MOCK_FEED
POS00500920250825,PORT005,INS0022,2025-08-25,994,45.4724,45199.57,1277.89,INR,MOCK_FEED
POS00501020250825,PORT005,INS0023,2025-08-25,1306,58.8536,76862.8,-2258.3,INR,MOCK_FEED
POS00500120250826,PORT005,INS0014,2025-08-26,1217,12.4876,15197.41,502.62,USD,MOCK_FEED
POS00500220250826,PORT005,INS0015,2025-08-26,3043,25.7863,78467.71,1886.9,GBP,MOCK_FEED
POS00500320250826,PORT005,INS0016,2025-08-26,2600,46.5512,121033.12,2106.45,EUR,MOCK_FEED
POS00500420250826,PORT005,INS0017,2025-08-26,1142,132.1203,150881.38,3015.43,INR,MOCK_FEED
POS00500520250826,PORT005,INS0018,2025-08-26,866,46.5965,40352.57,-408.77,GBP,MOCK_FEED
POS00500620250826,PORT005,INS0019,2025-08-26,2851,19.0148,54211.19,-742.7,GBP,MOCK_FEED
POS00500720250826,PORT005,INS0020,2025-08-26,886,10.3618,9180.55,225.35,INR,MOCK_FEED
POS00500820250826,PORT005,INS0021,2025-08-26,3209,45.9668,147507.46,731.42,GBP,MOCK_FEED
POS00500920250826,PORT005,INS0022,2025-08-26,4878,45.5218,222055.34,3828.2,GBP,MOCK_FEED
POS00501020250826,PORT005,INS0023,2025-08-26,4551,58.4704,266098.79,-2352.31,INR,MOCK_FEED
POS00500120250827,PORT005,INS0014,2025-08-27,1502,12.3928,18613.99,161.22,USD,MOCK_FEED
POS00500220250827,PORT005,INS0015,2025-08-27,2357,26.3346,62070.65,-1634.02,INR,MOCK_FEED
POS00500320250827,PORT005,INS0016,2025-08-27,2966,46.7647,138704.1,1550.2,GBP,MOCK_FEED
POS00500420250827,PORT005,INS0017,2025-08-27,1923,131.9509,253741.58,-1864.29,INR,MOCK_FEED
POS00500520250827,PORT005,INS0018,2025-08-27,4864,46.5179,226263.07,-4221.02,USD,MOCK_FEED
POS00500620250827,PORT005,INS0019,2025-08-27,661,19.137,12649.56,-181.4,EUR,MOCK_FEED
POS00500720250827,PORT005,INS0020,2025-08-27,3896,10.3953,40500.09,930.71,EUR,MOCK_FEED
POS00500820250827,PORT005,INS0021,2025-08-27,1056,45.1654,47694.66,-1172.52,GBP,MOCK_FEED
POS00500920250827,PORT005,INS0022,2025-08-27,3689,44.7982,165260.56,1068.25,USD,MOCK_FEED
POS00501020250827,PORT005,INS0023,2025-08-27,334,58.047,19387.7,-266.75,USD,MOCK_FEED
POS00500120250828,PORT005,INS0014,2025-08-28,1370,12.3021,16853.88,423.03,GBP,MOCK_FEED
POS00500220250828,PORT005,INS0015,2025-08-28,2658,26.284,69862.87,2124.6,EUR,MOCK_FEED
POS00500320250828,PORT005,INS0016,2025-08-28,1258,47.0026,59129.27,352.1,INR,MOCK_FEED
POS00500420250828,PORT005,INS0017,2025-08-28,4885,133.8287,653753.2,10685.96,USD,MOCK_FEED
POS00500520250828,PORT005,INS0018,2025-08-28,3039,46.556,141483.68,-3836.35,GBP,MOCK_FEED
POS00500620250828,PORT005,INS0019,2025-08-28,1500,19.2297,28844.55,-427.54,GBP,MOCK_FEED
POS00500720250828,PORT005,INS0020,2025-08-28,3534,10.2739,36307.96,244.34,USD,MOCK_FEED
POS00500820250828,PORT005,INS0021,2025-08-28,1674,44.6173,74689.36,2729.92,GBP,MOCK_FEED
POS00500920250828,PORT005,INS0022,2025-08-28,4182,44.7266,187046.64,-1973.4,GBP,MOCK_FEED
POS00501020250828,PORT005,INS0023,2025-08-28,1428,58.6,83680.8,-2228.97,GBP,MOCK_FEED
POS00500120250829,PORT005,INS0014,2025-08-29,4248,12.3138,52309.02,-926.11,GBP,MOCK_FEED
POS00500220250829,PORT005,INS0015,2025-08-29,2233,26.1373,58364.59,-487.93,INR,MOCK_FEED
POS00500320250829,PORT005,INS0016,2025-08-29,3279,46.6812,153067.65,-986.59,GBP,MOCK_FEED
POS00500420250829,PORT005,INS0017,2025-08-29,742,132.6685,98440.03,-1237.28,USD,MOCK_FEED
POS00500520250829,PORT005,INS0018,2025-08-29,2844,46.8022,133105.46,4048.83,EUR,MOCK_FEED
POS00500620250829,PORT005,INS0019,2025-08-29,584,19.0254,11110.83,42.55,USD,MOCK_FEED
POS00500720250829,PORT005,INS0020,2025-08-29,1650,10.3274,17040.21,213.49,USD,MOCK_FEED
POS00500820250829,PORT005,INS0021,2025-08-29,2335,44.5637,104056.24,2782.32,USD,MOCK_FEED
POS00500920250829,PORT005,INS0022,2025-08-29,967,44.0689,42614.63,83.45,USD,MOCK_FEED
POS00501020250829,PORT005,INS0023,2025-08-29,1557,58.5139,91106.14,1664.42,INR,MOCK_FEED
POS00500120250830,PORT005,INS0014,2025-08-30,1298,12.315,15984.87,-443.98,USD,MOCK_FEED
POS00500220250830,PORT005,INS0015,2025-08-30,1263,26.0587,32912.14,598.92,EUR,MOCK_FEED
POS00500320250830,PORT005,INS0016,2025-08-30,4631,46.8073,216764.61,-3391.95,USD,MOCK_FEED
POS00500420250830,PORT005,INS0017,2025-08-30,2561,131.5123,336803.0,-6968.5,USD,MOCK_FEED
POS00500520250830,PORT005,INS0018,2025-08-30,804,47.0352,37816.3,697.69,EUR,MOCK_FEED
POS00500620250830,PORT005,INS0019,2025-08-30,4600,18.8872,86881.12,-948.14,INR,MOCK_FEED
POS00500720250830,PORT005,INS0020,2025-08-30,3510,10.3596,36362.2,21.93,GBP,MOCK_FEED
POS00500820250830,PORT005,INS0021,2025-08-30,675,44.9648,30351.24,661.29,EUR,MOCK_FEED
POS00500920250830,PORT005,INS0022,2025-08-30,1062,43.1935,45871.5,-85.21,GBP,MOCK_FEED
POS00501020250830,PORT005,INS0023,2025-08-30,1769,59.0066,104382.68,822.43,USD,MOCK_FEED
POS00500120250831,PORT005,INS0014,2025-08-31,752,12.0532,9064.01,-94.95,EUR,MOCK_FEED
POS00500220250831,PORT005,INS0015,2025-08-31,2017,25.846,52131.38,-257.78,USD,MOCK_FEED
POS00500320250831,PORT005,INS0016,2025-08-31,3892,46.2811,180126.04,-3121.85,INR,MOCK_FEED
POS00500420250831,PORT005,INS0017,2025-08-31,2916,130.9789,381934.47,7850.47,INR,MOCK_FEED
POS00500520250831,PORT005,INS0018,2025-08-31,3691,47.0788,173767.85,-2093.68,GBP,MOCK_FEED
POS00500620250831,PORT005,INS0019,2025-08-31,1232,18.8207,23187.1,288.88,INR,MOCK_FEED
POS00500720250831,PORT005,INS0020,2025-08-31,2826,10.351,29251.93,971.36,USD,MOCK_FEED
POS00500820250831,PORT005,INS0021,2025-08-31,2583,45.0261,116302.42,-2044.79,GBP,MOCK_FEED
POS00500920250831,PORT005,INS0022,2025-08-31,4673,42.6937,199507.66,7953.08,INR,MOCK_FEED
POS00501020250831,PORT005,INS0023,2025-08-31,2112,57.9328,122354.07,3120.59,USD,MOCK_FEED
POS00500120250901,PORT005,INS0014,2025-09-01,4229,11.8384,50064.59,-909.64,EUR,MOCK_FEED
POS00500220250901,PORT005,INS0015,2025-09-01,403,26.1729,10547.68,-187.17,GBP,MOCK_FEED
POS00500320250901,PORT005,INS0016,2025-09-01,2843,46.9336,133432.22,64.62,EUR,MOCK_FEED
POS00500420250901,PORT005,INS0017,2025-09-01,3815,131.1137,500198.77,-14932.13,USD,MOCK_FEED
POS00500520250901,PORT005,INS0018,2025-09-01,4615,46.83,216120.45,-5480.23,EUR,MOCK_FEED
POS00500620250901,PORT005,INS0019,2025-09-01,3189,18.737,59752.29,550.89,USD,MOCK_FEED
POS00500720250901,PORT005,INS0020,2025-09-01,4425,10.4433,46211.6,-26.19,EUR,MOCK_FEED
POS00500820250901,PORT005,INS0021,2025-09-01,3599,45.4053,163413.67,-818.69,EUR,MOCK_FEED
POS00500920250901,PORT005,INS0022,2025-09-01,3326,42.9899,142984.41,2896.72,INR,MOCK_FEED
POS00501020250901,PORT005,INS0023,2025-09-01,4722,57.7307,272604.37,-3718.17,GBP,MOCK_FEED
POS00500120250902,PORT005,INS0014,2025-09-02,3150,12.0763,38040.35,-731.22,INR,MOCK_FEED
POS00500220250902,PORT005,INS0015,2025-09-02,1035,26.127,27041.44,824.9,GBP,MOCK_FEED
POS00500320250902,PORT005,INS0016,2025-09-02,159,47.7774,7596.61,281.79,INR,MOCK_FEED
POS00500420250902,PORT005,INS0017,2025-09-02,3280,135.9901,446047.53,-2257.13,GBP,MOCK_FEED
POS00500520250902,PORT005,INS0018,2025-09-02,3721,46.6264,173496.83,-4893.03,INR,MOCK_FEED
POS00500620250902,PORT005,INS0019,2025-09-02,3218,19.2282,61876.35,77.97,GBP,MOCK_FEED
POS00500720250902,PORT005,INS0020,2025-09-02,527,10.4507,5507.52,-89.56,INR,MOCK_FEED
POS00500820250902,PORT005,INS0021,2025-09-02,3750,45.569,170883.75,530.39,EUR,MOCK_FEED
POS00500920250902,PORT005,INS0022,2025-09-02,917,42.5134,38984.79,878.95,EUR,MOCK_FEED
POS00501020250902,PORT005,INS0023,2025-09-02,4634,57.0898,264554.13,-6648.47,USD,MOCK_FEED
POS00500120250903,PORT005,INS0014,2025-09-03,3926,12.0191,47186.99,39.36,INR,MOCK_FEED
POS00500220250903,PORT005,INS0015,2025-09-03,3717,26.2555,97591.69,3086.84,EUR,MOCK_FEED
POS00500320250903,PORT005,INS0016,2025-09-03,2080,47.7708,99363.26,-2409.63,USD,MOCK_FEED
POS00500420250903,PORT005,INS0017,2025-09-03,2382,139.5877,332497.9,6636.92,USD,MOCK_FEED
POS00500520250903,PORT005,INS0018,2025-09-03,4824,47.098,227200.75,8875.33,EUR,MOCK_FEED
POS00500620250903,PORT005,INS0019,2025-09-03,2468,19.0763,47080.31,-549.4,USD,MOCK_FEED
POS00500720250903,PORT005,INS0020,2025-09-03,1360,10.2323,13915.93,-175.11,USD,MOCK_FEED
POS00500820250903,PORT005,INS0021,2025-09-03,1992,45.9549,91542.16,3087.06,USD,MOCK_FEED
POS00500920250903,PORT005,INS0022,2025-09-03,853,42.9449,36632.0,828.8,USD,MOCK_FEED
POS00501020250903,PORT005,INS0023,2025-09-03,190,55.7685,10596.02,-139.58,GBP,MOCK_FEED
POS00500120250904,PORT005,INS0014,2025-09-04,3847,11.6856,44954.5,711.59,INR,MOCK_FEED
POS00500220250904,PORT005,INS0015,2025-09-04,3231,25.8986,83678.38,402.5,INR,MOCK_FEED
POS00500320250904,PORT005,INS0016,2025-09-04,2513,48.9089,122908.07,-3571.16,EUR,MOCK_FEED
POS00500420250904,PORT005,INS0017,2025-09-04,2409,139.4948,336042.97,-2247.64,INR,MOCK_FEED
POS00500520250904,PORT005,INS0018,2025-09-04,1672,47.6235,79626.49,2430.19,EUR,MOCK_FEED
POS00500620250904,PORT005,INS0019,2025-09-04,898,18.8856,16959.27,249.86,USD,MOCK_FEED
POS00500720250904,PORT005,INS0020,2025-09-04,3081,10.1735,31344.55,-164.22,INR,MOCK_FEED
POS00500820250904,PORT005,INS0021,2025-09-04,1773,45.7567,81126.63,2821.89,USD,MOCK_FEED
POS00500920250904,PORT005,INS0022,2025-09-04,4499,42.7318,192250.37,-2162.62,GBP,MOCK_FEED
POS00501020250904,PORT005,INS0023,2025-09-04,2381,54.9397,130811.43,3469.07,INR,MOCK_FEED
POS00500120250905,PORT005,INS0014,2025-09-05,753,11.801,8886.15,301.99,GBP,MOCK_FEED
POS00500220250905,PORT005,INS0015,2025-09-05,1728,26.064,45038.59,-558.07,EUR,MOCK_FEED
POS00500320250905,PORT005,INS0016,2025-09-05,2683,49.6886,133314.51,2351.94,GBP,MOCK_FEED
POS00500420250905,PORT005,INS0017,2025-09-05,3996,141.4738,565329.3,12758.73,EUR,MOCK_FEED
POS00500520250905,PORT005,INS0018,2025-09-05,2897,48.84,141489.48,-1418.05,USD,MOCK_FEED
POS00500620250905,PORT005,INS0019,2025-09-05,567,19.2905,10937.71,-231.13,INR,MOCK_FEED
POS00500720250905,PORT005,INS0020,2025-09-05,4452,10.1897,45364.54,1093.88,GBP,MOCK_FEED
POS00500820250905,PORT005,INS0021,2025-09-05,398,45.7798,18220.36,-535.83,EUR,MOCK_FEED
POS00500920250905,PORT005,INS0022,2025-09-05,4279,44.0723,188585.37,-1479.98,USD,MOCK_FEED
POS00501020250905,PORT005,INS0023,2025-09-05,4967,54.3729,270070.19,-2991.96,GBP,MOCK_FEED
POS00500120250906,PORT005,INS0014,2025-09-06,829,11.8912,9857.8,24.09,INR,MOCK_FEED
POS00500220250906,PORT005,INS0015,2025-09-06,659,25.9401,17094.53,-101.2,GBP,MOCK_FEED
POS00500320250906,PORT005,INS0016,2025-09-06,1205,49.564,59724.62,-534.28,GBP,MOCK_FEED
POS00500420250906,PORT005,INS0017,2025-09-06,2280,140.3743,320053.4,5529.28,INR,MOCK_FEED
POS00500520250906,PORT005,INS0018,2025-09-06,963,49.0055,47192.3,-489.53,GBP,MOCK_FEED
POS00500620250906,PORT005,INS0019,2025-09-06,4534,19.0854,86533.2,-51.89,INR,MOCK_FEED
POS00500720250906,PORT005,INS0020,2025-09-06,2014,10.3604,20865.85,-344.54,GBP,MOCK_FEED
POS00500820250906,PORT005,INS0021,2025-09-06,3446,45.6425,157284.05,2228.59,GBP,MOCK_FEED
POS00500920250906,PORT005,INS0022,2025-09-06,757,44.5156,33698.31,-790.6,INR,MOCK_FEED
POS00501020250906,PORT005,INS0023,2025-09-06,4523,53.7592,243152.86,-5315.48,GBP,MOCK_FEED
POS00500120250907,PORT005,INS0014,2025-09-07,3102,11.6102,36014.84,992.29,EUR,MOCK_FEED
POS00500220250907,PORT005,INS0015,2025-09-07,676,25.8996,17508.13,624.06,GBP,MOCK_FEED
POS00500320250907,PORT005,INS0016,2025-09-07,1099,49.6494,54564.69,1609.8,GBP,MOCK_FEED
POS00500420250907,PORT005,INS0017,2025-09-07,2414,140.2038,338451.97,-5901.56,EUR,MOCK_FEED
POS00500520250907,PORT005,INS0018,2025-09-07,2652,48.7697,129337.24,-3325.89,GBP,MOCK_FEED
POS00500620250907,PORT005,INS0019,2025-09-07,3491,19.0398,66467.94,42.53,INR,MOCK_FEED
POS00500720250907,PORT005,INS0020,2025-09-07,729,10.3689,7558.93,171.54,GBP,MOCK_FEED
POS00500820250907,PORT005,INS0021,2025-09-07,3619,45.4888,164623.97,-3796.86,INR,MOCK_FEED
POS00500920250907,PORT005,INS0022,2025-09-07,3886,45.1764,175555.49,-1935.75,USD,MOCK_FEED
POS00501020250907,PORT005,INS0023,2025-09-07,941,53.2863,50142.41,1036.78,GBP,MOCK_FEED
POS00500120250908,PORT005,INS0014,2025-09-08,2592,11.8023,30591.56,-727.12,GBP,MOCK_FEED
POS00500220250908,PORT005,INS0015,2025-09-08,4820,26.1492,126039.14,-2913.15,INR,MOCK_FEED
POS00500320250908,PORT005,INS0016,2025-09-08,370,48.897,18091.89,551.37,USD,MOCK_FEED
POS00500420250908,PORT005,INS0017,2025-09-08,632,139.9334,88437.91,-1263.22,EUR,MOCK_FEED
POS00500520250908,PORT005,INS0018,2025-09-08,4363,48.857,213163.09,-4945.35,GBP,MOCK_FEED
POS00500620250908,PORT005,INS0019,2025-09-08,1451,18.8045,27285.33,-298.11,GBP,MOCK_FEED
POS00500720250908,PORT005,INS0020,2025-09-08,830,10.3989,8631.09,21.62,INR,MOCK_FEED
POS00500820250908,PORT005,INS0021,2025-09-08,3295,45.6808,150518.24,-2160.06,GBP,MOCK_FEED
POS00500920250908,PORT005,INS0022,2025-09-08,3483,44.6194,155409.37,5682.99,GBP,MOCK_FEED
POS00501020250908,PORT005,INS0023,2025-09-08,2791,53.1323,148292.25,4332.85,INR,MOCK_FEED
POS00500120250909,PORT005,INS0014,2025-09-09,3644,11.9265,43460.17,-62.44,EUR,MOCK_FEED
POS00500220250909,PORT005,INS0015,2025-09-09,1966,26.1196,51351.13,-1311.94,INR,MOCK_FEED
POS00500320250909,PORT005,INS0016,2025-09-09,1191,48.7653,58079.47,-698.85,INR,MOCK_FEED
POS00500420250909,PORT005,INS0017,2025-09-09,1811,136.6196,247418.1,-4606.45,EUR,MOCK_FEED
POS00500520250909,PORT005,INS0018,2025-09-09,1835,48.507,89010.35,-2490.92,GBP,MOCK_FEED
POS00500620250909,PORT005,INS0019,2025-09-09,208,18.7643,3902.97,120.82,EUR,MOCK_FEED
POS00500720250909,PORT005,INS0020,2025-09-09,1254,10.3304,12954.32,265.08,GBP,MOCK_FEED
POS00500820250909,PORT005,INS0021,2025-09-09,3883,45.1526,175327.55,-2800.82,INR,MOCK_FEED
POS00500920250909,PORT005,INS0022,2025-09-09,2213,44.8568,99268.1,1485.71,USD,MOCK_FEED
POS00501020250909,PORT005,INS0023,2025-09-09,1620,52.7629,85475.9,660.02,USD,MOCK_FEED
POS00500120250910,PORT005,INS0014,2025-09-10,4899,11.8892,58245.19,-308.96,EUR,MOCK_FEED
POS00500220250910,PORT005,INS0015,2025-09-10,544,25.4806,13861.45,-271.13,EUR,MOCK_FEED
POS00500320250910,PORT005,INS0016,2025-09-10,4335,48.1144,208575.92,7037.78,USD,MOCK_FEED
POS00500420250910,PORT005,INS0017,2025-09-10,4895,135.3023,662304.76,-9255.08,INR,MOCK_FEED
POS00500520250910,PORT005,INS0018,2025-09-10,1959,48.8382,95674.03,926.5,INR,MOCK_FEED
POS00500620250910,PORT005,INS0019,2025-09-10,4097,18.3664,75247.14,-1151.77,USD,MOCK_FEED
POS00500720250910,PORT005,INS0020,2025-09-10,2865,10.4478,29932.95,158.88,GBP,MOCK_FEED
POS00500820250910,PORT005,INS0021,2025-09-10,2115,46.0545,97405.27,-269.99,INR,MOCK_FEED
POS00500920250910,PORT005,INS0022,2025-09-10,2172,45.0518,97852.51,-496.81,USD,MOCK_FEED
POS00501020250910,PORT005,INS0023,2025-09-10,3409,51.6206,175974.63,2804.96,GBP,MOCK_FEED
POS00500120250911,PORT005,INS0014,2025-09-11,237,12.0244,2849.78,106.15,USD,MOCK_FEED
POS00500220250911,PORT005,INS0015,2025-09-11,3097,25.4577,78842.5,429.69,USD,MOCK_FEED
POS00500320250911,PORT005,INS0016,2025-09-11,377,47.9549,18079.0,-116.64,GBP,MOCK_FEED
POS00500420250911,PORT005,INS0017,2025-09-11,4137,134.0781,554681.1,11479.27,USD,MOCK_FEED
POS00500520250911,PORT005,INS0018,2025-09-11,633,48.4268,30654.16,1022.46,USD,MOCK_FEED
POS00500620250911,PORT005,INS0019,2025-09-11,2584,18.3764,47484.62,-1300.73,INR,MOCK_FEED
POS00500720250911,PORT005,INS0020,2025-09-11,170,10.3067,1752.14,-20.88,INR,MOCK_FEED
POS00500820250911,PORT005,INS0021,2025-09-11,2195,45.8924,100733.82,3260.67,USD,MOCK_FEED
POS00500920250911,PORT005,INS0022,2025-09-11,679,44.4301,30168.04,-166.52,USD,MOCK_FEED
POS00501020250911,PORT005,INS0023,2025-09-11,3646,52.5043,191430.68,5357.31,USD,MOCK_FEED
POS00500120250912,PORT005,INS0014,2025-09-12,2787,12.2182,34052.12,1095.24,INR,MOCK_FEED
POS00500220250912,PORT005,INS0015,2025-09-12,2674,25.7187,68771.8,2255.76,INR,MOCK_FEED
POS00500320250912,PORT005,INS0016,2025-09-12,3029,48.0127,145430.47,-3365.62,INR,MOCK_FEED
POS00500420250912,PORT005,INS0017,2025-09-12,2263,133.1776,301380.91,-2197.39,USD,MOCK_FEED
POS00500520250912,PORT005,INS0018,2025-09-12,3249,47.2292,153447.67,5718.37,GBP,MOCK_FEED
POS00500620250912,PORT005,INS0019,2025-09-12,4719,18.4402,87019.3,297.96,INR,MOCK_FEED
POS00500720250912,PORT005,INS0020,2025-09-12,4836,10.4164,50373.71,-406.17,GBP,MOCK_FEED
POS00500820250912,PORT005,INS0021,2025-09-12,1044,45.9376,47958.85,-66.49,INR,MOCK_FEED
POS00500920250912,PORT005,INS0022,2025-09-12,873,44.0935,38493.63,1479.16,INR,MOCK_FEED
POS00501020250912,PORT005,INS0023,2025-09-12,4285,52.5887,225342.58,6299.07,EUR,MOCK_FEED
POS00500120250913,PORT005,INS0014,2025-09-13,2834,12.0202,34065.25,221.17,EUR,MOCK_FEED
POS00500220250913,PORT005,INS0015,2025-09-13,2814,26.0351,73262.77,2599.88,GBP,MOCK_FEED
POS00500320250913,PORT005,INS0016,2025-09-13,2025,47.9365,97071.41,-1406.14,GBP,MOCK_FEED
POS00500420250913,PORT005,INS0017,2025-09-13,2027,132.4893,268555.81,-518.11,INR,MOCK_FEED
POS00500520250913,PORT005,INS0018,2025-09-13,4715,47.3304,223162.84,1725.18,GBP,MOCK_FEED
POS00500620250913,PORT005,INS0019,2025-09-13,4299,18.2534,78471.37,-347.49,INR,MOCK_FEED
POS00500720250913,PORT005,INS0020,2025-09-13,1658,10.5502,17492.23,148.9,EUR,MOCK_FEED
POS00500820250913,PORT005,INS0021,2025-09-13,4529,46.6424,211243.43,-997.88,EUR,MOCK_FEED
POS00500920250913,PORT005,INS0022,2025-09-13,2831,44.3858,125656.2,-233.92,EUR,MOCK_FEED
POS00501020250913,PORT005,INS0023,2025-09-13,3930,52.7399,207267.81,-1094.64,INR,MOCK_FEED
POS00500120250914,PORT005,INS0014,2025-09-14,4492,11.9336,53605.73,1836.72,USD,MOCK_FEED
POS00500220250914,PORT005,INS0015,2025-09-14,3033,26.2096,79493.72,-1811.13,INR,MOCK_FEED
POS00500320250914,PORT005,INS0016,2025-09-14,4163,47.5268,197854.07,2922.77,GBP,MOCK_FEED
POS00500420250914,PORT005,INS0017,2025-09-14,790,131.5749,103944.17,722.43,INR,MOCK_FEED
POS00500520250914,PORT005,INS0018,2025-09-14,4522,47.5253,214909.41,-5386.53,GBP,MOCK_FEED
POS00500620250914,PORT005,INS0019,2025-09-14,4530,18.1827,82367.63,2347.19,INR,MOCK_FEED
POS00500720250914,PORT005,INS0020,2025-09-14,3260,10.6158,34607.51,-13.53,USD,MOCK_FEED
POS00500820250914,PORT005,INS0021,2025-09-14,2168,46.634,101102.51,300.9,INR,MOCK_FEED
POS00500920250914,PORT005,INS0022,2025-09-14,3533,44.3053,156530.62,2987.59,GBP,MOCK_FEED
POS00501020250914,PORT005,INS0023,2025-09-14,2762,51.9185,143398.9,-1432.74,GBP,MOCK_FEED
POS00500120250915,PORT005,INS0014,2025-09-15,353,12.0191,4242.74,-40.24,USD,MOCK_FEED
POS00500220250915,PORT005,INS0015,2025-09-15,2429,26.1113,63424.35,1684.21,GBP,MOCK_FEED
POS00500320250915,PORT005,INS0016,2025-09-15,1509,48.3054,72892.85,-2142.35,EUR,MOCK_FEED
POS00500420250915,PORT005,INS0017,2025-09-15,2070,132.5666,274412.86,3884.75,GBP,MOCK_FEED
POS00500520250915,PORT005,INS0018,2025-09-15,1955,48.7588,95323.45,-2258.67,GBP,MOCK_FEED
POS00500620250915,PORT005,INS0019,2025-09-15,927,17.5188,16239.93,-141.88,GBP,MOCK_FEED
POS00500720250915,PORT005,INS0020,2025-09-15,4543,10.5394,47880.49,-1000.49,GBP,MOCK_FEED
POS00500820250915,PORT005,INS0021,2025-09-15,4542,47.5617,216025.24,1435.2,EUR,MOCK_FEED
POS00500920250915,PORT005,INS0022,2025-09-15,1062,44.8947,47678.17,638.49,INR,MOCK_FEED
POS00501020250915,PORT005,INS0023,2025-09-15,4172,52.6866,219808.5,2569.6,USD,MOCK_FEED
POS00500120250916,PORT005,INS0014,2025-09-16,2097,11.9324,25022.24,404.32,GBP,MOCK_FEED
POS00500220250916,PORT005,INS0015,2025-09-16,4323,26.5127,114614.4,-1232.67,EUR,MOCK_FEED
POS00500320250916,PORT005,INS0016,2025-09-16,353,47.7932,16871.0,464.97,EUR,MOCK_FEED
POS00500420250916,PORT005,INS0017,2025-09-16,2370,130.8216,310047.19,5303.73,EUR,MOCK_FEED
POS00500520250916,PORT005,INS0018,2025-09-16,3619,49.27,178308.13,-3056.8,GBP,MOCK_FEED
POS00500620250916,PORT005,INS0019,2025-09-16,4994,17.4902,87346.06,1412.5,INR,MOCK_FEED
POS00500720250916,PORT005,INS0020,2025-09-16,2834,10.5083,29780.52,-535.44,INR,MOCK_FEED
POS00500820250916,PORT005,INS0021,2025-09-16,2018,47.9062,96674.71,-2119.46,EUR,MOCK_FEED
POS00500920250916,PORT005,INS0022,2025-09-16,957,44.2983,42393.47,810.84,USD,MOCK_FEED
POS00501020250916,PORT005,INS0023,2025-09-16,2253,52.1837,117569.88,2742.68,INR,MOCK_FEED
POS00500120250917,PORT005,INS0014,2025-09-17,4322,12.3581,53411.71,-638.46,EUR,MOCK_FEED
POS00500220250917,PORT005,INS0015,2025-09-17,3930,26.8145,105380.99,56.17,INR,MOCK_FEED
POS00500320250917,PORT005,INS0016,2025-09-17,4378,46.9434,205518.21,-4385.7,GBP,MOCK_FEED
POS00500420250917,PORT005,INS0017,2025-09-17,1723,128.9251,222137.95,6088.49,USD,MOCK_FEED
POS00500520250917,PORT005,INS0018,2025-09-17,1238,49.6732,61495.42,-85.2,GBP,MOCK_FEED
POS00500620250917,PORT005,INS0019,2025-09-17,4139,17.5888,72800.04,17.8,INR,MOCK_FEED
POS00500720250917,PORT005,INS0020,2025-09-17,3434,10.4824,35996.56,412.12,USD,MOCK_FEED
POS00500820250917,PORT005,INS0021,2025-09-17,264,47.3665,12504.76,236.53,USD,MOCK_FEED
POS00500920250917,PORT005,INS0022,2025-09-17,4952,44.8442,222068.48,-3812.81,INR,MOCK_FEED
POS00501020250917,PORT005,INS0023,2025-09-17,1777,53.0344,94242.13,656.24,USD,MOCK_FEED
POS00500120250918,PORT005,INS0014,2025-09-18,180,12.6343,2274.17,22.7,EUR,MOCK_FEED
POS00500220250918,PORT005,INS0015,2025-09-18,1201,27.3355,32829.94,85.85,EUR,MOCK_FEED
POS00500320250918,PORT005,INS0016,2025-09-18,3347,46.9655,157193.53,5829.59,USD,MOCK_FEED
POS00500420250918,PORT005,INS0017,2025-09-18,1566,131.3818,205743.9,7511.91,EUR,MOCK_FEED
POS00500520250918,PORT005,INS0018,2025-09-18,1672,49.9001,83432.97,768.13,INR,MOCK_FEED
POS00500620250918,PORT005,INS0019,2025-09-18,177,17.6928,3131.63,-37.35,EUR,MOCK_FEED
POS00500720250918,PORT005,INS0020,2025-09-18,4527,10.6087,48025.58,-563.79,USD,MOCK_FEED
POS00500820250918,PORT005,INS0021,2025-09-18,4535,47.2334,214203.47,-4188.56,USD,MOCK_FEED
POS00500920250918,PORT005,INS0022,2025-09-18,3417,44.6207,152468.93,1392.64,USD,MOCK_FEED
POS00501020250918,PORT005,INS0023,2025-09-18,2394,54.0568,129411.98,4210.18,INR,MOCK_FEED
POS00500120250919,PORT005,INS0014,2025-09-19,4387,12.571,55148.98,1815.76,USD,MOCK_FEED
POS00500220250919,PORT005,INS0015,2025-09-19,2178,27.6939,60317.31,1690.29,GBP,MOCK_FEED
POS00500320250919,PORT005,INS0016,2025-09-19,1123,46.793,52548.54,-1040.71,GBP,MOCK_FEED
POS00500420250919,PORT005,INS0017,2025-09-19,3253,130.1264,423301.18,12598.02,INR,MOCK_FEED
POS00500520250919,PORT005,INS0018,2025-09-19,4274,49.1452,210046.58,4582.23,INR,MOCK_FEED
POS00500620250919,PORT005,INS0019,2025-09-19,3898,17.72,69072.56,1237.21,EUR,MOCK_FEED
POS00500720250919,PORT005,INS0020,2025-09-19,4064,10.5092,42709.39,-133.52,INR,MOCK_FEED
POS00500820250919,PORT005,INS0021,2025-09-19,686,46.7848,32094.37,205.14,INR,MOCK_FEED
POS00500920250919,PORT005,INS0022,2025-09-19,4769,44.8166,213730.37,2344.71,EUR,MOCK_FEED
POS00501020250919,PORT005,INS0023,2025-09-19,1930,54.3893,104971.35,638.68,GBP,MOCK_FEED
POS00500120250920,PORT005,INS0014,2025-09-20,4824,12.6323,60938.22,-306.58,INR,MOCK_FEED
POS00500220250920,PORT005,INS0015,2025-09-20,4123,27.2588,112388.03,-2593.84,INR,MOCK_FEED
POS00500320250920,PORT005,INS0016,2025-09-20,982,46.6672,45827.19,-683.34,INR,MOCK_FEED
POS00500420250920,PORT005,INS0017,2025-09-20,3223,129.9322,418771.48,-10683.93,GBP,MOCK_FEED
POS00500520250920,PORT005,INS0018,2025-09-20,3221,49.1136,158194.91,-1531.4,EUR,MOCK_FEED
POS00500620250920,PORT005,INS0019,2025-09-20,4748,17.7278,84171.59,-188.01,USD,MOCK_FEED
POS00500720250920,PORT005,INS0020,2025-09-20,3585,10.5011,37646.44,-66.49,EUR,MOCK_FEED
POS00500820250920,PORT005,INS0021,2025-09-20,2236,47.0926,105299.05,2641.2,EUR,MOCK_FEED
POS00500920250920,PORT005,INS0022,2025-09-20,621,44.7291,27776.77,420.57,USD,MOCK_FEED
POS00501020250920,PORT005,INS0023,2025-09-20,1754,53.7614,94297.5,-661.25,EUR,MOCK_FEED
POS00500120250921,PORT005,INS0014,2025-09-21,3363,12.4333,41813.19,888.45,USD,MOCK_FEED
POS00500220250921,PORT005,INS0015,2025-09-21,2939,26.5693,78087.17,329.0,INR,MOCK_FEED
POS00500320250921,PORT005,INS0016,2025-09-21,2906,46.3666,134741.34,-3576.09,GBP,MOCK_FEED
POS00500420250921,PORT005,INS0017,2025-09-21,4723,129.7635,612873.01,-17887.63,USD,MOCK_FEED
POS00500520250921,PORT005,INS0018,2025-09-21,1984,48.6099,96442.04,3570.3,GBP,MOCK_FEED
POS00500620250921,PORT005,INS0019,2025-09-21,5000,17.4644,87322.0,599.78,EUR,MOCK_FEED
POS00500720250921,PORT005,INS0020,2025-09-21,2273,10.2101,23207.56,717.96,INR,MOCK_FEED
POS00500820250921,PORT005,INS0021,2025-09-21,4829,46.704,225533.62,7262.38,EUR,MOCK_FEED
POS00500920250921,PORT005,INS0022,2025-09-21,1320,44.9496,59333.47,-370.08,EUR,MOCK_FEED
POS00501020250921,PORT005,INS0023,2025-09-21,4368,53.2058,232402.93,4829.23,GBP,MOCK_FEED
POS00500120250922,PORT005,INS0014,2025-09-22,270,12.3382,3331.31,61.49,INR,MOCK_FEED
POS00500220250922,PORT005,INS0015,2025-09-22,4056,26.5556,107709.51,1199.71,EUR,MOCK_FEED
POS00500320250922,PORT005,INS0016,2025-09-22,1593,46.9259,74752.96,2064.44,INR,MOCK_FEED
POS00500420250922,PORT005,INS0017,2025-09-22,1863,128.6793,239729.54,-2466.83,EUR,MOCK_FEED
POS00500520250922,PORT005,INS0018,2025-09-22,899,48.4922,43594.49,-581.8,GBP,MOCK_FEED
POS00500620250922,PORT005,INS0019,2025-09-22,501,17.3706,8702.67,-41.05,EUR,MOCK_FEED
POS00500720250922,PORT005,INS0020,2025-09-22,1673,10.1196,16930.09,56.12,INR,MOCK_FEED
POS00500820250922,PORT005,INS0021,2025-09-22,4918,47.4032,233128.94,4826.9,USD,MOCK_FEED
POS00500920250922,PORT005,INS0022,2025-09-22,2905,44.5747,129489.5,1541.36,INR,MOCK_FEED
POS00501020250922,PORT005,INS0023,2025-09-22,4423,54.1775,239627.08,4950.36,USD,MOCK_FEED
POS00500120250923,PORT005,INS0014,2025-09-23,2325,12.1785,28315.01,-205.45,EUR,MOCK_FEED
POS00500220250923,PORT005,INS0015,2025-09-23,4121,26.4501,109000.86,-889.64,USD,MOCK_FEED
POS00500320250923,PORT005,INS0016,2025-09-23,3180,47.5334,151156.21,3054.76,GBP,MOCK_FEED
POS00500420250923,PORT005,INS0017,2025-09-23,2288,128.7106,294489.85,958.33,EUR,MOCK_FEED
POS00500520250923,PORT005,INS0018,2025-09-23,2979,48.4379,144296.5,-1641.2,GBP,MOCK_FEED
POS00500620250923,PORT005,INS0019,2025-09-23,3125,17.1968,53740.0,-1166.78,INR,MOCK_FEED
POS00500720250923,PORT005,INS0020,2025-09-23,2037,10.1287,20632.16,501.08,EUR,MOCK_FEED
POS00500820250923,PORT005,INS0021,2025-09-23,1546,48.3306,74719.11,2032.03,INR,MOCK_FEED
POS00500920250923,PORT005,INS0022,2025-09-23,1496,44.5174,66598.03,-138.93,USD,MOCK_FEED
POS00501020250923,PORT005,INS0023,2025-09-23,529,54.0952,28616.36,204.4,USD,MOCK_FEED
POS00500120250924,PORT005,INS0014,2025-09-24,1986,12.2149,24258.79,104.81,EUR,MOCK_FEED
POS00500220250924,PORT005,INS0015,2025-09-24,1440,26.3464,37938.82,1320.28,EUR,MOCK_FEED
POS00500320250924,PORT005,INS0016,2025-09-24,3546,47.4653,168311.95,4821.77,EUR,MOCK_FEED
POS00500420250924,PORT005,INS0017,2025-09-24,2128,128.547,273548.02,10317.77,USD,MOCK_FEED
POS00500520250924,PORT005,INS0018,2025-09-24,2700,48.114,129907.8,5166.0,USD,MOCK_FEED
POS00500620250924,PORT005,INS0019,2025-09-24,1871,17.3446,32451.75,156.25,GBP,MOCK_FEED
POS00500720250924,PORT005,INS0020,2025-09-24,4911,10.0606,49407.61,-898.7,GBP,MOCK_FEED
POS00500820250924,PORT005,INS0021,2025-09-24,2651,48.3092,128067.69,-610.52,USD,MOCK_FEED
POS00500920250924,PORT005,INS0022,2025-09-24,4100,44.2864,181574.24,-1023.96,EUR,MOCK_FEED
POS00501020250924,PORT005,INS0023,2025-09-24,4974,53.0197,263719.99,-5295.42,INR,MOCK_FEED
POS00500120250925,PORT005,INS0014,2025-09-25,1873,12.1675,22789.73,862.47,INR,MOCK_FEED
POS00500220250925,PORT005,INS0015,2025-09-25,2279,26.3638,60083.1,-1632.71,INR,MOCK_FEED
POS00500320250925,PORT005,INS0016,2025-09-25,2014,47.702,96071.83,-59.18,USD,MOCK_FEED
POS00500420250925,PORT005,INS0017,2025-09-25,1468,127.7726,187570.18,6441.49,EUR,MOCK_FEED
POS00500520250925,PORT005,INS0018,2025-09-25,1341,49.3575,66188.41,1797.61,GBP,MOCK_FEED
POS00500620250925,PORT005,INS0019,2025-09-25,1068,17.4939,18683.49,688.68,GBP,MOCK_FEED
POS00500720250925,PORT005,INS0020,2025-09-25,335,9.9799,3343.27,-25.47,GBP,MOCK_FEED
POS00500820250925,PORT005,INS0021,2025-09-25,1086,48.2523,52402.0,508.82,INR,MOCK_FEED
POS00500920250925,PORT005,INS0022,2025-09-25,4907,45.4232,222891.64,-3469.82,USD,MOCK_FEED
POS00501020250925,PORT005,INS0023,2025-09-25,4305,53.2426,229209.39,-5606.14,INR,MOCK_FEED
POS00500120250926,PORT005,INS0014,2025-09-26,1001,12.1195,12131.62,355.51,USD,MOCK_FEED
POS00500220250926,PORT005,INS0015,2025-09-26,691,25.9212,17911.55,627.69,EUR,MOCK_FEED
POS00500320250926,PORT005,INS0016,2025-09-26,360,47.3246,17036.86,234.03,GBP,MOCK_FEED
POS00500420250926,PORT005,INS0017,2025-09-26,524,127.9543,67048.05,2110.14,USD,MOCK_FEED
POS00500520250926,PORT005,INS0018,2025-09-26,1483,49.8168,73878.31,-231.95,GBP,MOCK_FEED
POS00500620250926,PORT005,INS0019,2025-09-26,1658,17.7551,29437.96,-76.32,INR,MOCK_FEED
POS00500720250926,PORT005,INS0020,2025-09-26,4388,10.089,44270.53,22.72,USD,MOCK_FEED
POS00500820250926,PORT005,INS0021,2025-09-26,1630,46.9218,76482.53,2655.58,GBP,MOCK_FEED
POS00500920250926,PORT005,INS0022,2025-09-26,4254,45.0364,191584.85,2832.07,EUR,MOCK_FEED
POS00501020250926,PORT005,INS0023,2025-09-26,2715,52.8802,143569.74,-3112.1,USD,MOCK_FEED
POS00500120250927,PORT005,INS0014,2025-09-27,2268,12.0336,27292.2,523.84,USD,MOCK_FEED
POS00500220250927,PORT005,INS0015,2025-09-27,4002,25.7949,103231.19,1103.64,INR,MOCK_FEED
POS00500320250927,PORT005,INS0016,2025-09-27,2015,47.0867,94879.7,3573.68,INR,MOCK_FEED
POS00500420250927,PORT005,INS0017,2025-09-27,2318,125.4998,290908.54,-6050.0,INR,MOCK_FEED
POS00500520250927,PORT005,INS0018,2025-09-27,4152,49.6487,206141.4,2173.13,GBP,MOCK_FEED
POS00500620250927,PORT005,INS0019,2025-09-27,4396,17.7288,77935.8,1591.08,USD,MOCK_FEED
POS00500720250927,PORT005,INS0020,2025-09-27,847,10.0758,8534.2,-73.81,EUR,MOCK_FEED
POS00500820250927,PORT005,INS0021,2025-09-27,3750,45.9431,172286.62,3487.72,USD,MOCK_FEED
POS00500920250927,PORT005,INS0022,2025-09-27,2425,46.275,112216.88,2297.18,GBP,MOCK_FEED
POS00501020250927,PORT005,INS0023,2025-09-27,171,52.5657,8988.73,-142.95,EUR,MOCK_FEED
POS00500120250928,PORT005,INS0014,2025-09-28,4158,12.3146,51204.11,1412.84,INR,MOCK_FEED
POS00500220250928,PORT005,INS0015,2025-09-28,1854,25.5892,47442.38,-787.06,GBP,MOCK_FEED
POS00500320250928,PORT005,INS0016,2025-09-28,1707,46.1152,78718.65,926.49,EUR,MOCK_FEED
POS00500420250928,PORT005,INS0017,2025-09-28,3964,124.2889,492681.2,12834.75,EUR,MOCK_FEED
POS00500520250928,PORT005,INS0018,2025-09-28,2667,50.0139,133387.07,2831.15,GBP,MOCK_FEED
POS00500620250928,PORT005,INS0019,2025-09-28,3878,17.2087,66735.34,634.72,EUR,MOCK_FEED
POS00500720250928,PORT005,INS0020,2025-09-28,2945,10.0362,29556.61,111.65,INR,MOCK_FEED
POS00500820250928,PORT005,INS0021,2025-09-28,1478,45.5856,67375.52,1689.67,INR,MOCK_FEED
POS00500920250928,PORT005,INS0022,2025-09-28,3213,46.1729,148353.53,-2497.55,EUR,MOCK_FEED
POS00501020250928,PORT005,INS0023,2025-09-28,3715,52.9084,196554.71,4829.86,GBP,MOCK_FEED
POS00500120250929,PORT005,INS0014,2025-09-29,1469,12.1477,17844.97,-0.13,USD,MOCK_FEED
POS00500220250929,PORT005,INS0015,2025-09-29,287,25.5895,7344.19,-78.11,INR,MOCK_FEED
POS00500320250929,PORT005,INS0016,2025-09-29,3301,45.9779,151773.05,683.24,EUR,MOCK_FEED
POS00500420250929,PORT005,INS0017,2025-09-29,3146,122.0607,384002.96,-8141.64,USD,MOCK_FEED
POS00500520250929,PORT005,INS0018,2025-09-29,237,49.7447,11789.49,161.43,EUR,MOCK_FEED
POS00500620250929,PORT005,INS0019,2025-09-29,2281,17.5001,39917.73,93.97,GBP,MOCK_FEED
POS00500720250929,PORT005,INS0020,2025-09-29,928,10.0757,9350.25,-231.87,EUR,MOCK_FEED
POS00500820250929,PORT005,INS0021,2025-09-29,3844,45.805,176074.42,-4938.3,GBP,MOCK_FEED
POS00500920250929,PORT005,INS0022,2025-09-29,1681,46.0044,77333.4,17.19,EUR,MOCK_FEED
POS00501020250929,PORT005,INS0023,2025-09-29,2987,53.4659,159702.64,-590.89,GBP,MOCK_FEED
POS00500120250930,PORT005,INS0014,2025-09-30,2918,12.1068,35327.64,224.22,INR,MOCK_FEED
POS00500220250930,PORT005,INS0015,2025-09-30,4581,26.0955,119543.49,2008.62,EUR,MOCK_FEED
POS00500320250930,PORT005,INS0016,2025-09-30,3201,45.8114,146642.29,5722.06,USD,MOCK_FEED
POS00500420250930,PORT005,INS0017,2025-09-30,1062,124.8929,132636.26,-3432.7,USD,MOCK_FEED
POS00500520250930,PORT005,INS0018,2025-09-30,4320,49.0205,211768.56,656.12,INR,MOCK_FEED
POS00500620250930,PORT005,INS0019,2025-09-30,3130,17.584,55037.92,866.99,USD,MOCK_FEED
POS00500720250930,PORT005,INS0020,2025-09-30,1929,10.0385,19364.27,-182.3,GBP,MOCK_FEED
POS00500820250930,PORT005,INS0021,2025-09-30,1937,45.7976,88709.95,1803.69,GBP,MOCK_FEED
POS00500920250930,PORT005,INS0022,2025-09-30,492,46.6474,22950.52,147.95,USD,MOCK_FEED
POS00501020250930,PORT005,INS0023,2025-09-30,2075,53.8526,111744.15,189.36,EUR,MOCK_FEED
POS00500120251001,PORT005,INS0014,2025-10-01,2596,12.1197,31462.74,-46.63,USD,MOCK_FEED
POS00500220251001,PORT005,INS0015,2025-10-01,3311,25.8533,85600.28,1236.25,USD,MOCK_FEED
POS00500320251001,PORT005,INS0016,2025-10-01,2766,44.938,124298.51,4396.88,USD,MOCK_FEED
POS00500420251001,PORT005,INS0017,2025-10-01,1126,125.4497,141256.36,2506.72,EUR,MOCK_FEED
POS00500520251001,PORT005,INS0018,2025-10-01,4548,49.1761,223652.9,6699.31,USD,MOCK_FEED
POS00500620251001,PORT005,INS0019,2025-10-01,4098,17.5319,71845.73,-286.45,INR,MOCK_FEED
POS00500720251001,PORT005,INS0020,2025-10-01,4621,9.8978,45737.73,1814.09,EUR,MOCK_FEED
POS00500820251001,PORT005,INS0021,2025-10-01,1291,45.3263,58516.25,-297.61,GBP,MOCK_FEED
POS00500920251001,PORT005,INS0022,2025-10-01,4889,46.9512,229544.42,-5056.35,USD,MOCK_FEED
POS00501020251001,PORT005,INS0023,2025-10-01,3151,54.226,170866.13,1032.74,EUR,MOCK_FEED
POS00500120251002,PORT005,INS0014,2025-10-02,2409,12.3691,29797.16,216.24,EUR,MOCK_FEED
POS00500220251002,PORT005,INS0015,2025-10-02,4950,25.5107,126277.96,3377.68,INR,MOCK_FEED
POS00500320251002,PORT005,INS0016,2025-10-02,631,45.2831,28573.64,804.89,INR,MOCK_FEED
POS00500420251002,PORT005,INS0017,2025-10-02,3567,126.9983,453002.94,14707.07,USD,MOCK_FEED
POS00500520251002,PORT005,INS0018,2025-10-02,2793,49.8695,139285.51,-3842.06,USD,MOCK_FEED
POS00500620251002,PORT005,INS0019,2025-10-02,3490,17.4399,60865.25,2363.47,GBP,MOCK_FEED
POS00500720251002,PORT005,INS0020,2025-10-02,4164,9.937,41377.67,-403.9,GBP,MOCK_FEED
POS00500820251002,PORT005,INS0021,2025-10-02,160,45.2838,7245.41,23.99,GBP,MOCK_FEED
POS00500920251002,PORT005,INS0022,2025-10-02,1970,46.2421,91096.94,2418.87,EUR,MOCK_FEED
POS00501020251002,PORT005,INS0023,2025-10-02,3537,54.2267,191799.84,6175.53,INR,MOCK_FEED
POS00500120251003,PORT005,INS0014,2025-10-03,117,12.4564,1457.4,8.57,EUR,MOCK_FEED
POS00500220251003,PORT005,INS0015,2025-10-03,626,25.5576,15999.06,625.24,USD,MOCK_FEED
POS00500320251003,PORT005,INS0016,2025-10-03,630,44.949,28317.87,-282.68,GBP,MOCK_FEED
POS00500420251003,PORT005,INS0017,2025-10-03,2525,128.4861,324427.4,-4142.65,EUR,MOCK_FEED
POS00500520251003,PORT005,INS0018,2025-10-03,3277,50.5029,165498.0,806.72,GBP,MOCK_FEED
POS00500620251003,PORT005,INS0019,2025-10-03,1016,17.3918,17670.07,-451.28,INR,MOCK_FEED
POS00500720251003,PORT005,INS0020,2025-10-03,2534,10.1806,25797.64,-530.43,USD,MOCK_FEED
POS00500820251003,PORT005,INS0021,2025-10-03,1885,46.2036,87093.79,-947.75,USD,MOCK_FEED
POS00500920251003,PORT005,INS0022,2025-10-03,2232,46.3218,103390.26,364.06,INR,MOCK_FEED
POS00501020251003,PORT005,INS0023,2025-10-03,4196,54.8327,230078.01,3451.9,USD,MOCK_FEED
POS00500120251004,PORT005,INS0014,2025-10-04,163,12.0054,1956.88,10.7,GBP,MOCK_FEED
POS00500220251004,PORT005,INS0015,2025-10-04,3191,25.1711,80320.98,-290.73,INR,MOCK_FEED
POS00500320251004,PORT005,INS0016,2025-10-04,478,45.6764,21833.32,412.15,INR,MOCK_FEED
POS00500420251004,PORT005,INS0017,2025-10-04,4288,126.8226,543815.31,21057.17,EUR,MOCK_FEED
POS00500520251004,PORT005,INS0018,2025-10-04,996,49.9784,49778.49,-448.16,EUR,MOCK_FEED
POS00500620251004,PORT005,INS0019,2025-10-04,1227,17.4944,21465.63,559.95,GBP,MOCK_FEED
POS00500720251004,PORT005,INS0020,2025-10-04,3553,10.0864,35836.98,-550.48,USD,MOCK_FEED
POS00500820251004,PORT005,INS0021,2025-10-04,4374,46.5066,203419.87,2038.44,GBP,MOCK_FEED
POS00500920251004,PORT005,INS0022,2025-10-04,2226,46.9231,104450.82,-643.84,EUR,MOCK_FEED
POS00501020251004,PORT005,INS0023,2025-10-04,1423,55.3935,78824.95,295.62,GBP,MOCK_FEED
POS00500120251005,PORT005,INS0014,2025-10-05,2661,12.1794,32409.38,917.93,USD,MOCK_FEED
POS00500220251005,PORT005,INS0015,2025-10-05,4770,25.1824,120120.05,-438.01,EUR,MOCK_FEED
POS00500320251005,PORT005,INS0016,2025-10-05,4199,45.595,191453.4,6895.42,INR,MOCK_FEED
POS00500420251005,PORT005,INS0017,2025-10-05,3658,126.5662,462979.16,-591.07,GBP,MOCK_FEED
POS00500520251005,PORT005,INS0018,2025-10-05,1802,50.3257,90686.91,3521.76,EUR,MOCK_FEED
POS00500620251005,PORT005,INS0019,2025-10-05,2342,17.5778,41167.21,1126.59,GBP,MOCK_FEED
POS00500720251005,PORT005,INS0020,2025-10-05,2219,10.1048,22422.55,720.14,EUR,MOCK_FEED
POS00500820251005,PORT005,INS0021,2025-10-05,545,47.1917,25719.48,569.3,GBP,MOCK_FEED
POS00500920251005,PORT005,INS0022,2025-10-05,3248,46.3506,150546.75,1487.27,GBP,MOCK_FEED
POS00501020251005,PORT005,INS0023,2025-10-05,2143,54.8637,117572.91,-2798.58,GBP,MOCK_FEED
POS00500120251006,PORT005,INS0014,2025-10-06,1953,12.0815,23595.17,855.02,INR,MOCK_FEED
POS00500220251006,PORT005,INS0015,2025-10-06,194,25.212,4891.13,-122.27,EUR,MOCK_FEED
POS00500320251006,PORT005,INS0016,2025-10-06,1939,45.4974,88219.46,2120.45,EUR,MOCK_FEED
POS00500420251006,PORT005,INS0017,2025-10-06,1612,125.8287,202835.86,6592.51,USD,MOCK_FEED
POS00500520251006,PORT005,INS0018,2025-10-06,1156,49.796,57564.18,-559.06,GBP,MOCK_FEED
POS00500620251006,PORT005,INS0019,2025-10-06,1560,17.5232,27336.19,385.1,INR,MOCK_FEED
POS00500720251006,PORT005,INS0020,2025-10-06,1895,10.1804,19291.86,-30.91,EUR,MOCK_FEED
POS00500820251006,PORT005,INS0021,2025-10-06,3179,47.7284,151728.58,682.6,USD,MOCK_FEED
POS00500920251006,PORT005,INS0022,2025-10-06,455,45.8883,20879.18,-61.22,USD,MOCK_FEED
POS00501020251006,PORT005,INS0023,2025-10-06,305,54.7169,16688.65,524.0,EUR,MOCK_FEED
POS00500120251007,PORT005,INS0014,2025-10-07,2716,12.1694,33052.09,450.7,USD,MOCK_FEED
POS00500220251007,PORT005,INS0015,2025-10-07,3437,25.3081,86983.94,-610.53,INR,MOCK_FEED
POS00500320251007,PORT005,INS0016,2025-10-07,4914,45.0359,221306.41,3701.76,GBP,MOCK_FEED
POS00500420251007,PORT005,INS0017,2025-10-07,1512,124.9301,188894.31,-2992.61,EUR,MOCK_FEED
POS00500520251007,PORT005,INS0018,2025-10-07,3244,49.2723,159839.34,5409.71,EUR,MOCK_FEED
POS00500620251007,PORT005,INS0019,2025-10-07,2794,17.8638,49911.46,-856.12,USD,MOCK_FEED
POS00500720251007,PORT005,INS0020,2025-10-07,1700,10.0275,17046.75,-293.15,EUR,MOCK_FEED
POS00500820251007,PORT005,INS0021,2025-10-07,4665,47.3878,221064.09,7895.42,INR,MOCK_FEED
POS00500920251007,PORT005,INS0022,2025-10-07,657,45.0705,29611.32,-433.95,INR,MOCK_FEED
POS00501020251007,PORT005,INS0023,2025-10-07,3491,54.689,190919.3,2982.12,EUR,MOCK_FEED
POS00500120251008,PORT005,INS0014,2025-10-08,1711,12.0133,20554.76,147.25,EUR,MOCK_FEED
POS00500220251008,PORT005,INS0015,2025-10-08,4346,25.0983,109077.21,-991.99,GBP,MOCK_FEED
POS00500320251008,PORT005,INS0016,2025-10-08,4299,45.1514,194105.87,5274.29,INR,MOCK_FEED
POS00500420251008,PORT005,INS0017,2025-10-08,4741,124.3889,589727.77,21436.51,USD,MOCK_FEED
POS00500520251008,PORT005,INS0018,2025-10-08,4740,49.4295,234295.83,8239.16,GBP,MOCK_FEED
POS00500620251008,PORT005,INS0019,2025-10-08,1891,17.5973,33276.49,-66.65,GBP,MOCK_FEED
POS00500720251008,PORT005,INS0020,2025-10-08,2356,10.0258,23620.78,-492.76,EUR,MOCK_FEED
POS00500820251008,PORT005,INS0021,2025-10-08,3305,47.6513,157487.55,-2256.8,EUR,MOCK_FEED
POS00500920251008,PORT005,INS0022,2025-10-08,3444,44.6802,153878.61,-889.92,INR,MOCK_FEED
POS00501020251008,PORT005,INS0023,2025-10-08,3685,54.2703,199986.06,-5646.94,USD,MOCK_FEED
POS00500120251009,PORT005,INS0014,2025-10-09,2992,11.8436,35436.05,135.37,USD,MOCK_FEED
POS00500220251009,PORT005,INS0015,2025-10-09,2664,25.3222,67458.34,418.92,GBP,MOCK_FEED
POS00500320251009,PORT005,INS0016,2025-10-09,841,45.9299,38627.05,-693.34,EUR,MOCK_FEED
POS00500420251009,PORT005,INS0017,2025-10-09,3528,125.3686,442300.42,17621.99,USD,MOCK_FEED
POS00500520251009,PORT005,INS0018,2025-10-09,1456,50.3803,73353.72,-1501.39,GBP,MOCK_FEED
POS00500620251009,PORT005,INS0019,2025-10-09,4705,17.6828,83197.57,-860.22,INR,MOCK_FEED
POS00500720251009,PORT005,INS0020,2025-10-09,2762,10.1425,28013.58,338.14,USD,MOCK_FEED
POS00500820251009,PORT005,INS0021,2025-10-09,2801,47.6023,133334.04,1461.06,INR,MOCK_FEED
POS00500920251009,PORT005,INS0022,2025-10-09,625,45.4288,28393.0,1031.57,USD,MOCK_FEED
POS00501020251009,PORT005,INS0023,2025-10-09,3672,55.5626,204025.87,7530.98,GBP,MOCK_FEED
POS00500120251010,PORT005,INS0014,2025-10-10,428,11.9213,5102.32,-146.68,GBP,MOCK_FEED
POS00500220251010,PORT005,INS0015,2025-10-10,2898,25.0599,72623.59,2744.56,GBP,MOCK_FEED
POS00500320251010,PORT005,INS0016,2025-10-10,3052,45.4986,138861.73,-1327.53,GBP,MOCK_FEED
POS00500420251010,PORT005,INS0017,2025-10-10,2374,122.6146,291087.06,10017.18,INR,MOCK_FEED
POS00500520251010,PORT005,INS0018,2025-10-10,350,51.8305,18140.67,-82.4,USD,MOCK_FEED
POS00500620251010,PORT005,INS0019,2025-10-10,4110,17.8521,73372.13,1689.1,EUR,MOCK_FEED
POS00500720251010,PORT005,INS0020,2025-10-10,3754,10.0493,37725.07,-779.84,USD,MOCK_FEED
POS00500820251010,PORT005,INS0021,2025-10-10,2330,47.2268,110038.44,-2.75,GBP,MOCK_FEED
POS00500920251010,PORT005,INS0022,2025-10-10,2127,45.0012,95717.55,-2554.81,USD,MOCK_FEED
POS00501020251010,PORT005,INS0023,2025-10-10,3678,55.6672,204743.96,3907.44,USD,MOCK_FEED
POS00500120251011,PORT005,INS0014,2025-10-11,1148,11.8812,13639.62,531.45,INR,MOCK_FEED
POS00500220251011,PORT005,INS0015,2025-10-11,270,25.7916,6963.73,28.53,EUR,MOCK_FEED
POS00500320251011,PORT005,INS0016,2025-10-11,4672,45.1049,210730.09,608.71,USD,MOCK_FEED
POS00500420251011,PORT005,INS0017,2025-10-11,3786,123.5229,467657.7,2717.95,EUR,MOCK_FEED
POS00500520251011,PORT005,INS0018,2025-10-11,4876,51.5058,251142.28,7974.07,INR,MOCK_FEED
POS00500620251011,PORT005,INS0019,2025-10-11,996,17.6652,17594.54,-347.1,USD,MOCK_FEED
POS00500720251011,PORT005,INS0020,2025-10-11,1302,10.1307,13190.17,477.8,GBP,MOCK_FEED
POS00500820251011,PORT005,INS0021,2025-10-11,1436,47.3778,68034.52,-182.85,INR,MOCK_FEED
POS00500920251011,PORT005,INS0022,2025-10-11,3898,44.9205,175100.11,1984.56,USD,MOCK_FEED
POS00501020251011,PORT005,INS0023,2025-10-11,1814,55.0308,99825.87,1199.75,USD,MOCK_FEED
POS00500120251012,PORT005,INS0014,2025-10-12,1478,11.858,17526.12,636.38,INR,MOCK_FEED
POS00500220251012,PORT005,INS0015,2025-10-12,2412,26.0366,62800.28,-556.94,EUR,MOCK_FEED
POS00500320251012,PORT005,INS0016,2025-10-12,1760,44.8572,78948.67,1656.73,GBP,MOCK_FEED
POS00500420251012,PORT005,INS0017,2025-10-12,2910,125.0518,363900.74,-9350.85,USD,MOCK_FEED
POS00500520251012,PORT005,INS0018,2025-10-12,2539,51.9742,131962.49,-902.08,INR,MOCK_FEED
POS00500620251012,PORT005,INS0019,2025-10-12,3820,17.7734,67894.39,-1883.92,GBP,MOCK_FEED
POS00500720251012,PORT005,INS0020,2025-10-12,2437,9.9598,24272.03,416.76,INR,MOCK_FEED
POS00500820251012,PORT005,INS0021,2025-10-12,3652,47.1021,172016.87,2148.57,USD,MOCK_FEED
POS00500920251012,PORT005,INS0022,2025-10-12,3166,45.1815,143044.63,3072.4,EUR,MOCK_FEED
POS00501020251012,PORT005,INS0023,2025-10-12,1242,54.0545,67135.69,86.87,USD,MOCK_FEED
POS00500120251013,PORT005,INS0014,2025-10-13,441,11.908,5251.43,-116.01,EUR,MOCK_FEED
POS00500220251013,PORT005,INS0015,2025-10-13,4100,25.954,106411.4,2716.7,EUR,MOCK_FEED
POS00500320251013,PORT005,INS0016,2025-10-13,900,44.7488,40273.92,863.09,EUR,MOCK_FEED
POS00500420251013,PORT005,INS0017,2025-10-13,3872,125.455,485761.76,17296.61,GBP,MOCK_FEED
POS00500520251013,PORT005,INS0018,2025-10-13,1791,53.1504,95192.37,125.02,GBP,MOCK_FEED
POS00500620251013,PORT005,INS0019,2025-10-13,704,17.8918,12595.83,343.64,EUR,MOCK_FEED
POS00500720251013,PORT005,INS0020,2025-10-13,4649,9.9535,46273.82,-350.95,USD,MOCK_FEED
POS00500820251013,PORT005,INS0021,2025-10-13,782,47.5759,37204.35,-1074.56,INR,MOCK_FEED
POS00500920251013,PORT005,INS0022,2025-10-13,4987,44.7039,222938.35,-1083.28,GBP,MOCK_FEED
POS00501020251013,PORT005,INS0023,2025-10-13,3871,54.26,210040.46,5465.02,USD,MOCK_FEED
POS00500120251014,PORT005,INS0014,2025-10-14,4307,11.7183,50470.72,81.72,USD,MOCK_FEED
POS00500220251014,PORT005,INS0015,2025-10-14,4252,26.1484,111183.0,2924.6,EUR,MOCK_FEED
POS00500320251014,PORT005,INS0016,2025-10-14,2132,45.1392,96236.77,2299.58,GBP,MOCK_FEED
POS00500420251014,PORT005,INS0017,2025-10-14,4047,124.0673,502100.36,-8370.23,GBP,MOCK_FEED
POS00500520251014,PORT005,INS0018,2025-10-14,2477,52.8711,130961.71,-3578.48,GBP,MOCK_FEED
POS00500620251014,PORT005,INS0019,2025-10-14,2088,17.4116,36355.42,22.59,EUR,MOCK_FEED
POS00500720251014,PORT005,INS0020,2025-10-14,767,10.0623,7717.78,-141.83,INR,MOCK_FEED
POS00500820251014,PORT005,INS0021,2025-10-14,1535,47.1869,72431.89,-930.36,EUR,MOCK_FEED
POS00500920251014,PORT005,INS0022,2025-10-14,1997,44.402,88670.79,-677.71,INR,MOCK_FEED
POS00501020251014,PORT005,INS0023,2025-10-14,4869,53.4543,260268.99,-5192.85,USD,MOCK_FEED
POS00500120251015,PORT005,INS0014,2025-10-15,1291,11.8042,15239.22,-111.81,USD,MOCK_FEED
POS00500220251015,PORT005,INS0015,2025-10-15,4633,26.1367,121091.33,3889.5,INR,MOCK_FEED
POS00500320251015,PORT005,INS0016,2025-10-15,346,44.819,15507.37,-130.49,GBP,MOCK_FEED
POS00500420251015,PORT005,INS0017,2025-10-15,4840,123.6718,598571.51,-14733.39,EUR,MOCK_FEED
POS00500520251015,PORT005,INS0018,2025-10-15,4171,53.466,223006.69,6357.05,GBP,MOCK_FEED
POS00500620251015,PORT005,INS0019,2025-10-15,537,17.3998,9343.69,261.38,USD,MOCK_FEED
POS00500720251015,PORT005,INS0020,2025-10-15,801,10.3329,8276.65,311.77,GBP,MOCK_FEED
POS00500820251015,PORT005,INS0021,2025-10-15,1074,47.3225,50824.36,515.58,INR,MOCK_FEED
POS00500920251015,PORT005,INS0022,2025-10-15,4483,44.9936,201706.31,220.77,EUR,MOCK_FEED
POS00501020251015,PORT005,INS0023,2025-10-15,3054,53.7151,164045.92,-1118.65,USD,MOCK_FEED
POS00500120251016,PORT005,INS0014,2025-10-16,4697,11.7974,55412.39,-84.39,GBP,MOCK_FEED
POS00500220251016,PORT005,INS0015,2025-10-16,3243,26.0113,84354.65,-2453.62,USD,MOCK_FEED
POS00500320251016,PORT005,INS0016,2025-10-16,883,44.0737,38917.08,236.41,INR,MOCK_FEED
POS00500420251016,PORT005,INS0017,2025-10-16,462,125.2645,57872.2,126.96,USD,MOCK_FEED
POS00500520251016,PORT005,INS0018,2025-10-16,1443,53.935,77828.21,-586.65,USD,MOCK_FEED
POS00500620251016,PORT005,INS0019,2025-10-16,994,17.1368,17033.98,599.69,GBP,MOCK_FEED
POS00500720251016,PORT005,INS0020,2025-10-16,3774,10.2508,38686.52,912.94,INR,MOCK_FEED
POS00500820251016,PORT005,INS0021,2025-10-16,3080,47.5324,146399.79,4317.23,USD,MOCK_FEED
POS00500920251016,PORT005,INS0022,2025-10-16,2794,45.0799,125953.24,1664.04,INR,MOCK_FEED
POS00501020251016,PORT005,INS0023,2025-10-16,4732,53.8622,254875.93,-1023.57,INR,MOCK_FEED
POS00500120251017,PORT005,INS0014,2025-10-17,4885,11.8938,58101.21,-1593.95,GBP,MOCK_FEED
POS00500220251017,PORT005,INS0015,2025-10-17,4382,26.6921,116964.78,14.6,USD,MOCK_FEED
POS00500320251017,PORT005,INS0016,2025-10-17,1308,43.7371,57208.13,1027.26,USD,MOCK_FEED
POS00500420251017,PORT005,INS0017,2025-10-17,2353,127.8314,300787.28,10839.27,INR,MOCK_FEED
POS00500520251017,PORT005,INS0018,2025-10-17,1247,53.7226,66992.08,118.58,EUR,MOCK_FEED
POS00500620251017,PORT005,INS0019,2025-10-17,1062,17.2777,18348.92,642.7,USD,MOCK_FEED
POS00500720251017,PORT005,INS0020,2025-10-17,1194,10.2624,12253.31,210.71,GBP,MOCK_FEED
POS00500820251017,PORT005,INS0021,2025-10-17,2018,46.5229,93883.21,2776.41,USD,MOCK_FEED
POS00500920251017,PORT005,INS0022,2025-10-17,2992,44.604,133455.17,-5.55,USD,MOCK_FEED
POS00501020251017,PORT005,INS0023,2025-10-17,3385,54.2086,183496.11,4520.63,EUR,MOCK_FEED
POS00500120251018,PORT005,INS0014,2025-10-18,4115,11.7185,48221.63,1304.98,INR,MOCK_FEED
POS00500220251018,PORT005,INS0015,2025-10-18,2070,26.6145,55092.01,-155.05,GBP,MOCK_FEED
POS00500320251018,PORT005,INS0016,2025-10-18,2830,44.4126,125687.66,-3028.5,USD,MOCK_FEED
POS00500420251018,PORT005,INS0017,2025-10-18,4958,125.0132,619815.45,23816.06,INR,MOCK_FEED
POS00500520251018,PORT005,INS0018,2025-10-18,4735,54.2361,256807.93,-2102.72,USD,MOCK_FEED
POS00500620251018,PORT005,INS0019,2025-10-18,2793,17.3152,48361.35,769.92,GBP,MOCK_FEED
POS00500720251018,PORT005,INS0020,2025-10-18,4780,10.4059,49740.2,-1010.3,USD,MOCK_FEED
POS00500820251018,PORT005,INS0021,2025-10-18,3838,45.755,175607.69,-2659.12,INR,MOCK_FEED
POS00500920251018,PORT005,INS0022,2025-10-18,869,45.6623,39680.54,1449.51,USD,MOCK_FEED
POS00501020251018,PORT005,INS0023,2025-10-18,2987,53.3504,159357.64,5288.62,USD,MOCK_FEED
POS00500120251019,PORT005,INS0014,2025-10-19,1906,11.8661,22616.79,147.38,EUR,MOCK_FEED
POS00500220251019,PORT005,INS0015,2025-10-19,4871,26.1543,127397.6,1976.05,INR,MOCK_FEED
POS00500320251019,PORT005,INS0016,2025-10-19,4556,44.5162,202815.81,-5888.96,USD,MOCK_FEED
POS00500420251019,PORT005,INS0017,2025-10-19,3553,126.0881,447991.02,-11894.38,EUR,MOCK_FEED
POS00500520251019,PORT005,INS0018,2025-10-19,1467,55.5404,81477.77,-921.66,GBP,MOCK_FEED
POS00500620251019,PORT005,INS0019,2025-10-19,4461,17.5391,78241.93,-1947.93,EUR,MOCK_FEED
POS00500720251019,PORT005,INS0020,2025-10-19,2693,10.3473,27865.28,637.87,GBP,MOCK_FEED
POS00500820251019,PORT005,INS0021,2025-10-19,2093,46.5376,97403.2,-312.9,GBP,MOCK_FEED
POS00500920251019,PORT005,INS0022,2025-10-19,4574,46.131,211003.19,8194.14,GBP,MOCK_FEED
POS00501020251019,PORT005,INS0023,2025-10-19,796,53.3294,42450.2,880.87,INR,MOCK_FEED
POS00500120251020,PORT005,INS0014,2025-10-20,1714,11.4738,19666.09,526.1,EUR,MOCK_FEED
POS00500220251020,PORT005,INS0015,2025-10-20,884,26.0611,23038.01,207.02,EUR,MOCK_FEED
POS00500320251020,PORT005,INS0016,2025-10-20,4458,44.5926,198793.81,-3767.68,USD,MOCK_FEED
POS00500420251020,PORT005,INS0017,2025-10-20,2158,128.4335,277159.49,-4143.11,GBP,MOCK_FEED
POS00500520251020,PORT005,INS0018,2025-10-20,3267,56.0753,183198.01,-3275.58,EUR,MOCK_FEED
POS00500620251020,PORT005,INS0019,2025-10-20,1139,17.2064,19598.09,-257.58,INR,MOCK_FEED
POS00500720251020,PORT005,INS0020,2025-10-20,1661,10.4472,17352.8,-249.64,USD,MOCK_FEED
POS00500820251020,PORT005,INS0021,2025-10-20,3346,46.3661,155140.97,3587.81,USD,MOCK_FEED
POS00500920251020,PORT005,INS0022,2025-10-20,4186,45.698,191291.83,-4622.19,INR,MOCK_FEED
POS00501020251020,PORT005,INS0023,2025-10-20,403,54.1698,21830.43,327.23,USD,MOCK_FEED
POS00500120251021,PORT005,INS0014,2025-10-21,1887,11.435,21577.85,249.22,GBP,MOCK_FEED
POS00500220251021,PORT005,INS0015,2025-10-21,4784,25.8857,123837.19,3681.53,USD,MOCK_FEED
POS00500320251021,PORT005,INS0016,2025-10-21,360,44.3754,15975.14,571.17,USD,MOCK_FEED
POS00500420251021,PORT005,INS0017,2025-10-21,144,127.8816,18414.95,736.33,INR,MOCK_FEED
POS00500520251021,PORT005,INS0018,2025-10-21,3395,56.8132,192880.81,6782.18,GBP,MOCK_FEED
POS00500620251021,PORT005,INS0019,2025-10-21,1436,17.3324,24889.33,202.22,GBP,MOCK_FEED
POS00500720251021,PORT005,INS0020,2025-10-21,1336,10.3503,13828.0,-267.4,INR,MOCK_FEED
POS00500820251021,PORT005,INS0021,2025-10-21,1031,46.6386,48084.4,-701.14,USD,MOCK_FEED
POS00500920251021,PORT005,INS0022,2025-10-21,4441,45.2482,200947.26,7382.89,INR,MOCK_FEED
POS00501020251021,PORT005,INS0023,2025-10-21,2909,53.9255,156869.28,211.32,USD,MOCK_FEED
POS00500120251022,PORT005,INS0014,2025-10-22,825,11.6147,9582.13,278.46,EUR,MOCK_FEED
POS00500220251022,PORT005,INS0015,2025-10-22,422,26.3751,11130.29,-211.43,USD,MOCK_FEED
POS00500320251022,PORT005,INS0016,2025-10-22,791,43.8483,34684.01,58.71,EUR,MOCK_FEED
POS00500420251022,PORT005,INS0017,2025-10-22,1742,127.9854,222950.57,6522.8,USD,MOCK_FEED
POS00500520251022,PORT005,INS0018,2025-10-22,2092,57.1552,119568.68,-2649.5,EUR,MOCK_FEED
POS00500620251022,PORT005,INS0019,2025-10-22,4354,17.3229,75423.91,-1466.7,INR,MOCK_FEED
POS00500720251022,PORT005,INS0020,2025-10-22,3478,10.3565,36019.91,397.86,EUR,MOCK_FEED
POS00500820251022,PORT005,INS0021,2025-10-22,2631,46.7144,122905.59,-1391.15,INR,MOCK_FEED
POS00500920251022,PORT005,INS0022,2025-10-22,1851,44.2629,81930.63,3061.15,EUR,MOCK_FEED
POS00501020251022,PORT005,INS0023,2025-10-22,4800,53.8252,258360.96,389.67,GBP,MOCK_FEED
POS00500120251023,PORT005,INS0014,2025-10-23,1318,11.4981,15154.5,44.82,INR,MOCK_FEED
POS00500220251023,PORT005,INS0015,2025-10-23,3536,26.3507,93176.08,3513.34,GBP,MOCK_FEED
POS00500320251023,PORT005,INS0016,2025-10-23,2335,43.8503,102390.45,652.79,USD,MOCK_FEED
POS00500420251023,PORT005,INS0017,2025-10-23,3767,128.3447,483474.48,-10535.75,USD,MOCK_FEED
POS00500520251023,PORT005,INS0018,2025-10-23,4814,56.3765,271396.47,-1750.95,INR,MOCK_FEED
POS00500620251023,PORT005,INS0019,2025-10-23,3333,17.2865,57615.9,1947.6,EUR,MOCK_FEED
POS00500720251023,PORT005,INS0020,2025-10-23,3516,10.4784,36842.05,600.14,GBP,MOCK_FEED
POS00500820251023,PORT005,INS0021,2025-10-23,3699,47.2794,174886.5,-3832.49,INR,MOCK_FEED
POS00500920251023,PORT005,INS0022,2025-10-23,3946,44.0828,173950.73,4339.7,INR,MOCK_FEED
POS00501020251023,PORT005,INS0023,2025-10-23,2810,54.1322,152111.48,-238.78,INR,MOCK_FEED
POS00500120251024,PORT005,INS0014,2025-10-24,3583,11.3264,40582.49,-116.44,INR,MOCK_FEED
POS00500220251024,PORT005,INS0015,2025-10-24,390,26.3232,10266.05,207.66,GBP,MOCK_FEED
POS00500320251024,PORT005,INS0016,2025-10-24,4961,43.5026,215816.4,8568.71,USD,MOCK_FEED
POS00500420251024,PORT005,INS0017,2025-10-24,1013,128.4317,130101.31,-1536.17,INR,MOCK_FEED
POS00500520251024,PORT005,INS0018,2025-10-24,2993,57.5237,172168.43,4691.9,USD,MOCK_FEED
POS00500620251024,PORT005,INS0019,2025-10-24,1367,17.6246,24092.83,-625.04,EUR,MOCK_FEED
POS00500720251024,PORT005,INS0020,2025-10-24,3290,10.6075,34898.68,-1007.92,INR,MOCK_FEED
POS00500820251024,PORT005,INS0021,2025-10-24,4346,46.8545,203629.66,-3131.97,GBP,MOCK_FEED
POS00500920251024,PORT005,INS0022,2025-10-24,1474,44.0001,64856.15,2494.01,INR,MOCK_FEED
POS00501020251024,PORT005,INS0023,2025-10-24,4029,54.8635,221045.04,6445.51,EUR,MOCK_FEED
POS00500120251025,PORT005,INS0014,2025-10-25,3179,11.4006,36242.51,-113.29,EUR,MOCK_FEED
POS00500220251025,PORT005,INS0015,2025-10-25,1388,26.3889,36627.79,335.41,GBP,MOCK_FEED
POS00500320251025,PORT005,INS0016,2025-10-25,4106,43.8006,179845.26,-1776.93,INR,MOCK_FEED
POS00500420251025,PORT005,INS0017,2025-10-25,2435,127.7894,311167.19,3012.17,USD,MOCK_FEED
POS00500520251025,PORT005,INS0018,2025-10-25,3231,57.0295,184262.31,564.72,GBP,MOCK_FEED
POS00500620251025,PORT005,INS0019,2025-10-25,3955,17.9288,70908.4,-1461.56,GBP,MOCK_FEED
POS00500720251025,PORT005,INS0020,2025-10-25,3235,10.768,34834.48,87.68,GBP,MOCK_FEED
POS00500820251025,PORT005,INS0021,2025-10-25,1013,46.5668,47172.17,-719.85,GBP,MOCK_FEED
POS00500920251025,PORT005,INS0022,2025-10-25,4052,44.2495,179298.97,555.83,INR,MOCK_FEED
POS00501020251025,PORT005,INS0023,2025-10-25,1705,55.1561,94041.15,-811.18,INR,MOCK_FEED
POS00500120251026,PORT005,INS0014,2025-10-26,3229,11.2367,36283.3,-292.68,EUR,MOCK_FEED
POS00500220251026,PORT005,INS0015,2025-10-26,2033,26.4477,53768.17,-312.57,EUR,MOCK_FEED
POS00500320251026,PORT005,INS0016,2025-10-26,4891,43.605,213272.05,408.46,INR,MOCK_FEED
POS00500420251026,PORT005,INS0017,2025-10-26,4270,128.0168,546631.74,1421.18,EUR,MOCK_FEED
POS00500520251026,PORT005,INS0018,2025-10-26,129,56.9701,7349.14,199.33,GBP,MOCK_FEED
POS00500620251026,PORT005,INS0019,2025-10-26,1841,17.8945,32943.77,479.73,EUR,MOCK_FEED
POS00500720251026,PORT005,INS0020,2025-10-26,187,10.6406,1989.79,45.48,USD,MOCK_FEED
POS00500820251026,PORT005,INS0021,2025-10-26,2219,45.4429,100837.8,2916.45,GBP,MOCK_FEED
POS00500920251026,PORT005,INS0022,2025-10-26,2299,44.7742,102935.89,-21.02,INR,MOCK_FEED
POS00501020251026,PORT005,INS0023,2025-10-26,227,55.6945,12642.65,482.39,INR,MOCK_FEED
POS00500120251027,PORT005,INS0014,2025-10-27,2579,11.1886,28855.4,607.68,INR,MOCK_FEED
POS00500220251027,PORT005,INS0015,2025-10-27,3051,26.458,80723.36,-1608.14,GBP,MOCK_FEED
POS00500320251027,PORT005,INS0016,2025-10-27,1182,44.0498,52066.86,1179.07,EUR,MOCK_FEED
POS00500420251027,PORT005,INS0017,2025-10-27,2483,125.7739,312296.59,-6058.96,GBP,MOCK_FEED
POS00500520251027,PORT005,INS0018,2025-10-27,1135,57.0081,64704.19,-1014.92,USD,MOCK_FEED
POS00500620251027,PORT005,INS0019,2025-10-27,2237,17.8793,39995.99,309.62,INR,MOCK_FEED
POS00500720251027,PORT005,INS0020,2025-10-27,4651,10.6549,49555.94,-464.21,GBP,MOCK_FEED
POS00500820251027,PORT005,INS0021,2025-10-27,4620,46.3419,214099.58,3461.68,INR,MOCK_FEED
POS00500920251027,PORT005,INS0022,2025-10-27,1620,43.9621,71218.6,1674.33,GBP,MOCK_FEED
POS00501020251027,PORT005,INS0023,2025-10-27,1877,56.1869,105462.81,-1612.98,INR,MOCK_FEED
POS00500120251028,PORT005,INS0014,2025-10-28,616,11.1843,6889.53,-170.74,EUR,MOCK_FEED
POS00500220251028,PORT005,INS0015,2025-10-28,2121,25.7668,54651.38,-1216.21,GBP,MOCK_FEED
POS00500320251028,PORT005,INS0016,2025-10-28,4605,43.5791,200681.76,953.46,GBP,MOCK_FEED
POS00500420251028,PORT005,INS0017,2025-10-28,4270,124.2895,530716.17,-13170.1,GBP,MOCK_FEED
POS00500520251028,PORT005,INS0018,2025-10-28,706,57.5113,40602.98,-579.62,INR,MOCK_FEED
POS00500620251028,PORT005,INS0019,2025-10-28,3634,17.9576,65257.92,242.43,EUR,MOCK_FEED
POS00500720251028,PORT005,INS0020,2025-10-28,4921,10.7259,52782.15,-67.57,EUR,MOCK_FEED
POS00500820251028,PORT005,INS0021,2025-10-28,3891,46.2731,180048.63,711.41,USD,MOCK_FEED
POS00500920251028,PORT005,INS0022,2025-10-28,603,44.8757,27060.05,67.11,GBP,MOCK_FEED
POS00501020251028,PORT005,INS0023,2025-10-28,4433,55.6045,246494.75,8737.5,INR,MOCK_FEED
POS00500120251029,PORT005,INS0014,2025-10-29,4394,11.0749,48663.11,1083.61,GBP,MOCK_FEED
POS00500220251029,PORT005,INS0015,2025-10-29,4751,25.944,123259.94,3208.24,EUR,MOCK_FEED
POS00500320251029,PORT005,INS0016,2025-10-29,3900,43.3873,169210.47,96.71,USD,MOCK_FEED
POS00500420251029,PORT005,INS0017,2025-10-29,4093,120.0533,491378.16,-9915.62,GBP,MOCK_FEED
POS00500520251029,PORT005,INS0018,2025-10-29,1531,56.9895,87250.92,2850.87,GBP,MOCK_FEED
POS00500620251029,PORT005,INS0019,2025-10-29,3095,18.0753,55943.05,1525.93,EUR,MOCK_FEED
POS00500720251029,PORT005,INS0020,2025-10-29,4655,10.8654,50578.44,718.86,GBP,MOCK_FEED
POS00500820251029,PORT005,INS0021,2025-10-29,2022,46.3265,93672.18,-2353.11,GBP,MOCK_FEED
POS00500920251029,PORT005,INS0022,2025-10-29,3629,44.9747,163213.19,3748.25,GBP,MOCK_FEED
POS00501020251029,PORT005,INS0023,2025-10-29,111,55.6261,6174.5,180.4,INR,MOCK_FEED
POS00500120251030,PORT005,INS0014,2025-10-30,818,11.2306,9186.63,265.57,EUR,MOCK_FEED
POS00500220251030,PORT005,INS0015,2025-10-30,2107,25.4255,53571.53,-819.24,GBP,MOCK_FEED
POS00500320251030,PORT005,INS0016,2025-10-30,1812,43.3708,78587.89,916.37,INR,MOCK_FEED
POS00500420251030,PORT005,INS0017,2025-10-30,1545,121.2649,187354.27,1126.26,INR,MOCK_FEED
POS00500520251030,PORT005,INS0018,2025-10-30,4918,57.01,280375.18,8323.1,EUR,MOCK_FEED
POS00500620251030,PORT005,INS0019,2025-10-30,4094,18.1359,74248.37,-2102.46,GBP,MOCK_FEED
POS00500720251030,PORT005,INS0020,2025-10-30,4613,10.9987,50737.0,721.34,GBP,MOCK_FEED
POS00500820251030,PORT005,INS0021,2025-10-30,4556,46.7404,212949.26,4364.7,GBP,MOCK_FEED
POS00500920251030,PORT005,INS0022,2025-10-30,4208,44.5389,187419.69,5819.75,USD,MOCK_FEED
POS00501020251030,PORT005,INS0023,2025-10-30,317,55.4499,17577.62,564.19,USD,MOCK_FEED
POS00500120251031,PORT005,INS0014,2025-10-31,1648,11.3267,18666.4,-497.21,EUR,MOCK_FEED
POS00500220251031,PORT005,INS0015,2025-10-31,680,25.4049,17275.33,-216.88,INR,MOCK_FEED
POS00500320251031,PORT005,INS0016,2025-10-31,2638,43.3319,114309.55,1810.48,INR,MOCK_FEED
POS00500420251031,PORT005,INS0017,2025-10-31,1733,120.1373,208197.94,-2779.31,USD,MOCK_FEED
POS00500520251031,PORT005,INS0018,2025-10-31,4207,58.0399,244173.86,-6156.78,GBP,MOCK_FEED
POS00500620251031,PORT005,INS0019,2025-10-31,3112,18.1611,56517.34,826.52,EUR,MOCK_FEED
POS00500720251031,PORT005,INS0020,2025-10-31,2446,10.6872,26140.89,-284.01,USD,MOCK_FEED
POS00500820251031,PORT005,INS0021,2025-10-31,3390,46.2868,156912.25,2922.14,GBP,MOCK_FEED
POS00500920251031,PORT005,INS0022,2025-10-31,1176,44.1651,51938.16,727.52,GBP,MOCK_FEED
POS00501020251031,PORT005,INS0023,2025-10-31,3240,54.3098,175963.75,-1641.84,INR,MOCK_FEED
POS00500120251101,PORT005,INS0014,2025-11-01,2781,11.2842,31381.36,329.99,USD,MOCK_FEED
POS00500220251101,PORT005,INS0015,2025-11-01,1814,25.4419,46151.61,-583.21,USD,MOCK_FEED
POS00500320251101,PORT005,INS0016,2025-11-01,810,42.7539,34630.66,-203.62,EUR,MOCK_FEED
POS00500420251101,PORT005,INS0017,2025-11-01,3545,121.5169,430777.41,3875.02,GBP,MOCK_FEED
POS00500520251101,PORT005,INS0018,2025-11-01,2415,57.8089,139608.49,55.0,USD,MOCK_FEED
POS00500620251101,PORT005,INS0019,2025-11-01,504,18.1063,9125.58,0.41,EUR,MOCK_FEED
POS00500720251101,PORT005,INS0020,2025-11-01,1879,10.9053,20491.06,466.99,GBP,MOCK_FEED
POS00500820251101,PORT005,INS0021,2025-11-01,1973,45.5428,89855.94,-176.76,EUR,MOCK_FEED
POS00500920251101,PORT005,INS0022,2025-11-01,2518,43.4559,109421.96,3178.62,EUR,MOCK_FEED
POS00501020251101,PORT005,INS0023,2025-11-01,3575,54.2066,193788.6,-5434.68,EUR,MOCK_FEED
POS00500120251102,PORT005,INS0014,2025-11-02,1105,11.2239,12402.41,-184.57,USD,MOCK_FEED
POS00500220251102,PORT005,INS0015,2025-11-02,3551,25.1901,89450.05,1457.94,USD,MOCK_FEED
POS00500320251102,PORT005,INS0016,2025-11-02,4414,42.716,188548.42,-897.82,GBP,MOCK_FEED
POS00500420251102,PORT005,INS0017,2025-11-02,2629,120.8137,317619.22,4211.49,INR,MOCK_FEED
POS00500520251102,PORT005,INS0018,2025-11-02,484,57.7769,27964.02,961.18,GBP,MOCK_FEED
POS00500620251102,PORT005,INS0019,2025-11-02,4775,17.8847,85399.44,-876.29,USD,MOCK_FEED
POS00500720251102,PORT005,INS0020,2025-11-02,3869,10.65,41204.85,923.64,EUR,MOCK_FEED
POS00500820251102,PORT005,INS0021,2025-11-02,1986,45.8704,91098.61,-1215.53,INR,MOCK_FEED
POS00500920251102,PORT005,INS0022,2025-11-02,954,44.2388,42203.82,1665.75,GBP,MOCK_FEED
POS00501020251102,PORT005,INS0023,2025-11-02,3789,54.1539,205189.13,7933.88,INR,MOCK_FEED
POS00500120251103,PORT005,INS0014,2025-11-03,2712,11.2009,30376.84,-479.53,GBP,MOCK_FEED
POS00500220251103,PORT005,INS0015,2025-11-03,2047,25.3071,51803.63,1645.18,GBP,MOCK_FEED
POS00500320251103,PORT005,INS0016,2025-11-03,4075,42.9088,174853.36,-268.82,GBP,MOCK_FEED
POS00500420251103,PORT005,INS0017,2025-11-03,3919,120.1573,470896.46,6054.52,GBP,MOCK_FEED
POS00500520251103,PORT005,INS0018,2025-11-03,290,57.8964,16789.96,-41.93,INR,MOCK_FEED
POS00500620251103,PORT005,INS0019,2025-11-03,3549,17.4425,61903.43,-615.81,USD,MOCK_FEED
POS00500720251103,PORT005,INS0020,2025-11-03,2846,10.606,30184.68,-349.17,INR,MOCK_FEED
POS00500820251103,PORT005,INS0021,2025-11-03,1529,45.1866,69090.31,-173.29,GBP,MOCK_FEED
POS00500920251103,PORT005,INS0022,2025-11-03,4479,43.9456,196832.34,-2577.48,EUR,MOCK_FEED
POS00501020251103,PORT005,INS0023,2025-11-03,720,53.5125,38529.0,712.68,GBP,MOCK_FEED
POS00500120251104,PORT005,INS0014,2025-11-04,3316,11.3118,37509.93,1066.17,EUR,MOCK_FEED
POS00500220251104,PORT005,INS0015,2025-11-04,2262,25.4594,57589.16,1833.0,USD,MOCK_FEED
POS00500320251104,PORT005,INS0016,2025-11-04,1844,43.1916,79645.31,-1023.28,GBP,MOCK_FEED
POS00500420251104,PORT005,INS0017,2025-11-04,1031,122.0773,125861.7,1887.51,INR,MOCK_FEED
POS00500520251104,PORT005,INS0018,2025-11-04,354,58.1765,20594.48,52.25,EUR,MOCK_FEED
POS00500620251104,PORT005,INS0019,2025-11-04,1963,17.125,33616.38,-611.39,GBP,MOCK_FEED
POS00500720251104,PORT005,INS0020,2025-11-04,2173,10.679,23205.47,-509.33,GBP,MOCK_FEED
POS00500820251104,PORT005,INS0021,2025-11-04,3482,45.6609,158991.25,-2174.16,USD,MOCK_FEED
POS00500920251104,PORT005,INS0022,2025-11-04,4953,44.7691,221741.35,-2108.07,EUR,MOCK_FEED
POS00501020251104,PORT005,INS0023,2025-11-04,3583,53.3398,191116.5,597.27,INR,MOCK_FEED
POS00500120251105,PORT005,INS0014,2025-11-05,3257,11.455,37308.93,-976.94,EUR,MOCK_FEED
POS00500220251105,PORT005,INS0015,2025-11-05,2036,25.5842,52089.43,-1517.47,INR,MOCK_FEED
POS00500320251105,PORT005,INS0016,2025-11-05,3462,42.4919,147106.96,-3173.2,EUR,MOCK_FEED
POS00500420251105,PORT005,INS0017,2025-11-05,2487,122.4885,304628.9,-6970.62,INR,MOCK_FEED
POS00500520251105,PORT005,INS0018,2025-11-05,151,57.9303,8747.48,-46.81,INR,MOCK_FEED
POS00500620251105,PORT005,INS0019,2025-11-05,4315,16.8361,72647.77,323.22,GBP,MOCK_FEED
POS00500720251105,PORT005,INS0020,2025-11-05,598,10.7304,6416.78,194.52,EUR,MOCK_FEED
POS00500820251105,PORT005,INS0021,2025-11-05,3671,45.9802,168793.31,3179.22,EUR,MOCK_FEED
POS00500920251105,PORT005,INS0022,2025-11-05,2606,45.288,118020.53,-1244.64,USD,MOCK_FEED
POS00501020251105,PORT005,INS0023,2025-11-05,4787,53.7127,257122.69,-4721.81,INR,MOCK_FEED
POS00500120251106,PORT005,INS0014,2025-11-06,1256,11.1382,13989.58,-171.75,EUR,MOCK_FEED
POS00500220251106,PORT005,INS0015,2025-11-06,427,25.5658,10916.6,-37.52,USD,MOCK_FEED
POS00500320251106,PORT005,INS0016,2025-11-06,1093,42.8764,46863.91,899.34,GBP,MOCK_FEED
POS00500420251106,PORT005,INS0017,2025-11-06,2967,124.3092,368825.4,14188.76,USD,MOCK_FEED
POS00500520251106,PORT005,INS0018,2025-11-06,2770,56.7259,157130.74,-4615.65,EUR,MOCK_FEED
POS00500620251106,PORT005,INS0019,2025-11-06,1910,16.7708,32032.23,626.48,USD,MOCK_FEED
POS00500720251106,PORT005,INS0020,2025-11-06,4102,10.6077,43512.79,1431.3,EUR,MOCK_FEED
POS00500820251106,PORT005,INS0021,2025-11-06,1578,46.4284,73264.02,-211.31,EUR,MOCK_FEED
POS00500920251106,PORT005,INS0022,2025-11-06,214,45.1651,9665.33,-115.79,GBP,MOCK_FEED
POS00501020251106,PORT005,INS0023,2025-11-06,2725,54.102,147427.95,3647.42,EUR,MOCK_FEED
POS00500120251107,PORT005,INS0014,2025-11-07,4901,11.0469,54140.86,-1128.32,INR,MOCK_FEED
POS00500220251107,PORT005,INS0015,2025-11-07,4126,25.3784,104711.28,1406.84,INR,MOCK_FEED
POS00500320251107,PORT005,INS0016,2025-11-07,4497,43.0317,193513.55,409.04,GBP,MOCK_FEED
POS00500420251107,PORT005,INS0017,2025-11-07,4953,123.0976,609702.41,-17618.66,USD,MOCK_FEED
POS00500520251107,PORT005,INS0018,2025-11-07,3325,56.9804,189459.83,-4984.38,INR,MOCK_FEED
POS00500620251107,PORT005,INS0019,2025-11-07,2789,16.2931,45441.46,1388.32,GBP,MOCK_FEED
POS00500720251107,PORT005,INS0020,2025-11-07,2970,10.4881,31149.66,362.07,GBP,MOCK_FEED
POS00500820251107,PORT005,INS0021,2025-11-07,206,46.7297,9626.32,187.63,INR,MOCK_FEED
POS00500920251107,PORT005,INS0022,2025-11-07,2951,45.0454,132928.98,-637.01,EUR,MOCK_FEED
POS00501020251107,PORT005,INS0023,2025-11-07,1377,54.2723,74732.96,408.1,INR,MOCK_FEED
POS00500120251108,PORT005,INS0014,2025-11-08,1265,10.9988,13913.48,-386.67,USD,MOCK_FEED
POS00500220251108,PORT005,INS0015,2025-11-08,3420,25.6218,87626.56,2779.44,USD,MOCK_FEED
POS00500320251108,PORT005,INS0016,2025-11-08,4357,42.7347,186195.09,1025.72,INR,MOCK_FEED
POS00500420251108,PORT005,INS0017,2025-11-08,1010,122.8078,124035.88,-695.78,USD,MOCK_FEED
POS00500520251108,PORT005,INS0018,2025-11-08,2699,57.2341,154474.84,-1188.88,INR,MOCK_FEED
POS00500620251108,PORT005,INS0019,2025-11-08,2261,16.4163,37117.25,-575.75,INR,MOCK_FEED
POS00500720251108,PORT005,INS0020,2025-11-08,4286,10.395,44552.97,1623.16,INR,MOCK_FEED
POS00500820251108,PORT005,INS0021,2025-11-08,507,46.4005,23525.05,-687.74,USD,MOCK_FEED
POS00500920251108,PORT005,INS0022,2025-11-08,1432,44.3833,63556.89,-744.47,INR,MOCK_FEED
POS00501020251108,PORT005,INS0023,2025-11-08,476,54.7233,26048.29,-483.48,GBP,MOCK_FEED
POS00500120251109,PORT005,INS0014,2025-11-09,115,10.9971,1264.67,-4.38,USD,MOCK_FEED
POS00500220251109,PORT005,INS0015,2025-11-09,1467,25.6345,37605.81,520.8,EUR,MOCK_FEED
POS00500320251109,PORT005,INS0016,2025-11-09,2152,42.95,92428.4,-2345.82,GBP,MOCK_FEED
POS00500420251109,PORT005,INS0017,2025-11-09,3347,121.1265,405410.4,11715.71,GBP,MOCK_FEED
POS00500520251109,PORT005,INS0018,2025-11-09,834,56.179,46853.29,1578.22,EUR,MOCK_FEED
POS00500620251109,PORT005,INS0019,2025-11-09,3683,16.4165,60461.97,-504.05,INR,MOCK_FEED
POS00500720251109,PORT005,INS0020,2025-11-09,4613,10.2407,47240.35,-754.03,EUR,MOCK_FEED
POS00500820251109,PORT005,INS0021,2025-11-09,3087,47.1982,145700.84,-1505.13,GBP,MOCK_FEED
POS00500920251109,PORT005,INS0022,2025-11-09,3395,44.9017,152441.27,4085.01,INR,MOCK_FEED
POS00501020251109,PORT005,INS0023,2025-11-09,4298,53.8809,231580.11,3431.57,GBP,MOCK_FEED
POS00500120251110,PORT005,INS0014,2025-11-10,3007,11.0142,33119.7,-117.83,USD,MOCK_FEED
POS00500220251110,PORT005,INS0015,2025-11-10,4645,25.9425,120502.91,4558.9,EUR,MOCK_FEED
POS00500320251110,PORT005,INS0016,2025-11-10,1093,43.1428,47155.08,735.44,USD,MOCK_FEED
POS00500420251110,PORT005,INS0017,2025-11-10,2321,120.2025,278990.0,9422.81,INR,MOCK_FEED
POS00500520251110,PORT005,INS0018,2025-11-10,227,57.1734,12978.36,280.94,GBP,MOCK_FEED
POS00500620251110,PORT005,INS0019,2025-11-10,2930,16.2859,47717.69,-286.15,GBP,MOCK_FEED
POS00500720251110,PORT005,INS0020,2025-11-10,2780,10.1211,28136.66,-278.67,USD,MOCK_FEED
POS00500820251110,PORT005,INS0021,2025-11-10,560,47.7225,26724.6,197.24,GBP,MOCK_FEED
POS00500920251110,PORT005,INS0022,2025-11-10,123,45.3648,5579.87,7.86,EUR,MOCK_FEED
POS00501020251110,PORT005,INS0023,2025-11-10,294,53.0673,15601.79,194.47,EUR,MOCK_FEED
POS00500120251111,PORT005,INS0014,2025-11-11,4145,11.0328,45730.96,854.72,GBP,MOCK_FEED
POS00500220251111,PORT005,INS0015,2025-11-11,3966,25.7626,102174.47,-1258.23,INR,MOCK_FEED
POS00500320251111,PORT005,INS0016,2025-11-11,3456,43.1517,149132.28,-675.2,EUR,MOCK_FEED
POS00500420251111,PORT005,INS0017,2025-11-11,554,120.6123,66819.21,2479.51,EUR,MOCK_FEED
POS00500520251111,PORT005,INS0018,2025-11-11,1965,57.4093,112809.27,1758.24,EUR,MOCK_FEED
POS00500620251111,PORT005,INS0019,2025-11-11,4238,16.2102,68698.83,636.64,GBP,MOCK_FEED
POS00500720251111,PORT005,INS0020,2025-11-11,2944,10.0473,29579.25,-313.81,INR,MOCK_FEED
POS00500820251111,PORT005,INS0021,2025-11-11,1542,48.5802,74910.67,1856.92,USD,MOCK_FEED
POS00500920251111,PORT005,INS0022,2025-11-11,2627,45.7023,120059.94,3719.22,GBP,MOCK_FEED
POS00501020251111,PORT005,INS0023,2025-11-11,3644,53.436,194720.78,-5447.48,GBP,MOCK_FEED
POS00500120251112,PORT005,INS0014,2025-11-12,4722,11.0074,51976.94,-1021.03,EUR,MOCK_FEED
POS00500220251112,PORT005,INS0015,2025-11-12,1486,25.6757,38154.09,534.01,GBP,MOCK_FEED
POS00500320251112,PORT005,INS0016,2025-11-12,2278,42.9809,97910.49,-1189.51,USD,MOCK_FEED
POS00500420251112,PORT005,INS0017,2025-11-12,1170,118.4549,138592.23,-368.54,INR,MOCK_FEED
POS00500520251112,PORT005,INS0018,2025-11-12,622,58.168,36180.5,116.57,INR,MOCK_FEED
POS00500620251112,PORT005,INS0019,2025-11-12,377,15.9579,6016.13,94.3,GBP,MOCK_FEED
POS00500720251112,PORT005,INS0020,2025-11-12,2722,10.2023,27770.66,375.37,INR,MOCK_FEED
POS00500820251112,PORT005,INS0021,2025-11-12,3553,47.702,169485.21,-2400.71,INR,MOCK_FEED
POS00500920251112,PORT005,INS0022,2025-11-12,3402,45.5948,155113.51,752.41,EUR,MOCK_FEED
POS00501020251112,PORT005,INS0023,2025-11-12,1340,53.5197,71716.4,2223.65,EUR,MOCK_FEED
POS00500120251113,PORT005,INS0014,2025-11-13,2086,11.0703,23092.65,161.31,USD,MOCK_FEED
POS00500220251113,PORT005,INS0015,2025-11-13,4917,25.5705,125730.15,-8.85,EUR,MOCK_FEED
POS00500320251113,PORT005,INS0016,2025-11-13,235,43.3375,10184.31,-31.71,GBP,MOCK_FEED
POS00500420251113,PORT005,INS0017,2025-11-13,2832,118.8154,336485.21,-624.46,INR,MOCK_FEED
POS00500520251113,PORT005,INS0018,2025-11-13,1034,58.1269,60103.21,2312.41,EUR,MOCK_FEED
POS00500620251113,PORT005,INS0019,2025-11-13,3608,16.0748,57997.88,790.95,GBP,MOCK_FEED
POS00500720251113,PORT005,INS0020,2025-11-13,361,10.0399,3624.4,-44.32,EUR,MOCK_FEED
POS00500820251113,PORT005,INS0021,2025-11-13,1441,47.6572,68674.03,2604.19,EUR,MOCK_FEED
POS00500920251113,PORT005,INS0022,2025-11-13,3215,46.3039,148867.04,-2895.89,GBP,MOCK_FEED
POS00501020251113,PORT005,INS0023,2025-11-13,475,53.1487,25245.63,-68.73,USD,MOCK_FEED
POS00500120251114,PORT005,INS0014,2025-11-14,4939,11.0261,54457.91,-1240.21,GBP,MOCK_FEED
POS00500220251114,PORT005,INS0015,2025-11-14,2440,24.9748,60938.51,1468.17,EUR,MOCK_FEED
POS00500320251114,PORT005,INS0016,2025-11-14,3414,44.5517,152099.5,-178.72,EUR,MOCK_FEED
POS00500420251114,PORT005,INS0017,2025-11-14,4235,118.7166,502764.8,-14268.17,INR,MOCK_FEED
POS00500520251114,PORT005,INS0018,2025-11-14,668,57.5503,38443.6,786.83,EUR,MOCK_FEED
POS00500620251114,PORT005,INS0019,2025-11-14,2982,16.0357,47818.46,1250.07,EUR,MOCK_FEED
POS00500720251114,PORT005,INS0020,2025-11-14,2440,9.9534,24286.3,500.13,USD,MOCK_FEED
POS00500820251114,PORT005,INS0021,2025-11-14,3939,48.6521,191640.62,7630.99,USD,MOCK_FEED
POS00500920251114,PORT005,INS0022,2025-11-14,4267,46.7229,199366.61,230.51,EUR,MOCK_FEED
POS00501020251114,PORT005,INS0023,2025-11-14,2273,53.8934,122499.7,4801.65,USD,MOCK_FEED
POS00500120251115,PORT005,INS0014,2025-11-15,3436,10.6907,36733.25,307.41,INR,MOCK_FEED
POS00500220251115,PORT005,INS0015,2025-11-15,4592,24.7751,113767.26,-2390.52,GBP,MOCK_FEED
POS00500320251115,PORT005,INS0016,2025-11-15,2334,45.1301,105333.65,19.42,INR,MOCK_FEED
POS00500420251115,PORT005,INS0017,2025-11-15,908,119.6788,108668.35,1905.99,GBP,MOCK_FEED
POS00500520251115,PORT005,INS0018,2025-11-15,2070,58.6889,121486.02,-973.07,GBP,MOCK_FEED
POS00500620251115,PORT005,INS0019,2025-11-15,2599,16.2662,42275.85,1113.11,GBP,MOCK_FEED
POS00500720251115,PORT005,INS0020,2025-11-15,1785,10.1765,18165.05,-539.04,EUR,MOCK_FEED
POS00500820251115,PORT005,INS0021,2025-11-15,2031,49.3626,100255.44,2658.21,EUR,MOCK_FEED
POS00500920251115,PORT005,INS0022,2025-11-15,1307,47.3197,61846.85,2282.4,USD,MOCK_FEED
POS00501020251115,PORT005,INS0023,2025-11-15,612,54.7115,33483.44,880.46,INR,MOCK_FEED
POS00500120251116,PORT005,INS0014,2025-11-16,2717,10.8355,29440.05,-569.73,INR,MOCK_FEED
POS00500220251116,PORT005,INS0015,2025-11-16,3796,24.8364,94278.97,-2683.45,USD,MOCK_FEED
POS00500320251116,PORT005,INS0016,2025-11-16,230,44.9419,10336.64,210.45,EUR,MOCK_FEED
POS00500420251116,PORT005,INS0017,2025-11-16,1756,119.4335,209725.23,-4557.46,EUR,MOCK_FEED
POS00500520251116,PORT005,INS0018,2025-11-16,1408,58.1921,81934.48,2479.81,EUR,MOCK_FEED
POS00500620251116,PORT005,INS0019,2025-11-16,4493,15.9926,71854.75,-728.58,GBP,MOCK_FEED
POS00500720251116,PORT005,INS0020,2025-11-16,357,10.3133,3681.85,-24.73,EUR,MOCK_FEED
POS00500820251116,PORT005,INS0021,2025-11-16,1644,49.7215,81742.15,459.21,INR,MOCK_FEED
POS00500920251116,PORT005,INS0022,2025-11-16,3168,48.0754,152302.87,2656.83,USD,MOCK_FEED
POS00501020251116,PORT005,INS0023,2025-11-16,2055,54.5845,112171.15,281.44,INR,MOCK_FEED
POS00500120251117,PORT005,INS0014,2025-11-17,4312,10.7681,46432.05,153.83,USD,MOCK_FEED
POS00500220251117,PORT005,INS0015,2025-11-17,4403,24.9095,109676.53,-2890.74,EUR,MOCK_FEED
POS00500320251117,PORT005,INS0016,2025-11-17,3077,44.5869,137193.89,3926.67,INR,MOCK_FEED
POS00500420251117,PORT005,INS0017,2025-11-17,2097,119.6547,250915.91,-6748.23,GBP,MOCK_FEED
POS00500520251117,PORT005,INS0018,2025-11-17,4013,56.6462,227321.2,-2780.39,INR,MOCK_FEED
POS00500620251117,PORT005,INS0019,2025-11-17,4584,16.0575,73607.58,509.26,USD,MOCK_FEED
POS00500720251117,PORT005,INS0020,2025-11-17,643,10.3432,6650.68,260.47,GBP,MOCK_FEED
POS00500820251117,PORT005,INS0021,2025-11-17,2907,50.4435,146639.25,1342.5,GBP,MOCK_FEED
POS00500920251117,PORT005,INS0022,2025-11-17,3042,47.7985,145403.04,-3999.13,INR,MOCK_FEED
POS00501020251117,PORT005,INS0023,2025-11-17,3615,53.8231,194570.51,7633.83,INR,MOCK_FEED
POS00500120251118,PORT005,INS0014,2025-11-18,4905,10.8543,53240.34,-947.36,EUR,MOCK_FEED
POS00500220251118,PORT005,INS0015,2025-11-18,1069,24.9529,26674.65,-377.0,GBP,MOCK_FEED
POS00500320251118,PORT005,INS0016,2025-11-18,728,44.6101,32476.15,-82.63,USD,MOCK_FEED
POS00500420251118,PORT005,INS0017,2025-11-18,3159,123.1439,389011.58,4279.33,EUR,MOCK_FEED
POS00500520251118,PORT005,INS0018,2025-11-18,1401,57.1434,80057.9,1837.3,GBP,MOCK_FEED
POS00500620251118,PORT005,INS0019,2025-11-18,2648,15.7537,41715.8,343.27,EUR,MOCK_FEED
POS00500720251118,PORT005,INS0020,2025-11-18,1762,10.3875,18302.77,15.72,GBP,MOCK_FEED
POS00500820251118,PORT005,INS0021,2025-11-18,709,49.497,35093.37,49.65,USD,MOCK_FEED
POS00500920251118,PORT005,INS0022,2025-11-18,1406,46.2837,65074.88,1290.4,GBP,MOCK_FEED
POS00501020251118,PORT005,INS0023,2025-11-18,1686,53.1819,89664.68,533.6,GBP,MOCK_FEED
POS00500120251119,PORT005,INS0014,2025-11-19,3746,10.5583,39551.39,270.34,GBP,MOCK_FEED
POS00500220251119,PORT005,INS0015,2025-11-19,1869,24.5489,45881.89,-942.83,INR,MOCK_FEED
POS00500320251119,PORT005,INS0016,2025-11-19,311,44.9066,13965.95,47.24,EUR,MOCK_FEED
POS00500420251119,PORT005,INS0017,2025-11-19,203,123.3448,25038.99,80.94,USD,MOCK_FEED
POS00500520251119,PORT005,INS0018,2025-11-19,2611,56.4781,147464.32,-1014.46,GBP,MOCK_FEED
POS00500620251119,PORT005,INS0019,2025-11-19,4771,15.7134,74968.63,2184.32,GBP,MOCK_FEED
POS00500720251119,PORT005,INS0020,2025-11-19,108,10.3315,1115.8,29.4,INR,MOCK_FEED
POS00500820251119,PORT005,INS0021,2025-11-19,4074,49.5606,201909.88,3376.61,GBP,MOCK_FEED
POS00500920251119,PORT005,INS0022,2025-11-19,1149,46.7788,53748.84,-136.14,INR,MOCK_FEED
POS00501020251119,PORT005,INS0023,2025-11-19,3288,53.167,174813.1,-2549.63,INR,MOCK_FEED
POS00500120251120,PORT005,INS0014,2025-11-20,2386,10.631,25365.57,-614.24,EUR,MOCK_FEED
POS00500220251120,PORT005,INS0015,2025-11-20,2222,24.9099,55349.8,660.93,EUR,MOCK_FEED
POS00500320251120,PORT005,INS0016,2025-11-20,1538,44.0457,67742.29,-979.23,GBP,MOCK_FEED
POS00500420251120,PORT005,INS0017,2025-11-20,2106,122.3547,257679.0,-6532.62,EUR,MOCK_FEED
POS00500520251120,PORT005,INS0018,2025-11-20,407,55.5405,22604.98,333.68,GBP,MOCK_FEED
POS00500620251120,PORT005,INS0019,2025-11-20,3601,15.8415,57045.24,261.61,EUR,MOCK_FEED
POS00500720251120,PORT005,INS0020,2025-11-20,320,9.9967,3198.94,5.49,EUR,MOCK_FEED
POS00500820251120,PORT005,INS0021,2025-11-20,2707,49.0794,132857.94,2268.96,INR,MOCK_FEED
POS00500920251120,PORT005,INS0022,2025-11-20,121,46.7174,5652.81,90.1,INR,MOCK_FEED
POS00501020251120,PORT005,INS0023,2025-11-20,1178,53.4425,62955.26,-1476.7,GBP,MOCK_FEED
POS00500120251121,PORT005,INS0014,2025-11-21,4677,10.5613,49395.2,-497.17,USD,MOCK_FEED
POS00500220251121,PORT005,INS0015,2025-11-21,973,25.5131,24824.25,-132.01,INR,MOCK_FEED
POS00500320251121,PORT005,INS0016,2025-11-21,1186,44.8102,53144.9,-818.25,USD,MOCK_FEED
POS00500420251121,PORT005,INS0017,2025-11-21,1279,122.7163,156954.15,1094.87,GBP,MOCK_FEED
POS00500520251121,PORT005,INS0018,2025-11-21,4298,55.1636,237093.15,816.35,INR,MOCK_FEED
POS00500620251121,PORT005,INS0019,2025-11-21,4156,15.9484,66281.55,-694.74,GBP,MOCK_FEED
POS00500720251121,PORT005,INS0020,2025-11-21,2026,9.8848,20026.6,13.61,EUR,MOCK_FEED
POS00500820251121,PORT005,INS0021,2025-11-21,3753,48.2497,181081.12,-790.76,GBP,MOCK_FEED
POS00500920251121,PORT005,INS0022,2025-11-21,387,46.1254,17850.53,73.74,USD,MOCK_FEED
POS00501020251121,PORT005,INS0023,2025-11-21,2289,52.9832,121278.54,-1268.73,EUR,MOCK_FEED
POS00500120251122,PORT005,INS0014,2025-11-22,2245,10.4463,23451.94,-634.79,USD,MOCK_FEED
POS00500220251122,PORT005,INS0015,2025-11-22,4990,26.0266,129872.73,375.32,USD,MOCK_FEED
POS00500320251122,PORT005,INS0016,2025-11-22,1430,45.065,64442.95,-54.17,INR,MOCK_FEED
POS00500420251122,PORT005,INS0017,2025-11-22,560,125.4203,70235.37,1643.6,GBP,MOCK_FEED
POS00500520251122,PORT005,INS0018,2025-11-22,4689,55.4568,260036.94,-5234.14,GBP,MOCK_FEED
POS00500620251122,PORT005,INS0019,2025-11-22,2584,15.7737,40759.24,747.42,INR,MOCK_FEED
POS00500720251122,PORT005,INS0020,2025-11-22,2368,9.9162,23481.56,-312.99,INR,MOCK_FEED
POS00500820251122,PORT005,INS0021,2025-11-22,1306,48.6239,63502.81,1283.51,INR,MOCK_FEED
POS00500920251122,PORT005,INS0022,2025-11-22,820,46.3539,38010.2,190.6,GBP,MOCK_FEED
POS00501020251122,PORT005,INS0023,2025-11-22,1331,53.0876,70659.6,-733.09,INR,MOCK_FEED
POS00500120251123,PORT005,INS0014,2025-11-23,4003,10.5431,42204.03,-770.55,USD,MOCK_FEED
POS00500220251123,PORT005,INS0015,2025-11-23,961,26.3397,25312.45,60.55,GBP,MOCK_FEED
POS00500320251123,PORT005,INS0016,2025-11-23,464,44.8983,20832.81,-175.54,EUR,MOCK_FEED
POS00500420251123,PORT005,INS0017,2025-11-23,1078,127.0392,136948.26,-1466.96,EUR,MOCK_FEED
POS00500520251123,PORT005,INS0018,2025-11-23,2966,54.5574,161817.25,6426.48,USD,MOCK_FEED
POS00500620251123,PORT005,INS0019,2025-11-23,2678,15.9661,42757.22,1451.88,INR,MOCK_FEED
POS00500720251123,PORT005,INS0020,2025-11-23,465,9.6413,4483.2,-37.62,INR,MOCK_FEED
POS00500820251123,PORT005,INS0021,2025-11-23,3456,48.6466,168122.65,3470.53,EUR,MOCK_FEED
POS00500920251123,PORT005,INS0022,2025-11-23,4535,46.5793,211237.13,729.55,EUR,MOCK_FEED
POS00501020251123,PORT005,INS0023,2025-11-23,1171,53.7892,62987.15,2331.96,INR,MOCK_FEED
POS00500120251124,PORT005,INS0014,2025-11-24,4652,10.4905,48801.81,-404.98,INR,MOCK_FEED
POS00500220251124,PORT005,INS0015,2025-11-24,2578,25.9973,67021.04,-1726.98,INR,MOCK_FEED
POS00500320251124,PORT005,INS0016,2025-11-24,3154,44.2204,139471.14,-1965.08,EUR,MOCK_FEED
POS00500420251124,PORT005,INS0017,2025-11-24,1694,125.1385,211984.62,-2531.45,USD,MOCK_FEED
POS00500520251124,PORT005,INS0018,2025-11-24,966,54.3131,52466.45,1682.42,EUR,MOCK_FEED
POS00500620251124,PORT005,INS0019,2025-11-24,2210,16.2209,35848.19,1400.95,EUR,MOCK_FEED
POS00500720251124,PORT005,INS0020,2025-11-24,1631,9.5566,15586.81,-31.97,GBP,MOCK_FEED
POS00500820251124,PORT005,INS0021,2025-11-24,3657,48.8144,178514.26,2675.76,INR,MOCK_FEED
POS00500920251124,PORT005,INS0022,2025-11-24,437,46.8828,20487.78,-30.2,GBP,MOCK_FEED
POS00501020251124,PORT005,INS0023,2025-11-24,4139,53.0119,219416.25,5674.21,GBP,MOCK_FEED
POS00500120251125,PORT005,INS0014,2025-11-25,2331,10.823,25228.41,536.12,GBP,MOCK_FEED
POS00500220251125,PORT005,INS0015,2025-11-25,3497,26.2877,91928.09,3571.4,GBP,MOCK_FEED
POS00500320251125,PORT005,INS0016,2025-11-25,2403,45.4093,109118.55,1142.5,EUR,MOCK_FEED
POS00500420251125,PORT005,INS0017,2025-11-25,1904,122.1371,232549.04,3803.93,USD,MOCK_FEED
POS00500520251125,PORT005,INS0018,2025-11-25,1914,54.1455,103634.49,217.43,USD,MOCK_FEED
POS00500620251125,PORT005,INS0019,2025-11-25,4363,16.4225,71651.37,-574.54,GBP,MOCK_FEED
POS00500720251125,PORT005,INS0020,2025-11-25,3597,9.5844,34475.09,-479.75,GBP,MOCK_FEED
POS00500820251125,PORT005,INS0021,2025-11-25,1380,47.8888,66086.54,2631.05,USD,MOCK_FEED
POS00500920251125,PORT005,INS0022,2025-11-25,2323,47.479,110293.72,-393.33,USD,MOCK_FEED
POS00501020251125,PORT005,INS0023,2025-11-25,4385,52.7832,231454.33,2330.74,INR,MOCK_FEED
POS00500120251126,PORT005,INS0014,2025-11-26,2698,10.8191,29189.93,612.51,INR,MOCK_FEED
POS00500220251126,PORT005,INS0015,2025-11-26,2263,26.537,60053.23,-1621.09,GBP,MOCK_FEED
POS00500320251126,PORT005,INS0016,2025-11-26,2084,45.4351,94686.75,179.67,USD,MOCK_FEED
POS00500420251126,PORT005,INS0017,2025-11-26,4069,123.7081,503368.26,14614.72,GBP,MOCK_FEED
POS00500520251126,PORT005,INS0018,2025-11-26,1560,54.1074,84407.54,-679.54,EUR,MOCK_FEED
POS00500620251126,PORT005,INS0019,2025-11-26,2219,16.3691,36323.03,102.74,USD,MOCK_FEED
POS00500720251126,PORT005,INS0020,2025-11-26,3930,9.5933,37701.67,-441.64,USD,MOCK_FEED
POS00500820251126,PORT005,INS0021,2025-11-26,760,48.1866,36621.82,485.9,INR,MOCK_FEED
POS00500920251126,PORT005,INS0022,2025-11-26,3633,48.1006,174749.48,-4877.53,EUR,MOCK_FEED
POS00501020251126,PORT005,INS0023,2025-11-26,1612,53.7728,86681.75,2190.87,GBP,MOCK_FEED
POS00500120251127,PORT005,INS0014,2025-11-27,3741,10.7916,40371.38,-492.68,USD,MOCK_FEED
POS00500220251127,PORT005,INS0015,2025-11-27,1999,26.9833,53939.62,-971.62,EUR,MOCK_FEED
POS00500320251127,PORT005,INS0016,2025-11-27,4517,45.5436,205720.44,5582.58,GBP,MOCK_FEED
POS00500420251127,PORT005,INS0017,2025-11-27,358,126.0723,45133.88,627.97,GBP,MOCK_FEED
POS00500520251127,PORT005,INS0018,2025-11-27,4729,53.0838,251033.29,9373.56,USD,MOCK_FEED
POS00500620251127,PORT005,INS0019,2025-11-27,3768,16.0963,60650.86,-1310.28,INR,MOCK_FEED
POS00500720251127,PORT005,INS0020,2025-11-27,1795,9.5912,17216.2,22.53,EUR,MOCK_FEED
POS00500820251127,PORT005,INS0021,2025-11-27,4937,48.8326,241086.55,6172.57,GBP,MOCK_FEED
POS00500920251127,PORT005,INS0022,2025-11-27,4523,47.4631,214675.6,-4549.46,GBP,MOCK_FEED
POS00501020251127,PORT005,INS0023,2025-11-27,638,53.5037,34135.36,-333.99,INR,MOCK_FEED
POS00500120251128,PORT005,INS0014,2025-11-28,4751,10.6331,50517.86,1604.53,EUR,MOCK_FEED
POS00500220251128,PORT005,INS0015,2025-11-28,4028,26.9344,108491.76,1356.0,GBP,MOCK_FEED
POS00500320251128,PORT005,INS0016,2025-11-28,1362,45.4622,61919.52,1953.94,GBP,MOCK_FEED
POS00500420251128,PORT005,INS0017,2025-11-28,994,128.2835,127513.8,5043.55,GBP,MOCK_FEED
POS00500520251128,PORT005,INS0018,2025-11-28,2315,53.2746,123330.7,-1955.8,GBP,MOCK_FEED
POS00500620251128,PORT005,INS0019,2025-11-28,3614,16.0998,58184.68,-1404.65,USD,MOCK_FEED
POS00500720251128,PORT005,INS0020,2025-11-28,3914,9.4185,36864.01,91.33,USD,MOCK_FEED
POS00500820251128,PORT005,INS0021,2025-11-28,2165,50.3992,109114.27,-981.55,GBP,MOCK_FEED
POS00500920251128,PORT005,INS0022,2025-11-28,4511,47.8604,215898.26,3192.65,EUR,MOCK_FEED
POS00501020251128,PORT005,INS0023,2025-11-28,164,53.2606,8734.74,6.39,EUR,MOCK_FEED
POS00500120251129,PORT005,INS0014,2025-11-29,4966,10.6744,53009.07,222.04,GBP,MOCK_FEED
POS00500220251129,PORT005,INS0015,2025-11-29,4008,26.649,106809.19,1333.91,EUR,MOCK_FEED
POS00500320251129,PORT005,INS0016,2025-11-29,823,47.0441,38717.29,231.55,INR,MOCK_FEED
POS00500420251129,PORT005,INS0017,2025-11-29,4420,127.6097,564034.87,6366.68,EUR,MOCK_FEED
POS00500520251129,PORT005,INS0018,2025-11-29,2224,52.8184,117468.12,136.24,INR,MOCK_FEED
POS00500620251129,PORT005,INS0019,2025-11-29,2860,16.1796,46273.66,-226.3,USD,MOCK_FEED
POS00500720251129,PORT005,INS0020,2025-11-29,3987,9.4483,37670.37,1087.47,INR,MOCK_FEED
POS00500820251129,PORT005,INS0021,2025-11-29,1979,50.4201,99781.38,574.86,USD,MOCK_FEED
POS00500920251129,PORT005,INS0022,2025-11-29,1380,47.446,65475.48,-1006.43,EUR,MOCK_FEED
POS00501020251129,PORT005,INS0023,2025-11-29,4470,52.4637,234512.74,-5008.69,EUR,MOCK_FEED
POS00500120251130,PORT005,INS0014,2025-11-30,4784,10.7052,51213.68,-875.97,GBP,MOCK_FEED
POS00500220251130,PORT005,INS0015,2025-11-30,2305,25.9339,59777.64,-1395.07,EUR,MOCK_FEED
POS00500320251130,PORT005,INS0016,2025-11-30,3440,46.4266,159707.5,-1265.55,EUR,MOCK_FEED
POS00500420251130,PORT005,INS0017,2025-11-30,4905,129.2395,633919.75,3320.56,USD,MOCK_FEED
POS00500520251130,PORT005,INS0018,2025-11-30,4275,53.3218,227950.7,283.17,INR,MOCK_FEED
POS00500620251130,PORT005,INS0019,2025-11-30,1656,15.907,26341.99,-685.55,GBP,MOCK_FEED
POS00500720251130,PORT005,INS0020,2025-11-30,2603,9.5344,24818.04,-374.83,INR,MOCK_FEED
POS00500820251130,PORT005,INS0021,2025-11-30,4042,49.426,199779.89,-5208.41,USD,MOCK_FEED
POS00500920251130,PORT005,INS0022,2025-11-30,1916,47.9958,91959.95,3523.91,USD,MOCK_FEED
POS00501020251130,PORT005,INS0023,2025-11-30,3372,52.0084,175372.32,-3667.57,EUR,MOCK_FEED
POS00500120251201,PORT005,INS0014,2025-12-01,2159,10.7339,23174.49,-138.53,INR,MOCK_FEED
POS00500220251201,PORT005,INS0015,2025-12-01,3315,25.8603,85726.89,398.53,USD,MOCK_FEED
POS00500320251201,PORT005,INS0016,2025-12-01,667,47.4712,31663.29,-528.4,USD,MOCK_FEED
POS00500420251201,PORT005,INS0017,2025-12-01,4484,129.118,578965.11,1776.42,INR,MOCK_FEED
POS00500520251201,PORT005,INS0018,2025-12-01,3458,53.9516,186564.63,2152.07,GBP,MOCK_FEED
POS00500620251201,PORT005,INS0019,2025-12-01,3437,16.0233,55072.08,818.87,USD,MOCK_FEED
POS00500720251201,PORT005,INS0020,2025-12-01,3535,9.385,33175.97,819.73,EUR,MOCK_FEED
POS00500820251201,PORT005,INS0021,2025-12-01,1683,49.4413,83209.71,1061.58,GBP,MOCK_FEED
POS00500920251201,PORT005,INS0022,2025-12-01,324,47.4803,15383.62,547.66,INR,MOCK_FEED
POS00501020251201,PORT005,INS0023,2025-12-01,3838,51.8521,199008.36,7433.12,GBP,MOCK_FEED
POS00500120251202,PORT005,INS0014,2025-12-02,4232,10.8572,45947.67,959.97,EUR,MOCK_FEED
POS00500220251202,PORT005,INS0015,2025-12-02,1413,25.6062,36181.56,1280.01,INR,MOCK_FEED
POS00500320251202,PORT005,INS0016,2025-12-02,3868,45.8902,177503.29,6620.33,EUR,MOCK_FEED
POS00500420251202,PORT005,INS0017,2025-12-02,1677,127.6486,214066.7,-523.19,EUR,MOCK_FEED
POS00500520251202,PORT005,INS0018,2025-12-02,411,53.5083,21991.91,554.23,INR,MOCK_FEED
POS00500620251202,PORT005,INS0019,2025-12-02,2871,16.1327,46316.98,-1362.56,GBP,MOCK_FEED
POS00500720251202,PORT005,INS0020,2025-12-02,295,9.5297,2811.26,-81.44,INR,MOCK_FEED
POS00500820251202,PORT005,INS0021,2025-12-02,3925,48.1664,189053.12,434.23,GBP,MOCK_FEED
POS00500920251202,PORT005,INS0022,2025-12-02,850,47.9366,40746.11,558.76,GBP,MOCK_FEED
POS00501020251202,PORT005,INS0023,2025-12-02,2224,51.2274,113929.74,1026.98,EUR,MOCK_FEED
POS00500120251203,PORT005,INS0014,2025-12-03,3024,10.8212,32723.31,1022.68,GBP,MOCK_FEED
POS00500220251203,PORT005,INS0015,2025-12-03,3028,25.6891,77786.59,-132.03,EUR,MOCK_FEED
POS00500320251203,PORT005,INS0016,2025-12-03,1513,45.3962,68684.45,1577.72,INR,MOCK_FEED
POS00500420251203,PORT005,INS0017,2025-12-03,2384,130.2555,310529.11,8549.67,INR,MOCK_FEED
POS00500520251203,PORT005,INS0018,2025-12-03,4147,53.2246,220722.42,305.56,INR,MOCK_FEED
POS00500620251203,PORT005,INS0019,2025-12-03,4249,16.08,68323.92,2104.44,GBP,MOCK_FEED
POS00500720251203,PORT005,INS0020,2025-12-03,4586,9.7304,44623.61,1027.2,EUR,MOCK_FEED
POS00500820251203,PORT005,INS0021,2025-12-03,4950,48.842,241767.9,1633.15,GBP,MOCK_FEED
POS00500920251203,PORT005,INS0022,2025-12-03,382,48.9987,18717.5,330.93,USD,MOCK_FEED
POS00501020251203,PORT005,INS0023,2025-12-03,2946,51.1773,150768.33,-3530.21,INR,MOCK_FEED
POS00500120251204,PORT005,INS0014,2025-12-04,2028,10.983,22273.52,-477.2,EUR,MOCK_FEED
POS00500220251204,PORT005,INS0015,2025-12-04,2709,25.8171,69938.52,1634.24,GBP,MOCK_FEED
POS00500320251204,PORT005,INS0016,2025-12-04,2343,45.025,105493.57,2136.26,INR,MOCK_FEED
POS00500420251204,PORT005,INS0017,2025-12-04,1121,133.5919,149756.52,5684.88,INR,MOCK_FEED
POS00500520251204,PORT005,INS0018,2025-12-04,2512,54.7691,137579.98,-1001.47,INR,MOCK_FEED
POS00500620251204,PORT005,INS0019,2025-12-04,3535,15.9667,56442.28,450.21,INR,MOCK_FEED
POS00500720251204,PORT005,INS0020,2025-12-04,4181,9.689,40509.71,137.68,EUR,MOCK_FEED
POS00500820251204,PORT005,INS0021,2025-12-04,2466,48.236,118949.98,3072.82,USD,MOCK_FEED
POS00500920251204,PORT005,INS0022,2025-12-04,4960,50.2776,249376.9,9432.16,GBP,MOCK_FEED
POS00501020251204,PORT005,INS0023,2025-12-04,2304,49.9288,115035.96,-1161.62,GBP,MOCK_FEED
POS00500120251205,PORT005,INS0014,2025-12-05,1839,11.1147,20439.93,728.68,EUR,MOCK_FEED
POS00500220251205,PORT005,INS0015,2025-12-05,4397,26.3322,115782.68,1043.7,INR,MOCK_FEED
POS00500320251205,PORT005,INS0016,2025-12-05,2375,45.6476,108413.05,3252.53,USD,MOCK_FEED
POS00500420251205,PORT005,INS0017,2025-12-05,3885,134.8105,523738.79,7387.27,USD,MOCK_FEED
POS00500520251205,PORT005,INS0018,2025-12-05,1396,54.1192,75550.4,1375.06,INR,MOCK_FEED
POS00500620251205,PORT005,INS0019,2025-12-05,2168,15.9185,34511.31,1139.65,USD,MOCK_FEED
POS00500720251205,PORT005,INS0020,2025-12-05,1672,9.619,16082.97,38.69,EUR,MOCK_FEED
POS00500820251205,PORT005,INS0021,2025-12-05,3020,47.2993,142843.89,-2219.23,INR,MOCK_FEED
POS00500920251205,PORT005,INS0022,2025-12-05,2019,49.2852,99506.82,-1953.62,INR,MOCK_FEED
POS00501020251205,PORT005,INS0023,2025-12-05,1443,49.5276,71468.33,-1877.27,USD,MOCK_FEED
POS00500120251206,PORT005,INS0014,2025-12-06,2157,11.291,24354.69,-332.0,GBP,MOCK_FEED
POS00500220251206,PORT005,INS0015,2025-12-06,4699,26.2792,123485.96,-2434.16,EUR,MOCK_FEED
POS00500320251206,PORT005,INS0016,2025-12-06,416,46.5272,19355.32,396.63,EUR,MOCK_FEED
POS00500420251206,PORT005,INS0017,2025-12-06,4621,136.1355,629082.15,-2144.7,USD,MOCK_FEED
POS00500520251206,PORT005,INS0018,2025-12-06,3272,54.4419,178133.9,5602.86,EUR,MOCK_FEED
POS00500620251206,PORT005,INS0019,2025-12-06,1929,16.0654,30990.16,566.17,GBP,MOCK_FEED
POS00500720251206,PORT005,INS0020,2025-12-06,3246,9.7775,31737.76,-465.94,EUR,MOCK_FEED
POS00500820251206,PORT005,INS0021,2025-12-06,558,46.7715,26098.5,-480.47,INR,MOCK_FEED
POS00500920251206,PORT005,INS0022,2025-12-06,199,49.2395,9798.66,-66.4,USD,MOCK_FEED
POS00501020251206,PORT005,INS0023,2025-12-06,4855,50.4879,245118.75,-6666.84,GBP,MOCK_FEED
POS00500120251207,PORT005,INS0014,2025-12-07,1073,11.3576,12186.7,-335.21,EUR,MOCK_FEED
POS00500220251207,PORT005,INS0015,2025-12-07,4088,26.2477,107300.6,-1377.41,GBP,MOCK_FEED
POS00500320251207,PORT005,INS0016,2025-12-07,3865,47.501,183591.36,1588.52,USD,MOCK_FEED
POS00500420251207,PORT005,INS0017,2025-12-07,600,135.9936,81596.16,2548.97,EUR,MOCK_FEED
POS00500520251207,PORT005,INS0018,2025-12-07,3101,55.9753,173579.41,-4301.61,EUR,MOCK_FEED
POS00500620251207,PORT005,INS0019,2025-12-07,866,16.1245,13963.82,64.0,USD,MOCK_FEED
POS00500720251207,PORT005,INS0020,2025-12-07,2066,9.6459,19928.43,215.96,USD,MOCK_FEED
POS00500820251207,PORT005,INS0021,2025-12-07,434,46.3919,20134.08,396.14,USD,MOCK_FEED
POS00500920251207,PORT005,INS0022,2025-12-07,3597,48.0059,172677.22,-3218.2,USD,MOCK_FEED
POS00501020251207,PORT005,INS0023,2025-12-07,3857,51.2889,197821.29,874.75,EUR,MOCK_FEED
POS00500120251208,PORT005,INS0014,2025-12-08,4781,11.4832,54901.18,-928.69,EUR,MOCK_FEED
POS00500220251208,PORT005,INS0015,2025-12-08,4590,25.9071,118913.59,-3522.24,INR,MOCK_FEED
POS00500320251208,PORT005,INS0016,2025-12-08,3729,48.4325,180604.79,7205.47,GBP,MOCK_FEED
POS00500420251208,PORT005,INS0017,2025-12-08,2431,137.6008,334507.54,-3100.36,GBP,MOCK_FEED
POS00500520251208,PORT005,INS0018,2025-12-08,4360,56.3347,245619.29,-609.43,EUR,MOCK_FEED
POS00500620251208,PORT005,INS0019,2025-12-08,115,16.1825,1860.99,13.89,USD,MOCK_FEED
POS00500720251208,PORT005,INS0020,2025-12-08,587,9.7532,5725.13,127.61,EUR,MOCK_FEED
POS00500820251208,PORT005,INS0021,2025-12-08,3891,46.3885,180497.65,2780.92,GBP,MOCK_FEED
POS00500920251208,PORT005,INS0022,2025-12-08,1652,48.225,79667.7,2256.21,GBP,MOCK_FEED
POS00501020251208,PORT005,INS0023,2025-12-08,1786,50.9187,90940.8,-1859.68,INR,MOCK_FEED
POS00500120251209,PORT005,INS0014,2025-12-09,3432,11.5686,39703.44,-193.36,INR,MOCK_FEED
POS00500220251209,PORT005,INS0015,2025-12-09,1310,25.966,34015.46,691.24,EUR,MOCK_FEED
POS00500320251209,PORT005,INS0016,2025-12-09,4889,48.0394,234864.63,1982.46,INR,MOCK_FEED
POS00500420251209,PORT005,INS0017,2025-12-09,4731,134.9816,638597.95,8615.49,USD,MOCK_FEED
POS00500520251209,PORT005,INS0018,2025-12-09,1633,56.421,92135.49,-419.76,EUR,MOCK_FEED
POS00500620251209,PORT005,INS0019,2025-12-09,140,16.2091,2269.27,-51.36,EUR,MOCK_FEED
POS00500720251209,PORT005,INS0020,2025-12-09,1404,9.8277,13798.09,-129.87,INR,MOCK_FEED
POS00500820251209,PORT005,INS0021,2025-12-09,221,46.3414,10241.45,288.02,GBP,MOCK_FEED
POS00500920251209,PORT005,INS0022,2025-12-09,4223,48.5487,205021.16,-1550.44,EUR,MOCK_FEED
POS00501020251209,PORT005,INS0023,2025-12-09,2900,50.6591,146911.39,-2710.1,INR,MOCK_FEED
POS00500120251210,PORT005,INS0014,2025-12-10,4544,11.5728,52586.8,1142.16,GBP,MOCK_FEED
POS00500220251210,PORT005,INS0015,2025-12-10,4793,25.9241,124254.21,-805.34,EUR,MOCK_FEED
POS00500320251210,PORT005,INS0016,2025-12-10,1524,48.5039,73919.94,2276.47,INR,MOCK_FEED
POS00500420251210,PORT005,INS0017,2025-12-10,2834,136.2662,386178.41,15289.4,INR,MOCK_FEED
POS00500520251210,PORT005,INS0018,2025-12-10,1086,55.7241,60516.37,425.98,EUR,MOCK_FEED
POS00500620251210,PORT005,INS0019,2025-12-10,881,16.5268,14560.11,-367.8,EUR,MOCK_FEED
POS00500720251210,PORT005,INS0020,2025-12-10,697,9.842,6859.87,-121.87,USD,MOCK_FEED
POS00500820251210,PORT005,INS0021,2025-12-10,3792,45.5666,172788.55,-5114.5,USD,MOCK_FEED
POS00500920251210,PORT005,INS0022,2025-12-10,920,48.6748,44780.82,638.35,INR,MOCK_FEED
POS00501020251210,PORT005,INS0023,2025-12-10,3656,51.0661,186697.66,-1104.94,GBP,MOCK_FEED
POS00500120251211,PORT005,INS0014,2025-12-11,4059,11.5825,47013.37,27.29,USD,MOCK_FEED
POS00500220251211,PORT005,INS0015,2025-12-11,109,25.9538,2828.96,11.47,INR,MOCK_FEED
POS00500320251211,PORT005,INS0016,2025-12-11,4492,48.6308,218449.55,4043.52,GBP,MOCK_FEED
POS00500420251211,PORT005,INS0017,2025-12-11,1938,134.0626,259813.32,9562.92,INR,MOCK_FEED
POS00500520251211,PORT005,INS0018,2025-12-11,3591,55.7135,200067.18,2159.18,INR,MOCK_FEED
POS00500620251211,PORT005,INS0019,2025-12-11,413,16.6952,6895.12,-55.2,EUR,MOCK_FEED
POS00500720251211,PORT005,INS0020,2025-12-11,3603,9.9611,35889.84,-18.32,USD,MOCK_FEED
POS00500820251211,PORT005,INS0021,2025-12-11,1827,46.3352,84654.41,-2209.12,INR,MOCK_FEED
POS00500920251211,PORT005,INS0022,2025-12-11,1402,49.1108,68853.34,-413.9,USD,MOCK_FEED
POS00501020251211,PORT005,INS0023,2025-12-11,1444,51.3071,74087.45,1144.44,INR,MOCK_FEED
POS00500120251212,PORT005,INS0014,2025-12-12,1627,11.851,19281.58,286.58,INR,MOCK_FEED
POS00500220251212,PORT005,INS0015,2025-12-12,742,26.3649,19562.76,-539.68,EUR,MOCK_FEED
POS00500320251212,PORT005,INS0016,2025-12-12,3833,49.1794,188504.64,1406.36,INR,MOCK_FEED
POS00500420251212,PORT005,INS0017,2025-12-12,2482,135.5266,336377.02,2885.19,INR,MOCK_FEED
POS00500520251212,PORT005,INS0018,2025-12-12,4042,56.1751,227059.75,-4761.56,INR,MOCK_FEED
POS00500620251212,PORT005,INS0019,2025-12-12,881,16.7411,14748.91,116.31,INR,MOCK_FEED
POS00500720251212,PORT005,INS0020,2025-12-12,201,9.9277,1995.47,1.89,USD,MOCK_FEED
POS00500820251212,PORT005,INS0021,2025-12-12,907,47.188,42799.52,-882.54,GBP,MOCK_FEED
POS00500920251212,PORT005,INS0022,2025-12-12,4283,48.5467,207925.52,-1139.19,EUR,MOCK_FEED
POS00501020251212,PORT005,INS0023,2025-12-12,4166,50.615,210862.09,-6187.13,GBP,MOCK_FEED
POS00500120251213,PORT005,INS0014,2025-12-13,2384,11.8635,28282.58,526.45,GBP,MOCK_FEED
POS00500220251213,PORT005,INS0015,2025-12-13,3614,26.4809,95701.97,704.35,USD,MOCK_FEED
POS00500320251213,PORT005,INS0016,2025-12-13,2820,50.2355,141664.11,-3583.97,INR,MOCK_FEED
POS00500420251213,PORT005,INS0017,2025-12-13,4351,135.1845,588187.76,-11463.06,GBP,MOCK_FEED
POS00500520251213,PORT005,INS0018,2025-12-13,1703,56.7434,96634.01,313.7,INR,MOCK_FEED
POS00500620251213,PORT005,INS0019,2025-12-13,2400,16.935,40644.0,-942.67,EUR,MOCK_FEED
POS00500720251213,PORT005,INS0020,2025-12-13,1080,9.9059,10698.37,255.05,USD,MOCK_FEED
POS00500820251213,PORT005,INS0021,2025-12-13,2583,47.3449,122291.88,2241.17,INR,MOCK_FEED
POS00500920251213,PORT005,INS0022,2025-12-13,307,48.1096,14769.65,-186.4,GBP,MOCK_FEED
POS00501020251213,PORT005,INS0023,2025-12-13,315,51.1407,16109.32,492.61,EUR,MOCK_FEED
POS00500120251214,PORT005,INS0014,2025-12-14,3582,12.0175,43046.68,692.88,INR,MOCK_FEED
POS00500220251214,PORT005,INS0015,2025-12-14,2773,26.27,72846.71,798.18,USD,MOCK_FEED
POS00500320251214,PORT005,INS0016,2025-12-14,3042,49.7593,151367.79,-4538.54,INR,MOCK_FEED
POS00500420251214,PORT005,INS0017,2025-12-14,2810,135.1547,379784.71,-2750.21,USD,MOCK_FEED
POS00500520251214,PORT005,INS0018,2025-12-14,2916,58.1583,169589.6,-4311.64,INR,MOCK_FEED
POS00500620251214,PORT005,INS0019,2025-12-14,2456,17.1461,42110.82,428.28,INR,MOCK_FEED
POS00500720251214,PORT005,INS0020,2025-12-14,2076,10.0957,20958.67,-541.91,GBP,MOCK_FEED
POS00500820251214,PORT005,INS0021,2025-12-14,883,46.1872,40783.3,-131.79,USD,MOCK_FEED
POS00500920251214,PORT005,INS0022,2025-12-14,1687,47.7919,80624.94,2798.75,INR,MOCK_FEED
POS00501020251214,PORT005,INS0023,2025-12-14,3166,51.9964,164620.6,5044.82,EUR,MOCK_FEED
POS00500120251215,PORT005,INS0014,2025-12-15,667,11.9874,7995.6,204.6,GBP,MOCK_FEED
POS00500220251215,PORT005,INS0015,2025-12-15,2209,26.7759,59147.96,-1319.42,EUR,MOCK_FEED
POS00500320251215,PORT005,INS0016,2025-12-15,748,50.1739,37530.08,174.96,GBP,MOCK_FEED
POS00500420251215,PORT005,INS0017,2025-12-15,549,131.5396,72215.24,385.33,GBP,MOCK_FEED
POS00500520251215,PORT005,INS0018,2025-12-15,3998,55.8993,223485.4,7292.92,GBP,MOCK_FEED
POS00500620251215,PORT005,INS0019,2025-12-15,3100,17.2045,53333.95,-898.41,GBP,MOCK_FEED
POS00500720251215,PORT005,INS0020,2025-12-15,968,10.1661,9840.78,-195.44,GBP,MOCK_FEED
POS00500820251215,PORT005,INS0021,2025-12-15,1697,47.3953,80429.82,-2009.93,GBP,MOCK_FEED
POS00500920251215,PORT005,INS0022,2025-12-15,580,47.4375,27513.75,-729.22,GBP,MOCK_FEED
POS00501020251215,PORT005,INS0023,2025-12-15,1956,51.3661,100472.09,-461.83,INR,MOCK_FEED
POS00500120251216,PORT005,INS0014,2025-12-16,1689,11.9979,20264.45,755.59,USD,MOCK_FEED
POS00500220251216,PORT005,INS0015,2025-12-16,3974,27.0765,107602.01,70.35,USD,MOCK_FEED
POS00500320251216,PORT005,INS0016,2025-12-16,2970,49.8368,148015.3,5771.7,EUR,MOCK_FEED
POS00500420251216,PORT005,INS0017,2025-12-16,1281,128.9324,165162.4,-3232.93,EUR,MOCK_FEED
POS00500520251216,PORT005,INS0018,2025-12-16,2771,55.6432,154187.31,-3827.75,GBP,MOCK_FEED
POS00500620251216,PORT005,INS0019,2025-12-16,1534,17.4014,26693.75,-310.19,EUR,MOCK_FEED
POS00500720251216,PORT005,INS0020,2025-12-16,691,10.1918,7042.53,-155.69,USD,MOCK_FEED
POS00500820251216,PORT005,INS0021,2025-12-16,2543,47.5195,120842.09,2536.46,GBP,MOCK_FEED
POS00500920251216,PORT005,INS0022,2025-12-16,1412,47.5336,67117.44,2466.85,USD,MOCK_FEED
POS00501020251216,PORT005,INS0023,2025-12-16,115,51.2457,5893.26,76.37,INR,MOCK_FEED
POS00500120251217,PORT005,INS0014,2025-12-17,1724,11.8846,20489.05,204.56,INR,MOCK_FEED
POS00500220251217,PORT005,INS0015,2025-12-17,628,27.0413,16981.94,-145.21,INR,MOCK_FEED
POS00500320251217,PORT005,INS0016,2025-12-17,367,49.3324,18104.99,440.89,USD,MOCK_FEED
POS00500420251217,PORT005,INS0017,2025-12-17,2268,126.7927,287565.84,4209.33,USD,MOCK_FEED
POS00500520251217,PORT005,INS0018,2025-12-17,802,56.1469,45029.81,274.18,USD,MOCK_FEED
POS00500620251217,PORT005,INS0019,2025-12-17,3365,17.3675,58441.64,-1319.36,GBP,MOCK_FEED
POS00500720251217,PORT005,INS0020,2025-12-17,2785,10.2603,28574.94,-767.23,INR,MOCK_FEED
POS00500820251217,PORT005,INS0021,2025-12-17,493,47.0816,23211.23,701.98,INR,MOCK_FEED
POS00500920251217,PORT005,INS0022,2025-12-17,2413,48.216,116345.21,-1281.51,USD,MOCK_FEED
POS00501020251217,PORT005,INS0023,2025-12-17,2516,50.9498,128189.7,1418.33,USD,MOCK_FEED
POS00500120251218,PORT005,INS0014,2025-12-18,2416,11.7243,28325.91,-3.69,INR,MOCK_FEED
POS00500220251218,PORT005,INS0015,2025-12-18,4449,27.3337,121607.63,783.53,USD,MOCK_FEED
POS00500320251218,PORT005,INS0016,2025-12-18,2639,49.386,130329.65,4083.42,EUR,MOCK_FEED
POS00500420251218,PORT005,INS0017,2025-12-18,4878,127.2655,620801.11,-3173.0,EUR,MOCK_FEED
POS00500520251218,PORT005,INS0018,2025-12-18,4563,56.1899,256394.51,5.88,USD,MOCK_FEED
POS00500620251218,PORT005,INS0019,2025-12-18,3667,17.5634,64404.99,67.73,USD,MOCK_FEED
POS00500720251218,PORT005,INS0020,2025-12-18,4991,10.2867,51340.92,476.09,GBP,MOCK_FEED
POS00500820251218,PORT005,INS0021,2025-12-18,1976,47.3978,93658.05,2823.12,USD,MOCK_FEED
POS00500920251218,PORT005,INS0022,2025-12-18,4733,49.1261,232513.83,5780.11,GBP,MOCK_FEED
POS00501020251218,PORT005,INS0023,2025-12-18,4709,50.8143,239284.54,-4041.39,INR,MOCK_FEED
POS00500120251219,PORT005,INS0014,2025-12-19,3259,11.6491,37964.42,1381.55,INR,MOCK_FEED
POS00500220251219,PORT005,INS0015,2025-12-19,768,27.0585,20780.93,-209.17,INR,MOCK_FEED
POS00500320251219,PORT005,INS0016,2025-12-19,2582,50.3877,130101.04,1372.39,USD,MOCK_FEED
POS00500420251219,PORT005,INS0017,2025-12-19,4978,126.5518,629974.86,-3268.39,USD,MOCK_FEED
POS00500520251219,PORT005,INS0018,2025-12-19,2109,55.3169,116663.34,3733.84,USD,MOCK_FEED
POS00500620251219,PORT005,INS0019,2025-12-19,3483,17.7411,61792.25,-1670.72,EUR,MOCK_FEED
POS00500720251219,PORT005,INS0020,2025-12-19,4868,10.2945,50113.63,1892.32,GBP,MOCK_FEED
POS00500820251219,PORT005,INS0021,2025-12-19,4771,47.1589,224995.11,7663.27,GBP,MOCK_FEED
POS00500920251219,PORT005,INS0022,2025-12-19,4706,49.0482,230820.83,-5449.96,INR,MOCK_FEED
POS00501020251219,PORT005,INS0023,2025-12-19,4049,50.4934,204447.78,2827.11,GBP,MOCK_FEED
POS00500120251220,PORT005,INS0014,2025-12-20,3662,11.3574,41590.8,271.6,GBP,MOCK_FEED
POS00500220251220,PORT005,INS0015,2025-12-20,2944,27.0188,79543.35,2836.74,EUR,MOCK_FEED
POS00500320251220,PORT005,INS0016,2025-12-20,4363,50.2141,219084.12,5327.13,USD,MOCK_FEED
POS00500420251220,PORT005,INS0017,2025-12-20,2519,127.317,320711.52,-9119.89,GBP,MOCK_FEED
POS00500520251220,PORT005,INS0018,2025-12-20,396,54.9397,21756.12,-316.05,INR,MOCK_FEED
POS00500620251220,PORT005,INS0019,2025-12-20,2795,17.7266,49545.85,-1345.89,USD,MOCK_FEED
POS00500720251220,PORT005,INS0020,2025-12-20,4160,10.2138,42489.41,-1044.28,GBP,MOCK_FEED
POS00500820251220,PORT005,INS0021,2025-12-20,118,47.1675,5565.76,186.33,USD,MOCK_FEED
POS00500920251220,PORT005,INS0022,2025-12-20,2731,48.5486,132586.23,2649.16,USD,MOCK_FEED
POS00501020251220,PORT005,INS0023,2025-12-20,2616,49.9022,130544.16,-3477.08,USD,MOCK_FEED
POS00500120251221,PORT005,INS0014,2025-12-21,1283,11.5703,14844.69,-407.31,EUR,MOCK_FEED
POS00500220251221,PORT005,INS0015,2025-12-21,1564,27.0551,42314.18,-5.51,USD,MOCK_FEED
POS00500320251221,PORT005,INS0016,2025-12-21,4106,50.6476,207959.05,3780.12,GBP,MOCK_FEED
POS00500420251221,PORT005,INS0017,2025-12-21,1914,125.0991,239439.68,1417.53,INR,MOCK_FEED
POS00500520251221,PORT005,INS0018,2025-12-21,4679,54.4567,254802.9,9236.02,EUR,MOCK_FEED
POS00500620251221,PORT005,INS0019,2025-12-21,2640,17.7718,46917.55,-28.6,GBP,MOCK_FEED
POS00500720251221,PORT005,INS0020,2025-12-21,4653,10.2983,47917.99,64.87,EUR,MOCK_FEED
POS00500820251221,PORT005,INS0021,2025-12-21,4638,46.597,216116.89,-5535.77,EUR,MOCK_FEED
POS00500920251221,PORT005,INS0022,2025-12-21,1400,49.0263,68636.82,472.98,USD,MOCK_FEED
POS00501020251221,PORT005,INS0023,2025-12-21,3218,50.2482,161698.71,-588.27,USD,MOCK_FEED
POS00500120251222,PORT005,INS0014,2025-12-22,414,11.5363,4776.03,123.86,USD,MOCK_FEED
POS00500220251222,PORT005,INS0015,2025-12-22,2788,26.7616,74611.34,-892.3,GBP,MOCK_FEED
POS00500320251222,PORT005,INS0016,2025-12-22,3250,51.4973,167366.23,3015.18,GBP,MOCK_FEED
POS00500420251222,PORT005,INS0017,2025-12-22,1544,127.2003,196397.26,-4517.36,INR,MOCK_FEED
POS00500520251222,PORT005,INS0018,2025-12-22,2974,54.5098,162112.15,2527.23,EUR,MOCK_FEED
POS00500620251222,PORT005,INS0019,2025-12-22,704,17.7677,12508.46,-9.63,GBP,MOCK_FEED
POS00500720251222,PORT005,INS0020,2025-12-22,2250,10.4728,23563.8,806.13,USD,MOCK_FEED
POS00500820251222,PORT005,INS0021,2025-12-22,1576,46.8463,73829.77,-1305.07,INR,MOCK_FEED
POS00500920251222,PORT005,INS0022,2025-12-22,2821,49.005,138243.11,856.1,EUR,MOCK_FEED
POS00501020251222,PORT005,INS0023,2025-12-22,366,49.5167,18123.11,586.05,USD,MOCK_FEED
POS00500120251223,PORT005,INS0014,2025-12-23,382,11.5766,4422.26,-6.54,EUR,MOCK_FEED
POS00500220251223,PORT005,INS0015,2025-12-23,1786,27.1494,48488.83,736.31,GBP,MOCK_FEED
POS00500320251223,PORT005,INS0016,2025-12-23,3450,51.7824,178649.28,-206.93,GBP,MOCK_FEED
POS00500420251223,PORT005,INS0017,2025-12-23,3694,127.2078,469905.61,-12175.79,USD,MOCK_FEED
POS00500520251223,PORT005,INS0018,2025-12-23,1763,54.8555,96710.25,-200.86,INR,MOCK_FEED
POS00500620251223,PORT005,INS0019,2025-12-23,857,17.8875,15329.59,30.96,INR,MOCK_FEED
POS00500720251223,PORT005,INS0020,2025-12-23,481,10.4884,5044.92,172.33,EUR,MOCK_FEED
POS00500820251223,PORT005,INS0021,2025-12-23,1211,46.72,56577.92,1477.44,GBP,MOCK_FEED
POS00500920251223,PORT005,INS0022,2025-12-23,4358,50.3276,219327.68,1636.97,GBP,MOCK_FEED
POS00501020251223,PORT005,INS0023,2025-12-23,2348,49.9321,117240.57,-1998.1,USD,MOCK_FEED
POS00500120251224,PORT005,INS0014,2025-12-24,2802,11.5397,32334.24,699.73,INR,MOCK_FEED
POS00500220251224,PORT005,INS0015,2025-12-24,3082,27.4017,84452.04,-341.62,EUR,MOCK_FEED
POS00500320251224,PORT005,INS0016,2025-12-24,1382,51.3905,71021.67,-899.37,GBP,MOCK_FEED
POS00500420251224,PORT005,INS0017,2025-12-24,4872,127.9338,623293.47,8450.49,GBP,MOCK_FEED
POS00500520251224,PORT005,INS0018,2025-12-24,1194,55.8314,66662.69,1315.15,EUR,MOCK_FEED
POS00500620251224,PORT005,INS0019,2025-12-24,1602,18.0131,28856.99,-189.47,USD,MOCK_FEED
POS00500720251224,PORT005,INS0020,2025-12-24,1729,10.438,18047.3,-530.02,INR,MOCK_FEED
POS00500820251224,PORT005,INS0021,2025-12-24,802,47.4585,38061.72,-834.27,EUR,MOCK_FEED
POS00500920251224,PORT005,INS0022,2025-12-24,2946,49.4738,145749.81,-2727.89,GBP,MOCK_FEED
POS00501020251224,PORT005,INS0023,2025-12-24,3129,49.689,155476.88,2328.63,INR,MOCK_FEED
POS00500120251225,PORT005,INS0014,2025-12-25,4961,11.5943,57519.32,2106.75,EUR,MOCK_FEED
POS00500220251225,PORT005,INS0015,2025-12-25,2433,27.2509,66301.44,2590.07,INR,MOCK_FEED
POS00500320251225,PORT005,INS0016,2025-12-25,2537,51.6556,131050.26,1904.38,INR,MOCK_FEED
POS00500420251225,PORT005,INS0017,2025-12-25,193,127.0169,24514.26,826.64,USD,MOCK_FEED
POS00500520251225,PORT005,INS0018,2025-12-25,952,55.9946,53306.86,861.11,USD,MOCK_FEED
POS00500620251225,PORT005,INS0019,2025-12-25,4213,18.0605,76088.89,2529.81,USD,MOCK_FEED
POS00500720251225,PORT005,INS0020,2025-12-25,4471,10.6351,47549.53,-20.04,GBP,MOCK_FEED
POS00500820251225,PORT005,INS0021,2025-12-25,3901,48.8757,190664.11,-3041.4,EUR,MOCK_FEED
POS00500920251225,PORT005,INS0022,2025-12-25,328,49.3686,16192.9,355.73,EUR,MOCK_FEED
POS00501020251225,PORT005,INS0023,2025-12-25,3962,49.4935,196093.25,-939.88,GBP,MOCK_FEED
POS00500120251226,PORT005,INS0014,2025-12-26,4628,11.7031,54161.95,1751.43,USD,MOCK_FEED
POS00500220251226,PORT005,INS0015,2025-12-26,2555,27.3821,69961.27,535.87,USD,MOCK_FEED
POS00500320251226,PORT005,INS0016,2025-12-26,4485,52.229,234247.07,3747.23,GBP,MOCK_FEED
POS00500420251226,PORT005,INS0017,2025-12-26,4255,128.0834,544994.87,-7392.47,EUR,MOCK_FEED
POS00500520251226,PORT005,INS0018,2025-12-26,4322,56.4867,244135.52,6907.62,INR,MOCK_FEED
POS00500620251226,PORT005,INS0019,2025-12-26,194,17.9641,3485.04,21.47,GBP,MOCK_FEED
POS00500720251226,PORT005,INS0020,2025-12-26,770,10.5019,8086.46,188.01,INR,MOCK_FEED
POS00500820251226,PORT005,INS0021,2025-12-26,4228,48.8778,206655.34,2259.68,INR,MOCK_FEED
POS00500920251226,PORT005,INS0022,2025-12-26,4538,48.4974,220081.2,-3662.56,INR,MOCK_FEED
POS00501020251226,PORT005,INS0023,2025-12-26,4271,50.0329,213690.52,-2165.47,EUR,MOCK_FEED
POS00500120251227,PORT005,INS0014,2025-12-27,4164,11.7133,48774.18,1486.72,INR,MOCK_FEED
POS00500220251227,PORT005,INS0015,2025-12-27,2193,27.4667,60234.47,-703.72,EUR,MOCK_FEED
POS00500320251227,PORT005,INS0016,2025-12-27,337,51.7314,17433.48,328.85,USD,MOCK_FEED
POS00500420251227,PORT005,INS0017,2025-12-27,618,129.5383,80054.67,2116.42,USD,MOCK_FEED
POS00500520251227,PORT005,INS0018,2025-12-27,2874,56.816,163289.18,2003.02,USD,MOCK_FEED
POS00500620251227,PORT005,INS0019,2025-12-27,4234,17.9448,75978.28,-501.93,EUR,MOCK_FEED
POS00500720251227,PORT005,INS0020,2025-12-27,3321,10.4747,34786.48,1106.18,EUR,MOCK_FEED
POS00500820251227,PORT005,INS0021,2025-12-27,1361,49.2167,66983.93,-940.84,EUR,MOCK_FEED
POS00500920251227,PORT005,INS0022,2025-12-27,1494,48.2019,72013.64,2667.41,EUR,MOCK_FEED
POS00501020251227,PORT005,INS0023,2025-12-27,1527,50.5969,77261.47,1787.56,GBP,MOCK_FEED
POS00500120251228,PORT005,INS0014,2025-12-28,2889,11.8166,34138.16,572.85,INR,MOCK_FEED
POS00500220251228,PORT005,INS0015,2025-12-28,4832,27.1041,130967.01,-2500.27,GBP,MOCK_FEED
POS00500320251228,PORT005,INS0016,2025-12-28,1784,50.9832,90954.03,2607.32,USD,MOCK_FEED
POS00500420251228,PORT005,INS0017,2025-12-28,1881,130.241,244983.32,2293.24,EUR,MOCK_FEED
POS00500520251228,PORT005,INS0018,2025-12-28,2709,56.5771,153267.36,-2925.78,GBP,MOCK_FEED
POS00500620251228,PORT005,INS0019,2025-12-28,889,18.2994,16268.17,370.74,EUR,MOCK_FEED
POS00500720251228,PORT005,INS0020,2025-12-28,4386,10.4506,45836.33,-33.6,INR,MOCK_FEED
POS00500820251228,PORT005,INS0021,2025-12-28,1634,49.0863,80207.01,-2205.71,GBP,MOCK_FEED
POS00500920251228,PORT005,INS0022,2025-12-28,4668,48.0511,224302.53,7371.18,INR,MOCK_FEED
POS00501020251228,PORT005,INS0023,2025-12-28,1382,51.0355,70531.06,99.73,USD,MOCK_FEED
POS00500120251229,PORT005,INS0014,2025-12-29,3089,11.8381,36567.89,-712.22,GBP,MOCK_FEED
POS00500220251229,PORT005,INS0015,2025-12-29,3674,27.4222,100749.16,2332.17,GBP,MOCK_FEED
POS00500320251229,PORT005,INS0016,2025-12-29,239,51.0841,12209.1,412.16,EUR,MOCK_FEED
POS00500420251229,PORT005,INS0017,2025-12-29,4546,131.4686,597656.26,630.72,EUR,MOCK_FEED
POS00500520251229,PORT005,INS0018,2025-12-29,1731,55.9968,96930.46,2375.72,EUR,MOCK_FEED
POS00500620251229,PORT005,INS0019,2025-12-29,2036,18.6289,37928.44,1131.37,INR,MOCK_FEED
POS00500720251229,PORT005,INS0020,2025-12-29,3775,10.4141,39313.23,-640.72,GBP,MOCK_FEED
POS00500820251229,PORT005,INS0021,2025-12-29,2351,49.5143,116408.12,2332.93,GBP,MOCK_FEED
POS00500920251229,PORT005,INS0022,2025-12-29,4590,47.6441,218686.42,6927.72,INR,MOCK_FEED
POS00501020251229,PORT005,INS0023,2025-12-29,364,52.5014,19110.51,354.01,INR,MOCK_FEED
POS00500120251230,PORT005,INS0014,2025-12-30,442,11.821,5224.88,92.9,USD,MOCK_FEED
POS00500220251230,PORT005,INS0015,2025-12-30,1276,27.5756,35186.47,-724.24,EUR,MOCK_FEED
POS00500320251230,PORT005,INS0016,2025-12-30,3265,50.4954,164867.48,-4842.59,INR,MOCK_FEED
POS00500420251230,PORT005,INS0017,2025-12-30,2144,129.0759,276738.73,3006.05,USD,MOCK_FEED
POS00500520251230,PORT005,INS0018,2025-12-30,1463,55.7905,81621.5,-2093.53,GBP,MOCK_FEED
POS00500620251230,PORT005,INS0019,2025-12-30,4723,18.8032,88807.51,-365.52,GBP,MOCK_FEED
POS00500720251230,PORT005,INS0020,2025-12-30,2195,10.5017,23051.23,421.2,EUR,MOCK_FEED
POS00500820251230,PORT005,INS0021,2025-12-30,4624,48.5139,224328.27,-3724.33,USD,MOCK_FEED
POS00500920251230,PORT005,INS0022,2025-12-30,1656,46.6787,77299.93,2579.15,GBP,MOCK_FEED
POS00501020251230,PORT005,INS0023,2025-12-30,424,52.4484,22238.12,-135.08,GBP,MOCK_FEED
POS00500120251231,PORT005,INS0014,2025-12-31,951,11.7926,11214.76,-18.66,INR,MOCK_FEED
POS00500220251231,PORT005,INS0015,2025-12-31,1317,27.3561,36027.98,-244.94,GBP,MOCK_FEED
POS00500320251231,PORT005,INS0016,2025-12-31,4235,50.1138,212231.94,4813.73,EUR,MOCK_FEED
POS00500420251231,PORT005,INS0017,2025-12-31,4647,131.1966,609670.6,-2578.23,GBP,MOCK_FEED
POS00500520251231,PORT005,INS0018,2025-12-31,622,55.2884,34389.38,-841.96,USD,MOCK_FEED
POS00500620251231,PORT005,INS0019,2025-12-31,1343,18.6197,25006.26,332.84,EUR,MOCK_FEED
POS00500720251231,PORT005,INS0020,2025-12-31,2391,10.5009,25107.65,-339.69,EUR,MOCK_FEED
POS00500820251231,PORT005,INS0021,2025-12-31,768,48.0476,36900.56,-622.02,INR,MOCK_FEED
POS00500920251231,PORT005,INS0022,2025-12-31,373,46.7944,17454.31,-90.14,EUR,MOCK_FEED
POS00501020251231,PORT005,INS0023,2025-12-31,2461,52.1189,128264.61,2407.35,INR,MOCK_FEED
POS00500120260101,PORT005,INS0014,2026-01-01,1761,11.9513,21046.24,89.15,INR,MOCK_FEED
POS00500220260101,PORT005,INS0015,2026-01-01,1099,27.4909,30212.5,-58.9,INR,MOCK_FEED
POS00500320260101,PORT005,INS0016,2026-01-01,1570,50.4453,79199.12,-1855.14,EUR,MOCK_FEED
POS00500420260101,PORT005,INS0017,2026-01-01,538,131.7534,70883.33,-690.25,USD,MOCK_FEED
POS00500520260101,PORT005,INS0018,2026-01-01,1111,55.8996,62104.46,-892.28,EUR,MOCK_FEED
POS00500620260101,PORT005,INS0019,2026-01-01,3771,18.6834,70455.1,1905.87,GBP,MOCK_FEED
POS00500720260101,PORT005,INS0020,2026-01-01,981,10.825,10619.32,-2.08,USD,MOCK_FEED
POS00500820260101,PORT005,INS0021,2026-01-01,3889,48.8816,190100.54,6968.02,USD,MOCK_FEED
POS00500920260101,PORT005,INS0022,2026-01-01,1235,46.9356,57965.47,-1114.89,INR,MOCK_FEED
POS00501020260101,PORT005,INS0023,2026-01-01,915,52.4704,48010.42,-1107.8,USD,MOCK_FEED
POS00500120260102,PORT005,INS0014,2026-01-02,4761,11.9308,56802.54,-311.37,INR,MOCK_FEED
POS00500220260102,PORT005,INS0015,2026-01-02,4029,27.3796,110312.41,-2254.37,EUR,MOCK_FEED
POS00500320260102,PORT005,INS0016,2026-01-02,2280,50.2752,114627.46,-674.47,INR,MOCK_FEED
POS00500420260102,PORT005,INS0017,2026-01-02,3358,129.1832,433797.19,-8766.95,INR,MOCK_FEED
POS00500520260102,PORT005,INS0018,2026-01-02,987,56.185,55454.6,-935.78,INR,MOCK_FEED
POS00500620260102,PORT005,INS0019,2026-01-02,3795,18.8988,71720.95,-525.53,EUR,MOCK_FEED
POS00500720260102,PORT005,INS0020,2026-01-02,1410,10.6084,14957.84,500.48,EUR,MOCK_FEED
POS00500820260102,PORT005,INS0021,2026-01-02,2014,48.7306,98143.43,3524.92,INR,MOCK_FEED
POS00500920260102,PORT005,INS0022,2026-01-02,1139,46.0224,52419.51,355.73,INR,MOCK_FEED
POS00501020260102,PORT005,INS0023,2026-01-02,4317,52.9129,228424.99,9034.92,USD,MOCK_FEED
POS00500120260103,PORT005,INS0014,2026-01-03,905,12.0858,10937.65,-72.75,INR,MOCK_FEED
POS00500220260103,PORT005,INS0015,2026-01-03,2324,27.2894,63420.57,-981.59,EUR,MOCK_FEED
POS00500320260103,PORT005,INS0016,2026-01-03,344,50.1862,17264.05,-402.63,INR,MOCK_FEED
POS00500420260103,PORT005,INS0017,2026-01-03,894,131.0842,117189.27,-3034.13,GBP,MOCK_FEED
POS00500520260103,PORT005,INS0018,2026-01-03,3408,56.0882,191148.59,-3722.28,GBP,MOCK_FEED
POS00500620260103,PORT005,INS0019,2026-01-03,671,19.0793,12802.21,434.17,GBP,MOCK_FEED
POS00500720260103,PORT005,INS0020,2026-01-03,1844,10.6399,19619.98,-406.56,USD,MOCK_FEED
POS00500820260103,PORT005,INS0021,2026-01-03,4495,49.5685,222810.41,-5634.62,USD,MOCK_FEED
POS00500920260103,PORT005,INS0022,2026-01-03,269,44.6811,12019.22,-230.08,INR,MOCK_FEED
POS00501020260103,PORT005,INS0023,2026-01-03,963,53.9139,51919.09,391.81,GBP,MOCK_FEED
POS00500120260104,PORT005,INS0014,2026-01-04,4975,11.8465,58936.34,19.97,USD,MOCK_FEED
POS00500220260104,PORT005,INS0015,2026-01-04,3544,27.2428,96548.48,1682.66,USD,MOCK_FEED
POS00500320260104,PORT005,INS0016,2026-01-04,2516,50.6728,127492.76,3862.92,GBP,MOCK_FEED
POS00500420260104,PORT005,INS0017,2026-01-04,990,129.3702,128076.5,-1940.61,INR,MOCK_FEED
POS00500520260104,PORT005,INS0018,2026-01-04,4454,56.312,250813.65,7353.65,USD,MOCK_FEED
POS00500620260104,PORT005,INS0019,2026-01-04,1397,19.2348,26871.02,-711.67,USD,MOCK_FEED
POS00500720260104,PORT005,INS0020,2026-01-04,2250,10.7379,24160.27,-689.36,EUR,MOCK_FEED
POS00500820260104,PORT005,INS0021,2026-01-04,189,50.1776,9483.57,264.45,INR,MOCK_FEED
POS00500920260104,PORT005,INS0022,2026-01-04,217,44.8573,9734.03,369.96,GBP,MOCK_FEED
POS00501020260104,PORT005,INS0023,2026-01-04,4385,54.4161,238614.6,1893.94,USD,MOCK_FEED
POS00500120260105,PORT005,INS0014,2026-01-05,4285,11.9515,51212.18,514.35,USD,MOCK_FEED
POS00500220260105,PORT005,INS0015,2026-01-05,3063,27.1162,83056.92,248.53,INR,MOCK_FEED
POS00500320260105,PORT005,INS0016,2026-01-05,2153,50.2968,108289.01,531.89,INR,MOCK_FEED
POS00500420260105,PORT005,INS0017,2026-01-05,4978,129.5489,644894.42,14437.53,EUR,MOCK_FEED
POS00500520260105,PORT005,INS0018,2026-01-05,2288,56.4197,129088.27,-3823.12,EUR,MOCK_FEED
POS00500620260105,PORT005,INS0019,2026-01-05,3095,19.4191,60102.11,1909.44,USD,MOCK_FEED
POS00500720260105,PORT005,INS0020,2026-01-05,1091,10.6964,11669.77,87.72,EUR,MOCK_FEED
POS00500820260105,PORT005,INS0021,2026-01-05,2572,49.8999,128342.54,3522.34,INR,MOCK_FEED
POS00500920260105,PORT005,INS0022,2026-01-05,1020,45.4979,46407.86,-185.23,GBP,MOCK_FEED
POS00501020260105,PORT005,INS0023,2026-01-05,2694,53.6096,144424.26,-435.06,EUR,MOCK_FEED
POS00500120260106,PORT005,INS0014,2026-01-06,3548,11.681,41444.19,1129.42,INR,MOCK_FEED
POS00500220260106,PORT005,INS0015,2026-01-06,1040,27.4103,28506.71,83.64,INR,MOCK_FEED
POS00500320260106,PORT005,INS0016,2026-01-06,4737,50.0833,237244.59,3108.49,USD,MOCK_FEED
POS00500420260106,PORT005,INS0017,2026-01-06,2990,128.8634,385301.57,-4801.46,INR,MOCK_FEED
POS00500520260106,PORT005,INS0018,2026-01-06,1222,56.1794,68651.23,273.37,GBP,MOCK_FEED
POS00500620260106,PORT005,INS0019,2026-01-06,3669,19.4385,71319.86,-1140.06,USD,MOCK_FEED
POS00500720260106,PORT005,INS0020,2026-01-06,3444,10.7107,36887.65,1034.64,USD,MOCK_FEED
POS00500820260106,PORT005,INS0021,2026-01-06,430,50.0781,21533.58,-412.64,GBP,MOCK_FEED
POS00500920260106,PORT005,INS0022,2026-01-06,497,45.4501,22588.7,861.7,EUR,MOCK_FEED
POS00501020260106,PORT005,INS0023,2026-01-06,2334,53.55,124985.7,1444.35,USD,MOCK_FEED
POS00500120260107,PORT005,INS0014,2026-01-07,2054,11.7104,24053.16,-209.38,USD,MOCK_FEED
POS00500220260107,PORT005,INS0015,2026-01-07,1842,27.5699,50783.76,291.17,INR,MOCK_FEED
POS00500320260107,PORT005,INS0016,2026-01-07,3427,49.7749,170578.58,-1716.13,GBP,MOCK_FEED
POS00500420260107,PORT005,INS0017,2026-01-07,1757,126.2321,221789.8,2974.19,USD,MOCK_FEED
POS00500520260107,PORT005,INS0018,2026-01-07,484,56.1958,27198.77,325.01,INR,MOCK_FEED
POS00500620260107,PORT005,INS0019,2026-01-07,2384,19.6501,46845.84,1323.37,EUR,MOCK_FEED
POS00500720260107,PORT005,INS0020,2026-01-07,1186,10.8029,12812.24,-268.23,INR,MOCK_FEED
POS00500820260107,PORT005,INS0021,2026-01-07,4299,50.0592,215204.5,1263.18,INR,MOCK_FEED
POS00500920260107,PORT005,INS0022,2026-01-07,3037,45.7208,138854.07,-2230.64,GBP,MOCK_FEED
POS00501020260107,PORT005,INS0023,2026-01-07,4764,53.6112,255403.76,5006.74,INR,MOCK_FEED
POS00500120260108,PORT005,INS0014,2026-01-08,1501,11.6841,17537.83,5.12,EUR,MOCK_FEED
POS00500220260108,PORT005,INS0015,2026-01-08,4258,27.1316,115526.35,-1431.84,USD,MOCK_FEED
POS00500320260108,PORT005,INS0016,2026-01-08,2263,49.8473,112804.44,-2344.6,GBP,MOCK_FEED
POS00500420260108,PORT005,INS0017,2026-01-08,3039,125.2084,380508.33,13157.5,USD,MOCK_FEED
POS00500520260108,PORT005,INS0018,2026-01-08,1952,55.897,109110.94,2332.98,GBP,MOCK_FEED
POS00500620260108,PORT005,INS0019,2026-01-08,2899,19.5868,56782.13,-1635.46,EUR,MOCK_FEED
POS00500720260108,PORT005,INS0020,2026-01-08,1822,11.0016,20044.92,-219.47,GBP,MOCK_FEED
POS00500820260108,PORT005,INS0021,2026-01-08,4066,50.0951,203686.68,-5167.75,GBP,MOCK_FEED
POS00500920260108,PORT005,INS0022,2026-01-08,1061,45.9406,48742.98,-1197.16,GBP,MOCK_FEED
POS00501020260108,PORT005,INS0023,2026-01-08,473,52.7814,24965.6,-494.82,USD,MOCK_FEED
POS00500120260109,PORT005,INS0014,2026-01-09,4279,11.595,49615.01,1840.43,EUR,MOCK_FEED
POS00500220260109,PORT005,INS0015,2026-01-09,1522,27.2103,41414.08,-749.18,INR,MOCK_FEED
POS00500320260109,PORT005,INS0016,2026-01-09,3063,49.6753,152155.44,5379.91,GBP,MOCK_FEED
POS00500420260109,PORT005,INS0017,2026-01-09,2810,128.9071,362228.95,4687.79,GBP,MOCK_FEED
POS00500520260109,PORT005,INS0018,2026-01-09,2960,56.1405,166175.88,4343.6,INR,MOCK_FEED
POS00500620260109,PORT005,INS0019,2026-01-09,2937,19.3182,56737.55,-661.09,INR,MOCK_FEED
POS00500720260109,PORT005,INS0020,2026-01-09,3012,10.8299,32619.66,-369.23,USD,MOCK_FEED
POS00500820260109,PORT005,INS0021,2026-01-09,2545,49.8873,126963.18,-1924.19,USD,MOCK_FEED
POS00500920260109,PORT005,INS0022,2026-01-09,2979,46.3022,137934.25,2739.55,INR,MOCK_FEED
POS00501020260109,PORT005,INS0023,2026-01-09,706,53.1811,37545.86,-433.36,INR,MOCK_FEED
POS00500120260110,PORT005,INS0014,2026-01-10,4684,11.6462,54550.8,-699.6,EUR,MOCK_FEED
POS00500220260110,PORT005,INS0015,2026-01-10,4164,26.4372,110084.5,-2512.35,EUR,MOCK_FEED
POS00500320260110,PORT005,INS0016,2026-01-10,2136,49.6587,106070.98,3693.15,INR,MOCK_FEED
POS00500420260110,PORT005,INS0017,2026-01-10,4883,130.3248,636376.0,10263.83,GBP,MOCK_FEED
POS00500520260110,PORT005,INS0018,2026-01-10,305,56.0693,17101.14,657.65,INR,MOCK_FEED
POS00500620260110,PORT005,INS0019,2026-01-10,904,19.3315,17475.68,159.56,INR,MOCK_FEED
POS00500720260110,PORT005,INS0020,2026-01-10,3026,10.7999,32680.5,-807.57,GBP,MOCK_FEED
POS00500820260110,PORT005,INS0021,2026-01-10,698,49.934,34853.93,1051.92,EUR,MOCK_FEED
POS00500920260110,PORT005,INS0022,2026-01-10,4365,46.434,202684.41,-979.47,GBP,MOCK_FEED
POS00501020260110,PORT005,INS0023,2026-01-10,3379,53.1803,179696.23,-2524.25,EUR,MOCK_FEED
POS00500120260111,PORT005,INS0014,2026-01-11,856,11.4902,9835.61,177.46,USD,MOCK_FEED
POS00500220260111,PORT005,INS0015,2026-01-11,972,26.6727,25925.86,660.69,USD,MOCK_FEED
POS00500320260111,PORT005,INS0016,2026-01-11,1318,50.3245,66327.69,-964.96,GBP,MOCK_FEED
POS00500420260111,PORT005,INS0017,2026-01-11,206,128.2513,26419.77,-551.28,INR,MOCK_FEED
POS00500520260111,PORT005,INS0018,2026-01-11,3540,56.0257,198330.98,-2740.67,GBP,MOCK_FEED
POS00500620260111,PORT005,INS0019,2026-01-11,3841,19.4912,74865.7,-864.13,INR,MOCK_FEED
POS00500720260111,PORT005,INS0020,2026-01-11,2308,10.7878,24898.24,-317.37,INR,MOCK_FEED
POS00500820260111,PORT005,INS0021,2026-01-11,4039,49.9307,201670.1,767.38,USD,MOCK_FEED
POS00500920260111,PORT005,INS0022,2026-01-11,1965,45.3542,89121.0,-217.75,GBP,MOCK_FEED
POS00501020260111,PORT005,INS0023,2026-01-11,1748,53.8753,94174.02,709.81,EUR,MOCK_FEED
POS00500120260112,PORT005,INS0014,2026-01-12,4541,11.2764,51206.13,-386.21,EUR,MOCK_FEED
POS00500220260112,PORT005,INS0015,2026-01-12,1322,26.2236,34667.6,-909.21,INR,MOCK_FEED
POS00500320260112,PORT005,INS0016,2026-01-12,3510,51.1409,179504.56,5728.22,INR,MOCK_FEED
POS00500420260112,PORT005,INS0017,2026-01-12,4254,127.3577,541779.66,-9443.76,INR,MOCK_FEED
POS00500520260112,PORT005,INS0018,2026-01-12,3230,56.9231,183861.61,3741.32,INR,MOCK_FEED
POS00500620260112,PORT005,INS0019,2026-01-12,1199,19.6983,23618.26,-3.84,USD,MOCK_FEED
POS00500720260112,PORT005,INS0020,2026-01-12,485,10.8354,5255.17,149.91,GBP,MOCK_FEED
POS00500820260112,PORT005,INS0021,2026-01-12,3812,50.6821,193200.17,2091.37,INR,MOCK_FEED
POS00500920260112,PORT005,INS0022,2026-01-12,4552,45.1565,205552.39,7918.12,EUR,MOCK_FEED
POS00501020260112,PORT005,INS0023,2026-01-12,2273,55.2673,125622.57,-425.42,USD,MOCK_FEED
POS00500120260113,PORT005,INS0014,2026-01-13,3504,10.9932,38520.17,-1097.88,INR,MOCK_FEED
POS00500220260113,PORT005,INS0015,2026-01-13,2014,26.2748,52917.45,-308.99,GBP,MOCK_FEED
POS00500320260113,PORT005,INS0016,2026-01-13,1661,50.3115,83567.4,-103.35,GBP,MOCK_FEED
POS00500420260113,PORT005,INS0017,2026-01-13,4247,127.7876,542713.94,11064.33,EUR,MOCK_FEED
POS00500520260113,PORT005,INS0018,2026-01-13,364,56.4076,20532.37,714.83,USD,MOCK_FEED
POS00500620260113,PORT005,INS0019,2026-01-13,153,19.029,2911.44,92.16,USD,MOCK_FEED
POS00500720260113,PORT005,INS0020,2026-01-13,4266,10.679,45556.61,905.46,GBP,MOCK_FEED
POS00500820260113,PORT005,INS0021,2026-01-13,2292,51.2136,117381.57,3668.1,INR,MOCK_FEED
POS00500920260113,PORT005,INS0022,2026-01-13,3829,45.2071,173097.99,-4446.48,EUR,MOCK_FEED
POS00501020260113,PORT005,INS0023,2026-01-13,595,55.3422,32928.61,470.85,USD,MOCK_FEED
POS00500120260114,PORT005,INS0014,2026-01-14,4657,10.8651,50598.77,400.89,INR,MOCK_FEED
POS00500220260114,PORT005,INS0015,2026-01-14,4668,26.01,121414.68,-702.42,EUR,MOCK_FEED
POS00500320260114,PORT005,INS0016,2026-01-14,3290,50.5798,166407.54,5078.09,GBP,MOCK_FEED
POS00500420260114,PORT005,INS0017,2026-01-14,3092,127.5991,394536.42,-10905.76,EUR,MOCK_FEED
POS00500520260114,PORT005,INS0018,2026-01-14,1164,56.3416,65581.62,-331.35,EUR,MOCK_FEED
POS00500620260114,PORT005,INS0019,2026-01-14,3033,18.8433,57151.73,-1254.07,USD,MOCK_FEED
POS00500720260114,PORT005,INS0020,2026-01-14,3816,10.6998,40830.44,127.67,GBP,MOCK_FEED
POS00500820260114,PORT005,INS0021,2026-01-14,2494,51.6794,128888.42,33.16,GBP,MOCK_FEED
POS00500920260114,PORT005,INS0022,2026-01-14,1374,45.3128,62259.79,1214.78,GBP,MOCK_FEED
POS00501020260114,PORT005,INS0023,2026-01-14,2416,53.4165,129054.26,4863.36,GBP,MOCK_FEED
POS00500120260115,PORT005,INS0014,2026-01-15,4419,10.8276,47847.16,-1382.83,INR,MOCK_FEED
POS00500220260115,PORT005,INS0015,2026-01-15,4957,26.1891,129819.37,2508.61,EUR,MOCK_FEED
POS00500320260115,PORT005,INS0016,2026-01-15,716,51.4484,36837.05,964.97,GBP,MOCK_FEED
POS00500420260115,PORT005,INS0017,2026-01-15,572,125.7219,71912.93,-1447.77,EUR,MOCK_FEED
POS00500520260115,PORT005,INS0018,2026-01-15,402,56.5065,22715.61,330.31,INR,MOCK_FEED
POS00500620260115,PORT005,INS0019,2026-01-15,2932,18.8366,55228.91,1732.27,USD,MOCK_FEED
POS00500720260115,PORT005,INS0020,2026-01-15,4150,10.7662,44679.73,-950.78,GBP,MOCK_FEED
POS00500820260115,PORT005,INS0021,2026-01-15,1141,51.0594,58258.78,2084.89,USD,MOCK_FEED
POS00500920260115,PORT005,INS0022,2026-01-15,125,45.638,5704.75,203.85,EUR,MOCK_FEED
POS00501020260115,PORT005,INS0023,2026-01-15,4350,54.1047,235355.45,-3326.63,EUR,MOCK_FEED
POS00500120260116,PORT005,INS0014,2026-01-16,2378,10.991,26136.6,-234.84,INR,MOCK_FEED
POS00500220260116,PORT005,INS0015,2026-01-16,1525,26.0308,39696.97,-708.52,EUR,MOCK_FEED
POS00500320260116,PORT005,INS0016,2026-01-16,4174,51.452,214760.65,6839.9,GBP,MOCK_FEED
POS00500420260116,PORT005,INS0017,2026-01-16,3809,125.8689,479434.64,-10749.18,GBP,MOCK_FEED
POS00500520260116,PORT005,INS0018,2026-01-16,1345,56.2642,75675.35,2387.01,INR,MOCK_FEED
POS00500620260116,PORT005,INS0019,2026-01-16,3930,18.8873,74227.09,2419.87,GBP,MOCK_FEED
POS00500720260116,PORT005,INS0020,2026-01-16,4752,10.6504,50610.7,-10.65,GBP,MOCK_FEED
POS00500820260116,PORT005,INS0021,2026-01-16,634,50.5385,32041.41,-233.87,EUR,MOCK_FEED
POS00500920260116,PORT005,INS0022,2026-01-16,2390,45.211,108054.29,1911.39,INR,MOCK_FEED
POS00501020260116,PORT005,INS0023,2026-01-16,3946,54.5036,215071.21,-6071.25,USD,MOCK_FEED
POS00500120260117,PORT005,INS0014,2026-01-17,4153,10.8524,45070.02,55.31,EUR,MOCK_FEED
POS00500220260117,PORT005,INS0015,2026-01-17,938,25.9489,24340.07,-6.58,INR,MOCK_FEED
POS00500320260117,PORT005,INS0016,2026-01-17,3733,49.5101,184821.2,-2518.33,GBP,MOCK_FEED
POS00500420260117,PORT005,INS0017,2026-01-17,3446,125.724,433244.9,-964.64,EUR,MOCK_FEED
POS00500520260117,PORT005,INS0018,2026-01-17,2764,56.3187,155664.89,-2588.79,GBP,MOCK_FEED
POS00500620260117,PORT005,INS0019,2026-01-17,3079,18.8793,58129.36,834.0,EUR,MOCK_FEED
POS00500720260117,PORT005,INS0020,2026-01-17,4268,10.4627,44654.8,-435.95,USD,MOCK_FEED
POS00500820260117,PORT005,INS0021,2026-01-17,1750,50.5693,88496.27,1203.66,INR,MOCK_FEED
POS00500920260117,PORT005,INS0022,2026-01-17,1085,45.2967,49146.92,1438.98,EUR,MOCK_FEED
POS00501020260117,PORT005,INS0023,2026-01-17,2077,55.0294,114296.06,-1468.87,GBP,MOCK_FEED
POS00500120260118,PORT005,INS0014,2026-01-18,502,10.9691,5506.49,-10.03,EUR,MOCK_FEED
POS00500220260118,PORT005,INS0015,2026-01-18,3693,26.1259,96482.95,1448.23,USD,MOCK_FEED
POS00500320260118,PORT005,INS0016,2026-01-18,3880,49.298,191276.24,3574.02,INR,MOCK_FEED
POS00500420260118,PORT005,INS0017,2026-01-18,3714,128.2222,476217.25,10660.69,INR,MOCK_FEED
POS00500520260118,PORT005,INS0018,2026-01-18,2632,55.9721,147318.57,3012.24,GBP,MOCK_FEED
POS00500620260118,PORT005,INS0019,2026-01-18,393,18.6477,7328.55,83.07,GBP,MOCK_FEED
POS00500720260118,PORT005,INS0020,2026-01-18,1417,10.5208,14907.97,517.05,USD,MOCK_FEED
POS00500820260118,PORT005,INS0021,2026-01-18,3082,50.9899,157150.87,331.01,GBP,MOCK_FEED
POS00500920260118,PORT005,INS0022,2026-01-18,3464,45.3514,157097.25,-3771.47,EUR,MOCK_FEED
POS00501020260118,PORT005,INS0023,2026-01-18,3269,56.517,184754.07,-4141.05,INR,MOCK_FEED
POS00500120260119,PORT005,INS0014,2026-01-19,2735,11.2175,30679.86,630.74,USD,MOCK_FEED
POS00500220260119,PORT005,INS0015,2026-01-19,4079,25.6499,104625.94,498.3,INR,MOCK_FEED
POS00500320260119,PORT005,INS0016,2026-01-19,759,49.58,37631.22,-22.21,INR,MOCK_FEED
POS00500420260119,PORT005,INS0017,2026-01-19,3311,129.3078,428138.13,-4227.2,USD,MOCK_FEED
POS00500520260119,PORT005,INS0018,2026-01-19,3219,55.6925,179274.16,2665.87,USD,MOCK_FEED
POS00500620260119,PORT005,INS0019,2026-01-19,2916,18.6712,54445.22,1618.81,GBP,MOCK_FEED
POS00500720260119,PORT005,INS0020,2026-01-19,2588,10.6968,27683.32,583.61,GBP,MOCK_FEED
POS00500820260119,PORT005,INS0021,2026-01-19,2025,51.3366,103956.61,3625.07,EUR,MOCK_FEED
POS00500920260119,PORT005,INS0022,2026-01-19,3502,45.9419,160888.53,4392.67,USD,MOCK_FEED
POS00501020260119,PORT005,INS0023,2026-01-19,669,56.0811,37518.26,175.54,EUR,MOCK_FEED
POS00500120260120,PORT005,INS0014,2026-01-20,1679,11.2362,18865.58,43.52,INR,MOCK_FEED
POS00500220260120,PORT005,INS0015,2026-01-20,409,25.9254,10603.49,173.37,USD,MOCK_FEED
POS00500320260120,PORT005,INS0016,2026-01-20,2427,48.9481,118797.04,2090.46,GBP,MOCK_FEED
POS00500420260120,PORT005,INS0017,2026-01-20,3407,128.6615,438349.73,16285.15,EUR,MOCK_FEED
POS00500520260120,PORT005,INS0018,2026-01-20,892,57.7681,51529.15,-772.93,INR,MOCK_FEED
POS00500620260120,PORT005,INS0019,2026-01-20,1633,18.5174,30238.91,352.43,EUR,MOCK_FEED
POS00500720260120,PORT005,INS0020,2026-01-20,1469,10.759,15804.97,50.6,USD,MOCK_FEED
POS00500820260120,PORT005,INS0021,2026-01-20,2024,50.6467,102508.92,2515.94,USD,MOCK_FEED
POS00500920260120,PORT005,INS0022,2026-01-20,3657,44.3216,162084.09,1756.52,INR,MOCK_FEED
POS00501020260120,PORT005,INS0023,2026-01-20,778,55.5307,43202.88,-120.01,INR,MOCK_FEED
POS00500120260121,PORT005,INS0014,2026-01-21,4374,11.1441,48744.29,544.76,INR,MOCK_FEED
POS00500220260121,PORT005,INS0015,2026-01-21,2479,25.6332,63544.7,491.13,EUR,MOCK_FEED
POS00500320260121,PORT005,INS0016,2026-01-21,2302,48.6099,111899.99,2346.04,GBP,MOCK_FEED
POS00500420260121,PORT005,INS0017,2026-01-21,1179,128.9666,152051.62,4358.78,GBP,MOCK_FEED
POS00500520260121,PORT005,INS0018,2026-01-21,2299,56.9752,130985.98,2961.95,USD,MOCK_FEED
POS00500620260121,PORT005,INS0019,2026-01-21,3137,18.8467,59122.1,1917.41,GBP,MOCK_FEED
POS00500720260121,PORT005,INS0020,2026-01-21,810,10.7347,8695.11,-81.53,GBP,MOCK_FEED
POS00500820260121,PORT005,INS0021,2026-01-21,3351,49.6019,166215.97,-3265.42,GBP,MOCK_FEED
POS00500920260121,PORT005,INS0022,2026-01-21,1227,45.1801,55435.98,2187.54,EUR,MOCK_FEED
POS00501020260121,PORT005,INS0023,2026-01-21,783,56.005,43851.92,-1046.86,USD,MOCK_FEED
POS00500120260122,PORT005,INS0014,2026-01-22,3485,11.198,39025.03,912.83,USD,MOCK_FEED
POS00500220260122,PORT005,INS0015,2026-01-22,2751,25.1741,69253.95,-604.67,INR,MOCK_FEED
POS00500320260122,PORT005,INS0016,2026-01-22,2659,48.4261,128765.0,-1390.24,EUR,MOCK_FEED
POS00500420260122,PORT005,INS0017,2026-01-22,4905,126.4586,620279.43,19591.35,EUR,MOCK_FEED
POS00500520260122,PORT005,INS0018,2026-01-22,1621,57.226,92763.35,3677.68,USD,MOCK_FEED
POS00500620260122,PORT005,INS0019,2026-01-22,4330,18.9362,81993.75,2160.22,INR,MOCK_FEED
POS00500720260122,PORT005,INS0020,2026-01-22,1334,10.7268,14309.55,-206.01,GBP,MOCK_FEED
POS00500820260122,PORT005,INS0021,2026-01-22,4252,49.4766,210374.5,-4175.29,GBP,MOCK_FEED
POS00500920260122,PORT005,INS0022,2026-01-22,2478,45.3634,112410.51,-2422.49,EUR,MOCK_FEED
POS00501020260122,PORT005,INS0023,2026-01-22,2919,56.2806,164283.07,2007.29,INR,MOCK_FEED
POS00500120260123,PORT005,INS0014,2026-01-23,649,11.2262,7285.8,31.44,INR,MOCK_FEED
POS00500220260123,PORT005,INS0015,2026-01-23,1763,25.4249,44824.1,-301.2,USD,MOCK_FEED
POS00500320260123,PORT005,INS0016,2026-01-23,4288,48.4856,207906.25,1740.52,GBP,MOCK_FEED
POS00500420260123,PORT005,INS0017,2026-01-23,4427,125.9822,557723.2,20174.29,USD,MOCK_FEED
POS00500520260123,PORT005,INS0018,2026-01-23,2309,56.2857,129963.68,741.06,GBP,MOCK_FEED
POS00500620260123,PORT005,INS0019,2026-01-23,968,19.0953,18484.25,725.33,GBP,MOCK_FEED
POS00500720260123,PORT005,INS0020,2026-01-23,3304,10.5512,34861.16,994.37,USD,MOCK_FEED
POS00500820260123,PORT005,INS0021,2026-01-23,2076,47.9972,99642.19,3203.44,USD,MOCK_FEED
POS00500920260123,PORT005,INS0022,2026-01-23,2324,44.3921,103167.24,3059.42,GBP,MOCK_FEED
POS00501020260123,PORT005,INS0023,2026-01-23,4530,56.2865,254977.84,-7.61,INR,MOCK_FEED
POS00500120260124,PORT005,INS0014,2026-01-24,2921,11.1414,32544.03,-400.08,INR,MOCK_FEED
POS00500220260124,PORT005,INS0015,2026-01-24,179,25.1088,4494.48,-35.02,GBP,MOCK_FEED
POS00500320260124,PORT005,INS0016,2026-01-24,3911,47.7379,186702.93,-2129.74,EUR,MOCK_FEED
POS00500420260124,PORT005,INS0017,2026-01-24,3634,125.9323,457637.98,-5766.9,EUR,MOCK_FEED
POS00500520260124,PORT005,INS0018,2026-01-24,4801,55.75,267655.75,-1798.22,GBP,MOCK_FEED
POS00500620260124,PORT005,INS0019,2026-01-24,4030,18.8375,75915.12,1231.36,EUR,MOCK_FEED
POS00500720260124,PORT005,INS0020,2026-01-24,4955,10.5136,52094.89,197.54,INR,MOCK_FEED
POS00500820260124,PORT005,INS0021,2026-01-24,4491,47.8998,215118.0,6443.5,INR,MOCK_FEED
POS00500920260124,PORT005,INS0022,2026-01-24,3854,44.4865,171450.97,-3522.8,USD,MOCK_FEED
POS00501020260124,PORT005,INS0023,2026-01-24,513,56.6669,29070.12,-752.41,INR,MOCK_FEED
POS00500120260125,PORT005,INS0014,2026-01-25,2059,10.9733,22594.02,-112.38,EUR,MOCK_FEED
POS00500220260125,PORT005,INS0015,2026-01-25,2816,24.6482,69409.33,944.64,INR,MOCK_FEED
POS00500320260125,PORT005,INS0016,2026-01-25,4292,47.6769,204629.25,-3438.52,GBP,MOCK_FEED
POS00500420260125,PORT005,INS0017,2026-01-25,1930,128.5489,248099.38,9582.13,GBP,MOCK_FEED
POS00500520260125,PORT005,INS0018,2026-01-25,673,56.051,37722.32,411.92,USD,MOCK_FEED
POS00500620260125,PORT005,INS0019,2026-01-25,3232,18.8523,60930.63,816.74,USD,MOCK_FEED
POS00500720260125,PORT005,INS0020,2026-01-25,685,10.7057,7333.4,164.97,USD,MOCK_FEED
POS00500820260125,PORT005,INS0021,2026-01-25,1428,48.1805,68801.75,-562.57,GBP,MOCK_FEED
POS00500920260125,PORT005,INS0022,2026-01-25,582,44.8844,26122.72,887.82,INR,MOCK_FEED
POS00501020260125,PORT005,INS0023,2026-01-25,4907,56.3832,276672.36,7186.36,GBP,MOCK_FEED
POS00500120260126,PORT005,INS0014,2026-01-26,1086,10.9212,11860.42,187.17,INR,MOCK_FEED
POS00500220260126,PORT005,INS0015,2026-01-26,3230,24.4663,79026.15,1354.41,EUR,MOCK_FEED
POS00500320260126,PORT005,INS0016,2026-01-26,4326,48.0033,207662.28,7524.82,USD,MOCK_FEED
POS00500420260126,PORT005,INS0017,2026-01-26,590,129.73,76540.7,-593.76,GBP,MOCK_FEED
POS00500520260126,PORT005,INS0018,2026-01-26,4721,56.4029,266278.09,3659.69,EUR,MOCK_FEED
POS00500620260126,PORT005,INS0019,2026-01-26,4640,18.8087,87272.37,-1691.89,GBP,MOCK_FEED
POS00500720260126,PORT005,INS0020,2026-01-26,2642,10.903,28805.73,-8.95,INR,MOCK_FEED
POS00500820260126,PORT005,INS0021,2026-01-26,4859,48.144,233931.7,4707.38,GBP,MOCK_FEED
POS00500920260126,PORT005,INS0022,2026-01-26,2157,44.9415,96938.82,1997.77,INR,MOCK_FEED
POS00501020260126,PORT005,INS0023,2026-01-26,160,55.0646,8810.34,17.6,EUR,MOCK_FEED
POS00500120260127,PORT005,INS0014,2026-01-27,3404,11.0615,37653.35,-440.6,INR,MOCK_FEED
POS00500220260127,PORT005,INS0015,2026-01-27,3125,24.6203,76938.44,576.24,INR,MOCK_FEED
POS00500320260127,PORT005,INS0016,2026-01-27,4965,48.2166,239395.42,838.67,EUR,MOCK_FEED
POS00500420260127,PORT005,INS0017,2026-01-27,2559,128.6719,329271.39,9775.75,USD,MOCK_FEED
POS00500520260127,PORT005,INS0018,2026-01-27,4105,55.7995,229056.95,-5096.12,GBP,MOCK_FEED
POS00500620260127,PORT005,INS0019,2026-01-27,2183,19.0438,41572.62,1253.58,GBP,MOCK_FEED
POS00500720260127,PORT005,INS0020,2026-01-27,2047,10.8531,22216.3,646.35,GBP,MOCK_FEED
POS00500820260127,PORT005,INS0021,2026-01-27,1596,48.2985,77084.41,2136.17,INR,MOCK_FEED
POS00500920260127,PORT005,INS0022,2026-01-27,2830,45.8134,129651.92,4015.11,USD,MOCK_FEED
POS00501020260127,PORT005,INS0023,2026-01-27,1498,55.1421,82602.87,-1880.93,USD,MOCK_FEED
POS00500120260128,PORT005,INS0014,2026-01-28,610,11.2152,6841.27,267.78,GBP,MOCK_FEED
POS00500220260128,PORT005,INS0015,2026-01-28,1633,24.4893,39991.03,301.91,GBP,MOCK_FEED
POS00500320260128,PORT005,INS0016,2026-01-28,2521,47.8228,120561.28,-1892.2,USD,MOCK_FEED
POS00500420260128,PORT005,INS0017,2026-01-28,972,126.7477,123198.76,-816.01,INR,MOCK_FEED
POS00500520260128,PORT005,INS0018,2026-01-28,2521,56.9155,143483.98,1469.38,USD,MOCK_FEED
POS00500620260128,PORT005,INS0019,2026-01-28,346,18.6598,6456.29,169.08,GBP,MOCK_FEED
POS00500720260128,PORT005,INS0020,2026-01-28,136,10.6275,1445.34,32.33,EUR,MOCK_FEED
POS00500820260128,PORT005,INS0021,2026-01-28,1496,48.6086,72718.47,1260.78,EUR,MOCK_FEED
POS00500920260128,PORT005,INS0022,2026-01-28,2323,46.3164,107593.0,1898.5,INR,MOCK_FEED
POS00501020260128,PORT005,INS0023,2026-01-28,4943,54.7702,270729.1,-443.19,INR,MOCK_FEED
POS00500120260129,PORT005,INS0014,2026-01-29,2017,11.2262,22643.25,311.53,INR,MOCK_FEED
POS00500220260129,PORT005,INS0015,2026-01-29,4726,24.4811,115697.68,-451.02,EUR,MOCK_FEED
POS00500320260129,PORT005,INS0016,2026-01-29,1110,48.6379,53988.07,934.18,GBP,MOCK_FEED
POS00500420260129,PORT005,INS0017,2026-01-29,1234,123.686,152628.52,1702.98,GBP,MOCK_FEED
POS00500520260129,PORT005,INS0018,2026-01-29,1317,56.5479,74473.58,-1442.92,GBP,MOCK_FEED
POS00500620260129,PORT005,INS0019,2026-01-29,188,18.9649,3565.4,97.91,INR,MOCK_FEED
POS00500720260129,PORT005,INS0020,2026-01-29,609,10.5632,6432.99,141.59,USD,MOCK_FEED
POS00500820260129,PORT005,INS0021,2026-01-29,3333,47.5353,158435.15,-2828.4,GBP,MOCK_FEED
POS00500920260129,PORT005,INS0022,2026-01-29,1691,46.5118,78651.45,625.11,GBP,MOCK_FEED
POS00501020260129,PORT005,INS0023,2026-01-29,2501,53.8049,134566.05,2113.41,GBP,MOCK_FEED
POS00500120260130,PORT005,INS0014,2026-01-30,4700,11.2159,52714.73,1709.86,GBP,MOCK_FEED
POS00500220260130,PORT005,INS0015,2026-01-30,4819,25.0879,120898.59,-672.3,INR,MOCK_FEED
POS00500320260130,PORT005,INS0016,2026-01-30,3323,49.5095,164520.07,6509.45,GBP,MOCK_FEED
POS00500420260130,PORT005,INS0017,2026-01-30,3025,123.5473,373730.58,-6244.82,INR,MOCK_FEED
POS00500520260130,PORT005,INS0018,2026-01-30,1563,56.8551,88864.52,2023.02,EUR,MOCK_FEED
POS00500620260130,PORT005,INS0019,2026-01-30,1047,18.961,19852.17,-512.64,GBP,MOCK_FEED
POS00500720260130,PORT005,INS0020,2026-01-30,293,10.6717,3126.81,16.44,EUR,MOCK_FEED
POS00500820260130,PORT005,INS0021,2026-01-30,839,47.6138,39947.98,964.31,GBP,MOCK_FEED
POS00500920260130,PORT005,INS0022,2026-01-30,1979,47.0481,93108.19,3482.03,EUR,MOCK_FEED
POS00501020260130,PORT005,INS0023,2026-01-30,1845,52.9895,97765.63,2081.8,GBP,MOCK_FEED
POS00500120260131,PORT005,INS0014,2026-01-31,535,11.2223,6003.93,140.08,USD,MOCK_FEED
POS00500220260131,PORT005,INS0015,2026-01-31,271,25.2972,6855.54,-161.03,USD,MOCK_FEED
POS00500320260131,PORT005,INS0016,2026-01-31,597,49.581,29599.86,1172.83,EUR,MOCK_FEED
POS00500420260131,PORT005,INS0017,2026-01-31,1668,123.2911,205649.55,4106.89,EUR,MOCK_FEED
POS00500520260131,PORT005,INS0018,2026-01-31,4413,57.3787,253212.2,-569.21,EUR,MOCK_FEED
POS00500620260131,PORT005,INS0019,2026-01-31,246,19.0903,4696.21,0.23,INR,MOCK_FEED
POS00500720260131,PORT005,INS0020,2026-01-31,1445,10.7448,15526.24,89.55,INR,MOCK_FEED
POS00500820260131,PORT005,INS0021,2026-01-31,3587,46.9939,168567.12,-3170.92,INR,MOCK_FEED
POS00500920260131,PORT005,INS0022,2026-01-31,330,47.3428,15623.12,305.38,GBP,MOCK_FEED
POS00501020260131,PORT005,INS0023,2026-01-31,4012,53.1066,213063.68,7237.08,GBP,MOCK_FEED
POS00500120260201,PORT005,INS0014,2026-02-01,2493,11.1265,27738.36,-480.77,USD,MOCK_FEED
POS00500220260201,PORT005,INS0015,2026-02-01,1768,25.3872,44884.57,-1050.45,EUR,MOCK_FEED
POS00500320260201,PORT005,INS0016,2026-02-01,3539,49.7811,176175.31,5737.03,INR,MOCK_FEED
POS00500420260201,PORT005,INS0017,2026-02-01,2721,124.4333,338583.01,12118.19,INR,MOCK_FEED
POS00500520260201,PORT005,INS0018,2026-02-01,4417,57.5869,254361.34,1172.81,USD,MOCK_FEED
POS00500620260201,PORT005,INS0019,2026-02-01,465,18.9452,8809.52,171.45,GBP,MOCK_FEED
POS00500720260201,PORT005,INS0020,2026-02-01,4321,10.6641,46079.58,-705.2,INR,MOCK_FEED
POS00500820260201,PORT005,INS0021,2026-02-01,671,46.8362,31427.09,1224.69,EUR,MOCK_FEED
POS00500920260201,PORT005,INS0022,2026-02-01,2170,46.736,101417.12,-596.58,USD,MOCK_FEED
POS00501020260201,PORT005,INS0023,2026-02-01,2345,53.6051,125703.96,51.01,USD,MOCK_FEED
POS00500120260202,PORT005,INS0014,2026-02-02,1328,10.9772,14577.72,-35.0,USD,MOCK_FEED
POS00500220260202,PORT005,INS0015,2026-02-02,3945,25.41,100242.45,-1403.49,EUR,MOCK_FEED
POS00500320260202,PORT005,INS0016,2026-02-02,2446,48.6998,119119.71,-1243.49,USD,MOCK_FEED
POS00500420260202,PORT005,INS0017,2026-02-02,124,123.6384,15331.16,26.7,EUR,MOCK_FEED
POS00500520260202,PORT005,INS0018,2026-02-02,2226,57.3846,127738.12,-2063.89,INR,MOCK_FEED
POS00500620260202,PORT005,INS0019,2026-02-02,4017,18.8399,75679.88,-1722.85,INR,MOCK_FEED
POS00500720260202,PORT005,INS0020,2026-02-02,2972,10.5253,31281.19,-167.29,INR,MOCK_FEED
POS00500820260202,PORT005,INS0021,2026-02-02,2981,47.4316,141393.6,3745.03,EUR,MOCK_FEED
POS00500920260202,PORT005,INS0022,2026-02-02,654,46.2908,30274.18,827.24,USD,MOCK_FEED
POS00501020260202,PORT005,INS0023,2026-02-02,3014,52.515,158280.21,3677.41,INR,MOCK_FEED
POS00500120260203,PORT005,INS0014,2026-02-03,618,11.0108,6804.67,104.71,EUR,MOCK_FEED
POS00500220260203,PORT005,INS0015,2026-02-03,2808,25.4233,71388.63,550.65,GBP,MOCK_FEED
POS00500320260203,PORT005,INS0016,2026-02-03,4001,48.1293,192565.33,3160.02,INR,MOCK_FEED
POS00500420260203,PORT005,INS0017,2026-02-03,4932,126.5894,624338.92,21936.46,INR,MOCK_FEED
POS00500520260203,PORT005,INS0018,2026-02-03,2480,57.4341,142436.57,4795.03,USD,MOCK_FEED
POS00500620260203,PORT005,INS0019,2026-02-03,4651,18.4104,85626.77,2221.79,EUR,MOCK_FEED
POS00500720260203,PORT005,INS0020,2026-02-03,228,10.4087,2373.18,-52.0,USD,MOCK_FEED
POS00500820260203,PORT005,INS0021,2026-02-03,2796,47.9591,134093.64,-1004.6,EUR,MOCK_FEED
POS00500920260203,PORT005,INS0022,2026-02-03,2872,46.2763,132905.53,890.77,GBP,MOCK_FEED
POS00501020260203,PORT005,INS0023,2026-02-03,4199,52.366,219884.83,4868.98,INR,MOCK_FEED
POS00500120260204,PORT005,INS0014,2026-02-04,844,10.8724,9176.31,-194.13,GBP,MOCK_FEED
POS00500220260204,PORT005,INS0015,2026-02-04,2782,25.1683,70018.21,1753.4,GBP,MOCK_FEED
POS00500320260204,PORT005,INS0016,2026-02-04,3359,48.6242,163328.69,-4829.58,INR,MOCK_FEED
POS00500420260204,PORT005,INS0017,2026-02-04,345,128.8441,44451.21,-561.72,EUR,MOCK_FEED
POS00500520260204,PORT005,INS0018,2026-02-04,4253,57.6807,245316.02,4801.27,USD,MOCK_FEED
POS00500620260204,PORT005,INS0019,2026-02-04,3688,18.4718,68124.0,1839.94,GBP,MOCK_FEED
POS00500720260204,PORT005,INS0020,2026-02-04,933,10.3916,9695.36,219.35,EUR,MOCK_FEED
POS00500820260204,PORT005,INS0021,2026-02-04,793,48.3914,38374.38,1230.39,EUR,MOCK_FEED
POS00500920260204,PORT005,INS0022,2026-02-04,4399,46.5382,204721.54,6734.85,USD,MOCK_FEED
POS00501020260204,PORT005,INS0023,2026-02-04,1234,52.5876,64893.1,931.42,INR,MOCK_FEED
POS00500120260205,PORT005,INS0014,2026-02-05,2248,10.912,24530.18,703.25,USD,MOCK_FEED
POS00500220260205,PORT005,INS0015,2026-02-05,4429,25.5781,113285.4,-1601.76,EUR,MOCK_FEED
POS00500320260205,PORT005,INS0016,2026-02-05,3264,48.3445,157796.45,-3112.23,EUR,MOCK_FEED
POS00500420260205,PORT005,INS0017,2026-02-05,3303,128.5526,424609.24,-3543.15,USD,MOCK_FEED
POS00500520260205,PORT005,INS0018,2026-02-05,309,57.4647,17756.59,-174.47,GBP,MOCK_FEED
POS00500620260205,PORT005,INS0019,2026-02-05,300,18.3141,5494.23,-68.73,USD,MOCK_FEED
POS00500720260205,PORT005,INS0020,2026-02-05,1594,10.273,16375.16,-256.69,EUR,MOCK_FEED
POS00500820260205,PORT005,INS0021,2026-02-05,1268,48.2517,61183.16,-64.98,EUR,MOCK_FEED
POS00500920260205,PORT005,INS0022,2026-02-05,4273,47.3728,202423.97,-1206.46,INR,MOCK_FEED
POS00501020260205,PORT005,INS0023,2026-02-05,3519,52.3184,184108.45,7127.61,EUR,MOCK_FEED
POS00500120260206,PORT005,INS0014,2026-02-06,2240,10.9519,24532.26,894.48,GBP,MOCK_FEED
POS00500220260206,PORT005,INS0015,2026-02-06,4203,25.8337,108579.04,1282.14,GBP,MOCK_FEED
POS00500320260206,PORT005,INS0016,2026-02-06,3918,48.5256,190123.3,3369.99,GBP,MOCK_FEED
POS00500420260206,PORT005,INS0017,2026-02-06,4751,128.3397,609741.91,19690.32,INR,MOCK_FEED
POS00500520260206,PORT005,INS0018,2026-02-06,279,57.406,16016.27,-414.34,USD,MOCK_FEED
POS00500620260206,PORT005,INS0019,2026-02-06,3501,18.2143,63768.26,-1040.08,USD,MOCK_FEED
POS00500720260206,PORT005,INS0020,2026-02-06,803,10.082,8095.85,-82.03,GBP,MOCK_FEED
POS00500820260206,PORT005,INS0021,2026-02-06,4342,47.6058,206704.38,4483.89,INR,MOCK_FEED
POS00500920260206,PORT005,INS0022,2026-02-06,2919,48.5238,141640.97,-3629.82,USD,MOCK_FEED
POS00501020260206,PORT005,INS0023,2026-02-06,2409,52.2915,125970.22,-2683.4,USD,MOCK_FEED
POS00500120260207,PORT005,INS0014,2026-02-07,3468,11.0616,38361.63,480.35,GBP,MOCK_FEED
POS00500220260207,PORT005,INS0015,2026-02-07,899,26.1574,23515.5,-441.38,GBP,MOCK_FEED
POS00500320260207,PORT005,INS0016,2026-02-07,3886,48.6004,188861.15,5534.6,EUR,MOCK_FEED
POS00500420260207,PORT005,INS0017,2026-02-07,4600,128.0112,588851.52,17681.19,INR,MOCK_FEED
POS00500520260207,PORT005,INS0018,2026-02-07,4175,55.1911,230422.84,8637.25,GBP,MOCK_FEED
POS00500620260207,PORT005,INS0019,2026-02-07,4683,17.8305,83500.23,3128.44,INR,MOCK_FEED
POS00500720260207,PORT005,INS0020,2026-02-07,1485,10.1651,15095.17,-127.34,INR,MOCK_FEED
POS00500820260207,PORT005,INS0021,2026-02-07,3522,46.4843,163717.7,1507.91,USD,MOCK_FEED
POS00500920260207,PORT005,INS0022,2026-02-07,1667,48.5109,80867.67,-1585.62,INR,MOCK_FEED
POS00501020260207,PORT005,INS0023,2026-02-07,1359,52.3471,71139.71,233.51,USD,MOCK_FEED
POS00500120260208,PORT005,INS0014,2026-02-08,4850,11.0003,53351.45,-1040.64,INR,MOCK_FEED
POS00500220260208,PORT005,INS0015,2026-02-08,4159,26.3381,109540.16,75.36,USD,MOCK_FEED
POS00500320260208,PORT005,INS0016,2026-02-08,2523,47.4964,119833.42,2154.73,GBP,MOCK_FEED
POS00500420260208,PORT005,INS0017,2026-02-08,350,128.3347,44917.14,-1044.74,GBP,MOCK_FEED
POS00500520260208,PORT005,INS0018,2026-02-08,4953,55.3321,274059.89,9528.46,GBP,MOCK_FEED
POS00500620260208,PORT005,INS0019,2026-02-08,129,17.5622,2265.52,-48.39,EUR,MOCK_FEED
POS00500720260208,PORT005,INS0020,2026-02-08,2634,10.1288,26679.26,574.49,USD,MOCK_FEED
POS00500820260208,PORT005,INS0021,2026-02-08,4253,45.6203,194023.14,6391.41,GBP,MOCK_FEED
POS00500920260208,PORT005,INS0022,2026-02-08,2897,48.1782,139572.25,4732.26,GBP,MOCK_FEED
POS00501020260208,PORT005,INS0023,2026-02-08,1459,51.924,75757.12,-1138.85,USD,MOCK_FEED
POS00500120260209,PORT005,INS0014,2026-02-09,2199,10.998,24184.6,73.86,INR,MOCK_FEED
POS00500220260209,PORT005,INS0015,2026-02-09,4596,26.2049,120437.72,1183.23,EUR,MOCK_FEED
POS00500320260209,PORT005,INS0016,2026-02-09,2824,47.0996,133009.27,-1833.57,INR,MOCK_FEED
POS00500420260209,PORT005,INS0017,2026-02-09,3005,129.815,390094.08,9176.22,INR,MOCK_FEED
POS00500520260209,PORT005,INS0018,2026-02-09,2856,55.8499,159507.31,4394.27,GBP,MOCK_FEED
POS00500620260209,PORT005,INS0019,2026-02-09,4122,17.7045,72977.95,1121.47,INR,MOCK_FEED
POS00500720260209,PORT005,INS0020,2026-02-09,4899,10.3163,50539.55,-1332.88,INR,MOCK_FEED
POS00500820260209,PORT005,INS0021,2026-02-09,979,45.0557,44109.53,469.15,EUR,MOCK_FEED
POS00500920260209,PORT005,INS0022,2026-02-09,1124,47.9088,53849.49,743.54,USD,MOCK_FEED
POS00501020260209,PORT005,INS0023,2026-02-09,1869,51.4187,96101.55,-724.57,USD,MOCK_FEED
POS00500120260210,PORT005,INS0014,2026-02-10,3307,10.8961,36033.4,-101.01,INR,MOCK_FEED
POS00500220260210,PORT005,INS0015,2026-02-10,1827,26.1593,47793.04,112.56,EUR,MOCK_FEED
POS00500320260210,PORT005,INS0016,2026-02-10,1572,47.6187,74856.6,219.77,USD,MOCK_FEED
POS00500420260210,PORT005,INS0017,2026-02-10,4686,129.3406,606090.05,-13303.93,INR,MOCK_FEED
POS00500520260210,PORT005,INS0018,2026-02-10,1316,55.1722,72606.62,1862.86,USD,MOCK_FEED
POS00500620260210,PORT005,INS0019,2026-02-10,1556,17.3844,27050.13,-382.41,EUR,MOCK_FEED
POS00500720260210,PORT005,INS0020,2026-02-10,3528,10.3172,36399.08,-548.43,EUR,MOCK_FEED
POS00500820260210,PORT005,INS0021,2026-02-10,3118,44.4903,138720.76,4554.33,GBP,MOCK_FEED
POS00500920260210,PORT005,INS0022,2026-02-10,1024,47.9694,49120.67,1607.59,USD,MOCK_FEED
POS00501020260210,PORT005,INS0023,2026-02-10,4126,51.4266,212186.15,-4737.99,USD,MOCK_FEED
POS00500120260211,PORT005,INS0014,2026-02-11,3381,11.0404,37327.59,713.66,GBP,MOCK_FEED
POS00500220260211,PORT005,INS0015,2026-02-11,3545,25.9666,92051.6,773.71,INR,MOCK_FEED
POS00500320260211,PORT005,INS0016,2026-02-11,2887,47.2906,136527.96,182.29,USD,MOCK_FEED
POS00500420260211,PORT005,INS0017,2026-02-11,1773,128.4141,227678.2,7853.16,EUR,MOCK_FEED
POS00500520260211,PORT005,INS0018,2026-02-11,337,55.1075,18571.23,-25.43,EUR,MOCK_FEED
POS00500620260211,PORT005,INS0019,2026-02-11,529,17.3247,9164.77,-55.04,INR,MOCK_FEED
POS00500720260211,PORT005,INS0020,2026-02-11,4960,10.3758,51463.97,1678.84,USD,MOCK_FEED
POS00500820260211,PORT005,INS0021,2026-02-11,3796,44.3556,168373.86,3362.19,EUR,MOCK_FEED
POS00500920260211,PORT005,INS0022,2026-02-11,2002,48.8605,97818.72,-352.18,EUR,MOCK_FEED
POS00501020260211,PORT005,INS0023,2026-02-11,3339,50.842,169761.44,-1074.12,GBP,MOCK_FEED
POS00500120260212,PORT005,INS0014,2026-02-12,2435,10.9421,26644.01,175.34,GBP,MOCK_FEED
POS00500220260212,PORT005,INS0015,2026-02-12,4099,25.8994,106161.64,503.24,USD,MOCK_FEED
POS00500320260212,PORT005,INS0016,2026-02-12,637,47.252,30099.52,482.17,INR,MOCK_FEED
POS00500420260212,PORT005,INS0017,2026-02-12,4513,127.8506,576989.76,-14190.8,USD,MOCK_FEED
POS00500520260212,PORT005,INS0018,2026-02-12,4541,55.429,251703.09,-6541.4,GBP,MOCK_FEED
POS00500620260212,PORT005,INS0019,2026-02-12,3450,17.5381,60506.44,-1627.27,EUR,MOCK_FEED
POS00500720260212,PORT005,INS0020,2026-02-12,4420,10.2028,45096.38,1737.99,USD,MOCK_FEED
POS00500820260212,PORT005,INS0021,2026-02-12,3645,44.0772,160661.39,5800.51,INR,MOCK_FEED
POS00500920260212,PORT005,INS0022,2026-02-12,1471,48.4144,71217.58,738.0,INR,MOCK_FEED
POS00501020260212,PORT005,INS0023,2026-02-12,2004,50.2882,100777.55,-144.34,INR,MOCK_FEED
POS00500120260213,PORT005,INS0014,2026-02-13,1633,11.0308,18013.3,714.08,GBP,MOCK_FEED
POS00500220260213,PORT005,INS0015,2026-02-13,2887,25.6406,74024.41,-1995.97,GBP,MOCK_FEED
POS00500320260213,PORT005,INS0016,2026-02-13,1913,47.1797,90254.77,3414.66,GBP,MOCK_FEED
POS00500420260213,PORT005,INS0017,2026-02-13,1532,128.2842,196531.39,-622.73,INR,MOCK_FEED
POS00500520260213,PORT005,INS0018,2026-02-13,4922,55.896,275120.11,-7330.73,INR,MOCK_FEED
POS00500620260213,PORT005,INS0019,2026-02-13,1371,17.3813,23829.76,-629.84,USD,MOCK_FEED
POS00500720260213,PORT005,INS0020,2026-02-13,4169,10.1238,42206.12,265.04,INR,MOCK_FEED
POS00500820260213,PORT005,INS0021,2026-02-13,130,43.6134,5669.74,-61.96,USD,MOCK_FEED
POS00500920260213,PORT005,INS0022,2026-02-13,200,48.1032,9620.64,-21.03,GBP,MOCK_FEED
POS00501020260213,PORT005,INS0023,2026-02-13,2647,49.9888,132320.35,3965.01,INR,MOCK_FEED
POS00500120260214,PORT005,INS0014,2026-02-14,1522,11.2768,17163.29,-235.81,GBP,MOCK_FEED
POS00500220260214,PORT005,INS0015,2026-02-14,2179,25.7982,56214.28,-913.76,USD,MOCK_FEED
POS00500320260214,PORT005,INS0016,2026-02-14,3842,46.678,179336.88,-4600.1,USD,MOCK_FEED
POS00500420260214,PORT005,INS0017,2026-02-14,509,128.305,65307.25,-406.03,EUR,MOCK_FEED
POS00500520260214,PORT005,INS0018,2026-02-14,2584,55.8822,144399.6,-141.39,USD,MOCK_FEED
POS00500620260214,PORT005,INS0019,2026-02-14,4304,17.1285,73721.06,-480.17,GBP,MOCK_FEED
POS00500720260214,PORT005,INS0020,2026-02-14,4879,10.0612,49088.59,487.95,GBP,MOCK_FEED
POS00500820260214,PORT005,INS0021,2026-02-14,2634,43.0951,113512.49,3615.49,EUR,MOCK_FEED
POS00500920260214,PORT005,INS0022,2026-02-14,3465,47.5828,164874.4,-3721.93,INR,MOCK_FEED
POS00501020260214,PORT005,INS0023,2026-02-14,2103,49.82,104771.46,1057.69,GBP,MOCK_FEED
POS00500120260215,PORT005,INS0014,2026-02-15,622,11.2725,7011.5,-24.35,INR,MOCK_FEED
POS00500220260215,PORT005,INS0015,2026-02-15,198,25.8786,5123.96,-145.91,EUR,MOCK_FEED
POS00500320260215,PORT005,INS0016,2026-02-15,834,45.8786,38262.75,-208.87,GBP,MOCK_FEED
POS00500420260215,PORT005,INS0017,2026-02-15,850,131.4405,111724.42,2784.78,INR,MOCK_FEED
POS00500520260215,PORT005,INS0018,2026-02-15,3748,55.7457,208934.88,1405.84,EUR,MOCK_FEED
POS00500620260215,PORT005,INS0019,2026-02-15,159,17.5728,2794.08,27.23,EUR,MOCK_FEED
POS00500720260215,PORT005,INS0020,2026-02-15,3383,10.0004,33831.35,292.68,USD,MOCK_FEED
POS00500820260215,PORT005,INS0021,2026-02-15,479,43.2861,20734.04,-528.39,INR,MOCK_FEED
POS00500920260215,PORT005,INS0022,2026-02-15,1094,46.8078,51207.73,1833.17,GBP,MOCK_FEED
POS00501020260215,PORT005,INS0023,2026-02-15,4686,48.5363,227441.1,-2041.74,USD,MOCK_FEED
POS00500120260216,PORT005,INS0014,2026-02-16,3197,11.091,35457.93,-1036.88,GBP,MOCK_FEED
POS00500220260216,PORT005,INS0015,2026-02-16,4669,25.9967,121378.59,-1893.25,EUR,MOCK_FEED
POS00500320260216,PORT005,INS0016,2026-02-16,4475,46.0351,206007.07,3523.06,INR,MOCK_FEED
POS00500420260216,PORT005,INS0017,2026-02-16,1598,134.229,214497.94,1395.55,EUR,MOCK_FEED
POS00500520260216,PORT005,INS0018,2026-02-16,4173,56.478,235682.69,8903.18,USD,MOCK_FEED
POS00500620260216,PORT005,INS0019,2026-02-16,2416,17.5049,42291.84,-462.0,GBP,MOCK_FEED
POS00500720260216,PORT005,INS0020,2026-02-16,2101,10.1683,21363.6,495.69,USD,MOCK_FEED
POS00500820260216,PORT005,INS0021,2026-02-16,3536,44.0554,155779.89,-254.11,GBP,MOCK_FEED
POS00500920260216,PORT005,INS0022,2026-02-16,4285,46.8353,200689.26,-2960.03,USD,MOCK_FEED
POS00501020260216,PORT005,INS0023,2026-02-16,3596,48.7803,175413.96,-1917.05,GBP,MOCK_FEED
POS00500120260217,PORT005,INS0014,2026-02-17,1814,11.2085,20332.22,480.53,EUR,MOCK_FEED
POS00500220260217,PORT005,INS0015,2026-02-17,1796,26.022,46735.51,-325.1,EUR,MOCK_FEED
POS00500320260217,PORT005,INS0016,2026-02-17,1620,45.7523,74118.73,1756.16,GBP,MOCK_FEED
POS00500420260217,PORT005,INS0017,2026-02-17,2951,134.9582,398261.65,5340.71,EUR,MOCK_FEED
POS00500520260217,PORT005,INS0018,2026-02-17,4937,56.9901,281360.12,-2392.87,EUR,MOCK_FEED
POS00500620260217,PORT005,INS0019,2026-02-17,1638,17.2879,28317.58,-157.47,GBP,MOCK_FEED
POS00500720260217,PORT005,INS0020,2026-02-17,3651,10.0169,36571.7,414.52,GBP,MOCK_FEED
POS00500820260217,PORT005,INS0021,2026-02-17,4774,43.8859,209511.29,-1325.27,INR,MOCK_FEED
POS00500920260217,PORT005,INS0022,2026-02-17,2000,46.8336,93667.2,-1771.24,INR,MOCK_FEED
POS00501020260217,PORT005,INS0023,2026-02-17,3424,48.4465,165880.82,-1116.45,USD,MOCK_FEED
POS00500120260218,PORT005,INS0014,2026-02-18,3999,11.292,45156.71,-186.98,GBP,MOCK_FEED
POS00500220260218,PORT005,INS0015,2026-02-18,4745,26.5792,126118.3,1327.92,GBP,MOCK_FEED
POS00500320260218,PORT005,INS0016,2026-02-18,188,45.6565,8583.42,131.99,EUR,MOCK_FEED
POS00500420260218,PORT005,INS0017,2026-02-18,1964,137.6884,270420.02,5048.76,GBP,MOCK_FEED
POS00500520260218,PORT005,INS0018,2026-02-18,4484,58.1709,260838.32,9597.33,USD,MOCK_FEED
POS00500620260218,PORT005,INS0019,2026-02-18,3429,17.5119,60048.31,-1347.23,USD,MOCK_FEED
POS00500720260218,PORT005,INS0020,2026-02-18,715,10.2355,7318.38,-19.64,INR,MOCK_FEED
POS00500820260218,PORT005,INS0021,2026-02-18,360,45.4571,16364.56,-314.99,INR,MOCK_FEED
POS00500920260218,PORT005,INS0022,2026-02-18,4828,47.7399,230488.24,5353.71,USD,MOCK_FEED
POS00501020260218,PORT005,INS0023,2026-02-18,2710,47.7826,129490.85,-1954.12,GBP,MOCK_FEED
POS00500120260219,PORT005,INS0014,2026-02-19,571,11.4823,6556.39,225.64,EUR,MOCK_FEED
POS00500220260219,PORT005,INS0015,2026-02-19,1255,26.669,33469.6,386.99,USD,MOCK_FEED
POS00500320260219,PORT005,INS0016,2026-02-19,2668,45.4886,121363.58,2031.65,GBP,MOCK_FEED
POS00500420260219,PORT005,INS0017,2026-02-19,3474,139.2519,483761.1,-1220.95,INR,MOCK_FEED
POS00500520260219,PORT005,INS0018,2026-02-19,3594,57.7044,207389.61,7835.64,USD,MOCK_FEED
POS00500620260219,PORT005,INS0019,2026-02-19,446,17.5456,7825.34,267.21,USD,MOCK_FEED
POS00500720260219,PORT005,INS0020,2026-02-19,4301,10.1476,43644.83,-1082.62,USD,MOCK_FEED
POS00500820260219,PORT005,INS0021,2026-02-19,4092,46.2982,189452.23,4497.09,EUR,MOCK_FEED
POS00500920260219,PORT005,INS0022,2026-02-19,624,47.6372,29725.61,78.35,EUR,MOCK_FEED
POS00501020260219,PORT005,INS0023,2026-02-19,1908,47.7952,91193.24,-1897.43,GBP,MOCK_FEED
POS00500120260220,PORT005,INS0014,2026-02-20,2174,11.3842,24749.25,731.49,EUR,MOCK_FEED
POS00500220260220,PORT005,INS0015,2026-02-20,3819,26.7753,102254.87,-2732.92,GBP,MOCK_FEED
POS00500320260220,PORT005,INS0016,2026-02-20,2338,45.7267,106909.02,-2495.75,INR,MOCK_FEED
POS00500420260220,PORT005,INS0017,2026-02-20,2401,139.3471,334572.39,12961.83,EUR,MOCK_FEED
POS00500520260220,PORT005,INS0018,2026-02-20,2312,57.7899,133610.25,889.49,EUR,MOCK_FEED
POS00500620260220,PORT005,INS0019,2026-02-20,1554,17.439,27100.21,-237.18,INR,MOCK_FEED
POS00500720260220,PORT005,INS0020,2026-02-20,652,10.1382,6610.11,-157.93,USD,MOCK_FEED
POS00500820260220,PORT005,INS0021,2026-02-20,366,45.9725,16825.93,657.93,USD,MOCK_FEED
POS00500920260220,PORT005,INS0022,2026-02-20,1190,46.2644,55054.64,997.2,USD,MOCK_FEED
POS00501020260220,PORT005,INS0023,2026-02-20,2792,47.8337,133551.69,-1871.88,GBP,MOCK_FEED
POS00500120260221,PORT005,INS0014,2026-02-21,392,11.257,4412.74,146.28,GBP,MOCK_FEED
POS00500220260221,PORT005,INS0015,2026-02-21,2772,26.7015,74016.56,-2042.54,EUR,MOCK_FEED
POS00500320260221,PORT005,INS0016,2026-02-21,2751,45.2003,124346.03,-2871.34,EUR,MOCK_FEED
POS00500420260221,PORT005,INS0017,2026-02-21,227,138.5931,31460.63,1229.79,GBP,MOCK_FEED
POS00500520260221,PORT005,INS0018,2026-02-21,4834,57.127,276151.92,9623.32,INR,MOCK_FEED
POS00500620260221,PORT005,INS0019,2026-02-21,4122,17.3432,71488.67,-1418.8,USD,MOCK_FEED
POS00500720260221,PORT005,INS0020,2026-02-21,2147,10.1346,21758.99,311.04,GBP,MOCK_FEED
POS00500820260221,PORT005,INS0021,2026-02-21,4158,45.5074,189219.77,2806.18,INR,MOCK_FEED
POS00500920260221,PORT005,INS0022,2026-02-21,1974,46.6473,92081.77,-2366.6,GBP,MOCK_FEED
POS00501020260221,PORT005,INS0023,2026-02-21,2706,48.7728,131979.2,-2395.3,EUR,MOCK_FEED
POS00500120260222,PORT005,INS0014,2026-02-22,2699,11.171,30150.53,-718.77,USD,MOCK_FEED
POS00500220260222,PORT005,INS0015,2026-02-22,100,26.7792,2677.92,28.87,INR,MOCK_FEED
POS00500320260222,PORT005,INS0016,2026-02-22,4497,44.265,199059.71,4283.58,INR,MOCK_FEED
POS00500420260222,PORT005,INS0017,2026-02-22,2171,141.6072,307429.23,4912.34,INR,MOCK_FEED
POS00500520260222,PORT005,INS0018,2026-02-22,272,57.3277,15593.13,15.55,GBP,MOCK_FEED
POS00500620260222,PORT005,INS0019,2026-02-22,4096,17.2754,70760.04,437.88,GBP,MOCK_FEED
POS00500720260222,PORT005,INS0020,2026-02-22,2075,10.1595,21080.96,596.59,EUR,MOCK_FEED
POS00500820260222,PORT005,INS0021,2026-02-22,2105,45.6315,96054.31,2082.26,EUR,MOCK_FEED
POS00500920260222,PORT005,INS0022,2026-02-22,3601,46.8371,168660.4,4314.38,EUR,MOCK_FEED
POS00501020260222,PORT005,INS0023,2026-02-22,2739,48.4288,132646.48,-635.25,EUR,MOCK_FEED
POS00500120260223,PORT005,INS0014,2026-02-23,4205,11.0029,46267.19,-814.85,GBP,MOCK_FEED
POS00500220260223,PORT005,INS0015,2026-02-23,794,26.956,21403.06,431.97,EUR,MOCK_FEED
POS00500320260223,PORT005,INS0016,2026-02-23,2111,45.0698,95142.35,-539.86,INR,MOCK_FEED
POS00500420260223,PORT005,INS0017,2026-02-23,3911,139.4419,545357.27,-14801.61,USD,MOCK_FEED
POS00500520260223,PORT005,INS0018,2026-02-23,3678,56.5873,208128.09,-5415.81,GBP,MOCK_FEED
POS00500620260223,PORT005,INS0019,2026-02-23,837,17.3021,14481.86,-367.69,INR,MOCK_FEED
POS00500720260223,PORT005,INS0020,2026-02-23,1135,10.0685,11427.75,293.92,GBP,MOCK_FEED
POS00500820260223,PORT005,INS0021,2026-02-23,635,46.1575,29310.01,-772.1,USD,MOCK_FEED
POS00500920260223,PORT005,INS0022,2026-02-23,2601,47.1652,122676.69,-489.34,GBP,MOCK_FEED
POS00501020260223,PORT005,INS0023,2026-02-23,4531,49.1402,222654.25,-2647.76,USD,MOCK_FEED
POS00500120260224,PORT005,INS0014,2026-02-24,4262,10.6862,45544.58,-277.5,EUR,MOCK_FEED
POS00500220260224,PORT005,INS0015,2026-02-24,1277,27.8568,35573.13,863.06,GBP,MOCK_FEED
POS00500320260224,PORT005,INS0016,2026-02-24,1106,45.1168,49899.18,1401.63,GBP,MOCK_FEED
POS00500420260224,PORT005,INS0017,2026-02-24,963,134.9831,129988.73,-2089.2,EUR,MOCK_FEED
POS00500520260224,PORT005,INS0018,2026-02-24,4629,55.9768,259116.61,2190.0,USD,MOCK_FEED
POS00500620260224,PORT005,INS0019,2026-02-24,1187,16.8731,20028.37,-435.5,INR,MOCK_FEED
POS00500720260224,PORT005,INS0020,2026-02-24,2775,10.0712,27947.58,470.19,INR,MOCK_FEED
POS00500820260224,PORT005,INS0021,2026-02-24,322,46.7371,15049.35,-44.14,GBP,MOCK_FEED
POS00500920260224,PORT005,INS0022,2026-02-24,2876,46.3715,133364.43,3542.69,USD,MOCK_FEED
POS00501020260224,PORT005,INS0023,2026-02-24,2177,48.9578,106581.13,3470.7,INR,MOCK_FEED
POS00500120260225,PORT005,INS0014,2026-02-25,3253,10.5924,34457.08,112.07,USD,MOCK_FEED
POS00500220260225,PORT005,INS0015,2026-02-25,4618,27.2166,125686.26,-3122.03,INR,MOCK_FEED
POS00500320260225,PORT005,INS0016,2026-02-25,3824,44.8361,171453.25,626.22,USD,MOCK_FEED
POS00500420260225,PORT005,INS0017,2026-02-25,349,134.8474,47061.74,1220.15,GBP,MOCK_FEED
POS00500520260225,PORT005,INS0018,2026-02-25,886,55.8111,49448.63,912.31,INR,MOCK_FEED
POS00500620260225,PORT005,INS0019,2026-02-25,1452,16.8512,24467.94,-322.36,GBP,MOCK_FEED
POS00500720260225,PORT005,INS0020,2026-02-25,1535,10.0963,15497.82,218.76,EUR,MOCK_FEED
POS00500820260225,PORT005,INS0021,2026-02-25,617,46.9128,28945.2,-362.96,GBP,MOCK_FEED
POS00500920260225,PORT005,INS0022,2026-02-25,2098,46.5927,97751.48,-2627.3,INR,MOCK_FEED
POS00501020260225,PORT005,INS0023,2026-02-25,2449,49.1668,120409.49,4528.17,INR,MOCK_FEED
POS00500120260226,PORT005,INS0014,2026-02-26,2869,10.6655,30599.32,456.35,USD,MOCK_FEED
POS00500220260226,PORT005,INS0015,2026-02-26,4091,27.1935,111248.61,-1616.76,GBP,MOCK_FEED
POS00500320260226,PORT005,INS0016,2026-02-26,597,44.6136,26634.32,-681.99,USD,MOCK_FEED
POS00500420260226,PORT005,INS0017,2026-02-26,4553,133.069,605863.16,-6909.27,USD,MOCK_FEED
POS00500520260226,PORT005,INS0018,2026-02-26,1114,55.1742,61464.06,1036.9,USD,MOCK_FEED
POS00500620260226,PORT005,INS0019,2026-02-26,1922,16.4995,31712.04,-343.06,GBP,MOCK_FEED
POS00500720260226,PORT005,INS0020,2026-02-26,3200,10.2362,32755.84,-844.62,INR,MOCK_FEED
POS00500820260226,PORT005,INS0021,2026-02-26,3138,46.7868,146816.98,-973.38,EUR,MOCK_FEED
POS00500920260226,PORT005,INS0022,2026-02-26,3460,47.4231,164083.93,5356.74,GBP,MOCK_FEED
POS00501020260226,PORT005,INS0023,2026-02-26,3705,50.3275,186463.39,3071.87,INR,MOCK_FEED
POS00500120260227,PORT005,INS0014,2026-02-27,4729,10.66,50411.14,5.94,USD,MOCK_FEED
POS00500220260227,PORT005,INS0015,2026-02-27,2430,27.1162,65892.37,2632.93,EUR,MOCK_FEED
POS00500320260227,PORT005,INS0016,2026-02-27,2048,45.2695,92711.94,3699.94,USD,MOCK_FEED
POS00500420260227,PORT005,INS0017,2026-02-27,4145,133.8805,554934.67,6999.34,EUR,MOCK_FEED
POS00500520260227,PORT005,INS0018,2026-02-27,4122,54.7185,225549.66,-1929.94,GBP,MOCK_FEED
POS00500620260227,PORT005,INS0019,2026-02-27,1616,16.4988,26662.06,-757.32,EUR,MOCK_FEED
POS00500720260227,PORT005,INS0020,2026-02-27,4755,10.2391,48686.92,-192.03,USD,MOCK_FEED
POS00500820260227,PORT005,INS0021,2026-02-27,679,46.9282,31864.25,540.52,INR,MOCK_FEED
POS00500920260227,PORT005,INS0022,2026-02-27,2049,48.0074,98367.16,-360.99,INR,MOCK_FEED
POS00501020260227,PORT005,INS0023,2026-02-27,1357,49.8777,67684.04,1310.77,GBP,MOCK_FEED
POS00500120260228,PORT005,INS0014,2026-02-28,2977,10.5673,31458.85,546.18,INR,MOCK_FEED
POS00500220260228,PORT005,INS0015,2026-02-28,2471,26.5434,65588.74,-757.24,USD,MOCK_FEED
POS00500320260228,PORT005,INS0016,2026-02-28,892,45.0796,40211.0,-835.65,USD,MOCK_FEED
POS00500420260228,PORT005,INS0017,2026-02-28,4720,133.4455,629862.76,22179.79,USD,MOCK_FEED
POS00500520260228,PORT005,INS0018,2026-02-28,1398,55.3151,77330.51,622.63,GBP,MOCK_FEED
POS00500620260228,PORT005,INS0019,2026-02-28,3968,16.4216,65160.91,1807.97,EUR,MOCK_FEED
POS00500720260228,PORT005,INS0020,2026-02-28,1413,10.2606,14498.23,-68.42,USD,MOCK_FEED
POS00500820260228,PORT005,INS0021,2026-02-28,1735,47.8866,83083.25,831.41,INR,MOCK_FEED
POS00500920260228,PORT005,INS0022,2026-02-28,1600,48.8956,78232.96,-1520.15,USD,MOCK_FEED
POS00501020260228,PORT005,INS0023,2026-02-28,4487,49.8421,223641.5,-3896.05,GBP,MOCK_FEED
POS00500120260301,PORT005,INS0014,2026-03-01,2643,10.2855,27184.58,897.24,INR,MOCK_FEED
POS00500220260301,PORT005,INS0015,2026-03-01,2680,26.6227,71348.84,-1088.68,USD,MOCK_FEED
POS00500320260301,PORT005,INS0016,2026-03-01,2814,45.7894,128851.37,2684.32,INR,MOCK_FEED
POS00500420260301,PORT005,INS0017,2026-03-01,4852,133.5535,648001.58,2291.42,INR,MOCK_FEED
POS00500520260301,PORT005,INS0018,2026-03-01,3150,54.9174,172989.81,-3459.08,GBP,MOCK_FEED
POS00500620260301,PORT005,INS0019,2026-03-01,861,16.0455,13815.18,-34.79,EUR,MOCK_FEED
POS00500720260301,PORT005,INS0020,2026-03-01,2129,10.168,21647.67,720.08,USD,MOCK_FEED
POS00500820260301,PORT005,INS0021,2026-03-01,1106,49.2505,54471.05,1558.15,GBP,MOCK_FEED
POS00500920260301,PORT005,INS0022,2026-03-01,3660,49.4918,181139.99,2920.51,EUR,MOCK_FEED
POS00501020260301,PORT005,INS0023,2026-03-01,3615,48.5755,175600.43,4258.65,USD,MOCK_FEED
POS00500120260302,PORT005,INS0014,2026-03-02,4838,10.2955,49809.63,-531.94,INR,MOCK_FEED
POS00500220260302,PORT005,INS0015,2026-03-02,4681,26.8479,125675.02,-1260.85,INR,MOCK_FEED
POS00500320260302,PORT005,INS0016,2026-03-02,485,46.3448,22477.23,-574.12,USD,MOCK_FEED
POS00500420260302,PORT005,INS0017,2026-03-02,4937,134.0859,661982.09,16579.61,EUR,MOCK_FEED
POS00500520260302,PORT005,INS0018,2026-03-02,1212,54.6613,66249.5,1199.81,INR,MOCK_FEED
POS00500620260302,PORT005,INS0019,2026-03-02,4911,16.0478,78810.75,2366.04,INR,MOCK_FEED
POS00500720260302,PORT005,INS0020,2026-03-02,3410,10.0314,34207.07,1039.46,INR,MOCK_FEED
POS00500820260302,PORT005,INS0021,2026-03-02,3120,49.4792,154375.1,2788.57,USD,MOCK_FEED
POS00500920260302,PORT005,INS0022,2026-03-02,1769,49.0038,86687.72,-1733.09,USD,MOCK_FEED
POS00501020260302,PORT005,INS0023,2026-03-02,628,49.0048,30775.01,-760.45,INR,MOCK_FEED
POS00500120260303,PORT005,INS0014,2026-03-03,285,10.3049,2936.9,-55.76,EUR,MOCK_FEED
POS00500220260303,PORT005,INS0015,2026-03-03,720,26.8483,19330.78,216.42,GBP,MOCK_FEED
POS00500320260303,PORT005,INS0016,2026-03-03,3437,46.6082,160192.38,-789.33,GBP,MOCK_FEED
POS00500420260303,PORT005,INS0017,2026-03-03,3666,134.6596,493662.09,4810.22,USD,MOCK_FEED
POS00500520260303,PORT005,INS0018,2026-03-03,261,53.8327,14050.33,254.16,INR,MOCK_FEED
POS00500620260303,PORT005,INS0019,2026-03-03,714,15.9673,11400.65,-230.83,USD,MOCK_FEED
POS00500720260303,PORT005,INS0020,2026-03-03,2825,10.2002,28815.57,1121.48,INR,MOCK_FEED
POS00500820260303,PORT005,INS0021,2026-03-03,4544,50.0088,227239.99,-5601.71,USD,MOCK_FEED
POS00500920260303,PORT005,INS0022,2026-03-03,3779,48.4659,183152.64,-3757.08,EUR,MOCK_FEED
POS00501020260303,PORT005,INS0023,2026-03-03,4499,49.6307,223288.52,7155.84,EUR,MOCK_FEED
POS00500120260304,PORT005,INS0014,2026-03-04,1392,10.3752,14442.28,212.42,INR,MOCK_FEED
POS00500220260304,PORT005,INS0015,2026-03-04,535,26.5474,14202.86,-207.9,GBP,MOCK_FEED
POS00500320260304,PORT005,INS0016,2026-03-04,3097,45.9124,142190.7,-1362.55,EUR,MOCK_FEED
POS00500420260304,PORT005,INS0017,2026-03-04,2504,133.6029,334541.66,-5120.9,EUR,MOCK_FEED
POS00500520260304,PORT005,INS0018,2026-03-04,2850,54.426,155114.1,-1124.63,INR,MOCK_FEED
POS00500620260304,PORT005,INS0019,2026-03-04,4481,15.9166,71322.28,-2016.01,INR,MOCK_FEED
POS00500720260304,PORT005,INS0020,2026-03-04,359,10.4029,3734.64,68.65,EUR,MOCK_FEED
POS00500820260304,PORT005,INS0021,2026-03-04,280,49.1858,13772.02,535.73,USD,MOCK_FEED
POS00500920260304,PORT005,INS0022,2026-03-04,1603,48.3861,77562.92,541.99,GBP,MOCK_FEED
POS00501020260304,PORT005,INS0023,2026-03-04,1734,50.1179,86904.44,119.97,GBP,MOCK_FEED
POS00500120260305,PORT005,INS0014,2026-03-05,3294,10.5915,34888.4,917.99,GBP,MOCK_FEED
POS00500220260305,PORT005,INS0015,2026-03-05,4575,26.5492,121462.59,311.16,GBP,MOCK_FEED
POS00500320260305,PORT005,INS0016,2026-03-05,2083,45.6107,95007.09,1476.97,INR,MOCK_FEED
POS00500420260305,PORT005,INS0017,2026-03-05,2864,133.2734,381695.02,7554.77,EUR,MOCK_FEED
POS00500520260305,PORT005,INS0018,2026-03-05,2712,54.3806,147480.19,5393.1,EUR,MOCK_FEED
POS00500620260305,PORT005,INS0019,2026-03-05,4784,15.8934,76034.03,-1470.83,EUR,MOCK_FEED
POS00500720260305,PORT005,INS0020,2026-03-05,1425,10.4348,14869.59,-121.81,GBP,MOCK_FEED
POS00500820260305,PORT005,INS0021,2026-03-05,874,48.4827,42373.88,1548.52,GBP,MOCK_FEED
POS00500920260305,PORT005,INS0022,2026-03-05,435,48.7736,21216.52,-178.34,INR,MOCK_FEED
POS00501020260305,PORT005,INS0023,2026-03-05,1270,50.8805,64618.24,261.47,GBP,MOCK_FEED
POS00500120260306,PORT005,INS0014,2026-03-06,331,10.3604,3429.29,-24.21,GBP,MOCK_FEED
POS00500220260306,PORT005,INS0015,2026-03-06,2871,26.2945,75491.51,2705.62,USD,MOCK_FEED
POS00500320260306,PORT005,INS0016,2026-03-06,2473,45.6601,112917.43,-1078.62,USD,MOCK_FEED
POS00500420260306,PORT005,INS0017,2026-03-06,792,134.4142,106456.05,-2517.61,USD,MOCK_FEED
POS00500520260306,PORT005,INS0018,2026-03-06,2110,53.1699,112188.49,2355.21,GBP,MOCK_FEED
POS00500620260306,PORT005,INS0019,2026-03-06,953,15.9482,15198.63,240.77,USD,MOCK_FEED
POS00500720260306,PORT005,INS0020,2026-03-06,3445,10.745,37016.52,1250.25,USD,MOCK_FEED
POS00500820260306,PORT005,INS0021,2026-03-06,4580,48.6859,222981.42,8283.22,USD,MOCK_FEED
POS00500920260306,PORT005,INS0022,2026-03-06,1207,47.8102,57706.91,1086.89,GBP,MOCK_FEED
POS00501020260306,PORT005,INS0023,2026-03-06,107,49.7958,5328.15,-148.02,USD,MOCK_FEED
POS00500120260307,PORT005,INS0014,2026-03-07,4833,10.4131,50326.51,-1288.72,GBP,MOCK_FEED
POS00500220260307,PORT005,INS0015,2026-03-07,3201,26.2563,84046.42,512.75,EUR,MOCK_FEED
POS00500320260307,PORT005,INS0016,2026-03-07,4717,45.6339,215255.11,-323.08,GBP,MOCK_FEED
POS00500420260307,PORT005,INS0017,2026-03-07,2419,138.2701,334475.37,6315.19,INR,MOCK_FEED
POS00500520260307,PORT005,INS0018,2026-03-07,4259,53.8222,229228.75,-3389.46,USD,MOCK_FEED
POS00500620260307,PORT005,INS0019,2026-03-07,4648,15.7721,73308.72,-2176.16,INR,MOCK_FEED
POS00500720260307,PORT005,INS0020,2026-03-07,4061,10.5972,43035.23,-573.48,INR,MOCK_FEED
POS00500820260307,PORT005,INS0021,2026-03-07,1907,49.4528,94306.49,3520.58,INR,MOCK_FEED
POS00500920260307,PORT005,INS0022,2026-03-07,4618,48.2835,222973.2,-1672.46,USD,MOCK_FEED
POS00501020260307,PORT005,INS0023,2026-03-07,2873,50.3524,144662.45,2480.28,GBP,MOCK_FEED
POS00500120260308,PORT005,INS0014,2026-03-08,4471,10.6456,47596.48,1296.05,GBP,MOCK_FEED
POS00500220260308,PORT005,INS0015,2026-03-08,3271,26.4543,86532.02,-2109.65,USD,MOCK_FEED
POS00500320260308,PORT005,INS0016,2026-03-08,4005,46.0909,184594.05,1666.57,GBP,MOCK_FEED
POS00500420260308,PORT005,INS0017,2026-03-08,3208,137.1437,439956.99,8701.56,EUR,MOCK_FEED
POS00500520260308,PORT005,INS0018,2026-03-08,1850,53.4166,98820.71,-661.06,GBP,MOCK_FEED
POS00500620260308,PORT005,INS0019,2026-03-08,2757,15.9831,44065.41,935.62,EUR,MOCK_FEED
POS00500720260308,PORT005,INS0020,2026-03-08,1905,10.7372,20454.37,556.49,INR,MOCK_FEED
POS00500820260308,PORT005,INS0021,2026-03-08,1098,49.5144,54366.81,-1342.86,GBP,MOCK_FEED
POS00500920260308,PORT005,INS0022,2026-03-08,1319,47.7258,62950.33,-558.32,INR,MOCK_FEED
POS00501020260308,PORT005,INS0023,2026-03-08,4808,50.5149,242875.64,6595.0,INR,MOCK_FEED
POS00500120260309,PORT005,INS0014,2026-03-09,3009,10.5127,31632.71,-814.15,EUR,MOCK_FEED
POS00500220260309,PORT005,INS0015,2026-03-09,370,26.5319,9816.8,289.2,INR,MOCK_FEED
POS00500320260309,PORT005,INS0016,2026-03-09,1883,46.9305,88370.13,620.05,USD,MOCK_FEED
POS00500420260309,PORT005,INS0017,2026-03-09,585,138.5729,81065.15,579.02,USD,MOCK_FEED
POS00500520260309,PORT005,INS0018,2026-03-09,532,53.0509,28223.08,169.79,EUR,MOCK_FEED
POS00500620260309,PORT005,INS0019,2026-03-09,2752,16.0107,44061.45,-1001.69,USD,MOCK_FEED
POS00500720260309,PORT005,INS0020,2026-03-09,1230,10.7773,13256.08,37.54,GBP,MOCK_FEED
POS00500820260309,PORT005,INS0021,2026-03-09,4653,50.0982,233106.92,8025.02,USD,MOCK_FEED
POS00500920260309,PORT005,INS0022,2026-03-09,3274,47.9907,157121.55,-997.34,USD,MOCK_FEED
POS00501020260309,PORT005,INS0023,2026-03-09,4045,50.735,205223.08,-5879.84,EUR,MOCK_FEED
POS00500120260310,PORT005,INS0014,2026-03-10,4450,10.5033,46739.68,-989.62,GBP,MOCK_FEED
POS00500220260310,PORT005,INS0015,2026-03-10,171,26.8494,4591.25,-79.59,GBP,MOCK_FEED
POS00500320260310,PORT005,INS0016,2026-03-10,3696,47.1297,174191.37,2368.01,EUR,MOCK_FEED
POS00500420260310,PORT005,INS0017,2026-03-10,4910,137.1481,673397.17,19396.59,GBP,MOCK_FEED
POS00500520260310,PORT005,INS0018,2026-03-10,3199,53.6561,171645.86,-4580.98,EUR,MOCK_FEED
POS00500620260310,PORT005,INS0019,2026-03-10,3387,15.9871,54148.31,463.03,GBP,MOCK_FEED
POS00500720260310,PORT005,INS0020,2026-03-10,2911,10.9341,31829.17,416.77,GBP,MOCK_FEED
POS00500820260310,PORT005,INS0021,2026-03-10,2929,50.0631,146634.82,535.38,GBP,MOCK_FEED
POS00500920260310,PORT005,INS0022,2026-03-10,3294,48.291,159070.55,-2764.11,INR,MOCK_FEED
POS00501020260310,PORT005,INS0023,2026-03-10,3478,51.1632,177945.61,3578.34,INR,MOCK_FEED
POS00500120260311,PORT005,INS0014,2026-03-11,4678,10.609,49628.9,1060.61,USD,MOCK_FEED
POS00500220260311,PORT005,INS0015,2026-03-11,740,27.0495,20016.63,-496.69,EUR,MOCK_FEED
POS00500320260311,PORT005,INS0016,2026-03-11,2535,47.2145,119688.76,1246.82,EUR,MOCK_FEED
POS00500420260311,PORT005,INS0017,2026-03-11,259,135.7892,35169.4,305.54,GBP,MOCK_FEED
POS00500520260311,PORT005,INS0018,2026-03-11,4218,52.7705,222585.97,6695.47,GBP,MOCK_FEED
POS00500620260311,PORT005,INS0019,2026-03-11,4648,15.7057,73000.09,-1307.25,USD,MOCK_FEED
POS00500720260311,PORT005,INS0020,2026-03-11,4144,11.0517,45798.24,-1105.15,INR,MOCK_FEED
POS00500820260311,PORT005,INS0021,2026-03-11,1916,50.6908,97123.57,-1398.36,USD,MOCK_FEED
POS00500920260311,PORT005,INS0022,2026-03-11,4826,47.6601,230007.64,8648.23,USD,MOCK_FEED
POS00501020260311,PORT005,INS0023,2026-03-11,1428,51.5342,73590.84,-759.87,EUR,MOCK_FEED
POS00500120260312,PORT005,INS0014,2026-03-12,1539,10.576,16276.46,-155.36,GBP,MOCK_FEED
POS00500220260312,PORT005,INS0015,2026-03-12,1017,27.0118,27471.0,321.58,USD,MOCK_FEED
POS00500320260312,PORT005,INS0016,2026-03-12,2652,45.9511,121862.32,-3376.7,GBP,MOCK_FEED
POS00500420260312,PORT005,INS0017,2026-03-12,1745,137.5867,240088.79,345.58,EUR,MOCK_FEED
POS00500520260312,PORT005,INS0018,2026-03-12,3246,52.4198,170154.67,1903.43,EUR,MOCK_FEED
POS00500620260312,PORT005,INS0019,2026-03-12,4307,15.9786,68819.83,1187.79,USD,MOCK_FEED
POS00500720260312,PORT005,INS0020,2026-03-12,3794,11.0344,41864.51,1052.69,EUR,MOCK_FEED
POS00500820260312,PORT005,INS0021,2026-03-12,597,50.3715,30071.79,702.21,GBP,MOCK_FEED
POS00500920260312,PORT005,INS0022,2026-03-12,872,48.5627,42346.67,-1265.11,INR,MOCK_FEED
POS00501020260312,PORT005,INS0023,2026-03-12,1284,51.3182,65892.57,1208.01,USD,MOCK_FEED
POS00500120260313,PORT005,INS0014,2026-03-13,1745,10.8063,18856.99,-47.3,EUR,MOCK_FEED
POS00500220260313,PORT005,INS0015,2026-03-13,2623,26.9122,70590.7,-589.9,USD,MOCK_FEED
POS00500320260313,PORT005,INS0016,2026-03-13,1432,45.9431,65790.52,-1026.09,USD,MOCK_FEED
POS00500420260313,PORT005,INS0017,2026-03-13,413,137.1133,56627.79,343.3,GBP,MOCK_FEED
POS00500520260313,PORT005,INS0018,2026-03-13,2024,51.7907,104824.38,3064.78,EUR,MOCK_FEED
POS00500620260313,PORT005,INS0019,2026-03-13,4408,16.0883,70917.23,0.77,GBP,MOCK_FEED
POS00500720260313,PORT005,INS0020,2026-03-13,3687,10.9967,40544.83,1218.91,INR,MOCK_FEED
POS00500820260313,PORT005,INS0021,2026-03-13,523,50.4433,26381.85,916.54,USD,MOCK_FEED
POS00500920260313,PORT005,INS0022,2026-03-13,4960,48.1273,238711.41,711.53,GBP,MOCK_FEED
POS00501020260313,PORT005,INS0023,2026-03-13,4092,50.7028,207475.86,-2370.37,USD,MOCK_FEED
POS00500120260314,PORT005,INS0014,2026-03-14,2397,10.5862,25375.12,837.11,INR,MOCK_FEED
POS00500220260314,PORT005,INS0015,2026-03-14,1144,26.0424,29792.51,-596.45,GBP,MOCK_FEED
POS00500320260314,PORT005,INS0016,2026-03-14,3423,45.7882,156733.01,4597.72,USD,MOCK_FEED
POS00500420260314,PORT005,INS0017,2026-03-14,1310,139.128,182257.68,4514.2,INR,MOCK_FEED
POS00500520260314,PORT005,INS0018,2026-03-14,1166,51.7908,60388.07,-283.34,EUR,MOCK_FEED
POS00500620260314,PORT005,INS0019,2026-03-14,3923,16.1809,63477.67,-1499.73,EUR,MOCK_FEED
POS00500720260314,PORT005,INS0020,2026-03-14,4506,10.9903,49522.29,-1276.33,USD,MOCK_FEED
POS00500820260314,PORT005,INS0021,2026-03-14,4261,51.1247,217842.35,6189.54,GBP,MOCK_FEED
POS00500920260314,PORT005,INS0022,2026-03-14,4436,47.7926,212007.97,-1468.18,GBP,MOCK_FEED
POS00501020260314,PORT005,INS0023,2026-03-14,2787,50.7272,141376.71,-3146.32,INR,MOCK_FEED
POS00500120260315,PORT005,INS0014,2026-03-15,1349,10.7029,14438.21,174.19,INR,MOCK_FEED
POS00500220260315,PORT005,INS0015,2026-03-15,3438,26.1306,89837.0,-533.93,EUR,MOCK_FEED
POS00500320260315,PORT005,INS0016,2026-03-15,2141,45.4427,97292.82,1907.63,INR,MOCK_FEED
POS00500420260315,PORT005,INS0017,2026-03-15,2602,137.6473,358158.27,11233.85,EUR,MOCK_FEED
POS00500520260315,PORT005,INS0018,2026-03-15,2565,51.6109,132381.96,1486.91,INR,MOCK_FEED
POS00500620260315,PORT005,INS0019,2026-03-15,2237,15.6594,35030.08,843.83,EUR,MOCK_FEED
POS00500720260315,PORT005,INS0020,2026-03-15,784,10.8782,8528.51,10.44,GBP,MOCK_FEED
POS00500820260315,PORT005,INS0021,2026-03-15,228,51.2929,11694.78,290.72,USD,MOCK_FEED
POS00500920260315,PORT005,INS0022,2026-03-15,1614,47.8026,77153.4,-447.04,EUR,MOCK_FEED
POS00501020260315,PORT005,INS0023,2026-03-15,3409,51.044,174009.0,-3740.84,INR,MOCK_FEED
POS00500120260316,PORT005,INS0014,2026-03-16,705,10.628,7492.74,-75.74,USD,MOCK_FEED
POS00500220260316,PORT005,INS0015,2026-03-16,2986,26.6502,79577.5,2429.36,EUR,MOCK_FEED
POS00500320260316,PORT005,INS0016,2026-03-16,1984,46.2799,91819.32,3528.05,USD,MOCK_FEED
POS00500420260316,PORT005,INS0017,2026-03-16,1450,137.5091,199388.19,-2326.42,EUR,MOCK_FEED
POS00500520260316,PORT005,INS0018,2026-03-16,3376,52.3785,176829.82,1895.73,EUR,MOCK_FEED
POS00500620260316,PORT005,INS0019,2026-03-16,813,15.8047,12849.22,-325.54,EUR,MOCK_FEED
POS00500720260316,PORT005,INS0020,2026-03-16,3892,10.8224,42120.78,227.06,INR,MOCK_FEED
POS00500820260316,PORT005,INS0021,2026-03-16,143,50.3434,7199.11,37.95,EUR,MOCK_FEED
POS00500920260316,PORT005,INS0022,2026-03-16,1166,47.4683,55348.04,-776.95,GBP,MOCK_FEED
POS00501020260316,PORT005,INS0023,2026-03-16,4520,50.7998,229615.1,-2854.01,GBP,MOCK_FEED
POS00500120260317,PORT005,INS0014,2026-03-17,2798,10.6415,29774.92,336.76,USD,MOCK_FEED
POS00500220260317,PORT005,INS0015,2026-03-17,2816,26.4535,74493.06,506.96,USD,MOCK_FEED
POS00500320260317,PORT005,INS0016,2026-03-17,3635,46.2894,168261.97,-2098.37,INR,MOCK_FEED
POS00500420260317,PORT005,INS0017,2026-03-17,2398,137.1024,328771.56,10566.89,EUR,MOCK_FEED
POS00500520260317,PORT005,INS0018,2026-03-17,2116,52.4701,111026.73,-2347.89,EUR,MOCK_FEED
POS00500620260317,PORT005,INS0019,2026-03-17,753,15.8124,11906.74,-116.86,USD,MOCK_FEED
POS00500720260317,PORT005,INS0020,2026-03-17,2671,10.9466,29238.37,557.24,GBP,MOCK_FEED
POS00500820260317,PORT005,INS0021,2026-03-17,2222,50.3149,111799.71,-668.72,EUR,MOCK_FEED
POS00500920260317,PORT005,INS0022,2026-03-17,1303,48.1072,62683.68,-1172.34,INR,MOCK_FEED
POS00501020260317,PORT005,INS0023,2026-03-17,3898,49.6255,193440.2,-2280.02,INR,MOCK_FEED
POS00500120260318,PORT005,INS0014,2026-03-18,798,10.8972,8695.97,154.3,INR,MOCK_FEED
POS00500220260318,PORT005,INS0015,2026-03-18,4789,26.6397,127577.52,-2304.86,EUR,MOCK_FEED
POS00500320260318,PORT005,INS0016,2026-03-18,1118,45.8031,51207.87,1487.33,EUR,MOCK_FEED
POS00500420260318,PORT005,INS0017,2026-03-18,4313,136.2795,587773.48,12129.75,USD,MOCK_FEED
POS00500520260318,PORT005,INS0018,2026-03-18,4095,51.179,209578.01,6875.05,INR,MOCK_FEED
POS00500620260318,PORT005,INS0019,2026-03-18,4714,15.6645,73842.45,421.93,EUR,MOCK_FEED
POS00500720260318,PORT005,INS0020,2026-03-18,3626,10.9221,39603.53,-170.04,USD,MOCK_FEED
POS00500820260318,PORT005,INS0021,2026-03-18,4748,51.165,242931.42,1632.18,USD,MOCK_FEED
POS00500920260318,PORT005,INS0022,2026-03-18,4496,47.8277,215033.34,-3920.88,USD,MOCK_FEED
POS00501020260318,PORT005,INS0023,2026-03-18,561,49.7984,27936.9,309.42,GBP,MOCK_FEED
POS00500120260319,PORT005,INS0014,2026-03-19,4900,11.0537,54163.13,-1468.48,GBP,MOCK_FEED
POS00500220260319,PORT005,INS0015,2026-03-19,4619,26.4173,122021.51,-2115.89,USD,MOCK_FEED
POS00500320260319,PORT005,INS0016,2026-03-19,3313,45.7873,151693.32,-925.94,USD,MOCK_FEED
POS00500420260319,PORT005,INS0017,2026-03-19,3758,134.206,504346.15,11128.01,INR,MOCK_FEED
POS00500520260319,PORT005,INS0018,2026-03-19,2956,51.1023,151058.4,4468.72,INR,MOCK_FEED
POS00500620260319,PORT005,INS0019,2026-03-19,1706,15.4355,26332.96,-297.74,USD,MOCK_FEED
POS00500720260319,PORT005,INS0020,2026-03-19,686,10.9244,7494.14,232.44,GBP,MOCK_FEED
POS00500820260319,PORT005,INS0021,2026-03-19,4247,51.3302,217999.36,5925.05,USD,MOCK_FEED
POS00500920260319,PORT005,INS0022,2026-03-19,3283,47.8525,157099.76,-4068.54,GBP,MOCK_FEED
POS00501020260319,PORT005,INS0023,2026-03-19,2383,49.1411,117103.24,-287.76,GBP,MOCK_FEED
POS00500120260320,PORT005,INS0014,2026-03-20,1957,11.153,21826.42,-256.37,EUR,MOCK_FEED
POS00500220260320,PORT005,INS0015,2026-03-20,2019,26.3178,53135.64,1880.2,USD,MOCK_FEED
POS00500320260320,PORT005,INS0016,2026-03-20,4281,45.878,196403.72,-4131.2,GBP,MOCK_FEED
POS00500420260320,PORT005,INS0017,2026-03-20,4530,136.2828,617361.08,23829.76,EUR,MOCK_FEED
POS00500520260320,PORT005,INS0018,2026-03-20,4463,51.598,230281.87,4719.75,GBP,MOCK_FEED
POS00500620260320,PORT005,INS0019,2026-03-20,2828,15.5455,43962.67,232.29,EUR,MOCK_FEED
POS00500720260320,PORT005,INS0020,2026-03-20,2419,10.898,26362.26,329.19,INR,MOCK_FEED
POS00500820260320,PORT005,INS0021,2026-03-20,4376,52.5056,229764.51,6769.89,USD,MOCK_FEED
POS00500920260320,PORT005,INS0022,2026-03-20,3605,49.4388,178226.87,-3413.77,INR,MOCK_FEED
POS00501020260320,PORT005,INS0023,2026-03-20,2502,48.4766,121288.45,-3061.42,USD,MOCK_FEED
POS00500120260321,PORT005,INS0014,2026-03-21,597,11.2204,6698.58,173.98,USD,MOCK_FEED
POS00500220260321,PORT005,INS0015,2026-03-21,3589,26.5995,95465.61,3280.15,INR,MOCK_FEED
POS00500320260321,PORT005,INS0016,2026-03-21,4908,45.2581,222126.75,6097.3,USD,MOCK_FEED
POS00500420260321,PORT005,INS0017,2026-03-21,2126,137.652,292648.15,-7603.45,INR,MOCK_FEED
POS00500520260321,PORT005,INS0018,2026-03-21,3995,52.101,208143.49,7923.71,USD,MOCK_FEED
POS00500620260321,PORT005,INS0019,2026-03-21,1974,15.4739,30545.48,904.38,INR,MOCK_FEED
POS00500720260321,PORT005,INS0020,2026-03-21,4341,11.1038,48201.6,-198.73,EUR,MOCK_FEED
POS00500820260321,PORT005,INS0021,2026-03-21,679,51.6612,35077.95,320.21,INR,MOCK_FEED
POS00500920260321,PORT005,INS0022,2026-03-21,4917,50.2871,247261.67,3792.71,GBP,MOCK_FEED
POS00501020260321,PORT005,INS0023,2026-03-21,4053,48.5461,196757.34,5778.82,USD,MOCK_FEED
POS00500120260322,PORT005,INS0014,2026-03-22,3344,11.2211,37523.36,773.05,INR,MOCK_FEED
POS00500220260322,PORT005,INS0015,2026-03-22,976,26.7885,26145.58,-601.14,EUR,MOCK_FEED
POS00500320260322,PORT005,INS0016,2026-03-22,2828,45.3298,128192.67,-2925.15,INR,MOCK_FEED
POS00500420260322,PORT005,INS0017,2026-03-22,3746,137.8062,516222.03,-3606.99,USD,MOCK_FEED
POS00500520260322,PORT005,INS0018,2026-03-22,1326,53.199,70541.87,-529.63,EUR,MOCK_FEED
POS00500620260322,PORT005,INS0019,2026-03-22,594,15.5097,9212.76,-59.26,USD,MOCK_FEED
POS00500720260322,PORT005,INS0020,2026-03-22,2535,11.085,28100.48,555.17,EUR,MOCK_FEED
POS00500820260322,PORT005,INS0021,2026-03-22,2978,50.904,151592.11,5278.97,EUR,MOCK_FEED
POS00500920260322,PORT005,INS0022,2026-03-22,2208,50.5341,111579.29,-559.87,INR,MOCK_FEED
POS00501020260322,PORT005,INS0023,2026-03-22,3794,48.9139,185579.34,4031.83,GBP,MOCK_FEED
POS00500120260323,PORT005,INS0014,2026-03-23,867,11.2781,9778.11,-130.17,INR,MOCK_FEED
POS00500220260323,PORT005,INS0015,2026-03-23,2923,27.4645,80278.73,-2027.76,INR,MOCK_FEED
POS00500320260323,PORT005,INS0016,2026-03-23,2844,45.1267,128340.33,-1740.21,GBP,MOCK_FEED
POS00500420260323,PORT005,INS0017,2026-03-23,3601,134.9071,485800.47,12931.24,USD,MOCK_FEED
POS00500520260323,PORT005,INS0018,2026-03-23,1840,52.9845,97491.48,3564.1,INR,MOCK_FEED
POS00500620260323,PORT005,INS0019,2026-03-23,2504,15.3248,38373.3,547.35,GBP,MOCK_FEED
POS00500720260323,PORT005,INS0020,2026-03-23,1092,11.0522,12069.0,257.13,INR,MOCK_FEED
POS00500820260323,PORT005,INS0021,2026-03-23,2302,49.9378,114956.82,2488.46,INR,MOCK_FEED
POS00500920260323,PORT005,INS0022,2026-03-23,3956,50.4285,199495.15,-4492.22,EUR,MOCK_FEED
POS00501020260323,PORT005,INS0023,2026-03-23,3919,48.9737,191927.93,5347.38,USD,MOCK_FEED
POS00500120260324,PORT005,INS0014,2026-03-24,3842,11.3681,43676.24,436.09,USD,MOCK_FEED
POS00500220260324,PORT005,INS0015,2026-03-24,318,27.6505,8792.86,-249.28,USD,MOCK_FEED
POS00500320260324,PORT005,INS0016,2026-03-24,2325,45.1454,104963.06,373.81,GBP,MOCK_FEED
POS00500420260324,PORT005,INS0017,2026-03-24,4181,132.6646,554670.69,7437.09,GBP,MOCK_FEED
POS00500520260324,PORT005,INS0018,2026-03-24,4939,52.7203,260385.56,1935.56,USD,MOCK_FEED
POS00500620260324,PORT005,INS0019,2026-03-24,2016,15.4309,31108.69,-190.01,EUR,MOCK_FEED
POS00500720260324,PORT005,INS0020,2026-03-24,429,11.1643,4789.48,-67.97,GBP,MOCK_FEED
POS00500820260324,PORT005,INS0021,2026-03-24,4503,50.1561,225852.92,-4661.05,USD,MOCK_FEED
POS00500920260324,PORT005,INS0022,2026-03-24,390,49.5397,19320.48,73.33,USD,MOCK_FEED
POS00501020260324,PORT005,INS0023,2026-03-24,2621,49.1635,128857.53,-400.81,GBP,MOCK_FEED
POS00500120260325,PORT005,INS0014,2026-03-25,2925,11.408,33368.4,966.47,INR,MOCK_FEED
POS00500220260325,PORT005,INS0015,2026-03-25,645,27.1809,17531.68,508.17,GBP,MOCK_FEED
POS00500320260325,PORT005,INS0016,2026-03-25,2511,44.25,111111.75,3073.07,USD,MOCK_FEED
POS00500420260325,PORT005,INS0017,2026-03-25,2267,134.0543,303901.1,11308.3,GBP,MOCK_FEED
POS00500520260325,PORT005,INS0018,2026-03-25,2591,51.917,134516.95,-1170.33,EUR,MOCK_FEED
POS00500620260325,PORT005,INS0019,2026-03-25,1787,15.2092,27178.84,229.32,GBP,MOCK_FEED
POS00500720260325,PORT005,INS0020,2026-03-25,2053,11.159,22909.43,566.94,EUR,MOCK_FEED
POS00500820260325,PORT005,INS0021,2026-03-25,2382,50.0821,119295.56,-380.75,EUR,MOCK_FEED
POS00500920260325,PORT005,INS0022,2026-03-25,3242,48.9898,158824.93,-2326.26,USD,MOCK_FEED
POS00501020260325,PORT005,INS0023,2026-03-25,219,50.0528,10961.56,315.08,USD,MOCK_FEED
POS00500120260326,PORT005,INS0014,2026-03-26,1977,11.2354,22212.39,295.49,INR,MOCK_FEED
POS00500220260326,PORT005,INS0015,2026-03-26,301,27.2621,8205.89,160.36,INR,MOCK_FEED
POS00500320260326,PORT005,INS0016,2026-03-26,3061,44.0888,134955.82,-1804.51,EUR,MOCK_FEED
POS00500420260326,PORT005,INS0017,2026-03-26,1101,132.2312,145586.55,3220.89,USD,MOCK_FEED
POS00500520260326,PORT005,INS0018,2026-03-26,1969,51.1958,100804.53,3758.55,EUR,MOCK_FEED
POS00500620260326,PORT005,INS0019,2026-03-26,3565,14.9951,53457.53,1136.07,GBP,MOCK_FEED
POS00500720260326,PORT005,INS0020,2026-03-26,1833,11.1568,20450.41,627.69,EUR,MOCK_FEED
POS00500820260326,PORT005,INS0021,2026-03-26,3459,49.7281,172009.5,2459.18,GBP,MOCK_FEED
POS00500920260326,PORT005,INS0022,2026-03-26,1039,48.0832,49958.44,1270.58,INR,MOCK_FEED
POS00501020260326,PORT005,INS0023,2026-03-26,1830,49.6748,90904.88,-2040.81,GBP,MOCK_FEED
POS00500120260327,PORT005,INS0014,2026-03-27,1209,11.4837,13883.79,79.87,GBP,MOCK_FEED
POS00500220260327,PORT005,INS0015,2026-03-27,3726,26.7544,99686.89,-1136.94,GBP,MOCK_FEED
POS00500320260327,PORT005,INS0016,2026-03-27,3098,44.2864,137199.27,114.28,GBP,MOCK_FEED
POS00500420260327,PORT005,INS0017,2026-03-27,1464,134.5896,197039.17,-2394.04,USD,MOCK_FEED
POS00500520260327,PORT005,INS0018,2026-03-27,1610,51.2721,82548.08,-2141.0,EUR,MOCK_FEED
POS00500620260327,PORT005,INS0019,2026-03-27,3260,15.1781,49480.61,1354.64,INR,MOCK_FEED
POS00500720260327,PORT005,INS0020,2026-03-27,2944,11.0011,32387.24,631.66,INR,MOCK_FEED
POS00500820260327,PORT005,INS0021,2026-03-27,3607,50.6782,182796.27,5346.11,EUR,MOCK_FEED
POS00500920260327,PORT005,INS0022,2026-03-27,4292,47.9211,205677.36,-2577.28,GBP,MOCK_FEED
POS00501020260327,PORT005,INS0023,2026-03-27,4966,49.5381,246006.2,9688.22,EUR,MOCK_FEED
POS00500120260328,PORT005,INS0014,2026-03-28,2836,11.5306,32700.78,1048.93,USD,MOCK_FEED
POS00500220260328,PORT005,INS0015,2026-03-28,1264,27.0521,34193.85,2.18,USD,MOCK_FEED
POS00500320260328,PORT005,INS0016,2026-03-28,3433,44.7951,153781.58,-3822.57,GBP,MOCK_FEED
POS00500420260328,PORT005,INS0017,2026-03-28,4777,136.5777,652431.67,-2577.53,INR,MOCK_FEED
POS00500520260328,PORT005,INS0018,2026-03-28,557,50.308,28021.56,56.89,EUR,MOCK_FEED
POS00500620260328,PORT005,INS0019,2026-03-28,789,15.4727,12207.96,106.3,GBP,MOCK_FEED
POS00500720260328,PORT005,INS0020,2026-03-28,1707,11.1814,19086.65,164.8,EUR,MOCK_FEED
POS00500820260328,PORT005,INS0021,2026-03-28,829,50.5702,41922.7,975.16,EUR,MOCK_FEED
POS00500920260328,PORT005,INS0022,2026-03-28,686,48.2045,33068.29,480.11,EUR,MOCK_FEED
POS00501020260328,PORT005,INS0023,2026-03-28,4870,49.6606,241847.12,6624.85,EUR,MOCK_FEED
POS00500120260329,PORT005,INS0014,2026-03-29,2303,11.5411,26579.15,-258.64,EUR,MOCK_FEED
POS00500220260329,PORT005,INS0015,2026-03-29,3457,27.4123,94764.32,3424.41,GBP,MOCK_FEED
POS00500320260329,PORT005,INS0016,2026-03-29,1781,44.8452,79869.3,2990.84,EUR,MOCK_FEED
POS00500420260329,PORT005,INS0017,2026-03-29,884,133.9272,118391.64,323.4,GBP,MOCK_FEED
POS00500520260329,PORT005,INS0018,2026-03-29,4434,50.2527,222820.47,-2568.94,GBP,MOCK_FEED
POS00500620260329,PORT005,INS0019,2026-03-29,4300,15.4948,66627.64,-1061.26,EUR,MOCK_FEED
POS00500720260329,PORT005,INS0020,2026-03-29,807,11.3852,9187.86,-137.94,GBP,MOCK_FEED
POS00500820260329,PORT005,INS0021,2026-03-29,3780,49.9003,188623.13,4409.18,USD,MOCK_FEED
POS00500920260329,PORT005,INS0022,2026-03-29,1675,48.7944,81730.62,-2086.52,GBP,MOCK_FEED
POS00501020260329,PORT005,INS0023,2026-03-29,3404,49.3966,168146.03,6428.21,INR,MOCK_FEED
POS00500120260330,PORT005,INS0014,2026-03-30,222,11.6896,2595.09,-54.76,EUR,MOCK_FEED
POS00500220260330,PORT005,INS0015,2026-03-30,4045,27.5924,111611.26,3338.43,USD,MOCK_FEED
POS00500320260330,PORT005,INS0016,2026-03-30,4466,44.4636,198574.44,6909.62,GBP,MOCK_FEED
POS00500420260330,PORT005,INS0017,2026-03-30,4413,133.8306,590594.44,-17493.77,EUR,MOCK_FEED
POS00500520260330,PORT005,INS0018,2026-03-30,2316,49.8676,115493.36,2604.73,USD,MOCK_FEED
POS00500620260330,PORT005,INS0019,2026-03-30,559,15.4585,8641.3,-23.41,USD,MOCK_FEED
POS00500720260330,PORT005,INS0020,2026-03-30,4398,11.3557,49942.37,930.04,EUR,MOCK_FEED
POS00500820260330,PORT005,INS0021,2026-03-30,3533,50.6803,179053.5,2027.17,EUR,MOCK_FEED
POS00500920260330,PORT005,INS0022,2026-03-30,1469,49.8993,73302.07,2841.2,USD,MOCK_FEED
POS00501020260330,PORT005,INS0023,2026-03-30,702,49.4447,34710.18,-17.37,GBP,MOCK_FEED
POS00500120260331,PORT005,INS0014,2026-03-31,2506,11.5564,28960.34,457.42,INR,MOCK_FEED
POS00500220260331,PORT005,INS0015,2026-03-31,3142,28.1952,88589.32,-1564.38,INR,MOCK_FEED
POS00500320260331,PORT005,INS0016,2026-03-31,2617,44.3015,115937.03,-901.12,GBP,MOCK_FEED
POS00500420260331,PORT005,INS0017,2026-03-31,3149,132.2726,416526.42,12125.62,EUR,MOCK_FEED
POS00500520260331,PORT005,INS0018,2026-03-31,942,51.0215,48062.25,1878.81,INR,MOCK_FEED
POS00500620260331,PORT005,INS0019,2026-03-31,1175,15.4577,18162.8,566.37,INR,MOCK_FEED
POS00500720260331,PORT005,INS0020,2026-03-31,4689,11.3346,53147.94,1687.66,EUR,MOCK_FEED
POS00500820260331,PORT005,INS0021,2026-03-31,1112,49.4201,54955.15,1782.35,GBP,MOCK_FEED
POS00500920260331,PORT005,INS0022,2026-03-31,3237,50.0991,162170.79,-4759.58,USD,MOCK_FEED
POS00501020260331,PORT005,INS0023,2026-03-31,3102,49.3542,153096.73,2971.73,EUR,MOCK_FEED
POS00500120260401,PORT005,INS0014,2026-04-01,3228,11.2827,36420.56,-449.5,EUR,MOCK_FEED
POS00500220260401,PORT005,INS0015,2026-04-01,3487,28.1274,98080.24,-2739.05,GBP,MOCK_FEED
POS00500320260401,PORT005,INS0016,2026-04-01,3324,44.8668,149137.24,564.07,INR,MOCK_FEED
POS00500420260401,PORT005,INS0017,2026-04-01,1898,135.4848,257150.15,8715.25,EUR,MOCK_FEED
POS00500520260401,PORT005,INS0018,2026-04-01,3009,51.0605,153641.04,-3289.76,GBP,MOCK_FEED
POS00500620260401,PORT005,INS0019,2026-04-01,4344,15.4925,67299.42,2516.76,USD,MOCK_FEED
POS00500720260401,PORT005,INS0020,2026-04-01,1256,11.1921,14057.28,257.09,INR,MOCK_FEED
POS00500820260401,PORT005,INS0021,2026-04-01,2523,50.5752,127601.23,2440.35,GBP,MOCK_FEED
POS00500920260401,PORT005,INS0022,2026-04-01,1107,50.1252,55488.6,2019.06,EUR,MOCK_FEED
POS00501020260401,PORT005,INS0023,2026-04-01,2362,50.4416,119143.06,-1374.51,INR,MOCK_FEED
POS00500120260402,PORT005,INS0014,2026-04-02,1057,11.1718,11808.59,-214.68,GBP,MOCK_FEED
POS00500220260402,PORT005,INS0015,2026-04-02,1394,27.9352,38941.67,377.17,USD,MOCK_FEED
POS00500320260402,PORT005,INS0016,2026-04-02,4329,45.2383,195836.6,1550.76,USD,MOCK_FEED
POS00500420260402,PORT005,INS0017,2026-04-02,560,136.874,76649.44,733.63,USD,MOCK_FEED
POS00500520260402,PORT005,INS0018,2026-04-02,2201,51.1869,112662.37,-1223.04,USD,MOCK_FEED
POS00500620260402,PORT005,INS0019,2026-04-02,1281,15.4475,19788.25,-308.2,EUR,MOCK_FEED
POS00500720260402,PORT005,INS0020,2026-04-02,1696,11.3517,19252.48,-46.32,EUR,MOCK_FEED
POS00500820260402,PORT005,INS0021,2026-04-02,3173,50.5326,160339.94,-1973.04,GBP,MOCK_FEED
POS00500920260402,PORT005,INS0022,2026-04-02,4955,49.8241,246878.42,6164.38,INR,MOCK_FEED
POS00501020260402,PORT005,INS0023,2026-04-02,3649,50.8528,185561.87,4788.51,INR,MOCK_FEED
POS00500120260403,PORT005,INS0014,2026-04-03,289,11.1757,3229.78,-64.94,EUR,MOCK_FEED
POS00500220260403,PORT005,INS0015,2026-04-03,666,27.5792,18367.75,41.13,USD,MOCK_FEED
POS00500320260403,PORT005,INS0016,2026-04-03,4510,45.1978,203842.08,-1776.32,EUR,MOCK_FEED
POS00500420260403,PORT005,INS0017,2026-04-03,802,138.649,111196.5,-1038.85,EUR,MOCK_FEED
POS00500520260403,PORT005,INS0018,2026-04-03,581,51.667,30018.53,-605.81,INR,MOCK_FEED
POS00500620260403,PORT005,INS0019,2026-04-03,888,15.7042,13945.33,-325.28,EUR,MOCK_FEED
POS00500720260403,PORT005,INS0020,2026-04-03,992,11.5323,11440.04,21.16,INR,MOCK_FEED
POS00500820260403,PORT005,INS0021,2026-04-03,363,50.4034,18296.43,-129.41,GBP,MOCK_FEED
POS00500920260403,PORT005,INS0022,2026-04-03,340,49.7672,16920.85,137.32,GBP,MOCK_FEED
POS00501020260403,PORT005,INS0023,2026-04-03,718,50.8777,36530.19,746.95,USD,MOCK_FEED
POS00500120260404,PORT005,INS0014,2026-04-04,4913,11.0396,54237.55,1281.91,EUR,MOCK_FEED
POS00500220260404,PORT005,INS0015,2026-04-04,3568,28.0003,99905.07,-181.19,EUR,MOCK_FEED
POS00500320260404,PORT005,INS0016,2026-04-04,3573,45.8194,163712.72,276.2,USD,MOCK_FEED
POS00500420260404,PORT005,INS0017,2026-04-04,520,137.1681,71327.41,-1691.43,GBP,MOCK_FEED
POS00500520260404,PORT005,INS0018,2026-04-04,152,50.8045,7722.28,-96.41,GBP,MOCK_FEED
POS00500620260404,PORT005,INS0019,2026-04-04,4627,15.781,73018.69,-881.88,INR,MOCK_FEED
POS00500720260404,PORT005,INS0020,2026-04-04,2516,11.9324,30021.92,1044.83,USD,MOCK_FEED
POS00500820260404,PORT005,INS0021,2026-04-04,4234,49.7405,210601.28,1468.15,EUR,MOCK_FEED
POS00500920260404,PORT005,INS0022,2026-04-04,1396,49.5868,69223.17,2122.88,USD,MOCK_FEED
POS00501020260404,PORT005,INS0023,2026-04-04,1675,50.4143,84443.95,-1714.65,GBP,MOCK_FEED
POS00500120260405,PORT005,INS0014,2026-04-05,3289,11.0046,36194.13,-429.57,INR,MOCK_FEED
POS00500220260405,PORT005,INS0015,2026-04-05,164,28.4131,4659.75,169.42,INR,MOCK_FEED
POS00500320260405,PORT005,INS0016,2026-04-05,1637,46.7531,76534.82,494.87,EUR,MOCK_FEED
POS00500420260405,PORT005,INS0017,2026-04-05,4437,134.4871,596719.26,-4024.24,EUR,MOCK_FEED
POS00500520260405,PORT005,INS0018,2026-04-05,3420,50.0977,171334.13,-920.5,GBP,MOCK_FEED
POS00500620260405,PORT005,INS0019,2026-04-05,1308,16.0718,21021.91,700.08,USD,MOCK_FEED
POS00500720260405,PORT005,INS0020,2026-04-05,2321,12.0047,27862.91,369.32,EUR,MOCK_FEED
POS00500820260405,PORT005,INS0021,2026-04-05,2915,49.9814,145695.78,453.74,USD,MOCK_FEED
POS00500920260405,PORT005,INS0022,2026-04-05,1736,49.8512,86541.68,917.0,USD,MOCK_FEED
POS00501020260405,PORT005,INS0023,2026-04-05,495,50.0369,24768.27,83.01,GBP,MOCK_FEED
POS00500120260406,PORT005,INS0014,2026-04-06,402,11.0558,4444.43,-93.5,EUR,MOCK_FEED
POS00500220260406,PORT005,INS0015,2026-04-06,4328,28.3567,122727.8,-2188.87,EUR,MOCK_FEED
POS00500320260406,PORT005,INS0016,2026-04-06,4106,45.9955,188857.52,1217.45,INR,MOCK_FEED
POS00500420260406,PORT005,INS0017,2026-04-06,3720,136.7198,508597.66,16569.11,EUR,MOCK_FEED
POS00500520260406,PORT005,INS0018,2026-04-06,1855,49.6194,92043.99,-786.17,EUR,MOCK_FEED
POS00500620260406,PORT005,INS0019,2026-04-06,1641,16.1682,26532.02,837.44,GBP,MOCK_FEED
POS00500720260406,PORT005,INS0020,2026-04-06,2225,11.9849,26666.4,-56.98,USD,MOCK_FEED
POS00500820260406,PORT005,INS0021,2026-04-06,3047,50.2784,153198.28,5053.2,GBP,MOCK_FEED
POS00500920260406,PORT005,INS0022,2026-04-06,4389,49.4482,217028.15,1840.15,GBP,MOCK_FEED
POS00501020260406,PORT005,INS0023,2026-04-06,998,50.2102,50109.78,-652.55,INR,MOCK_FEED
POS00500120260407,PORT005,INS0014,2026-04-07,4179,11.052,46186.31,1045.23,GBP,MOCK_FEED
POS00500220260407,PORT005,INS0015,2026-04-07,1137,28.1836,32044.75,-892.72,EUR,MOCK_FEED
POS00500320260407,PORT005,INS0016,2026-04-07,4582,46.0043,210791.7,-1095.56,EUR,MOCK_FEED
POS00500420260407,PORT005,INS0017,2026-04-07,2382,136.5136,325175.4,10524.54,USD,MOCK_FEED
POS00500520260407,PORT005,INS0018,2026-04-07,3830,50.7086,194213.94,4660.75,INR,MOCK_FEED
POS00500620260407,PORT005,INS0019,2026-04-07,1982,16.671,33041.92,537.64,USD,MOCK_FEED
POS00500720260407,PORT005,INS0020,2026-04-07,4710,11.9263,56172.87,1850.22,INR,MOCK_FEED
POS00500820260407,PORT005,INS0021,2026-04-07,4300,50.7022,218019.46,-2711.4,EUR,MOCK_FEED
POS00500920260407,PORT005,INS0022,2026-04-07,1271,49.3552,62730.46,-415.9,GBP,MOCK_FEED
POS00501020260407,PORT005,INS0023,2026-04-07,1533,50.2718,77066.67,2905.87,GBP,MOCK_FEED
POS00500120260408,PORT005,INS0014,2026-04-08,2104,10.9383,23014.18,-163.65,INR,MOCK_FEED
POS00500220260408,PORT005,INS0015,2026-04-08,1797,28.2364,50740.81,1877.1,GBP,MOCK_FEED
POS00500320260408,PORT005,INS0016,2026-04-08,3086,46.4104,143222.49,2525.31,USD,MOCK_FEED
POS00500420260408,PORT005,INS0017,2026-04-08,4854,135.6654,658519.85,-11837.23,INR,MOCK_FEED
POS00500520260408,PORT005,INS0018,2026-04-08,2414,50.7759,122573.02,2629.76,USD,MOCK_FEED
POS00500620260408,PORT005,INS0019,2026-04-08,363,16.6245,6034.69,226.35,INR,MOCK_FEED
POS00500720260408,PORT005,INS0020,2026-04-08,1029,11.8826,12227.2,-283.1,USD,MOCK_FEED
POS00500820260408,PORT005,INS0021,2026-04-08,496,50.2903,24943.99,-621.09,EUR,MOCK_FEED
POS00500920260408,PORT005,INS0022,2026-04-08,978,49.5626,48472.22,-857.38,USD,MOCK_FEED
POS00501020260408,PORT005,INS0023,2026-04-08,457,50.1521,22919.51,-389.23,USD,MOCK_FEED
POS00500120260409,PORT005,INS0014,2026-04-09,927,10.7984,10010.12,-281.58,INR,MOCK_FEED
POS00500220260409,PORT005,INS0015,2026-04-09,1933,27.6939,53532.31,1320.51,EUR,MOCK_FEED
POS00500320260409,PORT005,INS0016,2026-04-09,4611,46.4302,214089.65,-5208.83,USD,MOCK_FEED
POS00500420260409,PORT005,INS0017,2026-04-09,2187,134.1392,293362.43,8170.15,USD,MOCK_FEED
POS00500520260409,PORT005,INS0018,2026-04-09,843,50.518,42586.67,-1247.09,EUR,MOCK_FEED
POS00500620260409,PORT005,INS0019,2026-04-09,1578,16.6009,26196.22,588.7,USD,MOCK_FEED
POS00500720260409,PORT005,INS0020,2026-04-09,2702,11.8291,31962.23,483.08,GBP,MOCK_FEED
POS00500820260409,PORT005,INS0021,2026-04-09,1904,50.717,96565.17,-359.57,GBP,MOCK_FEED
POS00500920260409,PORT005,INS0022,2026-04-09,4880,49.5657,241880.62,3437.78,USD,MOCK_FEED
POS00501020260409,PORT005,INS0023,2026-04-09,2850,50.2717,143274.35,1387.56,GBP,MOCK_FEED
POS00500120260410,PORT005,INS0014,2026-04-10,2059,10.7679,22171.11,-565.95,EUR,MOCK_FEED
POS00500220260410,PORT005,INS0015,2026-04-10,4900,27.9516,136962.84,4540.68,GBP,MOCK_FEED
POS00500320260410,PORT005,INS0016,2026-04-10,1232,45.6917,56292.17,-301.91,EUR,MOCK_FEED
POS00500420260410,PORT005,INS0017,2026-04-10,3577,133.7739,478509.24,420.49,EUR,MOCK_FEED
POS00500520260410,PORT005,INS0018,2026-04-10,2620,51.3253,134472.29,-1851.2,GBP,MOCK_FEED
POS00500620260410,PORT005,INS0019,2026-04-10,2029,16.6818,33847.37,-4.07,GBP,MOCK_FEED
POS00500720260410,PORT005,INS0020,2026-04-10,1377,12.1437,16721.87,524.85,EUR,MOCK_FEED
POS00500820260410,PORT005,INS0021,2026-04-10,2055,50.5578,103896.28,-2382.21,USD,MOCK_FEED
POS00500920260410,PORT005,INS0022,2026-04-10,3668,49.3825,181135.01,-3229.33,USD,MOCK_FEED
POS00501020260410,PORT005,INS0023,2026-04-10,1586,49.5455,78579.16,101.28,USD,MOCK_FEED
POS00500120260411,PORT005,INS0014,2026-04-11,2605,10.9452,28512.25,843.53,EUR,MOCK_FEED
POS00500220260411,PORT005,INS0015,2026-04-11,741,27.7577,20568.46,374.01,EUR,MOCK_FEED
POS00500320260411,PORT005,INS0016,2026-04-11,3284,45.4709,149326.44,821.4,EUR,MOCK_FEED
POS00500420260411,PORT005,INS0017,2026-04-11,1640,134.1587,220020.27,6383.29,INR,MOCK_FEED
POS00500520260411,PORT005,INS0018,2026-04-11,2106,50.4572,106262.86,-177.35,GBP,MOCK_FEED
POS00500620260411,PORT005,INS0019,2026-04-11,4723,16.7754,79230.21,764.65,EUR,MOCK_FEED
POS00500720260411,PORT005,INS0020,2026-04-11,1361,12.1231,16499.54,355.11,INR,MOCK_FEED
POS00500820260411,PORT005,INS0021,2026-04-11,2815,50.6323,142529.92,5286.46,EUR,MOCK_FEED
POS00500920260411,PORT005,INS0022,2026-04-11,1030,49.5058,50990.97,1989.72,GBP,MOCK_FEED
POS00501020260411,PORT005,INS0023,2026-04-11,4947,49.6898,245815.44,7918.48,EUR,MOCK_FEED
POS00500120260412,PORT005,INS0014,2026-04-12,2648,10.9669,29040.35,27.37,EUR,MOCK_FEED
POS00500220260412,PORT005,INS0015,2026-04-12,1694,27.9472,47342.56,-367.27,USD,MOCK_FEED
POS00500320260412,PORT005,INS0016,2026-04-12,2557,45.6637,116762.08,4067.36,USD,MOCK_FEED
POS00500420260412,PORT005,INS0017,2026-04-12,290,133.7889,38798.78,1549.85,GBP,MOCK_FEED
POS00500520260412,PORT005,INS0018,2026-04-12,2729,50.2848,137227.22,136.18,INR,MOCK_FEED
POS00500620260412,PORT005,INS0019,2026-04-12,536,16.6521,8925.53,-191.73,INR,MOCK_FEED
POS00500720260412,PORT005,INS0020,2026-04-12,3861,11.9064,45970.61,700.67,USD,MOCK_FEED
POS00500820260412,PORT005,INS0021,2026-04-12,3468,50.7253,175915.34,-2150.37,INR,MOCK_FEED
POS00500920260412,PORT005,INS0022,2026-04-12,2071,49.5795,102679.14,-2888.57,INR,MOCK_FEED
POS00501020260412,PORT005,INS0023,2026-04-12,3623,50.6191,183393.0,-4800.89,EUR,MOCK_FEED
POS00500120260413,PORT005,INS0014,2026-04-13,1823,11.0381,20122.46,-303.32,GBP,MOCK_FEED
POS00500220260413,PORT005,INS0015,2026-04-13,2845,27.8424,79211.63,-813.21,USD,MOCK_FEED
POS00500320260413,PORT005,INS0016,2026-04-13,3141,45.6676,143441.93,-2544.86,INR,MOCK_FEED
POS00500420260413,PORT005,INS0017,2026-04-13,262,135.3896,35472.08,240.72,EUR,MOCK_FEED
POS00500520260413,PORT005,INS0018,2026-04-13,4837,49.9072,241401.13,3607.42,INR,MOCK_FEED
POS00500620260413,PORT005,INS0019,2026-04-13,1692,16.5084,27932.21,508.96,INR,MOCK_FEED
POS00500720260413,PORT005,INS0020,2026-04-13,3087,11.7624,36310.53,1090.5,EUR,MOCK_FEED
POS00500820260413,PORT005,INS0021,2026-04-13,2260,50.6865,114551.49,1076.75,GBP,MOCK_FEED
POS00500920260413,PORT005,INS0022,2026-04-13,116,49.5091,5743.06,-37.01,GBP,MOCK_FEED
POS00501020260413,PORT005,INS0023,2026-04-13,4217,49.8027,210017.99,-4867.2,EUR,MOCK_FEED
POS00500120260414,PORT005,INS0014,2026-04-14,4524,11.0861,50153.52,1176.52,EUR,MOCK_FEED
POS00500220260414,PORT005,INS0015,2026-04-14,1840,27.727,51017.68,213.68,GBP,MOCK_FEED
POS00500320260414,PORT005,INS0016,2026-04-14,2259,45.6274,103072.3,2889.09,EUR,MOCK_FEED
POS00500420260414,PORT005,INS0017,2026-04-14,1088,135.2541,147156.46,-1642.58,INR,MOCK_FEED
POS00500520260414,PORT005,INS0018,2026-04-14,163,50.2658,8193.33,-95.36,USD,MOCK_FEED
POS00500620260414,PORT005,INS0019,2026-04-14,1982,16.6345,32969.58,55.29,USD,MOCK_FEED
POS00500720260414,PORT005,INS0020,2026-04-14,296,12.0602,3569.82,-100.61,EUR,MOCK_FEED
POS00500820260414,PORT005,INS0021,2026-04-14,2912,49.5106,144174.87,-3637.67,INR,MOCK_FEED
POS00500920260414,PORT005,INS0022,2026-04-14,2601,48.805,126941.8,3731.17,GBP,MOCK_FEED
POS00501020260414,PORT005,INS0023,2026-04-14,4630,49.6912,230070.26,5728.8,INR,MOCK_FEED
POS00500120260415,PORT005,INS0014,2026-04-15,1822,11.1968,20400.57,62.42,GBP,MOCK_FEED
POS00500220260415,PORT005,INS0015,2026-04-15,3597,27.8885,100314.93,3518.61,EUR,MOCK_FEED
POS00500320260415,PORT005,INS0016,2026-04-15,2074,45.6031,94580.83,354.07,GBP,MOCK_FEED
POS00500420260415,PORT005,INS0017,2026-04-15,3041,137.9507,419508.08,16305.68,INR,MOCK_FEED
POS00500520260415,PORT005,INS0018,2026-04-15,649,50.875,33017.88,1178.74,INR,MOCK_FEED
POS00500620260415,PORT005,INS0019,2026-04-15,4561,16.5595,75527.88,1929.96,GBP,MOCK_FEED
POS00500720260415,PORT005,INS0020,2026-04-15,728,12.0529,8774.51,-222.49,GBP,MOCK_FEED
POS00500820260415,PORT005,INS0021,2026-04-15,693,50.1069,34724.08,1294.04,USD,MOCK_FEED
POS00500920260415,PORT005,INS0022,2026-04-15,2604,48.9599,127491.58,-216.57,GBP,MOCK_FEED
POS00501020260415,PORT005,INS0023,2026-04-15,4503,50.3962,226934.09,2965.25,INR,MOCK_FEED
POS00500120260416,PORT005,INS0014,2026-04-16,2358,11.2222,26461.95,869.42,USD,MOCK_FEED
POS00500220260416,PORT005,INS0015,2026-04-16,3624,27.5497,99840.11,3451.15,GBP,MOCK_FEED
POS00500320260416,PORT005,INS0016,2026-04-16,1407,44.7209,62922.31,863.95,INR,MOCK_FEED
POS00500420260416,PORT005,INS0017,2026-04-16,4179,136.6566,571087.93,4430.59,EUR,MOCK_FEED
POS00500520260416,PORT005,INS0018,2026-04-16,3743,51.4432,192551.9,-2904.79,INR,MOCK_FEED
POS00500620260416,PORT005,INS0019,2026-04-16,3396,16.5982,56367.49,-347.22,EUR,MOCK_FEED
POS00500720260416,PORT005,INS0020,2026-04-16,4014,11.9111,47811.16,93.02,EUR,MOCK_FEED
POS00500820260416,PORT005,INS0021,2026-04-16,4415,48.5044,214146.93,1583.38,USD,MOCK_FEED
POS00500920260416,PORT005,INS0022,2026-04-16,989,49.5442,48999.21,-1114.84,INR,MOCK_FEED
POS00501020260416,PORT005,INS0023,2026-04-16,2440,49.7845,121474.18,1446.1,EUR,MOCK_FEED
POS00500120260417,PORT005,INS0014,2026-04-17,1562,11.3154,17674.65,-154.65,GBP,MOCK_FEED
POS00500220260417,PORT005,INS0015,2026-04-17,733,28.2138,20680.72,108.55,EUR,MOCK_FEED
POS00500320260417,PORT005,INS0016,2026-04-17,685,44.8887,30748.76,653.92,USD,MOCK_FEED
POS00500420260417,PORT005,INS0017,2026-04-17,2762,136.104,375919.25,9774.21,INR,MOCK_FEED
POS00500520260417,PORT005,INS0018,2026-04-17,1274,52.6728,67105.15,2360.72,USD,MOCK_FEED
POS00500620260417,PORT005,INS0019,2026-04-17,1426,16.5833,23647.79,-625.81,GBP,MOCK_FEED
POS00500720260417,PORT005,INS0020,2026-04-17,4771,11.9826,57168.98,-275.92,GBP,MOCK_FEED
POS00500820260417,PORT005,INS0021,2026-04-17,457,48.3735,22106.69,-523.91,GBP,MOCK_FEED
POS00500920260417,PORT005,INS0022,2026-04-17,2650,48.4327,128346.65,-3804.12,GBP,MOCK_FEED
POS00501020260417,PORT005,INS0023,2026-04-17,732,49.9914,36593.7,360.48,EUR,MOCK_FEED
POS00500120260418,PORT005,INS0014,2026-04-18,4856,11.4307,55507.48,748.47,USD,MOCK_FEED
POS00500220260418,PORT005,INS0015,2026-04-18,4029,27.9233,112502.98,2471.5,INR,MOCK_FEED
POS00500320260418,PORT005,INS0016,2026-04-18,2416,45.4144,109721.19,-2989.58,EUR,MOCK_FEED
POS00500420260418,PORT005,INS0017,2026-04-18,190,137.3232,26091.41,546.73,INR,MOCK_FEED
POS00500520260418,PORT005,INS0018,2026-04-18,2126,52.2724,111131.12,-1865.37,EUR,MOCK_FEED
POS00500620260418,PORT005,INS0019,2026-04-18,1858,16.1633,30031.41,480.42,USD,MOCK_FEED
POS00500720260418,PORT005,INS0020,2026-04-18,839,11.9994,10067.5,302.54,EUR,MOCK_FEED
POS00500820260418,PORT005,INS0021,2026-04-18,301,47.9862,14443.85,-392.89,USD,MOCK_FEED
POS00500920260418,PORT005,INS0022,2026-04-18,4564,48.7649,222563.0,7826.36,EUR,MOCK_FEED
POS00501020260418,PORT005,INS0023,2026-04-18,2740,49.8218,136511.73,-3267.51,USD,MOCK_FEED
POS00500120260419,PORT005,INS0014,2026-04-19,3373,11.5215,38862.02,-576.92,USD,MOCK_FEED
POS00500220260419,PORT005,INS0015,2026-04-19,3117,27.7026,86349.0,-1171.91,GBP,MOCK_FEED
POS00500320260419,PORT005,INS0016,2026-04-19,2149,44.8447,96371.26,-1205.82,INR,MOCK_FEED
POS00500420260419,PORT005,INS0017,2026-04-19,3101,136.3893,422943.22,-3841.21,EUR,MOCK_FEED
POS00500520260419,PORT005,INS0018,2026-04-19,4167,52.7197,219682.99,6384.25,EUR,MOCK_FEED
POS00500620260419,PORT005,INS0019,2026-04-19,2862,16.0182,45844.09,15.9,EUR,MOCK_FEED
POS00500720260419,PORT005,INS0020,2026-04-19,1654,11.8529,19604.7,750.32,GBP,MOCK_FEED
POS00500820260419,PORT005,INS0021,2026-04-19,4713,48.4271,228236.92,-3513.06,USD,MOCK_FEED
POS00500920260419,PORT005,INS0022,2026-04-19,2172,48.5691,105492.09,2758.54,EUR,MOCK_FEED
POS00501020260419,PORT005,INS0023,2026-04-19,2401,50.0505,120171.25,-1583.4,USD,MOCK_FEED
POS00600120250419,PORT006,INS0017,2025-04-19,1053,120.2201,126591.77,1452.91,EUR,MOCK_FEED
POS00600220250419,PORT006,INS0018,2025-04-19,4417,49.7618,219797.87,6594.48,USD,MOCK_FEED
POS00600320250419,PORT006,INS0019,2025-04-19,383,17.676,6769.91,191.23,GBP,MOCK_FEED
POS00600420250419,PORT006,INS0020,2025-04-19,3768,11.6457,43881.0,843.29,GBP,MOCK_FEED
POS00600520250419,PORT006,INS0021,2025-04-19,2966,54.1215,160524.37,-3757.29,INR,MOCK_FEED
POS00600620250419,PORT006,INS0022,2025-04-19,4953,48.2822,239141.74,-2246.41,GBP,MOCK_FEED
POS00600720250419,PORT006,INS0023,2025-04-19,543,49.3424,26792.92,753.01,USD,MOCK_FEED
POS00600820250419,PORT006,INS0024,2025-04-19,2831,58.5339,165709.47,-3581.65,USD,MOCK_FEED
POS00600920250419,PORT006,INS0025,2025-04-19,559,23.2541,12999.04,127.21,USD,MOCK_FEED
POS00601020250419,PORT006,INS0026,2025-04-19,4311,44.4798,191752.42,6507.44,USD,MOCK_FEED
POS00600120250420,PORT006,INS0017,2025-04-20,752,121.4218,91309.19,-1831.71,USD,MOCK_FEED
POS00600220250420,PORT006,INS0018,2025-04-20,4058,48.5161,196878.33,1057.15,GBP,MOCK_FEED
POS00600320250420,PORT006,INS0019,2025-04-20,2494,17.6048,43906.37,-171.97,GBP,MOCK_FEED
POS00600420250420,PORT006,INS0020,2025-04-20,3040,11.6678,35470.11,-39.19,USD,MOCK_FEED
POS00600520250420,PORT006,INS0021,2025-04-20,1447,53.1751,76944.37,2281.14,EUR,MOCK_FEED
POS00600620250420,PORT006,INS0022,2025-04-20,4254,47.5968,202476.79,5658.3,EUR,MOCK_FEED
POS00600720250420,PORT006,INS0023,2025-04-20,1132,49.1975,55691.57,-967.98,INR,MOCK_FEED
POS00600820250420,PORT006,INS0024,2025-04-20,1591,59.1878,94167.79,2981.07,GBP,MOCK_FEED
POS00600920250420,PORT006,INS0025,2025-04-20,4974,22.9368,114087.64,3337.62,INR,MOCK_FEED
POS00601020250420,PORT006,INS0026,2025-04-20,3408,44.2854,150924.64,2823.02,EUR,MOCK_FEED
POS00600120250421,PORT006,INS0017,2025-04-21,1986,122.5873,243458.38,-7022.31,EUR,MOCK_FEED
POS00600220250421,PORT006,INS0018,2025-04-21,4956,48.558,240653.45,-5214.23,GBP,MOCK_FEED
POS00600320250421,PORT006,INS0019,2025-04-21,1320,17.1874,22687.37,597.17,EUR,MOCK_FEED
POS00600420250421,PORT006,INS0020,2025-04-21,3821,11.7061,44729.01,-95.43,USD,MOCK_FEED
POS00600520250421,PORT006,INS0021,2025-04-21,2088,52.6494,109931.95,-1957.71,GBP,MOCK_FEED
POS00600620250421,PORT006,INS0022,2025-04-21,969,47.0151,45557.63,107.88,USD,MOCK_FEED
POS00600720250421,PORT006,INS0023,2025-04-21,558,48.2057,26898.78,-652.36,INR,MOCK_FEED
POS00600820250421,PORT006,INS0024,2025-04-21,3583,59.1496,211933.02,-756.78,EUR,MOCK_FEED
POS00600920250421,PORT006,INS0025,2025-04-21,575,22.9472,13194.64,232.93,USD,MOCK_FEED
POS00601020250421,PORT006,INS0026,2025-04-21,849,44.3815,37679.89,-163.85,EUR,MOCK_FEED
POS00600120250422,PORT006,INS0017,2025-04-22,2415,123.2973,297762.98,-1503.07,GBP,MOCK_FEED
POS00600220250422,PORT006,INS0018,2025-04-22,1934,48.9734,94714.56,-1553.21,GBP,MOCK_FEED
POS00600320250422,PORT006,INS0019,2025-04-22,1139,17.5771,20020.32,255.67,INR,MOCK_FEED
POS00600420250422,PORT006,INS0020,2025-04-22,3189,11.866,37840.67,-459.26,EUR,MOCK_FEED
POS00600520250422,PORT006,INS0021,2025-04-22,3454,52.906,182737.32,5734.83,EUR,MOCK_FEED
POS00600620250422,PORT006,INS0022,2025-04-22,4746,46.7561,221904.45,5398.72,EUR,MOCK_FEED
POS00600720250422,PORT006,INS0023,2025-04-22,2184,48.9201,106841.5,4021.81,USD,MOCK_FEED
POS00600820250422,PORT006,INS0024,2025-04-22,3930,58.1745,228625.79,79.75,GBP,MOCK_FEED
POS00600920250422,PORT006,INS0025,2025-04-22,288,22.9849,6619.65,-137.23,INR,MOCK_FEED
POS00601020250422,PORT006,INS0026,2025-04-22,3089,44.1457,136366.07,3542.31,GBP,MOCK_FEED
POS00600120250423,PORT006,INS0017,2025-04-23,2293,124.4262,285309.28,-1366.15,USD,MOCK_FEED
POS00600220250423,PORT006,INS0018,2025-04-23,794,49.8808,39605.36,-67.88,GBP,MOCK_FEED
POS00600320250423,PORT006,INS0019,2025-04-23,3880,17.449,67702.12,2687.33,EUR,MOCK_FEED
POS00600420250423,PORT006,INS0020,2025-04-23,2515,11.6861,29390.54,-549.53,EUR,MOCK_FEED
POS00600520250423,PORT006,INS0021,2025-04-23,1394,52.9352,73791.67,1413.71,USD,MOCK_FEED
POS00600620250423,PORT006,INS0022,2025-04-23,2925,47.1443,137897.08,2240.21,INR,MOCK_FEED
POS00600720250423,PORT006,INS0023,2025-04-23,247,50.2777,12418.59,428.66,EUR,MOCK_FEED
POS00600820250423,PORT006,INS0024,2025-04-23,4804,59.024,283551.3,-4982.35,INR,MOCK_FEED
POS00600920250423,PORT006,INS0025,2025-04-23,968,23.323,22576.66,-552.56,EUR,MOCK_FEED
POS00601020250423,PORT006,INS0026,2025-04-23,4668,44.425,207375.9,229.96,USD,MOCK_FEED
POS00600120250424,PORT006,INS0017,2025-04-24,1326,123.4984,163758.88,-142.48,EUR,MOCK_FEED
POS00600220250424,PORT006,INS0018,2025-04-24,176,49.6363,8735.99,-32.58,GBP,MOCK_FEED
POS00600320250424,PORT006,INS0019,2025-04-24,3127,17.5507,54881.04,-344.48,USD,MOCK_FEED
POS00600420250424,PORT006,INS0020,2025-04-24,1134,11.6921,13258.84,-353.75,INR,MOCK_FEED
POS00600520250424,PORT006,INS0021,2025-04-24,2556,53.5557,136888.37,3006.36,USD,MOCK_FEED
POS00600620250424,PORT006,INS0022,2025-04-24,1521,47.9874,72988.84,-1792.55,INR,MOCK_FEED
POS00600720250424,PORT006,INS0023,2025-04-24,4698,49.1802,231048.58,7077.72,INR,MOCK_FEED
POS00600820250424,PORT006,INS0024,2025-04-24,216,59.514,12855.02,-233.04,EUR,MOCK_FEED
POS00600920250424,PORT006,INS0025,2025-04-24,4996,23.4269,117040.79,-1561.83,INR,MOCK_FEED
POS00601020250424,PORT006,INS0026,2025-04-24,4815,43.6904,210369.28,5352.91,INR,MOCK_FEED
POS00600120250425,PORT006,INS0017,2025-04-25,1219,124.1357,151321.42,4443.72,USD,MOCK_FEED
POS00600220250425,PORT006,INS0018,2025-04-25,3152,49.5539,156193.89,-3147.61,USD,MOCK_FEED
POS00600320250425,PORT006,INS0019,2025-04-25,1697,17.6602,29969.36,62.66,USD,MOCK_FEED
POS00600420250425,PORT006,INS0020,2025-04-25,1807,11.5294,20833.63,826.92,USD,MOCK_FEED
POS00600520250425,PORT006,INS0021,2025-04-25,794,53.1462,42198.08,973.0,USD,MOCK_FEED
POS00600620250425,PORT006,INS0022,2025-04-25,1784,47.6676,85039.0,-1373.34,GBP,MOCK_FEED
POS00600720250425,PORT006,INS0023,2025-04-25,2349,49.6216,116561.14,-1103.89,INR,MOCK_FEED
POS00600820250425,PORT006,INS0024,2025-04-25,1211,59.742,72347.56,-33.19,INR,MOCK_FEED
POS00600920250425,PORT006,INS0025,2025-04-25,568,23.1006,13121.14,148.8,INR,MOCK_FEED
POS00601020250425,PORT006,INS0026,2025-04-25,369,44.3202,16354.15,30.09,INR,MOCK_FEED
POS00600120250426,PORT006,INS0017,2025-04-26,838,123.0549,103120.01,-272.81,EUR,MOCK_FEED
POS00600220250426,PORT006,INS0018,2025-04-26,3901,49.7727,194163.3,2354.75,USD,MOCK_FEED
POS00600320250426,PORT006,INS0019,2025-04-26,4764,17.9975,85740.09,-2183.01,USD,MOCK_FEED
POS00600420250426,PORT006,INS0020,2025-04-26,355,11.151,3958.61,111.59,EUR,MOCK_FEED
POS00600520250426,PORT006,INS0021,2025-04-26,814,52.3754,42633.58,1225.83,EUR,MOCK_FEED
POS00600620250426,PORT006,INS0022,2025-04-26,431,48.1808,20765.92,101.94,USD,MOCK_FEED
POS00600720250426,PORT006,INS0023,2025-04-26,2134,51.0735,108990.85,3534.6,INR,MOCK_FEED
POS00600820250426,PORT006,INS0024,2025-04-26,2058,59.5919,122640.13,4443.86,INR,MOCK_FEED
POS00600920250426,PORT006,INS0025,2025-04-26,1975,23.3251,46067.07,701.05,GBP,MOCK_FEED
POS00601020250426,PORT006,INS0026,2025-04-26,4821,43.694,210648.77,-6303.64,USD,MOCK_FEED
POS00600120250427,PORT006,INS0017,2025-04-27,1439,124.1601,178666.38,4697.99,GBP,MOCK_FEED
POS00600220250427,PORT006,INS0018,2025-04-27,4718,49.5757,233898.15,4285.34,USD,MOCK_FEED
POS00600320250427,PORT006,INS0019,2025-04-27,1079,18.0992,19529.04,364.61,INR,MOCK_FEED
POS00600420250427,PORT006,INS0020,2025-04-27,1757,11.1456,19582.82,-550.77,GBP,MOCK_FEED
POS00600520250427,PORT006,INS0021,2025-04-27,3593,52.2415,187703.71,-3869.96,EUR,MOCK_FEED
POS00600620250427,PORT006,INS0022,2025-04-27,3281,47.8915,157132.01,1472.1,INR,MOCK_FEED
POS00600720250427,PORT006,INS0023,2025-04-27,355,50.5508,17945.53,-474.43,INR,MOCK_FEED
POS00600820250427,PORT006,INS0024,2025-04-27,1690,60.2001,101738.17,-1237.45,GBP,MOCK_FEED
POS00600920250427,PORT006,INS0025,2025-04-27,4267,23.564,100547.59,1401.12,USD,MOCK_FEED
POS00601020250427,PORT006,INS0026,2025-04-27,938,42.6704,40024.84,-663.33,GBP,MOCK_FEED
POS00600120250428,PORT006,INS0017,2025-04-28,3384,124.1994,420290.77,-11105.93,USD,MOCK_FEED
POS00600220250428,PORT006,INS0018,2025-04-28,1240,49.8039,61756.84,1567.38,INR,MOCK_FEED
POS00600320250428,PORT006,INS0019,2025-04-28,1939,18.1406,35174.62,-117.4,INR,MOCK_FEED
POS00600420250428,PORT006,INS0020,2025-04-28,4057,11.3069,45872.09,-460.96,INR,MOCK_FEED
POS00600520250428,PORT006,INS0021,2025-04-28,4606,51.4606,237027.52,-3129.25,GBP,MOCK_FEED
POS00600620250428,PORT006,INS0022,2025-04-28,1498,46.6699,69911.51,-253.99,EUR,MOCK_FEED
POS00600720250428,PORT006,INS0023,2025-04-28,3931,50.6172,198976.21,-1214.57,USD,MOCK_FEED
POS00600820250428,PORT006,INS0024,2025-04-28,755,60.278,45509.89,1386.44,USD,MOCK_FEED
POS00600920250428,PORT006,INS0025,2025-04-28,4864,24.2082,117748.68,-1580.15,EUR,MOCK_FEED
POS00601020250428,PORT006,INS0026,2025-04-28,1712,43.2565,74055.13,-1961.91,GBP,MOCK_FEED
POS00600120250429,PORT006,INS0017,2025-04-29,4800,125.5287,602537.76,197.4,GBP,MOCK_FEED
POS00600220250429,PORT006,INS0018,2025-04-29,4300,50.234,216006.2,-2116.4,GBP,MOCK_FEED
POS00600320250429,PORT006,INS0019,2025-04-29,2208,18.2096,40206.8,-701.21,EUR,MOCK_FEED
POS00600420250429,PORT006,INS0020,2025-04-29,4153,11.1432,46277.71,-529.15,INR,MOCK_FEED
POS00600520250429,PORT006,INS0021,2025-04-29,319,51.5974,16459.57,564.48,EUR,MOCK_FEED
POS00600620250429,PORT006,INS0022,2025-04-29,2732,46.089,125915.15,-1528.78,USD,MOCK_FEED
POS00600720250429,PORT006,INS0023,2025-04-29,2003,51.4714,103097.21,3610.77,EUR,MOCK_FEED
POS00600820250429,PORT006,INS0024,2025-04-29,3446,60.0597,206965.73,7524.26,USD,MOCK_FEED
POS00600920250429,PORT006,INS0025,2025-04-29,481,24.2653,11671.61,83.47,INR,MOCK_FEED
POS00601020250429,PORT006,INS0026,2025-04-29,3782,43.1555,163214.1,4581.72,USD,MOCK_FEED
POS00600120250430,PORT006,INS0017,2025-04-30,2623,122.9899,322602.51,5358.44,GBP,MOCK_FEED
POS00600220250430,PORT006,INS0018,2025-04-30,136,49.8581,6780.7,-47.07,INR,MOCK_FEED
POS00600320250430,PORT006,INS0019,2025-04-30,3542,18.0567,63956.83,-910.76,USD,MOCK_FEED
POS00600420250430,PORT006,INS0020,2025-04-30,2495,11.0091,27467.7,54.46,GBP,MOCK_FEED
POS00600520250430,PORT006,INS0021,2025-04-30,195,52.3512,10208.48,396.91,GBP,MOCK_FEED
POS00600620250430,PORT006,INS0022,2025-04-30,3557,46.9531,167012.18,-683.56,INR,MOCK_FEED
POS00600720250430,PORT006,INS0023,2025-04-30,4004,50.9902,204164.76,4491.07,GBP,MOCK_FEED
POS00600820250430,PORT006,INS0024,2025-04-30,414,59.05,24446.7,-99.19,EUR,MOCK_FEED
POS00600920250430,PORT006,INS0025,2025-04-30,1710,24.734,42295.14,-99.49,GBP,MOCK_FEED
POS00601020250430,PORT006,INS0026,2025-04-30,1741,43.0512,74952.14,-1925.9,INR,MOCK_FEED
POS00600120250501,PORT006,INS0017,2025-05-01,2175,122.9037,267315.55,-307.54,USD,MOCK_FEED
POS00600220250501,PORT006,INS0018,2025-05-01,1709,50.2197,85825.47,-305.25,GBP,MOCK_FEED
POS00600320250501,PORT006,INS0019,2025-05-01,1491,18.3373,27340.91,-85.61,USD,MOCK_FEED
POS00600420250501,PORT006,INS0020,2025-05-01,3004,10.9816,32988.73,619.39,INR,MOCK_FEED
POS00600520250501,PORT006,INS0021,2025-05-01,3552,52.1488,185232.54,-4917.58,INR,MOCK_FEED
POS00600620250501,PORT006,INS0022,2025-05-01,2436,47.2874,115192.11,-2739.65,GBP,MOCK_FEED
POS00600720250501,PORT006,INS0023,2025-05-01,1157,51.3702,59435.32,-1651.42,USD,MOCK_FEED
POS00600820250501,PORT006,INS0024,2025-05-01,1252,60.553,75812.36,-1500.96,USD,MOCK_FEED
POS00600920250501,PORT006,INS0025,2025-05-01,2739,25.3978,69564.57,1139.79,INR,MOCK_FEED
POS00601020250501,PORT006,INS0026,2025-05-01,3172,43.2215,137098.6,3798.36,INR,MOCK_FEED
POS00600120250502,PORT006,INS0017,2025-05-02,4549,124.3229,565544.87,19383.33,USD,MOCK_FEED
POS00600220250502,PORT006,INS0018,2025-05-02,4995,50.4914,252204.54,10075.43,USD,MOCK_FEED
POS00600320250502,PORT006,INS0019,2025-05-02,146,18.3257,2675.55,27.71,USD,MOCK_FEED
POS00600420250502,PORT006,INS0020,2025-05-02,354,10.7206,3795.09,95.51,EUR,MOCK_FEED
POS00600520250502,PORT006,INS0021,2025-05-02,3339,52.1301,174062.4,-4935.39,GBP,MOCK_FEED
POS00600620250502,PORT006,INS0022,2025-05-02,4981,46.8089,233155.13,4760.11,USD,MOCK_FEED
POS00600720250502,PORT006,INS0023,2025-05-02,1934,50.5607,97784.39,2053.89,INR,MOCK_FEED
POS00600820250502,PORT006,INS0024,2025-05-02,2742,59.7922,163950.21,-571.08,GBP,MOCK_FEED
POS00600920250502,PORT006,INS0025,2025-05-02,4589,25.4561,116818.04,4662.05,GBP,MOCK_FEED
POS00601020250502,PORT006,INS0026,2025-05-02,866,42.8517,37109.57,-1092.87,EUR,MOCK_FEED
POS00600120250503,PORT006,INS0017,2025-05-03,4742,122.7795,582220.39,20516.06,INR,MOCK_FEED
POS00600220250503,PORT006,INS0018,2025-05-03,4112,49.9618,205442.92,6252.84,GBP,MOCK_FEED
POS00600320250503,PORT006,INS0019,2025-05-03,4046,18.7962,76049.43,-739.65,GBP,MOCK_FEED
POS00600420250503,PORT006,INS0020,2025-05-03,3205,10.7253,34374.59,709.63,INR,MOCK_FEED
POS00600520250503,PORT006,INS0021,2025-05-03,1559,52.175,81340.82,-1060.37,GBP,MOCK_FEED
POS00600620250503,PORT006,INS0022,2025-05-03,765,46.8397,35832.37,597.13,GBP,MOCK_FEED
POS00600720250503,PORT006,INS0023,2025-05-03,639,51.805,33103.39,-797.64,GBP,MOCK_FEED
POS00600820250503,PORT006,INS0024,2025-05-03,649,60.0787,38991.08,1525.99,EUR,MOCK_FEED
POS00600920250503,PORT006,INS0025,2025-05-03,4516,25.2208,113897.13,203.35,EUR,MOCK_FEED
POS00601020250503,PORT006,INS0026,2025-05-03,1154,42.8221,49416.7,-631.32,EUR,MOCK_FEED
POS00600120250504,PORT006,INS0017,2025-05-04,1852,123.2035,228172.88,-3709.51,USD,MOCK_FEED
POS00600220250504,PORT006,INS0018,2025-05-04,2763,49.6284,137123.27,-3851.32,EUR,MOCK_FEED
POS00600320250504,PORT006,INS0019,2025-05-04,4951,19.0245,94190.3,-1003.04,USD,MOCK_FEED
POS00600420250504,PORT006,INS0020,2025-05-04,2407,10.6979,25749.85,377.62,EUR,MOCK_FEED
POS00600520250504,PORT006,INS0021,2025-05-04,4810,52.1395,250790.99,6746.37,USD,MOCK_FEED
POS00600620250504,PORT006,INS0022,2025-05-04,2558,45.819,117205.0,2938.84,EUR,MOCK_FEED
POS00600720250504,PORT006,INS0023,2025-05-04,3193,51.9339,165824.94,3738.02,EUR,MOCK_FEED
POS00600820250504,PORT006,INS0024,2025-05-04,4543,59.9687,272437.8,-5083.24,GBP,MOCK_FEED
POS00600920250504,PORT006,INS0025,2025-05-04,4307,24.825,106921.27,-2818.65,USD,MOCK_FEED
POS00601020250504,PORT006,INS0026,2025-05-04,2547,42.9248,109329.47,1835.21,EUR,MOCK_FEED
POS00600120250505,PORT006,INS0017,2025-05-05,4082,119.8307,489148.92,-4040.27,USD,MOCK_FEED
POS00600220250505,PORT006,INS0018,2025-05-05,2121,49.6457,105298.53,-2143.44,GBP,MOCK_FEED
POS00600320250505,PORT006,INS0019,2025-05-05,573,19.0977,10942.98,394.66,EUR,MOCK_FEED
POS00600420250505,PORT006,INS0020,2025-05-05,2380,10.7483,25580.95,-588.95,INR,MOCK_FEED
POS00600520250505,PORT006,INS0021,2025-05-05,3877,51.4716,199555.39,1618.62,USD,MOCK_FEED
POS00600620250505,PORT006,INS0022,2025-05-05,2882,46.1495,133002.86,3423.11,USD,MOCK_FEED
POS00600720250505,PORT006,INS0023,2025-05-05,3141,51.7115,162425.82,1939.04,INR,MOCK_FEED
POS00600820250505,PORT006,INS0024,2025-05-05,3581,59.5308,213179.79,-3528.49,INR,MOCK_FEED
POS00600920250505,PORT006,INS0025,2025-05-05,2613,25.0578,65476.03,229.5,INR,MOCK_FEED
POS00601020250505,PORT006,INS0026,2025-05-05,2573,43.2481,111277.36,3335.11,USD,MOCK_FEED
POS00600120250506,PORT006,INS0017,2025-05-06,3395,119.864,406938.28,-9501.84,GBP,MOCK_FEED
POS00600220250506,PORT006,INS0018,2025-05-06,3688,49.6745,183199.56,-502.37,EUR,MOCK_FEED
POS00600320250506,PORT006,INS0019,2025-05-06,858,19.4208,16663.05,67.11,EUR,MOCK_FEED
POS00600420250506,PORT006,INS0020,2025-05-06,3807,10.6045,40371.33,-197.43,GBP,MOCK_FEED
POS00600520250506,PORT006,INS0021,2025-05-06,942,49.8955,47001.56,207.86,USD,MOCK_FEED
POS00600620250506,PORT006,INS0022,2025-05-06,4345,46.0739,200191.1,-116.14,USD,MOCK_FEED
POS00600720250506,PORT006,INS0023,2025-05-06,4062,50.7955,206331.32,-2119.91,EUR,MOCK_FEED
POS00600820250506,PORT006,INS0024,2025-05-06,3064,59.4414,182128.45,4911.48,USD,MOCK_FEED
POS00600920250506,PORT006,INS0025,2025-05-06,2542,24.7501,62914.75,452.28,EUR,MOCK_FEED
POS00601020250506,PORT006,INS0026,2025-05-06,4888,43.6675,213446.74,-6244.07,EUR,MOCK_FEED
POS00600120250507,PORT006,INS0017,2025-05-07,4815,118.6377,571240.53,-12169.47,INR,MOCK_FEED
POS00600220250507,PORT006,INS0018,2025-05-07,2024,49.4351,100056.64,-33.17,GBP,MOCK_FEED
POS00600320250507,PORT006,INS0019,2025-05-07,1724,19.4153,33471.98,817.5,USD,MOCK_FEED
POS00600420250507,PORT006,INS0020,2025-05-07,1753,10.48,18371.44,715.46,EUR,MOCK_FEED
POS00600520250507,PORT006,INS0021,2025-05-07,4934,49.8042,245733.92,-2243.61,EUR,MOCK_FEED
POS00600620250507,PORT006,INS0022,2025-05-07,1867,46.3059,86453.12,575.98,USD,MOCK_FEED
POS00600720250507,PORT006,INS0023,2025-05-07,1293,50.7172,65577.34,-582.52,USD,MOCK_FEED
POS00600820250507,PORT006,INS0024,2025-05-07,1439,59.4567,85558.19,1050.98,USD,MOCK_FEED
POS00600920250507,PORT006,INS0025,2025-05-07,3309,25.0252,82808.39,1909.85,GBP,MOCK_FEED
POS00601020250507,PORT006,INS0026,2025-05-07,3239,44.0248,142596.33,-1610.69,GBP,MOCK_FEED
POS00600120250508,PORT006,INS0017,2025-05-08,1603,119.7204,191911.8,4778.05,INR,MOCK_FEED
POS00600220250508,PORT006,INS0018,2025-05-08,1310,49.1518,64388.86,726.01,GBP,MOCK_FEED
POS00600320250508,PORT006,INS0019,2025-05-08,4334,19.2327,83354.52,2686.65,GBP,MOCK_FEED
POS00600420250508,PORT006,INS0020,2025-05-08,1856,10.3478,19205.52,670.43,INR,MOCK_FEED
POS00600520250508,PORT006,INS0021,2025-05-08,2569,49.6119,127452.97,3069.81,GBP,MOCK_FEED
POS00600620250508,PORT006,INS0022,2025-05-08,2851,47.3415,134970.62,605.77,GBP,MOCK_FEED
POS00600720250508,PORT006,INS0023,2025-05-08,1952,51.4626,100455.0,3312.24,INR,MOCK_FEED
POS00600820250508,PORT006,INS0024,2025-05-08,2346,58.4836,137202.53,-3919.7,EUR,MOCK_FEED
POS00600920250508,PORT006,INS0025,2025-05-08,1449,25.2635,36606.81,1083.05,EUR,MOCK_FEED
POS00601020250508,PORT006,INS0026,2025-05-08,743,43.8831,32605.14,-176.18,USD,MOCK_FEED
POS00600120250509,PORT006,INS0017,2025-05-09,2676,119.1544,318857.17,-1620.93,USD,MOCK_FEED
POS00600220250509,PORT006,INS0018,2025-05-09,4561,48.9452,223239.06,1586.02,GBP,MOCK_FEED
POS00600320250509,PORT006,INS0019,2025-05-09,2176,19.4527,42329.08,565.21,USD,MOCK_FEED
POS00600420250509,PORT006,INS0020,2025-05-09,2870,10.2271,29351.78,33.27,EUR,MOCK_FEED
POS00600520250509,PORT006,INS0021,2025-05-09,890,49.1542,43747.24,1228.49,USD,MOCK_FEED
POS00600620250509,PORT006,INS0022,2025-05-09,2445,47.7476,116742.88,3571.09,INR,MOCK_FEED
POS00600720250509,PORT006,INS0023,2025-05-09,4612,50.8209,234385.99,-2184.64,GBP,MOCK_FEED
POS00600820250509,PORT006,INS0024,2025-05-09,4774,58.2284,277982.38,8611.96,INR,MOCK_FEED
POS00600920250509,PORT006,INS0025,2025-05-09,4880,25.344,123678.72,2483.22,GBP,MOCK_FEED
POS00601020250509,PORT006,INS0026,2025-05-09,3252,44.1254,143495.8,5670.28,EUR,MOCK_FEED
POS00600120250510,PORT006,INS0017,2025-05-10,2974,120.6352,358769.08,3530.89,INR,MOCK_FEED
POS00600220250510,PORT006,INS0018,2025-05-10,2816,49.3328,138921.16,2769.9,GBP,MOCK_FEED
POS00600320250510,PORT006,INS0019,2025-05-10,1120,19.2434,21552.61,113.19,EUR,MOCK_FEED
POS00600420250510,PORT006,INS0020,2025-05-10,918,10.1535,9320.91,190.02,EUR,MOCK_FEED
POS00600520250510,PORT006,INS0021,2025-05-10,3576,48.7455,174313.91,5500.88,INR,MOCK_FEED
POS00600620250510,PORT006,INS0022,2025-05-10,169,47.9344,8100.91,221.13,USD,MOCK_FEED
POS00600720250510,PORT006,INS0023,2025-05-10,856,50.9033,43573.22,-1090.89,USD,MOCK_FEED
POS00600820250510,PORT006,INS0024,2025-05-10,848,58.1398,49302.55,1700.77,EUR,MOCK_FEED
POS00600920250510,PORT006,INS0025,2025-05-10,4075,25.7018,104734.83,3579.03,EUR,MOCK_FEED
POS00601020250510,PORT006,INS0026,2025-05-10,1291,44.1055,56940.2,976.18,GBP,MOCK_FEED
POS00600120250511,PORT006,INS0017,2025-05-11,2959,119.4688,353508.18,7904.96,USD,MOCK_FEED
POS00600220250511,PORT006,INS0018,2025-05-11,4651,49.4715,230091.95,6906.48,INR,MOCK_FEED
POS00600320250511,PORT006,INS0019,2025-05-11,4699,19.4985,91623.45,256.66,GBP,MOCK_FEED
POS00600420250511,PORT006,INS0020,2025-05-11,1485,10.1438,15063.54,260.48,USD,MOCK_FEED
POS00600520250511,PORT006,INS0021,2025-05-11,3960,49.029,194154.84,-5767.17,INR,MOCK_FEED
POS00600620250511,PORT006,INS0022,2025-05-11,1604,47.5253,76230.58,965.26,USD,MOCK_FEED
POS00600720250511,PORT006,INS0023,2025-05-11,303,51.6405,15647.07,83.49,GBP,MOCK_FEED
POS00600820250511,PORT006,INS0024,2025-05-11,4749,58.0541,275698.92,10126.7,USD,MOCK_FEED
POS00600920250511,PORT006,INS0025,2025-05-11,4998,26.0269,130082.45,1842.78,INR,MOCK_FEED
POS00601020250511,PORT006,INS0026,2025-05-11,2815,44.6132,125586.16,4800.45,USD,MOCK_FEED
POS00600120250512,PORT006,INS0017,2025-05-12,1780,118.2205,210432.49,-5572.02,USD,MOCK_FEED
POS00600220250512,PORT006,INS0018,2025-05-12,124,49.0842,6086.44,141.12,GBP,MOCK_FEED
POS00600320250512,PORT006,INS0019,2025-05-12,2651,19.7644,52395.42,1824.12,INR,MOCK_FEED
POS00600420250512,PORT006,INS0020,2025-05-12,2854,10.3178,29447.0,633.03,INR,MOCK_FEED
POS00600520250512,PORT006,INS0021,2025-05-12,167,49.5397,8273.13,-27.58,INR,MOCK_FEED
POS00600620250512,PORT006,INS0022,2025-05-12,4062,47.3602,192377.13,-4884.2,GBP,MOCK_FEED
POS00600720250512,PORT006,INS0023,2025-05-12,1410,51.8305,73081.01,-339.52,INR,MOCK_FEED
POS00600820250512,PORT006,INS0024,2025-05-12,804,57.6009,46311.12,1398.69,GBP,MOCK_FEED
POS00600920250512,PORT006,INS0025,2025-05-12,3892,26.0423,101356.63,1028.35,EUR,MOCK_FEED
POS00601020250512,PORT006,INS0026,2025-05-12,453,44.7744,20282.8,58.34,USD,MOCK_FEED
POS00600120250513,PORT006,INS0017,2025-05-13,2713,120.2956,326361.96,-8070.32,USD,MOCK_FEED
POS00600220250513,PORT006,INS0018,2025-05-13,2238,49.031,109731.38,-649.92,EUR,MOCK_FEED
POS00600320250513,PORT006,INS0019,2025-05-13,992,19.8601,19701.22,-355.31,GBP,MOCK_FEED
POS00600420250513,PORT006,INS0020,2025-05-13,4362,10.2997,44927.29,-304.6,INR,MOCK_FEED
POS00600520250513,PORT006,INS0021,2025-05-13,517,50.0793,25891.0,-573.19,EUR,MOCK_FEED
POS00600620250513,PORT006,INS0022,2025-05-13,829,46.3401,38415.94,-648.21,INR,MOCK_FEED
POS00600720250513,PORT006,INS0023,2025-05-13,3355,51.8629,174000.03,6124.15,INR,MOCK_FEED
POS00600820250513,PORT006,INS0024,2025-05-13,202,58.3735,11791.45,299.41,INR,MOCK_FEED
POS00600920250513,PORT006,INS0025,2025-05-13,4115,26.1228,107495.32,1508.55,USD,MOCK_FEED
POS00601020250513,PORT006,INS0026,2025-05-13,1411,44.0378,62137.34,445.0,GBP,MOCK_FEED
POS00600120250514,PORT006,INS0017,2025-05-14,2932,120.7132,353931.1,8577.8,GBP,MOCK_FEED
POS00600220250514,PORT006,INS0018,2025-05-14,4744,49.4604,234640.14,6453.84,USD,MOCK_FEED
POS00600320250514,PORT006,INS0019,2025-05-14,1043,19.3927,20226.59,-242.25,INR,MOCK_FEED
POS00600420250514,PORT006,INS0020,2025-05-14,1771,10.1731,18016.56,659.92,USD,MOCK_FEED
POS00600520250514,PORT006,INS0021,2025-05-14,2912,48.7923,142083.18,-2267.62,USD,MOCK_FEED
POS00600620250514,PORT006,INS0022,2025-05-14,4789,46.4227,222318.31,-2223.73,INR,MOCK_FEED
POS00600720250514,PORT006,INS0023,2025-05-14,4346,52.1038,226443.11,327.22,EUR,MOCK_FEED
POS00600820250514,PORT006,INS0024,2025-05-14,1295,57.0274,73850.48,1208.27,EUR,MOCK_FEED
POS00600920250514,PORT006,INS0025,2025-05-14,1525,26.5771,40530.08,-19.77,INR,MOCK_FEED
POS00601020250514,PORT006,INS0026,2025-05-14,158,43.6755,6900.73,247.33,INR,MOCK_FEED
POS00600120250515,PORT006,INS0017,2025-05-15,2928,124.5886,364795.42,-3452.78,EUR,MOCK_FEED
POS00600220250515,PORT006,INS0018,2025-05-15,1366,49.5626,67702.51,394.5,EUR,MOCK_FEED
POS00600320250515,PORT006,INS0019,2025-05-15,2714,19.2086,52132.14,1266.0,EUR,MOCK_FEED
POS00600420250515,PORT006,INS0020,2025-05-15,2231,10.1467,22637.29,-479.27,INR,MOCK_FEED
POS00600520250515,PORT006,INS0021,2025-05-15,1135,48.7288,55307.19,-617.19,INR,MOCK_FEED
POS00600620250515,PORT006,INS0022,2025-05-15,1681,45.4465,76395.57,1811.25,EUR,MOCK_FEED
POS00600720250515,PORT006,INS0023,2025-05-15,2626,52.2728,137268.37,-431.46,INR,MOCK_FEED
POS00600820250515,PORT006,INS0024,2025-05-15,1314,57.7048,75824.11,2348.4,USD,MOCK_FEED
POS00600920250515,PORT006,INS0025,2025-05-15,1012,25.9674,26279.01,742.73,EUR,MOCK_FEED
POS00601020250515,PORT006,INS0026,2025-05-15,3167,44.7103,141597.52,-2690.03,INR,MOCK_FEED
POS00600120250516,PORT006,INS0017,2025-05-16,1777,121.9658,216733.23,6963.34,USD,MOCK_FEED
POS00600220250516,PORT006,INS0018,2025-05-16,3780,49.4983,187103.57,-4025.3,EUR,MOCK_FEED
POS00600320250516,PORT006,INS0019,2025-05-16,2605,18.9306,49314.21,1512.7,INR,MOCK_FEED
POS00600420250516,PORT006,INS0020,2025-05-16,219,10.2065,2235.22,-21.34,INR,MOCK_FEED
POS00600520250516,PORT006,INS0021,2025-05-16,697,48.2426,33625.09,-547.72,EUR,MOCK_FEED
POS00600620250516,PORT006,INS0022,2025-05-16,325,45.12,14664.0,126.71,EUR,MOCK_FEED
POS00600720250516,PORT006,INS0023,2025-05-16,682,51.5753,35174.35,-908.43,EUR,MOCK_FEED
POS00600820250516,PORT006,INS0024,2025-05-16,3014,57.4861,173263.11,-1280.71,INR,MOCK_FEED
POS00600920250516,PORT006,INS0025,2025-05-16,4289,25.7319,110364.12,-2072.98,GBP,MOCK_FEED
POS00601020250516,PORT006,INS0026,2025-05-16,1166,45.1986,52701.57,505.22,GBP,MOCK_FEED
POS00600120250517,PORT006,INS0017,2025-05-17,3138,120.9721,379610.45,8731.59,GBP,MOCK_FEED
POS00600220250517,PORT006,INS0018,2025-05-17,144,49.6589,7150.88,-173.76,GBP,MOCK_FEED
POS00600320250517,PORT006,INS0019,2025-05-17,4065,19.4178,78933.36,2098.45,USD,MOCK_FEED
POS00600420250517,PORT006,INS0020,2025-05-17,1711,10.1576,17379.65,63.54,GBP,MOCK_FEED
POS00600520250517,PORT006,INS0021,2025-05-17,413,49.0847,20271.98,-253.0,GBP,MOCK_FEED
POS00600620250517,PORT006,INS0022,2025-05-17,596,45.2619,26976.09,397.94,USD,MOCK_FEED
POS00600720250517,PORT006,INS0023,2025-05-17,3344,51.775,173135.6,-787.85,INR,MOCK_FEED
POS00600820250517,PORT006,INS0024,2025-05-17,2404,57.2913,137728.29,2206.46,INR,MOCK_FEED
POS00600920250517,PORT006,INS0025,2025-05-17,2081,25.7749,53637.57,324.05,EUR,MOCK_FEED
POS00601020250517,PORT006,INS0026,2025-05-17,2526,45.3407,114530.61,-2732.32,INR,MOCK_FEED
POS00600120250518,PORT006,INS0017,2025-05-18,980,120.0,117600.0,-1742.94,USD,MOCK_FEED
POS00600220250518,PORT006,INS0018,2025-05-18,3675,49.1973,180800.08,5966.85,INR,MOCK_FEED
POS00600320250518,PORT006,INS0019,2025-05-18,4045,19.1149,77319.77,-1422.05,USD,MOCK_FEED
POS00600420250518,PORT006,INS0020,2025-05-18,2858,10.1221,28928.96,164.5,GBP,MOCK_FEED
POS00600520250518,PORT006,INS0021,2025-05-18,3537,49.2259,174112.01,-4838.09,GBP,MOCK_FEED
POS00600620250518,PORT006,INS0022,2025-05-18,2909,45.1794,131426.87,2102.0,GBP,MOCK_FEED
POS00600720250518,PORT006,INS0023,2025-05-18,893,52.1667,46584.86,-148.28,INR,MOCK_FEED
POS00600820250518,PORT006,INS0024,2025-05-18,4298,58.3193,250656.35,-2122.04,USD,MOCK_FEED
POS00600920250518,PORT006,INS0025,2025-05-18,707,25.9655,18357.61,455.54,INR,MOCK_FEED
POS00601020250518,PORT006,INS0026,2025-05-18,3371,45.5151,153431.4,4355.7,GBP,MOCK_FEED
POS00600120250519,PORT006,INS0017,2025-05-19,1712,118.7595,203316.26,-724.98,INR,MOCK_FEED
POS00600220250519,PORT006,INS0018,2025-05-19,1761,48.9326,86170.31,-1122.97,USD,MOCK_FEED
POS00600320250519,PORT006,INS0019,2025-05-19,1714,19.105,32745.97,-141.41,EUR,MOCK_FEED
POS00600420250519,PORT006,INS0020,2025-05-19,4784,10.1805,48703.51,-1030.63,USD,MOCK_FEED
POS00600520250519,PORT006,INS0021,2025-05-19,4689,49.6281,232706.16,-1999.47,GBP,MOCK_FEED
POS00600620250519,PORT006,INS0022,2025-05-19,1343,45.1899,60690.04,1923.76,EUR,MOCK_FEED
POS00600720250519,PORT006,INS0023,2025-05-19,4374,52.7852,230882.46,6120.76,GBP,MOCK_FEED
POS00600820250519,PORT006,INS0024,2025-05-19,3203,59.4441,190399.45,939.77,GBP,MOCK_FEED
POS00600920250519,PORT006,INS0025,2025-05-19,1395,25.9416,36188.53,-824.77,INR,MOCK_FEED
POS00601020250519,PORT006,INS0026,2025-05-19,2463,45.0126,110866.03,-994.87,INR,MOCK_FEED
POS00600120250520,PORT006,INS0017,2025-05-20,1957,117.1826,229326.35,-3322.92,INR,MOCK_FEED
POS00600220250520,PORT006,INS0018,2025-05-20,2779,48.3342,134320.74,1641.24,GBP,MOCK_FEED
POS00600320250520,PORT006,INS0019,2025-05-20,2292,18.6674,42785.68,-304.12,GBP,MOCK_FEED
POS00600420250520,PORT006,INS0020,2025-05-20,514,10.0059,5143.03,-77.24,GBP,MOCK_FEED
POS00600520250520,PORT006,INS0021,2025-05-20,3548,49.3802,175200.95,690.97,INR,MOCK_FEED
POS00600620250520,PORT006,INS0022,2025-05-20,4292,45.2213,194089.82,-1991.63,USD,MOCK_FEED
POS00600720250520,PORT006,INS0023,2025-05-20,3083,52.2186,160989.94,6219.34,INR,MOCK_FEED
POS00600820250520,PORT006,INS0024,2025-05-20,4592,58.4808,268543.83,1326.79,GBP,MOCK_FEED
POS00600920250520,PORT006,INS0025,2025-05-20,2151,26.1117,56166.27,331.75,GBP,MOCK_FEED
POS00601020250520,PORT006,INS0026,2025-05-20,1878,45.3769,85217.82,-2033.12,INR,MOCK_FEED
POS00600120250521,PORT006,INS0017,2025-05-21,1295,118.4361,153374.75,2523.61,USD,MOCK_FEED
POS00600220250521,PORT006,INS0018,2025-05-21,2740,48.2132,132104.17,1374.05,GBP,MOCK_FEED
POS00600320250521,PORT006,INS0019,2025-05-21,4757,18.5135,88068.72,1254.43,USD,MOCK_FEED
POS00600420250521,PORT006,INS0020,2025-05-21,3700,10.0368,37136.16,-595.02,USD,MOCK_FEED
POS00600520250521,PORT006,INS0021,2025-05-21,3159,49.2759,155662.57,-330.83,GBP,MOCK_FEED
POS00600620250521,PORT006,INS0022,2025-05-21,2728,45.0967,123023.8,-1552.54,EUR,MOCK_FEED
POS00600720250521,PORT006,INS0023,2025-05-21,4575,51.1,233782.5,-4280.11,USD,MOCK_FEED
POS00600820250521,PORT006,INS0024,2025-05-21,632,59.4351,37562.98,1400.35,GBP,MOCK_FEED
POS00600920250521,PORT006,INS0025,2025-05-21,3027,26.272,79525.34,-2272.29,INR,MOCK_FEED
POS00601020250521,PORT006,INS0026,2025-05-21,328,46.0664,15109.78,233.44,EUR,MOCK_FEED
POS00600120250522,PORT006,INS0017,2025-05-22,159,119.3912,18983.2,224.76,USD,MOCK_FEED
POS00600220250522,PORT006,INS0018,2025-05-22,1478,47.6347,70404.09,-1671.1,EUR,MOCK_FEED
POS00600320250522,PORT006,INS0019,2025-05-22,4492,18.304,82221.57,-2277.85,USD,MOCK_FEED
POS00600420250522,PORT006,INS0020,2025-05-22,2540,10.1033,25662.38,171.66,USD,MOCK_FEED
POS00600520250522,PORT006,INS0021,2025-05-22,4642,49.055,227713.31,8336.41,EUR,MOCK_FEED
POS00600620250522,PORT006,INS0022,2025-05-22,2146,45.0701,96720.43,-1973.67,EUR,MOCK_FEED
POS00600720250522,PORT006,INS0023,2025-05-22,3577,51.2114,183183.18,3430.53,GBP,MOCK_FEED
POS00600820250522,PORT006,INS0024,2025-05-22,2483,58.8263,146065.7,5258.23,USD,MOCK_FEED
POS00600920250522,PORT006,INS0025,2025-05-22,3941,26.448,104231.57,3409.49,GBP,MOCK_FEED
POS00601020250522,PORT006,INS0026,2025-05-22,4382,46.3552,203128.49,1716.5,GBP,MOCK_FEED
POS00600120250523,PORT006,INS0017,2025-05-23,255,116.7831,29779.69,828.54,INR,MOCK_FEED
POS00600220250523,PORT006,INS0018,2025-05-23,3878,47.5925,184563.71,3364.57,INR,MOCK_FEED
POS00600320250523,PORT006,INS0019,2025-05-23,3336,18.2706,60950.72,2154.83,INR,MOCK_FEED
POS00600420250523,PORT006,INS0020,2025-05-23,2645,10.1153,26754.97,500.93,INR,MOCK_FEED
POS00600520250523,PORT006,INS0021,2025-05-23,557,48.0575,26768.03,20.66,GBP,MOCK_FEED
POS00600620250523,PORT006,INS0022,2025-05-23,411,44.8573,18436.35,369.26,USD,MOCK_FEED
POS00600720250523,PORT006,INS0023,2025-05-23,2500,51.9554,129888.5,1960.05,USD,MOCK_FEED
POS00600820250523,PORT006,INS0024,2025-05-23,2590,58.7836,152249.52,-3487.6,USD,MOCK_FEED
POS00600920250523,PORT006,INS0025,2025-05-23,569,26.1316,14868.88,400.94,INR,MOCK_FEED
POS00601020250523,PORT006,INS0026,2025-05-23,3728,46.4567,173190.58,2290.44,USD,MOCK_FEED
POS00600120250524,PORT006,INS0017,2025-05-24,209,116.4218,24332.16,115.78,EUR,MOCK_FEED
POS00600220250524,PORT006,INS0018,2025-05-24,638,48.1503,30719.89,-620.2,USD,MOCK_FEED
POS00600320250524,PORT006,INS0019,2025-05-24,1378,18.5229,25524.56,211.01,EUR,MOCK_FEED
POS00600420250524,PORT006,INS0020,2025-05-24,3568,10.2257,36485.3,359.55,USD,MOCK_FEED
POS00600520250524,PORT006,INS0021,2025-05-24,2922,48.3891,141392.95,989.64,GBP,MOCK_FEED
POS00600620250524,PORT006,INS0022,2025-05-24,3118,44.6838,139324.09,4789.74,INR,MOCK_FEED
POS00600720250524,PORT006,INS0023,2025-05-24,1383,51.9052,71784.89,1350.67,INR,MOCK_FEED
POS00600820250524,PORT006,INS0024,2025-05-24,3508,58.7216,205995.37,-3601.9,EUR,MOCK_FEED
POS00600920250524,PORT006,INS0025,2025-05-24,283,26.1878,7411.15,128.82,INR,MOCK_FEED
POS00601020250524,PORT006,INS0026,2025-05-24,3736,46.5761,174008.31,877.56,GBP,MOCK_FEED
POS00600120250525,PORT006,INS0017,2025-05-25,3856,116.5928,449581.84,-11612.3,INR,MOCK_FEED
POS00600220250525,PORT006,INS0018,2025-05-25,1012,47.2961,47863.65,-162.3,GBP,MOCK_FEED
POS00600320250525,PORT006,INS0019,2025-05-25,1187,18.2796,21697.89,-302.93,INR,MOCK_FEED
POS00600420250525,PORT006,INS0020,2025-05-25,393,10.1112,3973.7,-46.91,INR,MOCK_FEED
POS00600520250525,PORT006,INS0021,2025-05-25,1534,47.4427,72777.1,-2068.74,USD,MOCK_FEED
POS00600620250525,PORT006,INS0022,2025-05-25,2785,44.655,124364.18,-36.82,EUR,MOCK_FEED
POS00600720250525,PORT006,INS0023,2025-05-25,220,52.5129,11552.84,-319.87,EUR,MOCK_FEED
POS00600820250525,PORT006,INS0024,2025-05-25,2964,59.195,175453.98,4181.38,EUR,MOCK_FEED
POS00600920250525,PORT006,INS0025,2025-05-25,3331,25.8422,86080.37,-433.27,EUR,MOCK_FEED
POS00601020250525,PORT006,INS0026,2025-05-25,2925,46.5678,136210.82,-2928.86,INR,MOCK_FEED
POS00600120250526,PORT006,INS0017,2025-05-26,302,117.4457,35468.6,863.67,EUR,MOCK_FEED
POS00600220250526,PORT006,INS0018,2025-05-26,4309,46.8604,201921.46,-3958.49,USD,MOCK_FEED
POS00600320250526,PORT006,INS0019,2025-05-26,3399,18.4793,62811.14,414.44,USD,MOCK_FEED
POS00600420250526,PORT006,INS0020,2025-05-26,4411,10.0071,44141.32,376.59,USD,MOCK_FEED
POS00600520250526,PORT006,INS0021,2025-05-26,1539,46.4185,71438.07,-256.38,INR,MOCK_FEED
POS00600620250526,PORT006,INS0022,2025-05-26,2053,45.0206,92427.29,-611.75,INR,MOCK_FEED
POS00600720250526,PORT006,INS0023,2025-05-26,1117,52.2195,58329.18,-915.73,INR,MOCK_FEED
POS00600820250526,PORT006,INS0024,2025-05-26,244,57.7845,14099.42,-264.82,EUR,MOCK_FEED
POS00600920250526,PORT006,INS0025,2025-05-26,966,25.4617,24596.0,332.4,EUR,MOCK_FEED
POS00601020250526,PORT006,INS0026,2025-05-26,2933,47.3982,139018.92,1598.52,EUR,MOCK_FEED
POS00600120250527,PORT006,INS0017,2025-05-27,650,116.4654,75702.51,-1782.14,USD,MOCK_FEED
POS00600220250527,PORT006,INS0018,2025-05-27,3683,46.0374,169555.74,3309.94,EUR,MOCK_FEED
POS00600320250527,PORT006,INS0019,2025-05-27,725,18.1085,13128.66,-58.7,USD,MOCK_FEED
POS00600420250527,PORT006,INS0020,2025-05-27,3606,10.0099,36095.7,392.64,INR,MOCK_FEED
POS00600520250527,PORT006,INS0021,2025-05-27,2500,45.5159,113789.75,-567.09,USD,MOCK_FEED
POS00600620250527,PORT006,INS0022,2025-05-27,3856,44.6867,172311.92,-3539.69,INR,MOCK_FEED
POS00600720250527,PORT006,INS0023,2025-05-27,3645,51.0399,186040.44,-412.88,USD,MOCK_FEED
POS00600820250527,PORT006,INS0024,2025-05-27,819,58.0354,47530.99,-719.6,GBP,MOCK_FEED
POS00600920250527,PORT006,INS0025,2025-05-27,3163,25.3897,80307.62,847.52,EUR,MOCK_FEED
POS00601020250527,PORT006,INS0026,2025-05-27,169,47.0011,7943.19,312.8,GBP,MOCK_FEED
POS00600120250528,PORT006,INS0017,2025-05-28,3242,117.0342,379424.88,14462.66,EUR,MOCK_FEED
POS00600220250528,PORT006,INS0018,2025-05-28,1264,45.9993,58143.12,813.64,EUR,MOCK_FEED
POS00600320250528,PORT006,INS0019,2025-05-28,4004,17.8636,71525.85,-407.3,GBP,MOCK_FEED
POS00600420250528,PORT006,INS0020,2025-05-28,4804,10.0681,48367.15,1285.09,EUR,MOCK_FEED
POS00600520250528,PORT006,INS0021,2025-05-28,906,46.537,42162.52,-1118.56,INR,MOCK_FEED
POS00600620250528,PORT006,INS0022,2025-05-28,2585,44.6686,115468.33,521.95,USD,MOCK_FEED
POS00600720250528,PORT006,INS0023,2025-05-28,876,51.1073,44769.99,886.08,GBP,MOCK_FEED
POS00600820250528,PORT006,INS0024,2025-05-28,4546,57.9523,263451.16,-6151.48,USD,MOCK_FEED
POS00600920250528,PORT006,INS0025,2025-05-28,2917,25.2814,73745.84,1436.0,USD,MOCK_FEED
POS00601020250528,PORT006,INS0026,2025-05-28,1762,47.1187,83023.15,245.02,USD,MOCK_FEED
POS00600120250529,PORT006,INS0017,2025-05-29,2694,117.5904,316788.54,1432.06,USD,MOCK_FEED
POS00600220250529,PORT006,INS0018,2025-05-29,1781,46.3082,82474.9,3130.4,INR,MOCK_FEED
POS00600320250529,PORT006,INS0019,2025-05-29,548,17.6259,9658.99,261.28,EUR,MOCK_FEED
POS00600420250529,PORT006,INS0020,2025-05-29,3477,10.2154,35518.95,747.13,GBP,MOCK_FEED
POS00600520250529,PORT006,INS0021,2025-05-29,3450,46.9811,162084.79,4149.98,EUR,MOCK_FEED
POS00600620250529,PORT006,INS0022,2025-05-29,1959,44.0301,86254.97,-1237.26,EUR,MOCK_FEED
POS00600720250529,PORT006,INS0023,2025-05-29,2503,51.2845,128365.1,-185.81,GBP,MOCK_FEED
POS00600820250529,PORT006,INS0024,2025-05-29,2439,57.7849,140937.37,-2443.24,EUR,MOCK_FEED
POS00600920250529,PORT006,INS0025,2025-05-29,157,24.5193,3849.53,-103.11,USD,MOCK_FEED
POS00601020250529,PORT006,INS0026,2025-05-29,2803,46.3089,129803.85,4084.37,INR,MOCK_FEED
POS00600120250530,PORT006,INS0017,2025-05-30,1754,115.2496,202147.8,4316.44,EUR,MOCK_FEED
POS00600220250530,PORT006,INS0018,2025-05-30,2525,45.9747,116086.12,2739.33,EUR,MOCK_FEED
POS00600320250530,PORT006,INS0019,2025-05-30,4756,17.6266,83832.11,893.94,USD,MOCK_FEED
POS00600420250530,PORT006,INS0020,2025-05-30,3376,9.8824,33362.98,-419.04,USD,MOCK_FEED
POS00600520250530,PORT006,INS0021,2025-05-30,4858,45.9333,223143.97,-6564.71,GBP,MOCK_FEED
POS00600620250530,PORT006,INS0022,2025-05-30,2895,43.9216,127153.03,967.0,INR,MOCK_FEED
POS00600720250530,PORT006,INS0023,2025-05-30,1631,50.9861,83158.33,3079.81,EUR,MOCK_FEED
POS00600820250530,PORT006,INS0024,2025-05-30,2747,56.9864,156541.64,-3594.96,INR,MOCK_FEED
POS00600920250530,PORT006,INS0025,2025-05-30,3458,25.2205,87212.49,3368.73,INR,MOCK_FEED
POS00601020250530,PORT006,INS0026,2025-05-30,2968,46.0404,136647.91,-2738.82,EUR,MOCK_FEED
POS00600120250531,PORT006,INS0017,2025-05-31,2358,116.1962,273990.64,5482.75,EUR,MOCK_FEED
POS00600220250531,PORT006,INS0018,2025-05-31,509,46.2062,23518.96,-527.26,EUR,MOCK_FEED
POS00600320250531,PORT006,INS0019,2025-05-31,1302,17.6268,22950.09,760.76,USD,MOCK_FEED
POS00600420250531,PORT006,INS0020,2025-05-31,1346,10.006,13468.08,157.68,INR,MOCK_FEED
POS00600520250531,PORT006,INS0021,2025-05-31,1866,46.3852,86554.78,-481.55,USD,MOCK_FEED
POS00600620250531,PORT006,INS0022,2025-05-31,4670,42.9696,200668.03,5578.59,GBP,MOCK_FEED
POS00600720250531,PORT006,INS0023,2025-05-31,4067,51.2862,208580.98,2814.66,EUR,MOCK_FEED
POS00600820250531,PORT006,INS0024,2025-05-31,4093,58.4473,239224.8,-3637.59,GBP,MOCK_FEED
POS00600920250531,PORT006,INS0025,2025-05-31,595,24.8143,14764.51,-180.42,EUR,MOCK_FEED
POS00601020250531,PORT006,INS0026,2025-05-31,2085,46.0326,95977.97,2986.34,EUR,MOCK_FEED
POS00600120250601,PORT006,INS0017,2025-06-01,4556,115.7584,527395.27,1506.33,USD,MOCK_FEED
POS00600220250601,PORT006,INS0018,2025-06-01,1961,46.3755,90942.36,600.99,USD,MOCK_FEED
POS00600320250601,PORT006,INS0019,2025-06-01,4047,17.5562,71049.94,1931.44,INR,MOCK_FEED
POS00600420250601,PORT006,INS0020,2025-06-01,367,10.0132,3674.84,-100.23,USD,MOCK_FEED
POS00600520250601,PORT006,INS0021,2025-06-01,2274,45.8466,104255.17,-2307.09,INR,MOCK_FEED
POS00600620250601,PORT006,INS0022,2025-06-01,1400,43.6008,61041.12,204.79,USD,MOCK_FEED
POS00600720250601,PORT006,INS0023,2025-06-01,2932,51.0571,149699.42,-4299.42,GBP,MOCK_FEED
POS00600820250601,PORT006,INS0024,2025-06-01,115,58.8682,6769.84,138.34,USD,MOCK_FEED
POS00600920250601,PORT006,INS0025,2025-06-01,4504,24.8652,111992.86,421.09,GBP,MOCK_FEED
POS00601020250601,PORT006,INS0026,2025-06-01,4434,47.1912,209245.78,-2677.72,INR,MOCK_FEED
POS00600120250602,PORT006,INS0017,2025-06-02,1314,114.4855,150433.95,-2201.15,INR,MOCK_FEED
POS00600220250602,PORT006,INS0018,2025-06-02,770,46.4024,35729.85,1188.07,USD,MOCK_FEED
POS00600320250602,PORT006,INS0019,2025-06-02,4214,17.7825,74935.46,-1744.32,INR,MOCK_FEED
POS00600420250602,PORT006,INS0020,2025-06-02,4243,10.0793,42766.47,754.17,GBP,MOCK_FEED
POS00600520250602,PORT006,INS0021,2025-06-02,3398,46.3605,157532.98,-910.74,USD,MOCK_FEED
POS00600620250602,PORT006,INS0022,2025-06-02,3883,43.3248,168230.2,-1686.02,USD,MOCK_FEED
POS00600720250602,PORT006,INS0023,2025-06-02,2206,51.5704,113764.3,-1006.14,GBP,MOCK_FEED
POS00600820250602,PORT006,INS0024,2025-06-02,1697,59.5969,101135.94,-1116.04,INR,MOCK_FEED
POS00600920250602,PORT006,INS0025,2025-06-02,2350,24.9804,58703.94,-1451.47,INR,MOCK_FEED
POS00601020250602,PORT006,INS0026,2025-06-02,1878,47.4762,89160.3,-687.84,INR,MOCK_FEED
POS00600120250603,PORT006,INS0017,2025-06-03,314,112.9476,35465.55,940.75,GBP,MOCK_FEED
POS00600220250603,PORT006,INS0018,2025-06-03,1046,46.4569,48593.92,-805.34,INR,MOCK_FEED
POS00600320250603,PORT006,INS0019,2025-06-03,2211,18.0991,40017.11,1273.2,INR,MOCK_FEED
POS00600420250603,PORT006,INS0020,2025-06-03,4578,10.0237,45888.5,-1230.18,GBP,MOCK_FEED
POS00600520250603,PORT006,INS0021,2025-06-03,4935,45.4473,224282.43,3600.61,GBP,MOCK_FEED
POS00600620250603,PORT006,INS0022,2025-06-03,318,43.5195,13839.2,-340.51,EUR,MOCK_FEED
POS00600720250603,PORT006,INS0023,2025-06-03,4598,51.8333,238329.51,6270.43,EUR,MOCK_FEED
POS00600820250603,PORT006,INS0024,2025-06-03,4615,59.2198,273299.38,6605.56,USD,MOCK_FEED
POS00600920250603,PORT006,INS0025,2025-06-03,254,25.1559,6389.6,225.54,USD,MOCK_FEED
POS00601020250603,PORT006,INS0026,2025-06-03,1973,47.091,92910.54,1605.43,INR,MOCK_FEED
POS00600120250604,PORT006,INS0017,2025-06-04,1657,112.0241,185623.93,-1622.27,USD,MOCK_FEED
POS00600220250604,PORT006,INS0018,2025-06-04,4378,47.0105,205811.97,-2847.35,USD,MOCK_FEED
POS00600320250604,PORT006,INS0019,2025-06-04,4597,18.3432,84323.69,3000.61,USD,MOCK_FEED
POS00600420250604,PORT006,INS0020,2025-06-04,434,10.0322,4353.97,-31.05,INR,MOCK_FEED
POS00600520250604,PORT006,INS0021,2025-06-04,917,45.6469,41858.21,3.83,GBP,MOCK_FEED
POS00600620250604,PORT006,INS0022,2025-06-04,1922,43.9699,84510.15,-1136.67,INR,MOCK_FEED
POS00600720250604,PORT006,INS0023,2025-06-04,140,52.0979,7293.71,-167.5,USD,MOCK_FEED
POS00600820250604,PORT006,INS0024,2025-06-04,4378,59.1877,259123.75,10265.48,USD,MOCK_FEED
POS00600920250604,PORT006,INS0025,2025-06-04,3298,25.0562,82635.35,1248.05,EUR,MOCK_FEED
POS00601020250604,PORT006,INS0026,2025-06-04,4238,48.2414,204447.05,7849.96,EUR,MOCK_FEED
POS00600120250605,PORT006,INS0017,2025-06-05,2167,111.3179,241225.89,-1971.99,EUR,MOCK_FEED
POS00600220250605,PORT006,INS0018,2025-06-05,3285,47.4501,155873.58,-90.61,INR,MOCK_FEED
POS00600320250605,PORT006,INS0019,2025-06-05,2036,17.9921,36631.92,1101.85,GBP,MOCK_FEED
POS00600420250605,PORT006,INS0020,2025-06-05,4232,10.0255,42427.92,-507.28,INR,MOCK_FEED
POS00600520250605,PORT006,INS0021,2025-06-05,1623,45.0851,73173.12,543.92,INR,MOCK_FEED
POS00600620250605,PORT006,INS0022,2025-06-05,3340,43.6041,145637.69,-4220.96,EUR,MOCK_FEED
POS00600720250605,PORT006,INS0023,2025-06-05,1527,51.7254,78984.69,-38.46,USD,MOCK_FEED
POS00600820250605,PORT006,INS0024,2025-06-05,4324,58.8228,254349.79,-2419.2,USD,MOCK_FEED
POS00600920250605,PORT006,INS0025,2025-06-05,695,25.0033,17377.29,-492.78,INR,MOCK_FEED
POS00601020250605,PORT006,INS0026,2025-06-05,4097,47.1524,193183.38,6165.48,EUR,MOCK_FEED
POS00600120250606,PORT006,INS0017,2025-06-06,4295,112.0584,481290.83,-5504.89,EUR,MOCK_FEED
POS00600220250606,PORT006,INS0018,2025-06-06,3210,47.4287,152246.13,-3637.03,USD,MOCK_FEED
POS00600320250606,PORT006,INS0019,2025-06-06,789,18.2151,14371.71,335.2,EUR,MOCK_FEED
POS00600420250606,PORT006,INS0020,2025-06-06,4906,9.999,49055.09,-804.58,GBP,MOCK_FEED
POS00600520250606,PORT006,INS0021,2025-06-06,1152,45.4497,52358.05,509.38,USD,MOCK_FEED
POS00600620250606,PORT006,INS0022,2025-06-06,1780,43.8347,78025.77,872.48,EUR,MOCK_FEED
POS00600720250606,PORT006,INS0023,2025-06-06,3714,51.592,191612.69,3217.37,INR,MOCK_FEED
POS00600820250606,PORT006,INS0024,2025-06-06,654,59.606,38982.32,-533.39,GBP,MOCK_FEED
POS00600920250606,PORT006,INS0025,2025-06-06,3710,25.3964,94220.64,-1332.86,INR,MOCK_FEED
POS00601020250606,PORT006,INS0026,2025-06-06,2870,46.9623,134781.8,1350.97,USD,MOCK_FEED
POS00600120250607,PORT006,INS0017,2025-06-07,4929,113.192,557923.37,13136.78,GBP,MOCK_FEED
POS00600220250607,PORT006,INS0018,2025-06-07,3191,46.353,147912.42,5565.74,INR,MOCK_FEED
POS00600320250607,PORT006,INS0019,2025-06-07,2838,17.8521,50664.26,-1365.45,GBP,MOCK_FEED
POS00600420250607,PORT006,INS0020,2025-06-07,4231,10.064,42580.78,-1092.21,EUR,MOCK_FEED
POS00600520250607,PORT006,INS0021,2025-06-07,4011,46.1581,185140.14,-5485.15,USD,MOCK_FEED
POS00600620250607,PORT006,INS0022,2025-06-07,4616,44.3493,204716.37,3627.59,GBP,MOCK_FEED
POS00600720250607,PORT006,INS0023,2025-06-07,2303,52.8371,121683.84,3872.53,INR,MOCK_FEED
POS00600820250607,PORT006,INS0024,2025-06-07,4161,59.6131,248050.11,3480.6,INR,MOCK_FEED
POS00600920250607,PORT006,INS0025,2025-06-07,2972,25.7083,76405.07,163.01,USD,MOCK_FEED
POS00601020250607,PORT006,INS0026,2025-06-07,2867,46.6126,133638.32,4337.56,EUR,MOCK_FEED
POS00600120250608,PORT006,INS0017,2025-06-08,1076,114.1853,122863.38,1872.33,INR,MOCK_FEED
POS00600220250608,PORT006,INS0018,2025-06-08,1009,46.3856,46803.07,100.65,EUR,MOCK_FEED
POS00600320250608,PORT006,INS0019,2025-06-08,351,17.823,6255.87,228.44,USD,MOCK_FEED
POS00600420250608,PORT006,INS0020,2025-06-08,2562,10.0579,25768.34,-307.1,USD,MOCK_FEED
POS00600520250608,PORT006,INS0021,2025-06-08,530,46.8471,24828.96,423.49,EUR,MOCK_FEED
POS00600620250608,PORT006,INS0022,2025-06-08,3438,44.0888,151577.29,-2318.24,USD,MOCK_FEED
POS00600720250608,PORT006,INS0023,2025-06-08,1276,52.5332,67032.36,-1122.11,EUR,MOCK_FEED
POS00600820250608,PORT006,INS0024,2025-06-08,2990,60.9033,182100.87,5581.84,USD,MOCK_FEED
POS00600920250608,PORT006,INS0025,2025-06-08,3325,26.0176,86508.52,753.16,EUR,MOCK_FEED
POS00601020250608,PORT006,INS0026,2025-06-08,564,46.0846,25991.71,-208.29,USD,MOCK_FEED
POS00600120250609,PORT006,INS0017,2025-06-09,3051,112.9719,344677.27,-8751.11,GBP,MOCK_FEED
POS00600220250609,PORT006,INS0018,2025-06-09,4799,46.2621,222011.82,4400.88,USD,MOCK_FEED
POS00600320250609,PORT006,INS0019,2025-06-09,137,17.6096,2412.52,-28.83,USD,MOCK_FEED
POS00600420250609,PORT006,INS0020,2025-06-09,2620,9.7992,25673.9,654.21,EUR,MOCK_FEED
POS00600520250609,PORT006,INS0021,2025-06-09,291,47.0363,13687.56,-235.21,INR,MOCK_FEED
POS00600620250609,PORT006,INS0022,2025-06-09,2516,43.4214,109248.24,-1470.25,EUR,MOCK_FEED
POS00600720250609,PORT006,INS0023,2025-06-09,3634,51.8331,188361.49,-4539.88,USD,MOCK_FEED
POS00600820250609,PORT006,INS0024,2025-06-09,3684,61.7561,227509.47,-1447.05,USD,MOCK_FEED
POS00600920250609,PORT006,INS0025,2025-06-09,1132,26.163,29616.52,-787.89,EUR,MOCK_FEED
POS00601020250609,PORT006,INS0026,2025-06-09,1227,46.9135,57562.86,2067.15,INR,MOCK_FEED
POS00600120250610,PORT006,INS0017,2025-06-10,493,112.7717,55596.45,-768.09,EUR,MOCK_FEED
POS00600220250610,PORT006,INS0018,2025-06-10,3080,47.0801,145006.71,-4079.04,GBP,MOCK_FEED
POS00600320250610,PORT006,INS0019,2025-06-10,3297,18.0574,59535.25,-1160.18,INR,MOCK_FEED
POS00600420250610,PORT006,INS0020,2025-06-10,4395,9.8546,43310.97,-356.8,EUR,MOCK_FEED
POS00600520250610,PORT006,INS0021,2025-06-10,2640,47.6016,125668.22,4032.15,GBP,MOCK_FEED
POS00600620250610,PORT006,INS0022,2025-06-10,189,43.2434,8173.0,27.12,EUR,MOCK_FEED
POS00600720250610,PORT006,INS0023,2025-06-10,4877,51.6043,251674.17,-5245.15,USD,MOCK_FEED
POS00600820250610,PORT006,INS0024,2025-06-10,2722,62.4111,169883.01,4196.51,USD,MOCK_FEED
POS00600920250610,PORT006,INS0025,2025-06-10,2202,25.8447,56910.03,2054.32,USD,MOCK_FEED
POS00601020250610,PORT006,INS0026,2025-06-10,261,46.8134,12218.3,392.89,INR,MOCK_FEED
POS00600120250611,PORT006,INS0017,2025-06-11,2922,112.5394,328840.13,6053.95,USD,MOCK_FEED
POS00600220250611,PORT006,INS0018,2025-06-11,1592,46.6459,74260.27,2082.45,GBP,MOCK_FEED
POS00600320250611,PORT006,INS0019,2025-06-11,3804,18.1327,68976.79,2563.47,EUR,MOCK_FEED
POS00600420250611,PORT006,INS0020,2025-06-11,4283,9.8508,42190.98,-1209.78,GBP,MOCK_FEED
POS00600520250611,PORT006,INS0021,2025-06-11,2135,48.2121,102932.83,2247.26,USD,MOCK_FEED
POS00600620250611,PORT006,INS0022,2025-06-11,464,42.5527,19744.45,-131.44,GBP,MOCK_FEED
POS00600720250611,PORT006,INS0023,2025-06-11,3199,52.5876,168227.73,522.2,USD,MOCK_FEED
POS00600820250611,PORT006,INS0024,2025-06-11,3036,63.0622,191456.84,4301.55,GBP,MOCK_FEED
POS00600920250611,PORT006,INS0025,2025-06-11,3457,25.604,88513.03,814.6,INR,MOCK_FEED
POS00601020250611,PORT006,INS0026,2025-06-11,3285,46.516,152805.06,-2816.23,GBP,MOCK_FEED
POS00600120250612,PORT006,INS0017,2025-06-12,628,112.4429,70614.14,-1239.6,EUR,MOCK_FEED
POS00600220250612,PORT006,INS0018,2025-06-12,985,46.911,46207.33,425.19,GBP,MOCK_FEED
POS00600320250612,PORT006,INS0019,2025-06-12,2391,18.2535,43644.12,1251.39,INR,MOCK_FEED
POS00600420250612,PORT006,INS0020,2025-06-12,4309,9.9089,42697.45,1291.09,USD,MOCK_FEED
POS00600520250612,PORT006,INS0021,2025-06-12,4423,48.2002,213189.48,-4372.53,EUR,MOCK_FEED
POS00600620250612,PORT006,INS0022,2025-06-12,2728,42.3803,115613.46,1188.74,USD,MOCK_FEED
POS00600720250612,PORT006,INS0023,2025-06-12,999,52.5914,52538.81,322.41,GBP,MOCK_FEED
POS00600820250612,PORT006,INS0024,2025-06-12,2275,63.1313,143623.71,1421.39,INR,MOCK_FEED
POS00600920250612,PORT006,INS0025,2025-06-12,1571,26.2659,41263.73,1143.5,USD,MOCK_FEED
POS00601020250612,PORT006,INS0026,2025-06-12,3540,46.4212,164331.05,5487.16,EUR,MOCK_FEED
POS00600120250613,PORT006,INS0017,2025-06-13,2209,112.3923,248274.59,1294.05,USD,MOCK_FEED
POS00600220250613,PORT006,INS0018,2025-06-13,2844,46.3546,131832.48,1722.32,EUR,MOCK_FEED
POS00600320250613,PORT006,INS0019,2025-06-13,231,18.2602,4218.11,123.1,EUR,MOCK_FEED
POS00600420250613,PORT006,INS0020,2025-06-13,1698,9.8795,16775.39,656.18,EUR,MOCK_FEED
POS00600520250613,PORT006,INS0021,2025-06-13,4703,47.434,223082.1,-5073.35,USD,MOCK_FEED
POS00600620250613,PORT006,INS0022,2025-06-13,3190,42.0458,134126.1,-2893.68,INR,MOCK_FEED
POS00600720250613,PORT006,INS0023,2025-06-13,3016,52.5234,158410.57,-1703.21,INR,MOCK_FEED
POS00600820250613,PORT006,INS0024,2025-06-13,2510,62.5579,157020.33,217.85,EUR,MOCK_FEED
POS00600920250613,PORT006,INS0025,2025-06-13,4424,25.8789,114488.25,-83.86,EUR,MOCK_FEED
POS00601020250613,PORT006,INS0026,2025-06-13,2962,47.0181,139267.61,2405.93,INR,MOCK_FEED
POS00600120250614,PORT006,INS0017,2025-06-14,3441,111.5098,383705.22,10641.84,USD,MOCK_FEED
POS00600220250614,PORT006,INS0018,2025-06-14,3724,46.3259,172517.65,-1527.77,GBP,MOCK_FEED
POS00600320250614,PORT006,INS0019,2025-06-14,3056,18.3095,55953.83,-791.69,USD,MOCK_FEED
POS00600420250614,PORT006,INS0020,2025-06-14,1802,9.9923,18006.12,244.21,GBP,MOCK_FEED
POS00600520250614,PORT006,INS0021,2025-06-14,1132,47.7266,54026.51,1201.49,GBP,MOCK_FEED
POS00600620250614,PORT006,INS0022,2025-06-14,769,41.9207,32237.02,-777.48,EUR,MOCK_FEED
POS00600720250614,PORT006,INS0023,2025-06-14,576,52.1766,30053.72,1031.09,GBP,MOCK_FEED
POS00600820250614,PORT006,INS0024,2025-06-14,1403,62.5902,87814.05,366.6,INR,MOCK_FEED
POS00600920250614,PORT006,INS0025,2025-06-14,2645,25.8842,68463.71,2679.18,USD,MOCK_FEED
POS00601020250614,PORT006,INS0026,2025-06-14,4576,47.117,215607.39,3722.29,GBP,MOCK_FEED
POS00600120250615,PORT006,INS0017,2025-06-15,406,112.6434,45733.22,-412.19,GBP,MOCK_FEED
POS00600220250615,PORT006,INS0018,2025-06-15,2150,46.5871,100162.26,1654.77,INR,MOCK_FEED
POS00600320250615,PORT006,INS0019,2025-06-15,3643,18.2115,66344.49,-1469.67,USD,MOCK_FEED
POS00600420250615,PORT006,INS0020,2025-06-15,3498,10.1583,35533.73,-297.75,INR,MOCK_FEED
POS00600520250615,PORT006,INS0021,2025-06-15,3248,47.5944,154586.61,2690.1,INR,MOCK_FEED
POS00600620250615,PORT006,INS0022,2025-06-15,3102,42.2031,130914.02,320.82,EUR,MOCK_FEED
POS00600720250615,PORT006,INS0023,2025-06-15,4969,52.4383,260565.91,-3305.31,INR,MOCK_FEED
POS00600820250615,PORT006,INS0024,2025-06-15,2033,63.2388,128564.48,3113.77,USD,MOCK_FEED
POS00600920250615,PORT006,INS0025,2025-06-15,4760,25.7473,122557.15,4356.92,USD,MOCK_FEED
POS00601020250615,PORT006,INS0026,2025-06-15,3399,47.0082,159780.87,-2498.97,GBP,MOCK_FEED
POS00600120250616,PORT006,INS0017,2025-06-16,4897,113.0186,553452.08,-374.54,EUR,MOCK_FEED
POS00600220250616,PORT006,INS0018,2025-06-16,4905,46.1658,226443.25,-473.79,EUR,MOCK_FEED
POS00600320250616,PORT006,INS0019,2025-06-16,2339,17.9531,41992.3,141.03,INR,MOCK_FEED
POS00600420250616,PORT006,INS0020,2025-06-16,3325,9.8431,32728.31,-659.74,INR,MOCK_FEED
POS00600520250616,PORT006,INS0021,2025-06-16,3576,47.1506,168610.55,-4470.22,GBP,MOCK_FEED
POS00600620250616,PORT006,INS0022,2025-06-16,1293,42.3578,54768.64,-264.3,INR,MOCK_FEED
POS00600720250616,PORT006,INS0023,2025-06-16,1302,51.8412,67497.24,-1387.56,GBP,MOCK_FEED
POS00600820250616,PORT006,INS0024,2025-06-16,3488,64.0077,223258.86,-147.27,EUR,MOCK_FEED
POS00600920250616,PORT006,INS0025,2025-06-16,1387,25.79,35770.73,-1021.66,INR,MOCK_FEED
POS00601020250616,PORT006,INS0026,2025-06-16,3357,46.9802,157712.53,-399.18,INR,MOCK_FEED
POS00600120250617,PORT006,INS0017,2025-06-17,4940,111.5254,550935.48,-9827.12,USD,MOCK_FEED
POS00600220250617,PORT006,INS0018,2025-06-17,1209,45.4791,54984.23,885.52,EUR,MOCK_FEED
POS00600320250617,PORT006,INS0019,2025-06-17,4963,18.106,89860.08,2363.76,INR,MOCK_FEED
POS00600420250617,PORT006,INS0020,2025-06-17,4145,9.7731,40509.5,841.73,GBP,MOCK_FEED
POS00600520250617,PORT006,INS0021,2025-06-17,593,47.9928,28459.73,375.79,GBP,MOCK_FEED
POS00600620250617,PORT006,INS0022,2025-06-17,2742,42.4061,116277.53,2129.38,GBP,MOCK_FEED
POS00600720250617,PORT006,INS0023,2025-06-17,1615,52.4524,84710.63,952.88,GBP,MOCK_FEED
POS00600820250617,PORT006,INS0024,2025-06-17,1667,64.5251,107563.34,787.93,USD,MOCK_FEED
POS00600920250617,PORT006,INS0025,2025-06-17,3995,25.6983,102664.71,-1216.82,GBP,MOCK_FEED
POS00601020250617,PORT006,INS0026,2025-06-17,4657,45.8878,213699.48,6692.64,USD,MOCK_FEED
POS00600120250618,PORT006,INS0017,2025-06-18,2125,111.7863,237545.89,-4918.2,EUR,MOCK_FEED
POS00600220250618,PORT006,INS0018,2025-06-18,1068,45.4121,48500.12,1034.76,USD,MOCK_FEED
POS00600320250618,PORT006,INS0019,2025-06-18,4193,17.9177,75128.92,2764.4,INR,MOCK_FEED
POS00600420250618,PORT006,INS0020,2025-06-18,2883,9.9066,28560.73,790.71,EUR,MOCK_FEED
POS00600520250618,PORT006,INS0021,2025-06-18,1993,48.7499,97158.55,1436.94,USD,MOCK_FEED
POS00600620250618,PORT006,INS0022,2025-06-18,3574,42.557,152098.72,5512.25,EUR,MOCK_FEED
POS00600720250618,PORT006,INS0023,2025-06-18,3624,51.2061,185570.91,-1515.44,INR,MOCK_FEED
POS00600820250618,PORT006,INS0024,2025-06-18,2055,63.6507,130802.19,-3490.65,USD,MOCK_FEED
POS00600920250618,PORT006,INS0025,2025-06-18,3674,25.9381,95296.58,-2844.04,EUR,MOCK_FEED
POS00601020250618,PORT006,INS0026,2025-06-18,3581,45.5418,163085.19,-2592.92,GBP,MOCK_FEED
POS00600120250619,PORT006,INS0017,2025-06-19,2266,114.2012,258779.92,5027.03,USD,MOCK_FEED
POS00600220250619,PORT006,INS0018,2025-06-19,3572,44.6189,159378.71,-102.92,GBP,MOCK_FEED
POS00600320250619,PORT006,INS0019,2025-06-19,3446,17.8069,61362.58,-911.37,USD,MOCK_FEED
POS00600420250619,PORT006,INS0020,2025-06-19,258,9.7526,2516.17,-61.63,USD,MOCK_FEED
POS00600520250619,PORT006,INS0021,2025-06-19,4482,48.2082,216069.15,2481.58,EUR,MOCK_FEED
POS00600620250619,PORT006,INS0022,2025-06-19,415,42.5128,17642.81,246.45,GBP,MOCK_FEED
POS00600720250619,PORT006,INS0023,2025-06-19,1820,51.1079,93016.38,-1777.35,GBP,MOCK_FEED
POS00600820250619,PORT006,INS0024,2025-06-19,4148,63.8137,264699.23,-6796.58,EUR,MOCK_FEED
POS00600920250619,PORT006,INS0025,2025-06-19,3685,25.8926,95414.23,828.94,USD,MOCK_FEED
POS00601020250619,PORT006,INS0026,2025-06-19,2456,45.4929,111730.56,-1692.3,EUR,MOCK_FEED
POS00600120250620,PORT006,INS0017,2025-06-20,3337,114.7729,382997.17,-4058.26,EUR,MOCK_FEED
POS00600220250620,PORT006,INS0018,2025-06-20,4976,43.7785,217841.82,-3990.16,GBP,MOCK_FEED
POS00600320250620,PORT006,INS0019,2025-06-20,4969,17.9217,89052.93,2285.05,INR,MOCK_FEED
POS00600420250620,PORT006,INS0020,2025-06-20,4147,9.6051,39832.35,170.04,USD,MOCK_FEED
POS00600520250620,PORT006,INS0021,2025-06-20,4991,47.7396,238268.34,2744.24,EUR,MOCK_FEED
POS00600620250620,PORT006,INS0022,2025-06-20,602,42.4344,25545.51,367.38,EUR,MOCK_FEED
POS00600720250620,PORT006,INS0023,2025-06-20,3735,50.7875,189691.31,5591.21,EUR,MOCK_FEED
POS00600820250620,PORT006,INS0024,2025-06-20,1033,63.0518,65132.51,298.73,USD,MOCK_FEED
POS00600920250620,PORT006,INS0025,2025-06-20,198,25.3571,5020.71,33.63,GBP,MOCK_FEED
POS00601020250620,PORT006,INS0026,2025-06-20,3956,44.6626,176685.25,2956.7,EUR,MOCK_FEED
POS00600120250621,PORT006,INS0017,2025-06-21,4936,115.6886,571038.93,8792.99,USD,MOCK_FEED
POS00600220250621,PORT006,INS0018,2025-06-21,2637,43.5914,114950.52,-1414.92,USD,MOCK_FEED
POS00600320250621,PORT006,INS0019,2025-06-21,1856,18.272,33912.83,-112.73,GBP,MOCK_FEED
POS00600420250621,PORT006,INS0020,2025-06-21,3781,9.5266,36020.07,178.98,INR,MOCK_FEED
POS00600520250621,PORT006,INS0021,2025-06-21,413,47.8208,19749.99,-173.59,EUR,MOCK_FEED
POS00600620250621,PORT006,INS0022,2025-06-21,2675,43.4259,116164.28,-1404.64,USD,MOCK_FEED
POS00600720250621,PORT006,INS0023,2025-06-21,646,50.6324,32708.53,1176.58,INR,MOCK_FEED
POS00600820250621,PORT006,INS0024,2025-06-21,2450,62.6251,153431.49,-3041.46,INR,MOCK_FEED
POS00600920250621,PORT006,INS0025,2025-06-21,1175,25.5709,30045.81,304.39,EUR,MOCK_FEED
POS00601020250621,PORT006,INS0026,2025-06-21,4755,46.3351,220323.4,-2023.85,GBP,MOCK_FEED
POS00600120250622,PORT006,INS0017,2025-06-22,3801,116.7263,443676.67,-820.01,USD,MOCK_FEED
POS00600220250622,PORT006,INS0018,2025-06-22,3323,44.7018,148544.08,-784.82,USD,MOCK_FEED
POS00600320250622,PORT006,INS0019,2025-06-22,1448,17.7654,25724.3,-514.64,EUR,MOCK_FEED
POS00600420250622,PORT006,INS0020,2025-06-22,2355,9.6547,22736.82,877.23,USD,MOCK_FEED
POS00600520250622,PORT006,INS0021,2025-06-22,3767,46.625,175636.38,-1604.93,GBP,MOCK_FEED
POS00600620250622,PORT006,INS0022,2025-06-22,4384,42.2037,185021.02,1317.57,EUR,MOCK_FEED
POS00600720250622,PORT006,INS0023,2025-06-22,1809,50.0134,90474.24,-1516.96,EUR,MOCK_FEED
POS00600820250622,PORT006,INS0024,2025-06-22,4494,62.9108,282721.14,2940.13,GBP,MOCK_FEED
POS00600920250622,PORT006,INS0025,2025-06-22,942,25.6051,24120.0,-614.43,EUR,MOCK_FEED
POS00601020250622,PORT006,INS0026,2025-06-22,555,46.3221,25708.77,427.02,EUR,MOCK_FEED
POS00600120250623,PORT006,INS0017,2025-06-23,1660,114.4835,190042.61,1478.84,USD,MOCK_FEED
POS00600220250623,PORT006,INS0018,2025-06-23,3464,44.7913,155157.06,2740.41,GBP,MOCK_FEED
POS00600320250623,PORT006,INS0019,2025-06-23,3335,17.8944,59677.82,153.32,EUR,MOCK_FEED
POS00600420250623,PORT006,INS0020,2025-06-23,2342,9.6345,22564.0,222.05,INR,MOCK_FEED
POS00600520250623,PORT006,INS0021,2025-06-23,1478,47.0813,69586.16,-1363.26,INR,MOCK_FEED
POS00600620250623,PORT006,INS0022,2025-06-23,3790,42.6809,161760.61,-72.93,INR,MOCK_FEED
POS00600720250623,PORT006,INS0023,2025-06-23,441,49.6262,21885.15,111.52,GBP,MOCK_FEED
POS00600820250623,PORT006,INS0024,2025-06-23,4382,63.0307,276200.53,2373.33,USD,MOCK_FEED
POS00600920250623,PORT006,INS0025,2025-06-23,3649,25.2373,92090.91,-1239.57,USD,MOCK_FEED
POS00601020250623,PORT006,INS0026,2025-06-23,515,46.4397,23916.45,-209.88,EUR,MOCK_FEED
POS00600120250624,PORT006,INS0017,2025-06-24,3965,117.2445,464874.44,-494.87,GBP,MOCK_FEED
POS00600220250624,PORT006,INS0018,2025-06-24,3582,44.9251,160921.71,-3000.22,USD,MOCK_FEED
POS00600320250624,PORT006,INS0019,2025-06-24,921,17.8828,16470.06,340.21,GBP,MOCK_FEED
POS00600420250624,PORT006,INS0020,2025-06-24,4279,9.5398,40820.8,-541.78,GBP,MOCK_FEED
POS00600520250624,PORT006,INS0021,2025-06-24,1906,46.9819,89547.5,-2102.29,USD,MOCK_FEED
POS00600620250624,PORT006,INS0022,2025-06-24,3307,43.5579,144045.98,4777.58,EUR,MOCK_FEED
POS00600720250624,PORT006,INS0023,2025-06-24,4720,48.9506,231046.83,5292.93,GBP,MOCK_FEED
POS00600820250624,PORT006,INS0024,2025-06-24,1800,62.781,113005.8,769.05,EUR,MOCK_FEED
POS00600920250624,PORT006,INS0025,2025-06-24,1956,25.4154,49712.52,1629.8,GBP,MOCK_FEED
POS00601020250624,PORT006,INS0026,2025-06-24,4514,45.7976,206730.37,3541.02,INR,MOCK_FEED
POS00600120250625,PORT006,INS0017,2025-06-25,3803,119.8765,455890.33,17622.55,EUR,MOCK_FEED
POS00600220250625,PORT006,INS0018,2025-06-25,3996,45.0073,179849.17,-2194.07,EUR,MOCK_FEED
POS00600320250625,PORT006,INS0019,2025-06-25,2776,17.97,49884.72,870.7,GBP,MOCK_FEED
POS00600420250625,PORT006,INS0020,2025-06-25,4552,9.6691,44013.74,1196.14,EUR,MOCK_FEED
POS00600520250625,PORT006,INS0021,2025-06-25,3994,47.903,191324.58,-1620.29,USD,MOCK_FEED
POS00600620250625,PORT006,INS0022,2025-06-25,2556,44.2249,113038.84,-3250.0,GBP,MOCK_FEED
POS00600720250625,PORT006,INS0023,2025-06-25,3094,49.1311,152011.62,1492.65,INR,MOCK_FEED
POS00600820250625,PORT006,INS0024,2025-06-25,2145,62.6145,134308.1,-2966.33,USD,MOCK_FEED
POS00600920250625,PORT006,INS0025,2025-06-25,3773,25.1819,95011.31,2679.97,USD,MOCK_FEED
POS00601020250625,PORT006,INS0026,2025-06-25,3602,45.5511,164075.06,-2298.59,EUR,MOCK_FEED
POS00600120250626,PORT006,INS0017,2025-06-26,3864,120.5289,465723.67,12671.25,GBP,MOCK_FEED
POS00600220250626,PORT006,INS0018,2025-06-26,4101,45.1265,185063.78,-4104.72,INR,MOCK_FEED
POS00600320250626,PORT006,INS0019,2025-06-26,3160,18.0668,57091.09,2073.74,EUR,MOCK_FEED
POS00600420250626,PORT006,INS0020,2025-06-26,4878,9.7926,47768.3,79.24,EUR,MOCK_FEED
POS00600520250626,PORT006,INS0021,2025-06-26,762,48.2737,36784.56,-644.98,EUR,MOCK_FEED
POS00600620250626,PORT006,INS0022,2025-06-26,3609,44.0548,158993.77,1939.68,GBP,MOCK_FEED
POS00600720250626,PORT006,INS0023,2025-06-26,1877,50.0395,93924.14,-483.22,INR,MOCK_FEED
POS00600820250626,PORT006,INS0024,2025-06-26,2380,62.583,148947.54,1037.24,GBP,MOCK_FEED
POS00600920250626,PORT006,INS0025,2025-06-26,1924,24.5378,47210.73,27.58,INR,MOCK_FEED
POS00601020250626,PORT006,INS0026,2025-06-26,2678,45.7516,122522.78,-2770.52,USD,MOCK_FEED
POS00600120250627,PORT006,INS0017,2025-06-27,4438,120.8707,536424.17,757.64,EUR,MOCK_FEED
POS00600220250627,PORT006,INS0018,2025-06-27,712,44.6621,31799.42,1095.03,EUR,MOCK_FEED
POS00600320250627,PORT006,INS0019,2025-06-27,942,17.8667,16830.43,672.02,EUR,MOCK_FEED
POS00600420250627,PORT006,INS0020,2025-06-27,1905,9.7951,18659.67,498.28,INR,MOCK_FEED
POS00600520250627,PORT006,INS0021,2025-06-27,943,48.5498,45782.46,-42.97,EUR,MOCK_FEED
POS00600620250627,PORT006,INS0022,2025-06-27,2690,44.0421,118473.25,-397.53,USD,MOCK_FEED
POS00600720250627,PORT006,INS0023,2025-06-27,3494,50.4111,176136.38,-1273.88,USD,MOCK_FEED
POS00600820250627,PORT006,INS0024,2025-06-27,1506,61.7955,93064.02,1706.6,INR,MOCK_FEED
POS00600920250627,PORT006,INS0025,2025-06-27,4959,24.2383,120197.73,3324.23,INR,MOCK_FEED
POS00601020250627,PORT006,INS0026,2025-06-27,1136,45.3431,51509.76,1625.27,GBP,MOCK_FEED
POS00600120250628,PORT006,INS0017,2025-06-28,1689,120.205,203026.24,-3625.0,INR,MOCK_FEED
POS00600220250628,PORT006,INS0018,2025-06-28,3010,44.3597,133522.7,4290.59,INR,MOCK_FEED
POS00600320250628,PORT006,INS0019,2025-06-28,4629,17.4427,80742.26,2354.08,INR,MOCK_FEED
POS00600420250628,PORT006,INS0020,2025-06-28,4018,9.8684,39651.23,423.48,GBP,MOCK_FEED
POS00600520250628,PORT006,INS0021,2025-06-28,3579,49.5252,177250.69,-4132.49,INR,MOCK_FEED
POS00600620250628,PORT006,INS0022,2025-06-28,2230,43.9629,98037.27,3514.98,INR,MOCK_FEED
POS00600720250628,PORT006,INS0023,2025-06-28,3037,51.2538,155657.79,2205.42,EUR,MOCK_FEED
POS00600820250628,PORT006,INS0024,2025-06-28,794,63.3831,50326.18,398.47,USD,MOCK_FEED
POS00600920250628,PORT006,INS0025,2025-06-28,3683,24.4214,89944.02,-1978.28,INR,MOCK_FEED
POS00601020250628,PORT006,INS0026,2025-06-28,3853,45.1552,173982.99,-1771.41,INR,MOCK_FEED
POS00600120250629,PORT006,INS0017,2025-06-29,997,116.731,116380.81,1028.89,USD,MOCK_FEED
POS00600220250629,PORT006,INS0018,2025-06-29,3454,44.6892,154356.5,4637.44,INR,MOCK_FEED
POS00600320250629,PORT006,INS0019,2025-06-29,1205,17.8093,21460.21,-502.22,INR,MOCK_FEED
POS00600420250629,PORT006,INS0020,2025-06-29,4288,9.9008,42454.63,-522.35,USD,MOCK_FEED
POS00600520250629,PORT006,INS0021,2025-06-29,3001,50.4205,151311.92,1335.92,USD,MOCK_FEED
POS00600620250629,PORT006,INS0022,2025-06-29,3672,44.2858,162617.46,5373.55,EUR,MOCK_FEED
POS00600720250629,PORT006,INS0023,2025-06-29,3476,51.2333,178086.95,1489.69,USD,MOCK_FEED
POS00600820250629,PORT006,INS0024,2025-06-29,2370,63.0962,149537.99,4688.32,INR,MOCK_FEED
POS00600920250629,PORT006,INS0025,2025-06-29,2072,24.3379,50428.13,-977.69,USD,MOCK_FEED
POS00601020250629,PORT006,INS0026,2025-06-29,2576,44.9046,115674.25,4511.33,EUR,MOCK_FEED
POS00600120250630,PORT006,INS0017,2025-06-30,4936,116.9797,577411.8,-2467.74,EUR,MOCK_FEED
POS00600220250630,PORT006,INS0018,2025-06-30,4043,44.8954,181512.1,-4129.79,GBP,MOCK_FEED
POS00600320250630,PORT006,INS0019,2025-06-30,3948,17.821,70357.31,2107.2,INR,MOCK_FEED
POS00600420250630,PORT006,INS0020,2025-06-30,1504,9.889,14873.06,585.44,INR,MOCK_FEED
POS00600520250630,PORT006,INS0021,2025-06-30,3799,50.7545,192816.35,-315.25,INR,MOCK_FEED
POS00600620250630,PORT006,INS0022,2025-06-30,2206,44.1805,97462.18,-1655.69,EUR,MOCK_FEED
POS00600720250630,PORT006,INS0023,2025-06-30,4574,50.9172,232895.27,777.9,EUR,MOCK_FEED
POS00600820250630,PORT006,INS0024,2025-06-30,3820,63.7583,243556.71,863.46,GBP,MOCK_FEED
POS00600920250630,PORT006,INS0025,2025-06-30,4863,24.494,119114.32,970.35,GBP,MOCK_FEED
POS00601020250630,PORT006,INS0026,2025-06-30,4013,45.3213,181874.38,-5019.76,USD,MOCK_FEED
POS00600120250701,PORT006,INS0017,2025-07-01,2064,115.6073,238613.47,-6078.12,USD,MOCK_FEED
POS00600220250701,PORT006,INS0018,2025-07-01,262,44.0716,11546.76,292.19,EUR,MOCK_FEED
POS00600320250701,PORT006,INS0019,2025-07-01,1394,17.7925,24802.74,-422.34,GBP,MOCK_FEED
POS00600420250701,PORT006,INS0020,2025-07-01,1370,9.9933,13690.82,-211.49,USD,MOCK_FEED
POS00600520250701,PORT006,INS0021,2025-07-01,3862,50.4795,194951.83,5078.72,EUR,MOCK_FEED
POS00600620250701,PORT006,INS0022,2025-07-01,2627,44.9289,118028.22,2736.18,EUR,MOCK_FEED
POS00600720250701,PORT006,INS0023,2025-07-01,1258,50.7419,63833.31,-347.69,GBP,MOCK_FEED
POS00600820250701,PORT006,INS0024,2025-07-01,2911,63.7152,185474.95,520.12,INR,MOCK_FEED
POS00600920250701,PORT006,INS0025,2025-07-01,901,24.4771,22053.87,861.22,GBP,MOCK_FEED
POS00601020250701,PORT006,INS0026,2025-07-01,4039,46.0303,185916.38,-5482.71,USD,MOCK_FEED
POS00600120250702,PORT006,INS0017,2025-07-02,2325,117.417,272994.53,3092.59,EUR,MOCK_FEED
POS00600220250702,PORT006,INS0018,2025-07-02,613,43.8168,26859.7,470.82,USD,MOCK_FEED
POS00600320250702,PORT006,INS0019,2025-07-02,2651,17.914,47490.01,1544.08,EUR,MOCK_FEED
POS00600420250702,PORT006,INS0020,2025-07-02,2352,10.0477,23632.19,337.99,USD,MOCK_FEED
POS00600520250702,PORT006,INS0021,2025-07-02,792,49.7103,39370.56,1521.18,USD,MOCK_FEED
POS00600620250702,PORT006,INS0022,2025-07-02,777,43.88,34094.76,-823.63,INR,MOCK_FEED
POS00600720250702,PORT006,INS0023,2025-07-02,3410,51.1045,174266.35,-319.12,USD,MOCK_FEED
POS00600820250702,PORT006,INS0024,2025-07-02,4857,63.2312,307113.94,-7993.65,EUR,MOCK_FEED
POS00600920250702,PORT006,INS0025,2025-07-02,184,24.4717,4502.79,146.51,INR,MOCK_FEED
POS00601020250702,PORT006,INS0026,2025-07-02,3059,47.259,144565.28,-2964.87,USD,MOCK_FEED
POS00600120250703,PORT006,INS0017,2025-07-03,3827,120.5841,461475.35,-7036.1,INR,MOCK_FEED
POS00600220250703,PORT006,INS0018,2025-07-03,249,43.1948,10755.51,428.3,GBP,MOCK_FEED
POS00600320250703,PORT006,INS0019,2025-07-03,1267,17.9106,22692.73,658.1,GBP,MOCK_FEED
POS00600420250703,PORT006,INS0020,2025-07-03,3337,9.9796,33301.93,324.52,USD,MOCK_FEED
POS00600520250703,PORT006,INS0021,2025-07-03,897,48.7203,43702.11,528.71,GBP,MOCK_FEED
POS00600620250703,PORT006,INS0022,2025-07-03,547,43.5437,23818.4,-118.56,GBP,MOCK_FEED
POS00600720250703,PORT006,INS0023,2025-07-03,1048,50.879,53321.19,-586.86,INR,MOCK_FEED
POS00600820250703,PORT006,INS0024,2025-07-03,2927,64.2964,188195.56,2539.87,GBP,MOCK_FEED
POS00600920250703,PORT006,INS0025,2025-07-03,2090,24.8377,51910.79,-857.84,GBP,MOCK_FEED
POS00601020250703,PORT006,INS0026,2025-07-03,945,46.9931,44408.48,-931.74,INR,MOCK_FEED
POS00600120250704,PORT006,INS0017,2025-07-04,1512,119.4154,180556.08,-3700.54,INR,MOCK_FEED
POS00600220250704,PORT006,INS0018,2025-07-04,3562,43.1136,153570.64,5466.67,EUR,MOCK_FEED
POS00600320250704,PORT006,INS0019,2025-07-04,2484,17.9622,44618.1,175.87,USD,MOCK_FEED
POS00600420250704,PORT006,INS0020,2025-07-04,2063,10.0426,20717.88,134.04,GBP,MOCK_FEED
POS00600520250704,PORT006,INS0021,2025-07-04,237,48.4488,11482.37,23.77,EUR,MOCK_FEED
POS00600620250704,PORT006,INS0022,2025-07-04,4947,43.9755,217546.8,2409.88,INR,MOCK_FEED
POS00600720250704,PORT006,INS0023,2025-07-04,818,51.2956,41959.8,694.39,EUR,MOCK_FEED
POS00600820250704,PORT006,INS0024,2025-07-04,1094,65.0262,71138.66,-1816.17,USD,MOCK_FEED
POS00600920250704,PORT006,INS0025,2025-07-04,3930,25.1036,98657.15,752.77,EUR,MOCK_FEED
POS00601020250704,PORT006,INS0026,2025-07-04,1089,46.8223,50989.48,546.83,EUR,MOCK_FEED
POS00600120250705,PORT006,INS0017,2025-07-05,2532,119.5284,302645.91,8807.83,EUR,MOCK_FEED
POS00600220250705,PORT006,INS0018,2025-07-05,4915,43.2921,212780.67,7500.49,USD,MOCK_FEED
POS00600320250705,PORT006,INS0019,2025-07-05,3786,17.9804,68073.79,-970.46,USD,MOCK_FEED
POS00600420250705,PORT006,INS0020,2025-07-05,164,10.2185,1675.83,-7.0,INR,MOCK_FEED
POS00600520250705,PORT006,INS0021,2025-07-05,3967,48.6437,192969.56,85.88,INR,MOCK_FEED
POS00600620250705,PORT006,INS0022,2025-07-05,696,43.8139,30494.47,-816.85,GBP,MOCK_FEED
POS00600720250705,PORT006,INS0023,2025-07-05,2202,51.2352,112819.91,3049.4,USD,MOCK_FEED
POS00600820250705,PORT006,INS0024,2025-07-05,751,65.3136,49050.51,-249.83,GBP,MOCK_FEED
POS00600920250705,PORT006,INS0025,2025-07-05,1905,25.2616,48123.35,-694.53,INR,MOCK_FEED
POS00601020250705,PORT006,INS0026,2025-07-05,3607,47.3049,170628.77,-2752.87,USD,MOCK_FEED
POS00600120250706,PORT006,INS0017,2025-07-06,1632,120.8779,197272.73,6713.41,EUR,MOCK_FEED
POS00600220250706,PORT006,INS0018,2025-07-06,643,42.8837,27574.22,508.27,INR,MOCK_FEED
POS00600320250706,PORT006,INS0019,2025-07-06,1810,17.9153,32426.69,-4.74,INR,MOCK_FEED
POS00600420250706,PORT006,INS0020,2025-07-06,4434,10.0353,44496.52,-1004.65,INR,MOCK_FEED
POS00600520250706,PORT006,INS0021,2025-07-06,2796,48.5069,135625.29,2986.46,USD,MOCK_FEED
POS00600620250706,PORT006,INS0022,2025-07-06,2080,44.0959,91719.47,920.39,USD,MOCK_FEED
POS00600720250706,PORT006,INS0023,2025-07-06,4639,50.6509,234969.53,-7011.39,USD,MOCK_FEED
POS00600820250706,PORT006,INS0024,2025-07-06,2407,65.6882,158111.5,1285.91,EUR,MOCK_FEED
POS00600920250706,PORT006,INS0025,2025-07-06,3495,25.4002,88773.7,902.95,EUR,MOCK_FEED
POS00601020250706,PORT006,INS0026,2025-07-06,708,47.8883,33904.92,-579.51,EUR,MOCK_FEED
POS00600120250707,PORT006,INS0017,2025-07-07,4388,124.0707,544422.23,14966.68,USD,MOCK_FEED
POS00600220250707,PORT006,INS0018,2025-07-07,4103,42.6674,175064.34,3807.69,INR,MOCK_FEED
POS00600320250707,PORT006,INS0019,2025-07-07,2071,18.0078,37294.15,625.97,USD,MOCK_FEED
POS00600420250707,PORT006,INS0020,2025-07-07,2475,9.8927,24484.43,-550.53,GBP,MOCK_FEED
POS00600520250707,PORT006,INS0021,2025-07-07,4150,49.0139,203407.68,434.47,INR,MOCK_FEED
POS00600620250707,PORT006,INS0022,2025-07-07,2266,44.6518,101180.98,2023.48,INR,MOCK_FEED
POS00600720250707,PORT006,INS0023,2025-07-07,3299,51.3108,169274.33,2247.39,GBP,MOCK_FEED
POS00600820250707,PORT006,INS0024,2025-07-07,1943,65.1587,126603.35,-3315.71,USD,MOCK_FEED
POS00600920250707,PORT006,INS0025,2025-07-07,4219,25.4826,107511.09,3957.86,USD,MOCK_FEED
POS00601020250707,PORT006,INS0026,2025-07-07,1005,48.7547,48998.47,-1344.16,INR,MOCK_FEED
POS00600120250708,PORT006,INS0017,2025-07-08,2814,124.1857,349458.56,-6832.75,EUR,MOCK_FEED
POS00600220250708,PORT006,INS0018,2025-07-08,2425,43.1188,104563.09,2577.7,INR,MOCK_FEED
POS00600320250708,PORT006,INS0019,2025-07-08,3648,18.2342,66518.36,-189.48,GBP,MOCK_FEED
POS00600420250708,PORT006,INS0020,2025-07-08,2605,9.9418,25898.39,120.63,GBP,MOCK_FEED
POS00600520250708,PORT006,INS0021,2025-07-08,4646,49.8706,231698.81,5799.92,INR,MOCK_FEED
POS00600620250708,PORT006,INS0022,2025-07-08,4360,44.9588,196020.37,-1510.22,EUR,MOCK_FEED
POS00600720250708,PORT006,INS0023,2025-07-08,3262,51.5951,168303.22,5010.65,GBP,MOCK_FEED
POS00600820250708,PORT006,INS0024,2025-07-08,1064,65.4207,69607.62,1341.54,GBP,MOCK_FEED
POS00600920250708,PORT006,INS0025,2025-07-08,1437,25.4531,36576.1,706.55,USD,MOCK_FEED
POS00601020250708,PORT006,INS0026,2025-07-08,1303,48.3927,63055.69,-760.22,INR,MOCK_FEED
POS00600120250709,PORT006,INS0017,2025-07-09,438,127.423,55811.27,1191.36,EUR,MOCK_FEED
POS00600220250709,PORT006,INS0018,2025-07-09,4443,43.7031,194172.87,4309.82,INR,MOCK_FEED
POS00600320250709,PORT006,INS0019,2025-07-09,3749,18.2267,68331.9,-1321.69,EUR,MOCK_FEED
POS00600420250709,PORT006,INS0020,2025-07-09,3853,10.0782,38831.3,1456.52,EUR,MOCK_FEED
POS00600520250709,PORT006,INS0021,2025-07-09,3305,50.0584,165443.01,-1014.19,USD,MOCK_FEED
POS00600620250709,PORT006,INS0022,2025-07-09,2440,43.9845,107322.18,3193.88,EUR,MOCK_FEED
POS00600720250709,PORT006,INS0023,2025-07-09,1889,51.5758,97426.69,951.55,GBP,MOCK_FEED
POS00600820250709,PORT006,INS0024,2025-07-09,1372,64.5973,88627.5,2809.89,EUR,MOCK_FEED
POS00600920250709,PORT006,INS0025,2025-07-09,2722,25.8827,70452.71,2137.02,EUR,MOCK_FEED
POS00601020250709,PORT006,INS0026,2025-07-09,3570,48.2986,172426.0,6179.69,GBP,MOCK_FEED
POS00600120250710,PORT006,INS0017,2025-07-10,1727,127.4675,220136.37,-5155.12,EUR,MOCK_FEED
POS00600220250710,PORT006,INS0018,2025-07-10,4019,43.626,175332.89,-3185.97,INR,MOCK_FEED
POS00600320250710,PORT006,INS0019,2025-07-10,2730,18.3937,50214.8,899.47,EUR,MOCK_FEED
POS00600420250710,PORT006,INS0020,2025-07-10,3826,10.0571,38478.46,1134.22,EUR,MOCK_FEED
POS00600520250710,PORT006,INS0021,2025-07-10,1094,49.8847,54573.86,-1036.38,USD,MOCK_FEED
POS00600620250710,PORT006,INS0022,2025-07-10,3373,43.7361,147521.87,1135.59,USD,MOCK_FEED
POS00600720250710,PORT006,INS0023,2025-07-10,1977,51.7235,102257.36,3595.46,EUR,MOCK_FEED
POS00600820250710,PORT006,INS0024,2025-07-10,2265,65.3671,148056.48,-1310.16,EUR,MOCK_FEED
POS00600920250710,PORT006,INS0025,2025-07-10,2631,25.8013,67883.22,-1051.39,INR,MOCK_FEED
POS00601020250710,PORT006,INS0026,2025-07-10,3801,48.7295,185220.83,-1112.37,EUR,MOCK_FEED
POS00600120250711,PORT006,INS0017,2025-07-11,2769,127.1634,352115.45,-5880.68,EUR,MOCK_FEED
POS00600220250711,PORT006,INS0018,2025-07-11,1585,43.1667,68419.22,2233.01,INR,MOCK_FEED
POS00600320250711,PORT006,INS0019,2025-07-11,936,18.0824,16925.13,426.57,GBP,MOCK_FEED
POS00600420250711,PORT006,INS0020,2025-07-11,2097,9.968,20902.9,-492.98,INR,MOCK_FEED
POS00600520250711,PORT006,INS0021,2025-07-11,4343,50.0908,217544.34,4395.99,GBP,MOCK_FEED
POS00600620250711,PORT006,INS0022,2025-07-11,3181,43.9202,139710.16,-473.72,EUR,MOCK_FEED
POS00600720250711,PORT006,INS0023,2025-07-11,254,51.3507,13043.08,7.56,EUR,MOCK_FEED
POS00600820250711,PORT006,INS0024,2025-07-11,1954,65.854,128678.72,-2183.95,INR,MOCK_FEED
POS00600920250711,PORT006,INS0025,2025-07-11,1552,25.9518,40277.19,1479.5,GBP,MOCK_FEED
POS00601020250711,PORT006,INS0026,2025-07-11,732,48.8525,35760.03,184.21,USD,MOCK_FEED
POS00600120250712,PORT006,INS0017,2025-07-12,2628,126.3839,332136.89,-9099.59,GBP,MOCK_FEED
POS00600220250712,PORT006,INS0018,2025-07-12,1076,43.7214,47044.23,-573.29,GBP,MOCK_FEED
POS00600320250712,PORT006,INS0019,2025-07-12,1735,17.9489,31141.34,-488.6,GBP,MOCK_FEED
POS00600420250712,PORT006,INS0020,2025-07-12,572,10.0344,5739.68,177.34,INR,MOCK_FEED
POS00600520250712,PORT006,INS0021,2025-07-12,2612,49.0004,127989.04,-1889.72,INR,MOCK_FEED
POS00600620250712,PORT006,INS0022,2025-07-12,2983,44.6786,133276.26,3146.13,EUR,MOCK_FEED
POS00600720250712,PORT006,INS0023,2025-07-12,2387,51.3343,122534.97,-3143.73,INR,MOCK_FEED
POS00600820250712,PORT006,INS0024,2025-07-12,3884,65.5778,254704.18,-1589.43,GBP,MOCK_FEED
POS00600920250712,PORT006,INS0025,2025-07-12,2910,25.8398,75193.82,-1771.8,USD,MOCK_FEED
POS00601020250712,PORT006,INS0026,2025-07-12,4858,47.6594,231529.37,1243.88,GBP,MOCK_FEED
POS00600120250713,PORT006,INS0017,2025-07-13,3459,124.0954,429245.99,10153.16,EUR,MOCK_FEED
POS00600220250713,PORT006,INS0018,2025-07-13,720,43.6487,31427.06,789.94,INR,MOCK_FEED
POS00600320250713,PORT006,INS0019,2025-07-13,2118,17.972,38064.7,1514.2,INR,MOCK_FEED
POS00600420250713,PORT006,INS0020,2025-07-13,4417,10.0833,44537.94,1457.12,GBP,MOCK_FEED
POS00600520250713,PORT006,INS0021,2025-07-13,2963,48.5114,143739.28,-1508.3,USD,MOCK_FEED
POS00600620250713,PORT006,INS0022,2025-07-13,2374,44.928,106659.07,3691.94,INR,MOCK_FEED
POS00600720250713,PORT006,INS0023,2025-07-13,2890,51.8202,149760.38,237.77,EUR,MOCK_FEED
POS00600820250713,PORT006,INS0024,2025-07-13,1917,64.6373,123909.7,1400.51,USD,MOCK_FEED
POS00600920250713,PORT006,INS0025,2025-07-13,3310,25.692,85040.52,-1561.92,INR,MOCK_FEED
POS00601020250713,PORT006,INS0026,2025-07-13,1645,46.7951,76977.94,2896.96,USD,MOCK_FEED
POS00600120250714,PORT006,INS0017,2025-07-14,739,123.7372,91441.79,-938.4,GBP,MOCK_FEED
POS00600220250714,PORT006,INS0018,2025-07-14,3044,43.9672,133836.16,3935.7,GBP,MOCK_FEED
POS00600320250714,PORT006,INS0019,2025-07-14,4644,18.1063,84085.66,-553.9,EUR,MOCK_FEED
POS00600420250714,PORT006,INS0020,2025-07-14,807,10.1439,8186.13,-151.11,INR,MOCK_FEED
POS00600520250714,PORT006,INS0021,2025-07-14,1180,48.8011,57585.3,2001.49,GBP,MOCK_FEED
POS00600620250714,PORT006,INS0022,2025-07-14,927,44.6253,41367.65,-571.85,GBP,MOCK_FEED
POS00600720250714,PORT006,INS0023,2025-07-14,868,51.5417,44738.2,-899.1,USD,MOCK_FEED
POS00600820250714,PORT006,INS0024,2025-07-14,224,64.6378,14478.87,-14.0,USD,MOCK_FEED
POS00600920250714,PORT006,INS0025,2025-07-14,4431,25.4285,112673.68,-1653.65,USD,MOCK_FEED
POS00601020250714,PORT006,INS0026,2025-07-14,3847,46.946,180601.26,-3028.58,EUR,MOCK_FEED
POS00600120250715,PORT006,INS0017,2025-07-15,699,122.7735,85818.68,326.76,USD,MOCK_FEED
POS00600220250715,PORT006,INS0018,2025-07-15,3185,43.2389,137715.9,-3565.61,INR,MOCK_FEED
POS00600320250715,PORT006,INS0019,2025-07-15,833,18.4979,15408.75,325.66,EUR,MOCK_FEED
POS00600420250715,PORT006,INS0020,2025-07-15,889,10.136,9010.9,293.95,INR,MOCK_FEED
POS00600520250715,PORT006,INS0021,2025-07-15,4370,49.7788,217533.36,-5611.24,USD,MOCK_FEED
POS00600620250715,PORT006,INS0022,2025-07-15,2963,45.5138,134857.39,189.88,EUR,MOCK_FEED
POS00600720250715,PORT006,INS0023,2025-07-15,1775,52.7824,93688.76,-1166.93,GBP,MOCK_FEED
POS00600820250715,PORT006,INS0024,2025-07-15,1188,64.5104,76638.36,2422.7,USD,MOCK_FEED
POS00600920250715,PORT006,INS0025,2025-07-15,4217,25.1282,105965.62,3485.54,USD,MOCK_FEED
POS00601020250715,PORT006,INS0026,2025-07-15,1399,47.8834,66988.88,-1380.63,USD,MOCK_FEED
POS00600120250716,PORT006,INS0017,2025-07-16,2059,123.6642,254624.59,4219.34,USD,MOCK_FEED
POS00600220250716,PORT006,INS0018,2025-07-16,4585,43.0606,197432.85,802.56,INR,MOCK_FEED
POS00600320250716,PORT006,INS0019,2025-07-16,344,18.8584,6487.29,176.81,EUR,MOCK_FEED
POS00600420250716,PORT006,INS0020,2025-07-16,104,10.1929,1060.06,-1.69,USD,MOCK_FEED
POS00600520250716,PORT006,INS0021,2025-07-16,4289,49.476,212202.56,1178.77,EUR,MOCK_FEED
POS00600620250716,PORT006,INS0022,2025-07-16,2964,45.2822,134216.44,3456.46,INR,MOCK_FEED
POS00600720250716,PORT006,INS0023,2025-07-16,1628,52.9519,86205.69,2602.57,INR,MOCK_FEED
POS00600820250716,PORT006,INS0024,2025-07-16,2957,63.7202,188420.63,-3615.93,INR,MOCK_FEED
POS00600920250716,PORT006,INS0025,2025-07-16,1332,25.0489,33365.13,-905.27,EUR,MOCK_FEED
POS00601020250716,PORT006,INS0026,2025-07-16,2899,47.0329,136348.38,-2587.73,INR,MOCK_FEED
POS00600120250717,PORT006,INS0017,2025-07-17,1301,125.4982,163273.16,1711.95,GBP,MOCK_FEED
POS00600220250717,PORT006,INS0018,2025-07-17,1588,43.1966,68596.2,2638.7,USD,MOCK_FEED
POS00600320250717,PORT006,INS0019,2025-07-17,3143,18.4583,58014.44,1852.14,USD,MOCK_FEED
POS00600420250717,PORT006,INS0020,2025-07-17,3834,10.188,39060.79,99.28,INR,MOCK_FEED
POS00600520250717,PORT006,INS0021,2025-07-17,1342,48.6891,65340.77,-1360.63,USD,MOCK_FEED
POS00600620250717,PORT006,INS0022,2025-07-17,1192,44.933,53560.14,-396.43,INR,MOCK_FEED
POS00600720250717,PORT006,INS0023,2025-07-17,1836,53.349,97948.76,879.07,USD,MOCK_FEED
POS00600820250717,PORT006,INS0024,2025-07-17,1127,64.6375,72846.46,0.79,EUR,MOCK_FEED
POS00600920250717,PORT006,INS0025,2025-07-17,4121,25.5398,105249.52,2876.78,GBP,MOCK_FEED
POS00601020250717,PORT006,INS0026,2025-07-17,2495,47.4171,118305.66,60.84,EUR,MOCK_FEED
POS00600120250718,PORT006,INS0017,2025-07-18,4649,124.9189,580747.97,21610.53,INR,MOCK_FEED
POS00600220250718,PORT006,INS0018,2025-07-18,3788,43.2016,163647.66,-1597.63,GBP,MOCK_FEED
POS00600320250718,PORT006,INS0019,2025-07-18,469,18.2181,8544.29,193.15,USD,MOCK_FEED
POS00600420250718,PORT006,INS0020,2025-07-18,581,10.1882,5919.34,19.55,INR,MOCK_FEED
POS00600520250718,PORT006,INS0021,2025-07-18,3465,47.8442,165780.15,-2983.82,INR,MOCK_FEED
POS00600620250718,PORT006,INS0022,2025-07-18,3240,45.7037,148079.99,-2954.07,GBP,MOCK_FEED
POS00600720250718,PORT006,INS0023,2025-07-18,1591,53.3242,84838.8,64.03,USD,MOCK_FEED
POS00600820250718,PORT006,INS0024,2025-07-18,4955,65.7882,325980.53,-3163.24,INR,MOCK_FEED
POS00600920250718,PORT006,INS0025,2025-07-18,4826,25.3645,122409.08,646.09,USD,MOCK_FEED
POS00601020250718,PORT006,INS0026,2025-07-18,3920,48.1892,188901.66,68.37,EUR,MOCK_FEED
POS00600120250719,PORT006,INS0017,2025-07-19,1780,124.7709,222092.2,-6319.01,GBP,MOCK_FEED
POS00600220250719,PORT006,INS0018,2025-07-19,1684,43.3956,73078.19,-1943.03,USD,MOCK_FEED
POS00600320250719,PORT006,INS0019,2025-07-19,4976,18.1891,90508.96,-666.14,GBP,MOCK_FEED
POS00600420250719,PORT006,INS0020,2025-07-19,506,10.2748,5199.05,-115.88,INR,MOCK_FEED
POS00600520250719,PORT006,INS0021,2025-07-19,415,48.4767,20117.83,544.54,INR,MOCK_FEED
POS00600620250719,PORT006,INS0022,2025-07-19,1909,44.4292,84815.34,-1770.39,USD,MOCK_FEED
POS00600720250719,PORT006,INS0023,2025-07-19,276,53.7779,14842.7,66.85,INR,MOCK_FEED
POS00600820250719,PORT006,INS0024,2025-07-19,647,65.4363,42337.29,-301.89,INR,MOCK_FEED
POS00600920250719,PORT006,INS0025,2025-07-19,1343,25.8353,34696.81,-606.76,USD,MOCK_FEED
POS00601020250719,PORT006,INS0026,2025-07-19,1274,48.3132,61551.02,1717.5,EUR,MOCK_FEED
POS00600120250720,PORT006,INS0017,2025-07-20,4822,122.6747,591537.4,14958.73,GBP,MOCK_FEED
POS00600220250720,PORT006,INS0018,2025-07-20,3612,43.2203,156111.72,-2627.92,USD,MOCK_FEED
POS00600320250720,PORT006,INS0019,2025-07-20,3369,17.8066,59990.44,1546.4,INR,MOCK_FEED
POS00600420250720,PORT006,INS0020,2025-07-20,2634,10.4251,27459.71,-360.32,EUR,MOCK_FEED
POS00600520250720,PORT006,INS0021,2025-07-20,4930,48.4135,238678.55,5239.13,EUR,MOCK_FEED
POS00600620250720,PORT006,INS0022,2025-07-20,4019,44.2413,177805.78,-2416.82,USD,MOCK_FEED
POS00600720250720,PORT006,INS0023,2025-07-20,601,53.3859,32084.93,-462.84,GBP,MOCK_FEED
POS00600820250720,PORT006,INS0024,2025-07-20,1564,65.6449,102668.62,7.44,EUR,MOCK_FEED
POS00600920250720,PORT006,INS0025,2025-07-20,3457,25.7745,89102.45,-1551.37,USD,MOCK_FEED
POS00601020250720,PORT006,INS0026,2025-07-20,767,48.7611,37399.76,1237.72,INR,MOCK_FEED
POS00600120250721,PORT006,INS0017,2025-07-21,2375,124.2199,295022.26,2903.95,INR,MOCK_FEED
POS00600220250721,PORT006,INS0018,2025-07-21,1467,42.4949,62340.02,-219.45,USD,MOCK_FEED
POS00600320250721,PORT006,INS0019,2025-07-21,3655,18.028,65892.34,2622.74,USD,MOCK_FEED
POS00600420250721,PORT006,INS0020,2025-07-21,4855,10.5384,51163.93,1107.53,EUR,MOCK_FEED
POS00600520250721,PORT006,INS0021,2025-07-21,3077,48.391,148899.11,1514.53,EUR,MOCK_FEED
POS00600620250721,PORT006,INS0022,2025-07-21,2744,44.9492,123340.6,-3303.05,EUR,MOCK_FEED
POS00600720250721,PORT006,INS0023,2025-07-21,436,52.2992,22802.45,495.02,EUR,MOCK_FEED
POS00600820250721,PORT006,INS0024,2025-07-21,943,65.7268,61980.37,106.99,EUR,MOCK_FEED
POS00600920250721,PORT006,INS0025,2025-07-21,4078,25.8433,105388.98,-250.0,GBP,MOCK_FEED
POS00601020250721,PORT006,INS0026,2025-07-21,4451,49.2896,219388.01,332.66,EUR,MOCK_FEED
POS00600120250722,PORT006,INS0017,2025-07-22,1558,124.4886,193953.24,-84.92,INR,MOCK_FEED
POS00600220250722,PORT006,INS0018,2025-07-22,2788,42.7096,119074.36,-3090.1,EUR,MOCK_FEED
POS00600320250722,PORT006,INS0019,2025-07-22,4631,17.8768,82787.46,-1268.16,USD,MOCK_FEED
POS00600420250722,PORT006,INS0020,2025-07-22,4565,10.5277,48058.95,1403.91,GBP,MOCK_FEED
POS00600520250722,PORT006,INS0021,2025-07-22,3091,49.5345,153111.14,1186.12,USD,MOCK_FEED
POS00600620250722,PORT006,INS0022,2025-07-22,3510,43.9993,154437.54,1551.97,GBP,MOCK_FEED
POS00600720250722,PORT006,INS0023,2025-07-22,447,53.2471,23801.45,-636.1,GBP,MOCK_FEED
POS00600820250722,PORT006,INS0024,2025-07-22,4144,66.738,276562.27,-1340.18,GBP,MOCK_FEED
POS00600920250722,PORT006,INS0025,2025-07-22,3012,25.5659,77004.49,615.41,EUR,MOCK_FEED
POS00601020250722,PORT006,INS0026,2025-07-22,4820,49.2953,237603.35,4247.95,EUR,MOCK_FEED
POS00600120250723,PORT006,INS0017,2025-07-23,4577,124.7657,571052.61,12539.45,INR,MOCK_FEED
POS00600220250723,PORT006,INS0018,2025-07-23,3142,43.0033,135116.37,-1392.2,EUR,MOCK_FEED
POS00600320250723,PORT006,INS0019,2025-07-23,1850,17.7054,32754.99,358.54,EUR,MOCK_FEED
POS00600420250723,PORT006,INS0020,2025-07-23,3756,10.4205,39139.4,-680.52,EUR,MOCK_FEED
POS00600520250723,PORT006,INS0021,2025-07-23,3936,49.7491,195812.46,5193.18,USD,MOCK_FEED
POS00600620250723,PORT006,INS0022,2025-07-23,2356,44.0934,103884.05,3690.95,USD,MOCK_FEED
POS00600720250723,PORT006,INS0023,2025-07-23,3053,54.9311,167704.65,-3945.67,USD,MOCK_FEED
POS00600820250723,PORT006,INS0024,2025-07-23,2766,66.2221,183170.33,1113.64,INR,MOCK_FEED
POS00600920250723,PORT006,INS0025,2025-07-23,247,25.9985,6421.63,-183.78,GBP,MOCK_FEED
POS00601020250723,PORT006,INS0026,2025-07-23,1320,48.9279,64584.83,-184.09,GBP,MOCK_FEED
POS00600120250724,PORT006,INS0017,2025-07-24,1445,123.8784,179004.29,-3572.72,GBP,MOCK_FEED
POS00600220250724,PORT006,INS0018,2025-07-24,591,42.8508,25324.82,284.3,INR,MOCK_FEED
POS00600320250724,PORT006,INS0019,2025-07-24,4928,17.6153,86808.2,3114.07,EUR,MOCK_FEED
POS00600420250724,PORT006,INS0020,2025-07-24,4861,10.453,50812.03,1743.09,EUR,MOCK_FEED
POS00600520250724,PORT006,INS0021,2025-07-24,1143,50.4118,57620.69,-535.74,INR,MOCK_FEED
POS00600620250724,PORT006,INS0022,2025-07-24,3605,44.2299,159448.79,56.52,INR,MOCK_FEED
POS00600720250724,PORT006,INS0023,2025-07-24,4819,55.1016,265534.61,5907.1,INR,MOCK_FEED
POS00600820250724,PORT006,INS0024,2025-07-24,4349,65.9769,286933.54,740.7,USD,MOCK_FEED
POS00600920250724,PORT006,INS0025,2025-07-24,2722,26.1378,71147.09,1484.34,INR,MOCK_FEED
POS00601020250724,PORT006,INS0026,2025-07-24,4275,48.1678,205917.35,5280.37,EUR,MOCK_FEED
POS00600120250725,PORT006,INS0017,2025-07-25,3599,123.3965,444104.0,825.05,USD,MOCK_FEED
POS00600220250725,PORT006,INS0018,2025-07-25,2245,43.4419,97527.07,991.86,EUR,MOCK_FEED
POS00600320250725,PORT006,INS0019,2025-07-25,3922,17.6369,69171.92,1658.04,GBP,MOCK_FEED
POS00600420250725,PORT006,INS0020,2025-07-25,4012,10.5076,42156.49,768.84,EUR,MOCK_FEED
POS00600520250725,PORT006,INS0021,2025-07-25,2732,48.6743,132978.19,-453.76,USD,MOCK_FEED
POS00600620250725,PORT006,INS0022,2025-07-25,293,43.6594,12792.2,246.87,EUR,MOCK_FEED
POS00600720250725,PORT006,INS0023,2025-07-25,315,55.4907,17479.57,687.28,INR,MOCK_FEED
POS00600820250725,PORT006,INS0024,2025-07-25,4656,66.2362,308395.75,-3762.42,INR,MOCK_FEED
POS00600920250725,PORT006,INS0025,2025-07-25,3954,26.0083,102836.82,-4.62,USD,MOCK_FEED
POS00601020250725,PORT006,INS0026,2025-07-25,2179,47.7371,104019.14,-7.74,EUR,MOCK_FEED
POS00600120250726,PORT006,INS0017,2025-07-26,4871,122.2956,595701.87,8345.56,INR,MOCK_FEED
POS00600220250726,PORT006,INS0018,2025-07-26,3294,43.7049,143963.94,-9.36,GBP,MOCK_FEED
POS00600320250726,PORT006,INS0019,2025-07-26,4061,17.6341,71612.08,1301.44,EUR,MOCK_FEED
POS00600420250726,PORT006,INS0020,2025-07-26,1998,10.5954,21169.61,793.7,USD,MOCK_FEED
POS00600520250726,PORT006,INS0021,2025-07-26,690,48.4818,33452.44,57.61,GBP,MOCK_FEED
POS00600620250726,PORT006,INS0022,2025-07-26,739,43.3937,32067.94,998.1,INR,MOCK_FEED
POS00600720250726,PORT006,INS0023,2025-07-26,814,55.6428,45293.24,-1131.24,INR,MOCK_FEED
POS00600820250726,PORT006,INS0024,2025-07-26,2431,64.8272,157594.92,-3382.85,GBP,MOCK_FEED
POS00600920250726,PORT006,INS0025,2025-07-26,4967,26.2002,130136.39,2557.61,INR,MOCK_FEED
POS00601020250726,PORT006,INS0026,2025-07-26,880,49.0027,43122.38,657.53,INR,MOCK_FEED
POS00600120250727,PORT006,INS0017,2025-07-27,3237,122.8017,397509.1,-1363.09,GBP,MOCK_FEED
POS00600220250727,PORT006,INS0018,2025-07-27,469,44.1549,20708.65,192.24,USD,MOCK_FEED
POS00600320250727,PORT006,INS0019,2025-07-27,2450,17.6033,43128.08,437.16,USD,MOCK_FEED
POS00600420250727,PORT006,INS0020,2025-07-27,2673,10.906,29151.74,1159.98,INR,MOCK_FEED
POS00600520250727,PORT006,INS0021,2025-07-27,3887,48.7618,189537.12,-561.97,USD,MOCK_FEED
POS00600620250727,PORT006,INS0022,2025-07-27,2116,42.6279,90200.64,112.36,INR,MOCK_FEED
POS00600720250727,PORT006,INS0023,2025-07-27,1677,56.5181,94780.85,-162.92,INR,MOCK_FEED
POS00600820250727,PORT006,INS0024,2025-07-27,3485,64.3218,224161.47,-2448.87,GBP,MOCK_FEED
POS00600920250727,PORT006,INS0025,2025-07-27,895,25.7042,23005.26,169.58,EUR,MOCK_FEED
POS00601020250727,PORT006,INS0026,2025-07-27,337,48.5235,16352.42,337.25,GBP,MOCK_FEED
POS00600120250728,PORT006,INS0017,2025-07-28,1656,124.1661,205619.06,1010.11,EUR,MOCK_FEED
POS00600220250728,PORT006,INS0018,2025-07-28,3094,44.4709,137592.96,4288.0,USD,MOCK_FEED
POS00600320250728,PORT006,INS0019,2025-07-28,3382,17.5635,59399.76,-507.77,INR,MOCK_FEED
POS00600420250728,PORT006,INS0020,2025-07-28,4734,10.8534,51380.0,-1200.87,INR,MOCK_FEED
POS00600520250728,PORT006,INS0021,2025-07-28,1681,50.0606,84151.87,-1645.41,EUR,MOCK_FEED
POS00600620250728,PORT006,INS0022,2025-07-28,4786,42.4637,203231.27,5147.35,EUR,MOCK_FEED
POS00600720250728,PORT006,INS0023,2025-07-28,349,56.3232,19656.8,-446.04,EUR,MOCK_FEED
POS00600820250728,PORT006,INS0024,2025-07-28,4599,64.1589,295066.78,-4764.05,EUR,MOCK_FEED
POS00600920250728,PORT006,INS0025,2025-07-28,4624,25.4113,117501.85,-204.55,INR,MOCK_FEED
POS00601020250728,PORT006,INS0026,2025-07-28,1676,47.9511,80366.04,-677.3,GBP,MOCK_FEED
POS00600120250729,PORT006,INS0017,2025-07-29,1563,123.0189,192278.54,1305.93,EUR,MOCK_FEED
POS00600220250729,PORT006,INS0018,2025-07-29,1549,44.2928,68609.55,-771.14,GBP,MOCK_FEED
POS00600320250729,PORT006,INS0019,2025-07-29,4582,17.5828,80564.39,-1479.34,GBP,MOCK_FEED
POS00600420250729,PORT006,INS0020,2025-07-29,4235,10.9827,46511.73,220.49,EUR,MOCK_FEED
POS00600520250729,PORT006,INS0021,2025-07-29,3157,49.7564,157080.95,6276.82,INR,MOCK_FEED
POS00600620250729,PORT006,INS0022,2025-07-29,3160,42.5445,134440.62,-192.4,INR,MOCK_FEED
POS00600720250729,PORT006,INS0023,2025-07-29,2599,55.5175,144289.98,3365.01,EUR,MOCK_FEED
POS00600820250729,PORT006,INS0024,2025-07-29,102,64.5846,6587.63,-21.87,EUR,MOCK_FEED
POS00600920250729,PORT006,INS0025,2025-07-29,3624,25.4516,92236.6,2294.93,EUR,MOCK_FEED
POS00601020250729,PORT006,INS0026,2025-07-29,4204,48.6681,204600.69,1715.14,EUR,MOCK_FEED
POS00600120250730,PORT006,INS0017,2025-07-30,2268,122.1701,277081.79,-5240.93,GBP,MOCK_FEED
POS00600220250730,PORT006,INS0018,2025-07-30,781,44.3037,34601.19,642.62,USD,MOCK_FEED
POS00600320250730,PORT006,INS0019,2025-07-30,311,18.0761,5621.67,153.49,USD,MOCK_FEED
POS00600420250730,PORT006,INS0020,2025-07-30,2121,11.0356,23406.51,-450.39,EUR,MOCK_FEED
POS00600520250730,PORT006,INS0021,2025-07-30,4059,49.4649,200778.03,7652.31,USD,MOCK_FEED
POS00600620250730,PORT006,INS0022,2025-07-30,1966,43.1903,84912.13,-2395.69,GBP,MOCK_FEED
POS00600720250730,PORT006,INS0023,2025-07-30,662,55.5118,36748.81,166.97,INR,MOCK_FEED
POS00600820250730,PORT006,INS0024,2025-07-30,4695,63.9852,300410.51,7709.52,USD,MOCK_FEED
POS00600920250730,PORT006,INS0025,2025-07-30,4971,25.6427,127469.86,901.42,USD,MOCK_FEED
POS00601020250730,PORT006,INS0026,2025-07-30,1295,48.0292,62197.81,-157.93,EUR,MOCK_FEED
POS00600120250731,PORT006,INS0017,2025-07-31,4730,121.195,573252.35,13416.38,GBP,MOCK_FEED
POS00600220250731,PORT006,INS0018,2025-07-31,544,44.5567,24238.84,465.93,EUR,MOCK_FEED
POS00600320250731,PORT006,INS0019,2025-07-31,2059,18.4477,37983.81,-122.66,EUR,MOCK_FEED
POS00600420250731,PORT006,INS0020,2025-07-31,3677,11.0389,40590.04,-501.83,GBP,MOCK_FEED
POS00600520250731,PORT006,INS0021,2025-07-31,1574,49.4591,77848.62,-371.19,INR,MOCK_FEED
POS00600620250731,PORT006,INS0022,2025-07-31,3519,43.7927,154106.51,2655.46,USD,MOCK_FEED
POS00600720250731,PORT006,INS0023,2025-07-31,1938,54.7225,106052.2,-2041.25,EUR,MOCK_FEED
POS00600820250731,PORT006,INS0024,2025-07-31,3656,65.5754,239743.66,-4338.27,EUR,MOCK_FEED
POS00600920250731,PORT006,INS0025,2025-07-31,1575,25.0729,39489.82,46.48,EUR,MOCK_FEED
POS00601020250731,PORT006,INS0026,2025-07-31,1621,49.3492,79995.05,540.82,GBP,MOCK_FEED
POS00600120250801,PORT006,INS0017,2025-08-01,1657,122.5549,203073.47,-4087.83,EUR,MOCK_FEED
POS00600220250801,PORT006,INS0018,2025-08-01,2213,45.2459,100129.18,-1202.74,INR,MOCK_FEED
POS00600320250801,PORT006,INS0019,2025-08-01,1882,18.8453,35466.85,852.08,USD,MOCK_FEED
POS00600420250801,PORT006,INS0020,2025-08-01,2653,10.7744,28584.48,795.48,USD,MOCK_FEED
POS00600520250801,PORT006,INS0021,2025-08-01,1977,49.1888,97246.26,1882.68,INR,MOCK_FEED
POS00600620250801,PORT006,INS0022,2025-08-01,1476,42.6668,62976.2,1957.57,EUR,MOCK_FEED
POS00600720250801,PORT006,INS0023,2025-08-01,1651,55.3262,91343.56,1276.4,GBP,MOCK_FEED
POS00600820250801,PORT006,INS0024,2025-08-01,435,65.4474,28469.62,-460.6,EUR,MOCK_FEED
POS00600920250801,PORT006,INS0025,2025-08-01,3527,25.4611,89801.3,1527.97,USD,MOCK_FEED
POS00601020250801,PORT006,INS0026,2025-08-01,1508,49.6323,74845.51,685.33,USD,MOCK_FEED
POS00600120250802,PORT006,INS0017,2025-08-02,3615,123.6969,447164.29,-9762.82,INR,MOCK_FEED
POS00600220250802,PORT006,INS0018,2025-08-02,3968,45.2381,179504.78,3162.14,EUR,MOCK_FEED
POS00600320250802,PORT006,INS0019,2025-08-02,4586,18.4698,84702.5,2382.38,USD,MOCK_FEED
POS00600420250802,PORT006,INS0020,2025-08-02,3704,10.5739,39165.73,-219.2,USD,MOCK_FEED
POS00600520250802,PORT006,INS0021,2025-08-02,2419,48.6995,117804.09,2842.37,GBP,MOCK_FEED
POS00600620250802,PORT006,INS0022,2025-08-02,1519,43.4516,66002.98,-1746.36,EUR,MOCK_FEED
POS00600720250802,PORT006,INS0023,2025-08-02,2819,55.2229,155673.36,2981.63,INR,MOCK_FEED
POS00600820250802,PORT006,INS0024,2025-08-02,2699,66.4737,179412.52,-2157.49,USD,MOCK_FEED
POS00600920250802,PORT006,INS0025,2025-08-02,2922,24.9669,72953.28,-277.08,GBP,MOCK_FEED
POS00601020250802,PORT006,INS0026,2025-08-02,3966,50.1273,198804.87,4502.63,INR,MOCK_FEED
POS00600120250803,PORT006,INS0017,2025-08-03,208,125.0725,26015.08,-132.78,INR,MOCK_FEED
POS00600220250803,PORT006,INS0018,2025-08-03,2731,45.8209,125136.88,-2892.91,INR,MOCK_FEED
POS00600320250803,PORT006,INS0019,2025-08-03,4307,18.6743,80430.21,-1719.52,EUR,MOCK_FEED
POS00600420250803,PORT006,INS0020,2025-08-03,3020,10.6066,32031.93,-368.11,USD,MOCK_FEED
POS00600520250803,PORT006,INS0021,2025-08-03,4105,47.5028,194998.99,7453.51,EUR,MOCK_FEED
POS00600620250803,PORT006,INS0022,2025-08-03,3311,43.3715,143603.04,46.58,USD,MOCK_FEED
POS00600720250803,PORT006,INS0023,2025-08-03,1224,55.8038,68303.85,1324.96,USD,MOCK_FEED
POS00600820250803,PORT006,INS0024,2025-08-03,4512,65.3558,294885.37,1472.98,GBP,MOCK_FEED
POS00600920250803,PORT006,INS0025,2025-08-03,481,25.2392,12140.06,29.08,EUR,MOCK_FEED
POS00601020250803,PORT006,INS0026,2025-08-03,666,50.5175,33644.65,617.79,USD,MOCK_FEED
POS00600120250804,PORT006,INS0017,2025-08-04,1983,124.618,247117.49,-4012.89,INR,MOCK_FEED
POS00600220250804,PORT006,INS0018,2025-08-04,1526,45.5528,69513.57,-1342.38,EUR,MOCK_FEED
POS00600320250804,PORT006,INS0019,2025-08-04,3253,19.0185,61867.18,2104.41,EUR,MOCK_FEED
POS00600420250804,PORT006,INS0020,2025-08-04,3135,10.8398,33982.77,384.67,USD,MOCK_FEED
POS00600520250804,PORT006,INS0021,2025-08-04,1836,47.5953,87384.97,581.24,USD,MOCK_FEED
POS00600620250804,PORT006,INS0022,2025-08-04,3966,43.1284,171047.23,6342.25,USD,MOCK_FEED
POS00600720250804,PORT006,INS0023,2025-08-04,4068,55.441,225533.99,-6368.65,USD,MOCK_FEED
POS00600820250804,PORT006,INS0024,2025-08-04,265,65.3396,17314.99,-321.05,INR,MOCK_FEED
POS00600920250804,PORT006,INS0025,2025-08-04,4560,25.2781,115268.14,-2463.32,USD,MOCK_FEED
POS00601020250804,PORT006,INS0026,2025-08-04,544,50.7782,27623.34,-817.48,USD,MOCK_FEED
POS00600120250805,PORT006,INS0017,2025-08-05,4916,124.4531,611811.44,-4316.61,USD,MOCK_FEED
POS00600220250805,PORT006,INS0018,2025-08-05,910,45.9101,41778.19,732.39,USD,MOCK_FEED
POS00600320250805,PORT006,INS0019,2025-08-05,3043,19.1845,58378.43,-1632.31,EUR,MOCK_FEED
POS00600420250805,PORT006,INS0020,2025-08-05,1774,10.7923,19145.54,410.6,GBP,MOCK_FEED
POS00600520250805,PORT006,INS0021,2025-08-05,3676,47.6547,175178.68,4982.5,EUR,MOCK_FEED
POS00600620250805,PORT006,INS0022,2025-08-05,806,43.2197,34835.08,-778.97,GBP,MOCK_FEED
POS00600720250805,PORT006,INS0023,2025-08-05,3472,56.3627,195691.29,3953.1,GBP,MOCK_FEED
POS00600820250805,PORT006,INS0024,2025-08-05,3337,63.6405,212368.35,-676.53,USD,MOCK_FEED
POS00600920250805,PORT006,INS0025,2025-08-05,4895,25.4567,124610.55,2542.64,GBP,MOCK_FEED
POS00601020250805,PORT006,INS0026,2025-08-05,2043,51.5508,105318.28,-789.1,GBP,MOCK_FEED
POS00600120250806,PORT006,INS0017,2025-08-06,3113,125.293,390037.11,-8380.41,EUR,MOCK_FEED
POS00600220250806,PORT006,INS0018,2025-08-06,849,46.1645,39193.66,-700.14,INR,MOCK_FEED
POS00600320250806,PORT006,INS0019,2025-08-06,3270,19.2419,62921.01,1131.11,USD,MOCK_FEED
POS00600420250806,PORT006,INS0020,2025-08-06,3393,10.8147,36694.28,-874.59,INR,MOCK_FEED
POS00600520250806,PORT006,INS0021,2025-08-06,4474,47.5538,212755.7,7062.14,EUR,MOCK_FEED
POS00600620250806,PORT006,INS0022,2025-08-06,2457,43.3296,106460.83,2951.76,USD,MOCK_FEED
POS00600720250806,PORT006,INS0023,2025-08-06,2600,57.6762,149958.12,3426.54,GBP,MOCK_FEED
POS00600820250806,PORT006,INS0024,2025-08-06,2151,63.9351,137524.4,2958.04,USD,MOCK_FEED
POS00600920250806,PORT006,INS0025,2025-08-06,4779,25.162,120249.2,386.17,EUR,MOCK_FEED
POS00601020250806,PORT006,INS0026,2025-08-06,3930,52.594,206694.42,1429.91,GBP,MOCK_FEED
POS00600120250807,PORT006,INS0017,2025-08-07,945,127.47,120459.15,2321.48,EUR,MOCK_FEED
POS00600220250807,PORT006,INS0018,2025-08-07,3940,45.7683,180327.1,-2727.99,USD,MOCK_FEED
POS00600320250807,PORT006,INS0019,2025-08-07,4471,19.3692,86599.69,-1769.97,USD,MOCK_FEED
POS00600420250807,PORT006,INS0020,2025-08-07,4381,10.8783,47657.83,-86.15,USD,MOCK_FEED
POS00600520250807,PORT006,INS0021,2025-08-07,3254,48.1713,156749.41,2255.45,INR,MOCK_FEED
POS00600620250807,PORT006,INS0022,2025-08-07,2257,43.2666,97652.72,-1915.04,GBP,MOCK_FEED
POS00600720250807,PORT006,INS0023,2025-08-07,2588,57.2568,148180.6,-2155.29,USD,MOCK_FEED
POS00600820250807,PORT006,INS0024,2025-08-07,457,64.417,29438.57,-560.09,EUR,MOCK_FEED
POS00600920250807,PORT006,INS0025,2025-08-07,1145,24.8486,28451.65,-129.64,USD,MOCK_FEED
POS00601020250807,PORT006,INS0026,2025-08-07,405,52.7105,21347.75,-387.34,EUR,MOCK_FEED
POS00600120250808,PORT006,INS0017,2025-08-08,731,128.9437,94257.84,3687.19,EUR,MOCK_FEED
POS00600220250808,PORT006,INS0018,2025-08-08,4153,46.345,192470.79,3689.22,EUR,MOCK_FEED
POS00600320250808,PORT006,INS0019,2025-08-08,2469,19.2547,47539.85,1821.56,USD,MOCK_FEED
POS00600420250808,PORT006,INS0020,2025-08-08,3378,10.8154,36534.42,-368.41,INR,MOCK_FEED
POS00600520250808,PORT006,INS0021,2025-08-08,367,48.5652,17823.43,520.17,GBP,MOCK_FEED
POS00600620250808,PORT006,INS0022,2025-08-08,4379,43.3655,189897.52,-1458.69,INR,MOCK_FEED
POS00600720250808,PORT006,INS0023,2025-08-08,629,58.0398,36507.03,-699.36,EUR,MOCK_FEED
POS00600820250808,PORT006,INS0024,2025-08-08,4732,63.2211,299162.25,-8918.04,GBP,MOCK_FEED
POS00600920250808,PORT006,INS0025,2025-08-08,1039,24.9699,25943.73,-593.34,EUR,MOCK_FEED
POS00601020250808,PORT006,INS0026,2025-08-08,1751,53.7573,94129.03,3413.56,USD,MOCK_FEED
POS00600120250809,PORT006,INS0017,2025-08-09,1941,127.1286,246756.61,5881.68,GBP,MOCK_FEED
POS00600220250809,PORT006,INS0018,2025-08-09,3631,45.641,165722.47,4969.11,EUR,MOCK_FEED
POS00600320250809,PORT006,INS0019,2025-08-09,961,18.8163,18082.46,-408.02,INR,MOCK_FEED
POS00600420250809,PORT006,INS0020,2025-08-09,4476,10.7711,48211.44,24.5,EUR,MOCK_FEED
POS00600520250809,PORT006,INS0021,2025-08-09,1720,48.0099,82577.03,-635.17,GBP,MOCK_FEED
POS00600620250809,PORT006,INS0022,2025-08-09,4861,43.3226,210591.16,2204.5,USD,MOCK_FEED
POS00600720250809,PORT006,INS0023,2025-08-09,2460,56.6397,139333.66,-1359.71,INR,MOCK_FEED
POS00600820250809,PORT006,INS0024,2025-08-09,1005,64.0974,64417.89,24.19,INR,MOCK_FEED
POS00600920250809,PORT006,INS0025,2025-08-09,2241,24.832,55648.51,401.9,EUR,MOCK_FEED
POS00601020250809,PORT006,INS0026,2025-08-09,2750,53.6085,147423.38,5745.48,INR,MOCK_FEED
POS00600120250810,PORT006,INS0017,2025-08-10,2152,126.085,271334.92,-4588.03,EUR,MOCK_FEED
POS00600220250810,PORT006,INS0018,2025-08-10,994,45.9124,45636.93,1722.51,GBP,MOCK_FEED
POS00600320250810,PORT006,INS0019,2025-08-10,2341,18.7702,43941.04,1023.33,INR,MOCK_FEED
POS00600420250810,PORT006,INS0020,2025-08-10,2907,10.9162,31733.39,153.02,GBP,MOCK_FEED
POS00600520250810,PORT006,INS0021,2025-08-10,3191,47.3438,151074.07,5200.24,EUR,MOCK_FEED
POS00600620250810,PORT006,INS0022,2025-08-10,2274,43.5342,98996.77,-79.29,GBP,MOCK_FEED
POS00600720250810,PORT006,INS0023,2025-08-10,3847,57.6251,221683.76,-1534.24,EUR,MOCK_FEED
POS00600820250810,PORT006,INS0024,2025-08-10,1738,62.7577,109072.88,-3212.03,GBP,MOCK_FEED
POS00600920250810,PORT006,INS0025,2025-08-10,2833,25.2979,71668.95,1484.79,USD,MOCK_FEED
POS00601020250810,PORT006,INS0026,2025-08-10,689,53.8707,37116.91,938.92,USD,MOCK_FEED
POS00600120250811,PORT006,INS0017,2025-08-11,2163,125.2672,270952.95,6843.23,EUR,MOCK_FEED
POS00600220250811,PORT006,INS0018,2025-08-11,2607,45.0537,117455.0,-1256.98,EUR,MOCK_FEED
POS00600320250811,PORT006,INS0019,2025-08-11,544,18.6397,10140.0,384.45,INR,MOCK_FEED
POS00600420250811,PORT006,INS0020,2025-08-11,3533,10.8931,38485.32,779.83,GBP,MOCK_FEED
POS00600520250811,PORT006,INS0021,2025-08-11,1621,47.3254,76714.47,-2209.33,EUR,MOCK_FEED
POS00600620250811,PORT006,INS0022,2025-08-11,3181,43.487,138332.15,-71.94,INR,MOCK_FEED
POS00600720250811,PORT006,INS0023,2025-08-11,1470,57.7586,84905.14,-1580.45,INR,MOCK_FEED
POS00600820250811,PORT006,INS0024,2025-08-11,4960,62.5907,310449.87,-6019.39,GBP,MOCK_FEED
POS00600920250811,PORT006,INS0025,2025-08-11,1728,25.3886,43871.5,536.52,USD,MOCK_FEED
POS00601020250811,PORT006,INS0026,2025-08-11,1738,54.7431,95143.51,-744.46,EUR,MOCK_FEED
POS00600120250812,PORT006,INS0017,2025-08-12,447,124.2251,55528.62,1624.8,EUR,MOCK_FEED
POS00600220250812,PORT006,INS0018,2025-08-12,3296,44.2792,145944.24,4145.27,USD,MOCK_FEED
POS00600320250812,PORT006,INS0019,2025-08-12,2196,18.6224,40894.79,296.42,USD,MOCK_FEED
POS00600420250812,PORT006,INS0020,2025-08-12,677,10.829,7331.23,-207.96,USD,MOCK_FEED
POS00600520250812,PORT006,INS0021,2025-08-12,4753,46.9522,223163.81,6870.03,EUR,MOCK_FEED
POS00600620250812,PORT006,INS0022,2025-08-12,3928,43.3674,170347.15,2934.76,INR,MOCK_FEED
POS00600720250812,PORT006,INS0023,2025-08-12,1727,57.3742,99085.24,-867.84,GBP,MOCK_FEED
POS00600820250812,PORT006,INS0024,2025-08-12,4144,62.9568,260892.98,4403.24,EUR,MOCK_FEED
POS00600920250812,PORT006,INS0025,2025-08-12,3157,25.4713,80412.89,2780.71,EUR,MOCK_FEED
POS00601020250812,PORT006,INS0026,2025-08-12,4735,55.2256,261493.22,-3300.44,EUR,MOCK_FEED
POS00600120250813,PORT006,INS0017,2025-08-13,3936,123.4189,485776.79,9609.8,GBP,MOCK_FEED
POS00600220250813,PORT006,INS0018,2025-08-13,1008,44.4737,44829.49,187.79,INR,MOCK_FEED
POS00600320250813,PORT006,INS0019,2025-08-13,1384,18.7623,25967.02,-534.06,USD,MOCK_FEED
POS00600420250813,PORT006,INS0020,2025-08-13,685,10.6639,7304.77,131.09,INR,MOCK_FEED
POS00600520250813,PORT006,INS0021,2025-08-13,526,47.5089,24989.68,712.89,USD,MOCK_FEED
POS00600620250813,PORT006,INS0022,2025-08-13,3621,43.869,158849.65,-2797.55,GBP,MOCK_FEED
POS00600720250813,PORT006,INS0023,2025-08-13,2833,55.989,158616.84,-2749.97,USD,MOCK_FEED
POS00600820250813,PORT006,INS0024,2025-08-13,4283,63.6181,272476.32,-5833.67,USD,MOCK_FEED
POS00600920250813,PORT006,INS0025,2025-08-13,4399,25.5886,112564.25,-1345.78,USD,MOCK_FEED
POS00601020250813,PORT006,INS0026,2025-08-13,1929,55.5358,107128.56,3130.82,USD,MOCK_FEED
POS00600120250814,PORT006,INS0017,2025-08-14,3409,121.7137,414922.0,-10075.9,EUR,MOCK_FEED
POS00600220250814,PORT006,INS0018,2025-08-14,2209,43.9604,97108.52,-2894.0,INR,MOCK_FEED
POS00600320250814,PORT006,INS0019,2025-08-14,1941,18.8219,36533.31,176.23,INR,MOCK_FEED
POS00600420250814,PORT006,INS0020,2025-08-14,4066,10.5902,43059.75,-165.88,GBP,MOCK_FEED
POS00600520250814,PORT006,INS0021,2025-08-14,1855,46.7939,86802.68,1169.61,EUR,MOCK_FEED
POS00600620250814,PORT006,INS0022,2025-08-14,3000,43.5113,130533.9,-1588.78,USD,MOCK_FEED
POS00600720250814,PORT006,INS0023,2025-08-14,1009,56.9314,57443.78,1203.73,EUR,MOCK_FEED
POS00600820250814,PORT006,INS0024,2025-08-14,2006,64.7368,129862.02,74.17,USD,MOCK_FEED
POS00600920250814,PORT006,INS0025,2025-08-14,4882,25.9008,126447.71,4550.86,EUR,MOCK_FEED
POS00601020250814,PORT006,INS0026,2025-08-14,2656,55.9068,148488.46,-1625.77,USD,MOCK_FEED
POS00600120250815,PORT006,INS0017,2025-08-15,3537,121.977,431432.65,-225.34,GBP,MOCK_FEED
POS00600220250815,PORT006,INS0018,2025-08-15,3740,44.2512,165499.49,5826.83,USD,MOCK_FEED
POS00600320250815,PORT006,INS0019,2025-08-15,3445,18.9524,65291.02,-708.18,GBP,MOCK_FEED
POS00600420250815,PORT006,INS0020,2025-08-15,3479,10.6217,36952.89,-289.14,EUR,MOCK_FEED
POS00600520250815,PORT006,INS0021,2025-08-15,2398,46.973,112641.25,-3067.19,USD,MOCK_FEED
POS00600620250815,PORT006,INS0022,2025-08-15,1353,43.8921,59386.01,2275.77,INR,MOCK_FEED
POS00600720250815,PORT006,INS0023,2025-08-15,2550,57.2773,146057.11,-1879.7,EUR,MOCK_FEED
POS00600820250815,PORT006,INS0024,2025-08-15,3174,65.1832,206891.48,6468.25,INR,MOCK_FEED
POS00600920250815,PORT006,INS0025,2025-08-15,4019,25.6902,103248.91,-1735.38,GBP,MOCK_FEED
POS00601020250815,PORT006,INS0026,2025-08-15,1984,55.7368,110581.81,1638.87,INR,MOCK_FEED
POS00600120250816,PORT006,INS0017,2025-08-16,437,121.5804,53130.63,-897.42,GBP,MOCK_FEED
POS00600220250816,PORT006,INS0018,2025-08-16,2719,44.1838,120135.75,-2658.61,INR,MOCK_FEED
POS00600320250816,PORT006,INS0019,2025-08-16,116,18.5643,2153.46,61.56,EUR,MOCK_FEED
POS00600420250816,PORT006,INS0020,2025-08-16,1680,10.4334,17528.11,-464.75,USD,MOCK_FEED
POS00600520250816,PORT006,INS0021,2025-08-16,1582,46.7919,74024.79,1484.26,INR,MOCK_FEED
POS00600620250816,PORT006,INS0022,2025-08-16,1115,42.8269,47751.99,41.18,GBP,MOCK_FEED
POS00600720250816,PORT006,INS0023,2025-08-16,4157,57.8624,240534.0,-5916.12,GBP,MOCK_FEED
POS00600820250816,PORT006,INS0024,2025-08-16,1984,65.5857,130122.03,-3052.84,EUR,MOCK_FEED
POS00600920250816,PORT006,INS0025,2025-08-16,2573,26.1324,67238.67,1970.01,INR,MOCK_FEED
POS00601020250816,PORT006,INS0026,2025-08-16,1862,54.8481,102127.16,-1693.11,GBP,MOCK_FEED
POS00600120250817,PORT006,INS0017,2025-08-17,4251,121.6901,517304.62,-630.8,EUR,MOCK_FEED
POS00600220250817,PORT006,INS0018,2025-08-17,1510,44.1084,66603.68,-180.53,INR,MOCK_FEED
POS00600320250817,PORT006,INS0019,2025-08-17,4502,18.5176,83366.24,2723.06,USD,MOCK_FEED
POS00600420250817,PORT006,INS0020,2025-08-17,2384,10.4017,24797.65,-314.33,EUR,MOCK_FEED
POS00600520250817,PORT006,INS0021,2025-08-17,2138,47.5428,101646.51,932.24,GBP,MOCK_FEED
POS00600620250817,PORT006,INS0022,2025-08-17,858,43.1342,37009.14,-1105.76,GBP,MOCK_FEED
POS00600720250817,PORT006,INS0023,2025-08-17,769,57.3945,44136.37,449.54,GBP,MOCK_FEED
POS00600820250817,PORT006,INS0024,2025-08-17,878,65.3624,57388.19,-420.74,GBP,MOCK_FEED
POS00600920250817,PORT006,INS0025,2025-08-17,1426,26.1382,37273.07,-461.54,USD,MOCK_FEED
POS00601020250817,PORT006,INS0026,2025-08-17,1934,55.8889,108089.13,-2166.37,GBP,MOCK_FEED
POS00600120250818,PORT006,INS0017,2025-08-18,2436,122.346,298034.86,9889.06,INR,MOCK_FEED
POS00600220250818,PORT006,INS0018,2025-08-18,173,44.5429,7705.92,-31.09,USD,MOCK_FEED
POS00600320250818,PORT006,INS0019,2025-08-18,4980,18.5841,92548.82,98.7,INR,MOCK_FEED
POS00600420250818,PORT006,INS0020,2025-08-18,574,10.4574,6002.55,-38.41,USD,MOCK_FEED
POS00600520250818,PORT006,INS0021,2025-08-18,3270,46.8484,153194.27,-1904.45,USD,MOCK_FEED
POS00600620250818,PORT006,INS0022,2025-08-18,2616,43.6372,114154.92,2570.34,EUR,MOCK_FEED
POS00600720250818,PORT006,INS0023,2025-08-18,4603,56.5459,260280.78,-661.98,GBP,MOCK_FEED
POS00600820250818,PORT006,INS0024,2025-08-18,3853,65.3043,251617.47,-3310.72,GBP,MOCK_FEED
POS00600920250818,PORT006,INS0025,2025-08-18,3445,26.0694,89809.08,-178.57,USD,MOCK_FEED
POS00601020250818,PORT006,INS0026,2025-08-18,2356,55.5393,130850.59,2861.68,EUR,MOCK_FEED
POS00600120250819,PORT006,INS0017,2025-08-19,2986,125.1886,373813.16,2092.77,EUR,MOCK_FEED
POS00600220250819,PORT006,INS0018,2025-08-19,4231,44.1362,186740.26,2522.98,USD,MOCK_FEED
POS00600320250819,PORT006,INS0019,2025-08-19,2298,18.7108,42997.42,-20.99,USD,MOCK_FEED
POS00600420250819,PORT006,INS0020,2025-08-19,4575,10.4692,47896.59,591.59,USD,MOCK_FEED
POS00600520250819,PORT006,INS0021,2025-08-19,822,47.2726,38858.08,1302.48,INR,MOCK_FEED
POS00600620250819,PORT006,INS0022,2025-08-19,3890,43.5534,169422.73,657.1,INR,MOCK_FEED
POS00600720250819,PORT006,INS0023,2025-08-19,3495,56.7118,198207.74,-3085.29,INR,MOCK_FEED
POS00600820250819,PORT006,INS0024,2025-08-19,3833,66.1649,253610.06,-684.87,USD,MOCK_FEED
POS00600920250819,PORT006,INS0025,2025-08-19,3315,25.7859,85480.26,1295.19,INR,MOCK_FEED
POS00601020250819,PORT006,INS0026,2025-08-19,2059,55.5376,114351.92,-289.13,USD,MOCK_FEED
POS00600120250820,PORT006,INS0017,2025-08-20,3617,127.5341,461290.84,-4520.67,USD,MOCK_FEED
POS00600220250820,PORT006,INS0018,2025-08-20,2534,44.5691,112938.1,-1111.38,INR,MOCK_FEED
POS00600320250820,PORT006,INS0019,2025-08-20,2971,18.5244,55035.99,-133.49,EUR,MOCK_FEED
POS00600420250820,PORT006,INS0020,2025-08-20,1614,10.288,16604.83,494.04,INR,MOCK_FEED
POS00600520250820,PORT006,INS0021,2025-08-20,4002,46.2409,185056.08,-483.3,EUR,MOCK_FEED
POS00600620250820,PORT006,INS0022,2025-08-20,660,43.5275,28728.15,1112.32,EUR,MOCK_FEED
POS00600720250820,PORT006,INS0023,2025-08-20,2448,57.4699,140686.32,-1582.11,INR,MOCK_FEED
POS00600820250820,PORT006,INS0024,2025-08-20,3507,66.5237,233298.62,-3493.92,USD,MOCK_FEED
POS00600920250820,PORT006,INS0025,2025-08-20,293,26.0282,7626.26,290.43,INR,MOCK_FEED
POS00601020250820,PORT006,INS0026,2025-08-20,1254,55.1781,69193.34,1308.26,INR,MOCK_FEED
POS00600120250821,PORT006,INS0017,2025-08-21,1825,130.4638,238096.43,8746.24,GBP,MOCK_FEED
POS00600220250821,PORT006,INS0018,2025-08-21,3556,45.1413,160522.46,-2148.58,EUR,MOCK_FEED
POS00600320250821,PORT006,INS0019,2025-08-21,1910,18.7015,35719.86,538.89,USD,MOCK_FEED
POS00600420250821,PORT006,INS0020,2025-08-21,3732,10.2873,38392.2,-826.3,USD,MOCK_FEED
POS00600520250821,PORT006,INS0021,2025-08-21,3838,45.6171,175078.43,-1450.48,INR,MOCK_FEED
POS00600620250821,PORT006,INS0022,2025-08-21,4657,44.393,206738.2,1255.0,EUR,MOCK_FEED
POS00600720250821,PORT006,INS0023,2025-08-21,2313,57.1482,132183.79,-2694.09,GBP,MOCK_FEED
POS00600820250821,PORT006,INS0024,2025-08-21,3274,67.1307,219785.91,5322.51,INR,MOCK_FEED
POS00600920250821,PORT006,INS0025,2025-08-21,824,26.0913,21499.23,77.38,USD,MOCK_FEED
POS00601020250821,PORT006,INS0026,2025-08-21,4278,55.8987,239134.64,1430.67,INR,MOCK_FEED
POS00600120250822,PORT006,INS0017,2025-08-22,2926,130.8548,382881.14,14179.18,GBP,MOCK_FEED
POS00600220250822,PORT006,INS0018,2025-08-22,4859,46.1742,224360.44,4394.48,GBP,MOCK_FEED
POS00600320250822,PORT006,INS0019,2025-08-22,681,19.0713,12987.56,-202.11,USD,MOCK_FEED
POS00600420250822,PORT006,INS0020,2025-08-22,3199,10.1731,32543.75,-497.77,GBP,MOCK_FEED
POS00600520250822,PORT006,INS0021,2025-08-22,4600,45.1766,207812.36,4962.96,USD,MOCK_FEED
POS00600620250822,PORT006,INS0022,2025-08-22,4066,44.5714,181227.31,-3728.39,EUR,MOCK_FEED
POS00600720250822,PORT006,INS0023,2025-08-22,1335,57.1924,76351.85,2999.04,GBP,MOCK_FEED
POS00600820250822,PORT006,INS0024,2025-08-22,3719,67.262,250147.38,842.03,EUR,MOCK_FEED
POS00600920250822,PORT006,INS0025,2025-08-22,1234,26.4653,32658.18,-971.46,USD,MOCK_FEED
POS00601020250822,PORT006,INS0026,2025-08-22,2879,56.4618,162553.52,5695.08,EUR,MOCK_FEED
POS00600120250823,PORT006,INS0017,2025-08-23,335,133.8495,44839.58,-374.31,INR,MOCK_FEED
POS00600220250823,PORT006,INS0018,2025-08-23,4155,46.9748,195180.29,3462.36,USD,MOCK_FEED
POS00600320250823,PORT006,INS0019,2025-08-23,1839,18.8739,34709.1,1217.59,USD,MOCK_FEED
POS00600420250823,PORT006,INS0020,2025-08-23,2994,10.2583,30713.35,962.97,EUR,MOCK_FEED
POS00600520250823,PORT006,INS0021,2025-08-23,3739,44.6551,166965.42,-3651.42,EUR,MOCK_FEED
POS00600620250823,PORT006,INS0022,2025-08-23,4117,44.5511,183416.88,2772.28,EUR,MOCK_FEED
POS00600720250823,PORT006,INS0023,2025-08-23,800,57.0632,45650.56,-394.79,GBP,MOCK_FEED
POS00600820250823,PORT006,INS0024,2025-08-23,2618,66.7715,174807.79,3946.0,INR,MOCK_FEED
POS00600920250823,PORT006,INS0025,2025-08-23,1735,26.354,45724.19,-1303.1,EUR,MOCK_FEED
POS00601020250823,PORT006,INS0026,2025-08-23,4199,55.5871,233410.23,936.64,GBP,MOCK_FEED
POS00600120250824,PORT006,INS0017,2025-08-24,3510,133.9674,470225.57,3617.91,INR,MOCK_FEED
POS00600220250824,PORT006,INS0018,2025-08-24,2965,47.2969,140235.31,-1371.42,GBP,MOCK_FEED
POS00600320250824,PORT006,INS0019,2025-08-24,2042,19.0725,38946.05,800.03,GBP,MOCK_FEED
POS00600420250824,PORT006,INS0020,2025-08-24,3749,10.3273,38717.05,-32.67,EUR,MOCK_FEED
POS00600520250824,PORT006,INS0021,2025-08-24,4408,45.7272,201565.5,-4908.02,INR,MOCK_FEED
POS00600620250824,PORT006,INS0022,2025-08-24,3658,44.4453,162580.91,-1342.19,INR,MOCK_FEED
POS00600720250824,PORT006,INS0023,2025-08-24,4349,57.6966,250922.51,-4187.2,INR,MOCK_FEED
POS00600820250824,PORT006,INS0024,2025-08-24,3922,66.657,261428.75,-7397.13,USD,MOCK_FEED
POS00600920250824,PORT006,INS0025,2025-08-24,706,26.3328,18590.96,224.95,GBP,MOCK_FEED
POS00601020250824,PORT006,INS0026,2025-08-24,4925,55.5684,273674.37,8781.01,INR,MOCK_FEED
POS00600120250825,PORT006,INS0017,2025-08-25,3117,132.7231,413697.9,6197.42,GBP,MOCK_FEED
POS00600220250825,PORT006,INS0018,2025-08-25,3123,47.6085,148681.35,1854.69,GBP,MOCK_FEED
POS00600320250825,PORT006,INS0019,2025-08-25,2091,19.0785,39893.14,1020.3,INR,MOCK_FEED
POS00600420250825,PORT006,INS0020,2025-08-25,4626,10.2876,47590.44,-760.9,GBP,MOCK_FEED
POS00600520250825,PORT006,INS0021,2025-08-25,106,45.887,4864.02,72.29,EUR,MOCK_FEED
POS00600620250825,PORT006,INS0022,2025-08-25,2195,45.4724,99811.92,-1301.6,GBP,MOCK_FEED
POS00600720250825,PORT006,INS0023,2025-08-25,2183,58.8536,128477.41,-2250.51,USD,MOCK_FEED
POS00600820250825,PORT006,INS0024,2025-08-25,4963,67.0007,332524.47,9763.88,EUR,MOCK_FEED
POS00600920250825,PORT006,INS0025,2025-08-25,4930,26.7959,132103.79,-1074.42,EUR,MOCK_FEED
POS00601020250825,PORT006,INS0026,2025-08-25,1350,55.834,75375.9,-381.96,GBP,MOCK_FEED
POS00600120250826,PORT006,INS0017,2025-08-26,2187,132.1203,288947.1,-1442.7,EUR,MOCK_FEED
POS00600220250826,PORT006,INS0018,2025-08-26,781,46.5965,36391.87,-934.51,GBP,MOCK_FEED
POS00600320250826,PORT006,INS0019,2025-08-26,2212,19.0148,42060.74,-421.76,USD,MOCK_FEED
POS00600420250826,PORT006,INS0020,2025-08-26,2965,10.3618,30722.74,-215.55,INR,MOCK_FEED
POS00600520250826,PORT006,INS0021,2025-08-26,4799,45.9668,220594.67,-2424.2,INR,MOCK_FEED
POS00600620250826,PORT006,INS0022,2025-08-26,4462,45.5218,203118.27,4448.3,GBP,MOCK_FEED
POS00600720250826,PORT006,INS0023,2025-08-26,1290,58.4704,75426.82,1354.39,EUR,MOCK_FEED
POS00600820250826,PORT006,INS0024,2025-08-26,3254,67.6428,220109.67,4154.94,EUR,MOCK_FEED
POS00600920250826,PORT006,INS0025,2025-08-26,3584,26.3654,94493.59,3034.96,USD,MOCK_FEED
POS00601020250826,PORT006,INS0026,2025-08-26,3413,56.7312,193623.59,2498.79,EUR,MOCK_FEED
POS00600120250827,PORT006,INS0017,2025-08-27,4177,131.9509,551158.91,2774.22,EUR,MOCK_FEED
POS00600220250827,PORT006,INS0018,2025-08-27,351,46.5179,16327.78,245.4,USD,MOCK_FEED
POS00600320250827,PORT006,INS0019,2025-08-27,4656,19.137,89101.87,1306.36,USD,MOCK_FEED
POS00600420250827,PORT006,INS0020,2025-08-27,4069,10.3953,42298.48,-120.44,USD,MOCK_FEED
POS00600520250827,PORT006,INS0021,2025-08-27,4829,45.1654,218103.72,8089.57,EUR,MOCK_FEED
POS00600620250827,PORT006,INS0022,2025-08-27,789,44.7982,35345.78,95.82,INR,MOCK_FEED
POS00600720250827,PORT006,INS0023,2025-08-27,2069,58.047,120099.24,3515.23,INR,MOCK_FEED
POS00600820250827,PORT006,INS0024,2025-08-27,1187,67.4049,80009.62,3199.95,USD,MOCK_FEED
POS00600920250827,PORT006,INS0025,2025-08-27,1047,26.3596,27598.5,538.34,GBP,MOCK_FEED
POS00601020250827,PORT006,INS0026,2025-08-27,357,55.7737,19911.21,468.19,USD,MOCK_FEED
POS00600120250828,PORT006,INS0017,2025-08-28,3914,133.8287,523805.53,-5034.61,INR,MOCK_FEED
POS00600220250828,PORT006,INS0018,2025-08-28,2799,46.556,130310.24,392.49,GBP,MOCK_FEED
POS00600320250828,PORT006,INS0019,2025-08-28,627,19.2297,12057.02,-355.18,USD,MOCK_FEED
POS00600420250828,PORT006,INS0020,2025-08-28,3276,10.2739,33657.3,-468.7,EUR,MOCK_FEED
POS00600520250828,PORT006,INS0021,2025-08-28,1541,44.6173,68755.26,387.03,USD,MOCK_FEED
POS00600620250828,PORT006,INS0022,2025-08-28,1936,44.7266,86590.7,-2483.29,EUR,MOCK_FEED
POS00600720250828,PORT006,INS0023,2025-08-28,4795,58.6,280987.0,2720.48,INR,MOCK_FEED
POS00600820250828,PORT006,INS0024,2025-08-28,1788,67.4765,120647.98,1908.31,GBP,MOCK_FEED
POS00600920250828,PORT006,INS0025,2025-08-28,3799,26.8089,101847.01,-2750.69,USD,MOCK_FEED
POS00601020250828,PORT006,INS0026,2025-08-28,3306,55.6971,184134.61,3071.11,INR,MOCK_FEED
POS00600120250829,PORT006,INS0017,2025-08-29,1932,132.6685,256315.54,6608.07,GBP,MOCK_FEED
POS00600220250829,PORT006,INS0018,2025-08-29,2521,46.8022,117988.35,1789.22,EUR,MOCK_FEED
POS00600320250829,PORT006,INS0019,2025-08-29,4728,19.0254,89952.09,2253.93,GBP,MOCK_FEED
POS00600420250829,PORT006,INS0020,2025-08-29,1286,10.3274,13281.04,-289.41,USD,MOCK_FEED
POS00600520250829,PORT006,INS0021,2025-08-29,4169,44.5637,185786.07,2593.81,EUR,MOCK_FEED
POS00600620250829,PORT006,INS0022,2025-08-29,4333,44.0689,190950.54,-2427.76,EUR,MOCK_FEED
POS00600720250829,PORT006,INS0023,2025-08-29,1919,58.5139,112288.17,2472.57,EUR,MOCK_FEED
POS00600820250829,PORT006,INS0024,2025-08-29,2223,66.6951,148263.21,-3813.44,EUR,MOCK_FEED
POS00600920250829,PORT006,INS0025,2025-08-29,216,26.1116,5640.11,-155.03,GBP,MOCK_FEED
POS00601020250829,PORT006,INS0026,2025-08-29,3927,55.7795,219046.1,7528.32,EUR,MOCK_FEED
POS00600120250830,PORT006,INS0017,2025-08-30,4344,131.5123,571289.43,8909.21,GBP,MOCK_FEED
POS00600220250830,PORT006,INS0018,2025-08-30,1944,47.0352,91436.43,2542.32,GBP,MOCK_FEED
POS00600320250830,PORT006,INS0019,2025-08-30,3965,18.8872,74887.75,-1319.96,USD,MOCK_FEED
POS00600420250830,PORT006,INS0020,2025-08-30,4681,10.3596,48493.29,-1055.69,EUR,MOCK_FEED
POS00600520250830,PORT006,INS0021,2025-08-30,3266,44.9648,146855.04,-607.33,GBP,MOCK_FEED
POS00600620250830,PORT006,INS0022,2025-08-30,4653,43.1935,200979.36,1018.42,GBP,MOCK_FEED
POS00600720250830,PORT006,INS0023,2025-08-30,1851,59.0066,109221.22,2952.99,EUR,MOCK_FEED
POS00600820250830,PORT006,INS0024,2025-08-30,4917,66.684,327885.23,2493.1,INR,MOCK_FEED
POS00600920250830,PORT006,INS0025,2025-08-30,4405,26.1299,115102.21,2008.63,EUR,MOCK_FEED
POS00601020250830,PORT006,INS0026,2025-08-30,778,55.6778,43317.33,511.64,INR,MOCK_FEED
POS00600120250831,PORT006,INS0017,2025-08-31,2006,130.9789,262743.67,8952.84,USD,MOCK_FEED
POS00600220250831,PORT006,INS0018,2025-08-31,1157,47.0788,54470.17,1081.78,INR,MOCK_FEED
POS00600320250831,PORT006,INS0019,2025-08-31,3943,18.8207,74210.02,-821.58,INR,MOCK_FEED
POS00600420250831,PORT006,INS0020,2025-08-31,3468,10.351,35897.27,1435.65,INR,MOCK_FEED
POS00600520250831,PORT006,INS0021,2025-08-31,1576,45.0261,70961.13,721.68,GBP,MOCK_FEED
POS00600620250831,PORT006,INS0022,2025-08-31,751,42.6937,32062.97,700.89,GBP,MOCK_FEED
POS00600720250831,PORT006,INS0023,2025-08-31,430,57.9328,24911.1,-572.98,EUR,MOCK_FEED
POS00600820250831,PORT006,INS0024,2025-08-31,4212,67.0134,282260.44,-2013.6,INR,MOCK_FEED
POS00600920250831,PORT006,INS0025,2025-08-31,1017,26.8779,27334.82,768.48,USD,MOCK_FEED
POS00601020250831,PORT006,INS0026,2025-08-31,3888,55.068,214104.38,-198.89,USD,MOCK_FEED
POS00600120250901,PORT006,INS0017,2025-09-01,656,131.1137,86010.59,2055.62,USD,MOCK_FEED
POS00600220250901,PORT006,INS0018,2025-09-01,2547,46.83,119276.01,-3098.9,EUR,MOCK_FEED
POS00600320250901,PORT006,INS0019,2025-09-01,1875,18.737,35131.88,509.95,EUR,MOCK_FEED
POS00600420250901,PORT006,INS0020,2025-09-01,2653,10.4433,27706.07,-552.86,EUR,MOCK_FEED
POS00600520250901,PORT006,INS0021,2025-09-01,2734,45.4053,124138.09,4251.28,GBP,MOCK_FEED
POS00600620250901,PORT006,INS0022,2025-09-01,270,42.9899,11607.27,34.26,EUR,MOCK_FEED
POS00600720250901,PORT006,INS0023,2025-09-01,750,57.7307,43298.03,1543.26,GBP,MOCK_FEED
POS00600820250901,PORT006,INS0024,2025-09-01,2070,67.249,139205.43,5366.5,INR,MOCK_FEED
POS00600920250901,PORT006,INS0025,2025-09-01,1186,26.854,31848.84,859.37,INR,MOCK_FEED
POS00601020250901,PORT006,INS0026,2025-09-01,3671,54.8339,201295.25,-3337.01,EUR,MOCK_FEED
POS00600120250902,PORT006,INS0017,2025-09-02,3927,135.9901,534033.12,-8576.26,GBP,MOCK_FEED
POS00600220250902,PORT006,INS0018,2025-09-02,4293,46.6264,200167.14,1309.74,INR,MOCK_FEED
POS00600320250902,PORT006,INS0019,2025-09-02,1018,19.2282,19574.31,395.96,USD,MOCK_FEED
POS00600420250902,PORT006,INS0020,2025-09-02,4748,10.4507,49619.92,949.4,GBP,MOCK_FEED
POS00600520250902,PORT006,INS0021,2025-09-02,4348,45.569,198134.01,363.77,EUR,MOCK_FEED
POS00600620250902,PORT006,INS0022,2025-09-02,3866,42.5134,164356.8,6389.93,GBP,MOCK_FEED
POS00600720250902,PORT006,INS0023,2025-09-02,2423,57.0898,138328.59,5105.27,EUR,MOCK_FEED
POS00600820250902,PORT006,INS0024,2025-09-02,4760,67.5783,321672.71,6933.22,GBP,MOCK_FEED
POS00600920250902,PORT006,INS0025,2025-09-02,3019,26.6101,80335.89,1290.21,INR,MOCK_FEED
POS00601020250902,PORT006,INS0026,2025-09-02,952,54.8113,52180.36,2051.53,EUR,MOCK_FEED
POS00600120250903,PORT006,INS0017,2025-09-03,3952,139.5877,551650.59,5777.46,USD,MOCK_FEED
POS00600220250903,PORT006,INS0018,2025-09-03,4151,47.098,195503.8,3097.99,EUR,MOCK_FEED
POS00600320250903,PORT006,INS0019,2025-09-03,918,19.0763,17512.04,-182.81,INR,MOCK_FEED
POS00600420250903,PORT006,INS0020,2025-09-03,2679,10.2323,27412.33,139.72,INR,MOCK_FEED
POS00600520250903,PORT006,INS0021,2025-09-03,1182,45.9549,54318.69,-1158.65,GBP,MOCK_FEED
POS00600620250903,PORT006,INS0022,2025-09-03,330,42.9449,14171.82,303.94,GBP,MOCK_FEED
POS00600720250903,PORT006,INS0023,2025-09-03,579,55.7685,32289.96,950.99,INR,MOCK_FEED
POS00600820250903,PORT006,INS0024,2025-09-03,3400,67.1214,228212.76,4494.18,EUR,MOCK_FEED
POS00600920250903,PORT006,INS0025,2025-09-03,937,26.3318,24672.9,852.27,EUR,MOCK_FEED
POS00601020250903,PORT006,INS0026,2025-09-03,397,55.2752,21944.25,-504.83,USD,MOCK_FEED
POS00600120250904,PORT006,INS0017,2025-09-04,4083,139.4948,569557.27,16603.1,USD,MOCK_FEED
POS00600220250904,PORT006,INS0018,2025-09-04,4233,47.6235,201590.28,2350.31,INR,MOCK_FEED
POS00600320250904,PORT006,INS0019,2025-09-04,3114,18.8856,58809.76,1135.56,GBP,MOCK_FEED
POS00600420250904,PORT006,INS0020,2025-09-04,3735,10.1735,37998.02,1042.09,EUR,MOCK_FEED
POS00600520250904,PORT006,INS0021,2025-09-04,298,45.7567,13635.5,-59.12,GBP,MOCK_FEED
POS00600620250904,PORT006,INS0022,2025-09-04,1957,42.7318,83626.13,-606.13,INR,MOCK_FEED
POS00600720250904,PORT006,INS0023,2025-09-04,1948,54.9397,107022.54,-2531.24,GBP,MOCK_FEED
POS00600820250904,PORT006,INS0024,2025-09-04,280,66.8956,18730.77,-135.05,GBP,MOCK_FEED
POS00600920250904,PORT006,INS0025,2025-09-04,4775,25.8401,123386.48,-2878.54,INR,MOCK_FEED
POS00601020250904,PORT006,INS0026,2025-09-04,4382,55.654,243875.83,2454.1,EUR,MOCK_FEED
POS00600120250905,PORT006,INS0017,2025-09-05,842,141.4738,119120.94,3931.42,GBP,MOCK_FEED
POS00600220250905,PORT006,INS0018,2025-09-05,1668,48.84,81465.12,-1704.62,EUR,MOCK_FEED
POS00600320250905,PORT006,INS0019,2025-09-05,3236,19.2905,62424.06,2081.88,GBP,MOCK_FEED
POS00600420250905,PORT006,INS0020,2025-09-05,4129,10.1897,42073.27,303.49,INR,MOCK_FEED
POS00600520250905,PORT006,INS0021,2025-09-05,2887,45.7798,132166.28,4475.3,INR,MOCK_FEED
POS00600620250905,PORT006,INS0022,2025-09-05,1343,44.0723,59189.1,-1058.79,EUR,MOCK_FEED
POS00600720250905,PORT006,INS0023,2025-09-05,2756,54.3729,149851.71,1379.27,EUR,MOCK_FEED
POS00600820250905,PORT006,INS0024,2025-09-05,1587,65.7902,104409.05,3207.06,EUR,MOCK_FEED
POS00600920250905,PORT006,INS0025,2025-09-05,4356,25.7537,112183.12,-2908.21,GBP,MOCK_FEED
POS00601020250905,PORT006,INS0026,2025-09-05,3105,56.4301,175215.46,5503.69,GBP,MOCK_FEED
POS00600120250906,PORT006,INS0017,2025-09-06,1106,140.3743,155253.98,4988.41,EUR,MOCK_FEED
POS00600220250906,PORT006,INS0018,2025-09-06,3377,49.0055,165491.57,3568.91,USD,MOCK_FEED
POS00600320250906,PORT006,INS0019,2025-09-06,945,19.0854,18035.7,576.87,EUR,MOCK_FEED
POS00600420250906,PORT006,INS0020,2025-09-06,2982,10.3604,30894.71,574.15,USD,MOCK_FEED
POS00600520250906,PORT006,INS0021,2025-09-06,2037,45.6425,92973.77,-408.51,EUR,MOCK_FEED
POS00600620250906,PORT006,INS0022,2025-09-06,481,44.5156,21412.0,-107.3,GBP,MOCK_FEED
POS00600720250906,PORT006,INS0023,2025-09-06,4153,53.7592,223261.96,-3371.52,INR,MOCK_FEED
POS00600820250906,PORT006,INS0024,2025-09-06,2439,66.344,161813.02,-344.35,GBP,MOCK_FEED
POS00600920250906,PORT006,INS0025,2025-09-06,3826,26.2027,100251.53,-321.8,INR,MOCK_FEED
POS00601020250906,PORT006,INS0026,2025-09-06,3863,55.9031,215953.68,-4752.74,EUR,MOCK_FEED
POS00600120250907,PORT006,INS0017,2025-09-07,2751,140.2038,385700.65,-8941.29,GBP,MOCK_FEED
POS00600220250907,PORT006,INS0018,2025-09-07,3765,48.7697,183617.92,3794.75,USD,MOCK_FEED
POS00600320250907,PORT006,INS0019,2025-09-07,609,19.0398,11595.24,-271.3,EUR,MOCK_FEED
POS00600420250907,PORT006,INS0020,2025-09-07,3318,10.3689,34404.01,1107.89,GBP,MOCK_FEED
POS00600520250907,PORT006,INS0021,2025-09-07,1178,45.4888,53585.81,224.77,GBP,MOCK_FEED
POS00600620250907,PORT006,INS0022,2025-09-07,2029,45.1764,91662.92,2190.34,INR,MOCK_FEED
POS00600720250907,PORT006,INS0023,2025-09-07,2304,53.2863,122771.64,4247.01,INR,MOCK_FEED
POS00600820250907,PORT006,INS0024,2025-09-07,4305,65.3214,281208.63,-1725.18,INR,MOCK_FEED
POS00600920250907,PORT006,INS0025,2025-09-07,2505,26.1941,65616.22,-1478.8,USD,MOCK_FEED
POS00601020250907,PORT006,INS0026,2025-09-07,2012,56.5642,113807.17,-1070.36,GBP,MOCK_FEED
POS00600120250908,PORT006,INS0017,2025-09-08,264,139.9334,36942.42,140.57,EUR,MOCK_FEED
POS00600220250908,PORT006,INS0018,2025-09-08,3910,48.857,191030.87,-525.77,USD,MOCK_FEED
POS00600320250908,PORT006,INS0019,2025-09-08,4214,18.8045,79242.16,918.39,INR,MOCK_FEED
POS00600420250908,PORT006,INS0020,2025-09-08,978,10.3989,10170.12,-109.73,EUR,MOCK_FEED
POS00600520250908,PORT006,INS0021,2025-09-08,4334,45.6808,197980.59,7203.93,USD,MOCK_FEED
POS00600620250908,PORT006,INS0022,2025-09-08,445,44.6194,19855.63,307.01,EUR,MOCK_FEED
POS00600720250908,PORT006,INS0023,2025-09-08,3364,53.1323,178737.06,-211.68,EUR,MOCK_FEED
POS00600820250908,PORT006,INS0024,2025-09-08,3093,64.7066,200137.51,4445.86,GBP,MOCK_FEED
POS00600920250908,PORT006,INS0025,2025-09-08,1195,25.612,30606.34,452.51,EUR,MOCK_FEED
POS00601020250908,PORT006,INS0026,2025-09-08,1840,55.9064,102867.78,1035.87,INR,MOCK_FEED
POS00600120250909,PORT006,INS0017,2025-09-09,2542,136.6196,347287.02,-636.19,INR,MOCK_FEED
POS00600220250909,PORT006,INS0018,2025-09-09,2762,48.507,133976.33,3341.34,EUR,MOCK_FEED
POS00600320250909,PORT006,INS0019,2025-09-09,3340,18.7643,62672.76,-1608.02,GBP,MOCK_FEED
POS00600420250909,PORT006,INS0020,2025-09-09,4339,10.3304,44823.61,791.1,GBP,MOCK_FEED
POS00600520250909,PORT006,INS0021,2025-09-09,3666,45.1526,165529.43,1615.68,USD,MOCK_FEED
POS00600620250909,PORT006,INS0022,2025-09-09,3382,44.8568,151705.7,2120.14,GBP,MOCK_FEED
POS00600720250909,PORT006,INS0023,2025-09-09,4815,52.7629,254053.36,9585.51,USD,MOCK_FEED
POS00600820250909,PORT006,INS0024,2025-09-09,2373,63.8473,151509.64,-1194.1,GBP,MOCK_FEED
POS00600920250909,PORT006,INS0025,2025-09-09,3121,25.2492,78802.75,-1096.88,GBP,MOCK_FEED
POS00601020250909,PORT006,INS0026,2025-09-09,377,54.8836,20691.12,259.55,GBP,MOCK_FEED
POS00600120250910,PORT006,INS0017,2025-09-10,3769,135.3023,509954.37,6727.28,EUR,MOCK_FEED
POS00600220250910,PORT006,INS0018,2025-09-10,1281,48.8382,62561.73,633.57,EUR,MOCK_FEED
POS00600320250910,PORT006,INS0019,2025-09-10,2733,18.3664,50195.37,-574.22,GBP,MOCK_FEED
POS00600420250910,PORT006,INS0020,2025-09-10,928,10.4478,9695.56,111.43,INR,MOCK_FEED
POS00600520250910,PORT006,INS0021,2025-09-10,3815,46.0545,175697.92,-21.66,INR,MOCK_FEED
POS00600620250910,PORT006,INS0022,2025-09-10,442,45.0518,19912.9,-433.73,EUR,MOCK_FEED
POS00600720250910,PORT006,INS0023,2025-09-10,4924,51.6206,254179.83,5655.82,GBP,MOCK_FEED
POS00600820250910,PORT006,INS0024,2025-09-10,1728,64.1335,110822.69,3657.15,USD,MOCK_FEED
POS00600920250910,PORT006,INS0025,2025-09-10,256,24.8503,6361.68,-33.4,GBP,MOCK_FEED
POS00601020250910,PORT006,INS0026,2025-09-10,2959,54.0958,160069.47,5201.39,EUR,MOCK_FEED
POS00600120250911,PORT006,INS0017,2025-09-11,4285,134.0781,574524.66,-11652.73,EUR,MOCK_FEED
POS00600220250911,PORT006,INS0018,2025-09-11,3163,48.4268,153173.97,4537.03,EUR,MOCK_FEED
POS00600320250911,PORT006,INS0019,2025-09-11,1294,18.3764,23779.06,-110.75,EUR,MOCK_FEED
POS00600420250911,PORT006,INS0020,2025-09-11,1727,10.3067,17799.67,702.87,EUR,MOCK_FEED
POS00600520250911,PORT006,INS0021,2025-09-11,3846,45.8924,176502.17,-1123.85,USD,MOCK_FEED
POS00600620250911,PORT006,INS0022,2025-09-11,4857,44.4301,215797.0,4365.44,USD,MOCK_FEED
POS00600720250911,PORT006,INS0023,2025-09-11,3053,52.5043,160295.63,3117.75,EUR,MOCK_FEED
POS00600820250911,PORT006,INS0024,2025-09-11,2007,64.1419,128732.79,2540.88,INR,MOCK_FEED
POS00600920250911,PORT006,INS0025,2025-09-11,4730,24.8866,117713.62,191.26,USD,MOCK_FEED
POS00601020250911,PORT006,INS0026,2025-09-11,471,54.337,25592.73,351.87,USD,MOCK_FEED
POS00600120250912,PORT006,INS0017,2025-09-12,2588,133.1776,344663.63,4316.34,GBP,MOCK_FEED
POS00600220250912,PORT006,INS0018,2025-09-12,1951,47.2292,92144.17,2694.6,INR,MOCK_FEED
POS00600320250912,PORT006,INS0019,2025-09-12,4791,18.4402,88347.0,3303.93,USD,MOCK_FEED
POS00600420250912,PORT006,INS0020,2025-09-12,3428,10.4164,35707.42,667.8,EUR,MOCK_FEED
POS00600520250912,PORT006,INS0021,2025-09-12,4914,45.9376,225737.37,770.52,USD,MOCK_FEED
POS00600620250912,PORT006,INS0022,2025-09-12,1898,44.0935,83689.46,-1151.47,USD,MOCK_FEED
POS00600720250912,PORT006,INS0023,2025-09-12,4893,52.5887,257316.51,-4698.77,INR,MOCK_FEED
POS00600820250912,PORT006,INS0024,2025-09-12,2072,64.3549,133343.35,1222.85,GBP,MOCK_FEED
POS00600920250912,PORT006,INS0025,2025-09-12,2434,24.8985,60602.95,-1244.56,USD,MOCK_FEED
POS00601020250912,PORT006,INS0026,2025-09-12,1760,54.2337,95451.31,-373.34,INR,MOCK_FEED
POS00600120250913,PORT006,INS0017,2025-09-13,2566,132.4893,339967.54,-6314.8,GBP,MOCK_FEED
POS00600220250913,PORT006,INS0018,2025-09-13,1533,47.3304,72557.5,1839.64,INR,MOCK_FEED
POS00600320250913,PORT006,INS0019,2025-09-13,3638,18.2534,66405.87,-1317.77,GBP,MOCK_FEED
POS00600420250913,PORT006,INS0020,2025-09-13,4483,10.5502,47296.55,544.86,INR,MOCK_FEED
POS00600520250913,PORT006,INS0021,2025-09-13,3661,46.6424,170757.83,-2544.44,INR,MOCK_FEED
POS00600620250913,PORT006,INS0022,2025-09-13,217,44.3858,9631.72,52.03,EUR,MOCK_FEED
POS00600720250913,PORT006,INS0023,2025-09-13,3757,52.7399,198143.8,-1163.11,GBP,MOCK_FEED
POS00600820250913,PORT006,INS0024,2025-09-13,1068,64.2448,68613.45,-60.53,USD,MOCK_FEED
POS00600920250913,PORT006,INS0025,2025-09-13,2350,24.7718,58213.73,1985.95,EUR,MOCK_FEED
POS00601020250913,PORT006,INS0026,2025-09-13,3419,54.9217,187777.29,-1651.82,USD,MOCK_FEED
POS00600120250914,PORT006,INS0017,2025-09-14,304,131.5749,39998.77,173.85,INR,MOCK_FEED
POS00600220250914,PORT006,INS0018,2025-09-14,501,47.5253,23810.18,-17.02,EUR,MOCK_FEED
POS00600320250914,PORT006,INS0019,2025-09-14,1717,18.1827,31219.7,-197.39,GBP,MOCK_FEED
POS00600420250914,PORT006,INS0020,2025-09-14,2500,10.6158,26539.5,265.62,GBP,MOCK_FEED
POS00600520250914,PORT006,INS0021,2025-09-14,4469,46.634,208407.35,7384.69,GBP,MOCK_FEED
POS00600620250914,PORT006,INS0022,2025-09-14,1810,44.3053,80192.59,444.6,USD,MOCK_FEED
POS00600720250914,PORT006,INS0023,2025-09-14,3646,51.9185,189294.85,-4085.7,EUR,MOCK_FEED
POS00600820250914,PORT006,INS0024,2025-09-14,3037,63.5418,192976.45,5658.35,EUR,MOCK_FEED
POS00600920250914,PORT006,INS0025,2025-09-14,579,24.6982,14300.26,113.04,EUR,MOCK_FEED
POS00601020250914,PORT006,INS0026,2025-09-14,888,55.8099,49559.19,-172.23,INR,MOCK_FEED
POS00600120250915,PORT006,INS0017,2025-09-15,879,132.5666,116526.04,2432.11,EUR,MOCK_FEED
POS00600220250915,PORT006,INS0018,2025-09-15,1343,48.7588,65483.07,-1352.35,GBP,MOCK_FEED
POS00600320250915,PORT006,INS0019,2025-09-15,1232,17.5188,21583.16,127.83,EUR,MOCK_FEED
POS00600420250915,PORT006,INS0020,2025-09-15,3672,10.5394,38700.68,-205.23,INR,MOCK_FEED
POS00600520250915,PORT006,INS0021,2025-09-15,340,47.5617,16170.98,392.29,GBP,MOCK_FEED
POS00600620250915,PORT006,INS0022,2025-09-15,3542,44.8947,159017.03,50.34,INR,MOCK_FEED
POS00600720250915,PORT006,INS0023,2025-09-15,3333,52.6866,175604.44,-1233.5,INR,MOCK_FEED
POS00600820250915,PORT006,INS0024,2025-09-15,3286,63.5632,208868.68,-1740.94,EUR,MOCK_FEED
POS00600920250915,PORT006,INS0025,2025-09-15,4790,24.2377,116098.58,3191.61,EUR,MOCK_FEED
POS00601020250915,PORT006,INS0026,2025-09-15,1461,55.405,80946.71,647.26,USD,MOCK_FEED
POS00600120250916,PORT006,INS0017,2025-09-16,1809,130.8216,236656.27,-4956.05,USD,MOCK_FEED
POS00600220250916,PORT006,INS0018,2025-09-16,4235,49.27,208658.45,6302.8,INR,MOCK_FEED
POS00600320250916,PORT006,INS0019,2025-09-16,154,17.4902,2693.49,17.67,EUR,MOCK_FEED
POS00600420250916,PORT006,INS0020,2025-09-16,3111,10.5083,32691.32,850.18,EUR,MOCK_FEED
POS00600520250916,PORT006,INS0021,2025-09-16,785,47.9062,37606.37,522.53,GBP,MOCK_FEED
POS00600620250916,PORT006,INS0022,2025-09-16,4214,44.2983,186673.04,177.18,GBP,MOCK_FEED
POS00600720250916,PORT006,INS0023,2025-09-16,2970,52.1837,154985.59,6130.58,EUR,MOCK_FEED
POS00600820250916,PORT006,INS0024,2025-09-16,507,62.7608,31819.73,-499.56,EUR,MOCK_FEED
POS00600920250916,PORT006,INS0025,2025-09-16,1970,24.1431,47561.91,1515.62,EUR,MOCK_FEED
POS00601020250916,PORT006,INS0026,2025-09-16,1223,55.2686,67593.5,-1871.62,USD,MOCK_FEED
POS00600120250917,PORT006,INS0017,2025-09-17,3211,128.9251,413978.5,11431.39,USD,MOCK_FEED
POS00600220250917,PORT006,INS0018,2025-09-17,142,49.6732,7053.59,49.65,GBP,MOCK_FEED
POS00600320250917,PORT006,INS0019,2025-09-17,3923,17.5888,69000.86,-745.64,INR,MOCK_FEED
POS00600420250917,PORT006,INS0020,2025-09-17,3551,10.4824,37223.0,-577.65,GBP,MOCK_FEED
POS00600520250917,PORT006,INS0021,2025-09-17,1690,47.3665,80049.39,916.62,EUR,MOCK_FEED
POS00600620250917,PORT006,INS0022,2025-09-17,2551,44.8442,114397.55,-1439.35,GBP,MOCK_FEED
POS00600720250917,PORT006,INS0023,2025-09-17,3414,53.0344,181059.44,3162.61,INR,MOCK_FEED
POS00600820250917,PORT006,INS0024,2025-09-17,1270,64.0186,81303.62,2836.62,INR,MOCK_FEED
POS00600920250917,PORT006,INS0025,2025-09-17,566,24.0646,13620.56,519.91,USD,MOCK_FEED
POS00601020250917,PORT006,INS0026,2025-09-17,3576,55.2765,197668.76,7467.77,USD,MOCK_FEED
POS00600120250918,PORT006,INS0017,2025-09-18,1624,131.3818,213364.04,4568.55,INR,MOCK_FEED
POS00600220250918,PORT006,INS0018,2025-09-18,213,49.9001,10628.72,406.62,USD,MOCK_FEED
POS00600320250918,PORT006,INS0019,2025-09-18,2362,17.6928,41790.39,-1120.37,EUR,MOCK_FEED
POS00600420250918,PORT006,INS0020,2025-09-18,1872,10.6087,19859.49,-541.94,GBP,MOCK_FEED
POS00600520250918,PORT006,INS0021,2025-09-18,3707,47.2334,175094.21,860.67,GBP,MOCK_FEED
POS00600620250918,PORT006,INS0022,2025-09-18,335,44.6207,14947.93,-274.11,USD,MOCK_FEED
POS00600720250918,PORT006,INS0023,2025-09-18,4374,54.0568,236444.44,1682.43,INR,MOCK_FEED
POS00600820250918,PORT006,INS0024,2025-09-18,2255,63.4626,143108.16,425.83,USD,MOCK_FEED
POS00600920250918,PORT006,INS0025,2025-09-18,1719,24.3264,41817.08,716.13,GBP,MOCK_FEED
POS00601020250918,PORT006,INS0026,2025-09-18,1086,55.6639,60451.0,237.19,USD,MOCK_FEED
POS00600120250919,PORT006,INS0017,2025-09-19,274,130.1264,35654.63,-566.74,GBP,MOCK_FEED
POS00600220250919,PORT006,INS0018,2025-09-19,1102,49.1452,54158.01,1079.18,INR,MOCK_FEED
POS00600320250919,PORT006,INS0019,2025-09-19,3357,17.72,59486.04,296.6,USD,MOCK_FEED
POS00600420250919,PORT006,INS0020,2025-09-19,3522,10.5092,37013.4,606.57,INR,MOCK_FEED
POS00600520250919,PORT006,INS0021,2025-09-19,610,46.7848,28538.73,-358.89,GBP,MOCK_FEED
POS00600620250919,PORT006,INS0022,2025-09-19,4448,44.8166,199344.24,-4560.02,GBP,MOCK_FEED
POS00600720250919,PORT006,INS0023,2025-09-19,3448,54.3893,187534.31,-4271.35,USD,MOCK_FEED
POS00600820250919,PORT006,INS0024,2025-09-19,4269,63.0562,269186.92,-3248.14,INR,MOCK_FEED
POS00600920250919,PORT006,INS0025,2025-09-19,4866,24.0119,116841.91,-2992.34,INR,MOCK_FEED
POS00601020250919,PORT006,INS0026,2025-09-19,2240,55.7546,124890.3,482.33,INR,MOCK_FEED
POS00600120250920,PORT006,INS0017,2025-09-20,1919,129.9322,249339.89,7487.17,USD,MOCK_FEED
POS00600220250920,PORT006,INS0018,2025-09-20,4618,49.1136,226806.6,-373.12,USD,MOCK_FEED
POS00600320250920,PORT006,INS0019,2025-09-20,4943,17.7278,87628.52,1409.32,USD,MOCK_FEED
POS00600420250920,PORT006,INS0020,2025-09-20,496,10.5011,5208.55,-88.09,EUR,MOCK_FEED
POS00600520250920,PORT006,INS0021,2025-09-20,4182,47.0926,196941.25,3287.6,GBP,MOCK_FEED
POS00600620250920,PORT006,INS0022,2025-09-20,4362,44.7291,195108.33,4050.82,GBP,MOCK_FEED
POS00600720250920,PORT006,INS0023,2025-09-20,3843,53.7614,206605.06,-5970.49,USD,MOCK_FEED
POS00600820250920,PORT006,INS0024,2025-09-20,3693,61.5889,227447.81,6744.35,INR,MOCK_FEED
POS00600920250920,PORT006,INS0025,2025-09-20,2489,24.1242,60045.13,1418.03,GBP,MOCK_FEED
POS00601020250920,PORT006,INS0026,2025-09-20,4492,56.2062,252478.25,-3777.44,USD,MOCK_FEED
POS00600120250921,PORT006,INS0017,2025-09-21,1767,129.7635,229292.1,-2945.53,GBP,MOCK_FEED
POS00600220250921,PORT006,INS0018,2025-09-21,3593,48.6099,174655.37,2476.85,GBP,MOCK_FEED
POS00600320250921,PORT006,INS0019,2025-09-21,3962,17.4644,69193.95,1837.72,USD,MOCK_FEED
POS00600420250921,PORT006,INS0020,2025-09-21,4946,10.2101,50499.15,-700.16,INR,MOCK_FEED
POS00600520250921,PORT006,INS0021,2025-09-21,3368,46.704,157299.07,-3889.83,USD,MOCK_FEED
POS00600620250921,PORT006,INS0022,2025-09-21,232,44.9496,10428.31,-55.24,USD,MOCK_FEED
POS00600720250921,PORT006,INS0023,2025-09-21,2510,53.2058,133546.56,1517.74,USD,MOCK_FEED
POS00600820250921,PORT006,INS0024,2025-09-21,1016,60.3724,61338.36,178.25,INR,MOCK_FEED
POS00600920250921,PORT006,INS0025,2025-09-21,4638,23.9248,110963.22,3316.51,GBP,MOCK_FEED
POS00601020250921,PORT006,INS0026,2025-09-21,1419,55.9434,79383.68,-1380.15,USD,MOCK_FEED
POS00600120250922,PORT006,INS0017,2025-09-22,2935,128.6793,377673.75,-11048.44,USD,MOCK_FEED
POS00600220250922,PORT006,INS0018,2025-09-22,2271,48.4922,110125.79,-2307.21,GBP,MOCK_FEED
POS00600320250922,PORT006,INS0019,2025-09-22,270,17.3706,4690.06,-62.51,INR,MOCK_FEED
POS00600420250922,PORT006,INS0020,2025-09-22,2824,10.1196,28577.75,-619.55,USD,MOCK_FEED
POS00600520250922,PORT006,INS0021,2025-09-22,4010,47.4032,190086.83,-1182.75,INR,MOCK_FEED
POS00600620250922,PORT006,INS0022,2025-09-22,4955,44.5747,220867.64,5561.01,EUR,MOCK_FEED
POS00600720250922,PORT006,INS0023,2025-09-22,2038,54.1775,110413.75,597.44,INR,MOCK_FEED
POS00600820250922,PORT006,INS0024,2025-09-22,555,59.9484,33271.36,1139.16,INR,MOCK_FEED
POS00600920250922,PORT006,INS0025,2025-09-22,3319,23.683,78603.88,1938.68,USD,MOCK_FEED
POS00601020250922,PORT006,INS0026,2025-09-22,1217,56.8254,69156.51,-1405.21,INR,MOCK_FEED
POS00600120250923,PORT006,INS0017,2025-09-23,291,128.7106,37454.78,913.6,INR,MOCK_FEED
POS00600220250923,PORT006,INS0018,2025-09-23,1193,48.4379,57786.41,34.62,INR,MOCK_FEED
POS00600320250923,PORT006,INS0019,2025-09-23,514,17.1968,8839.16,-201.36,INR,MOCK_FEED
POS00600420250923,PORT006,INS0020,2025-09-23,507,10.1287,5135.25,15.74,USD,MOCK_FEED
POS00600520250923,PORT006,INS0021,2025-09-23,4696,48.3306,226960.5,-1299.25,GBP,MOCK_FEED
POS00600620250923,PORT006,INS0022,2025-09-23,3554,44.5174,158214.84,-4500.38,USD,MOCK_FEED
POS00600720250923,PORT006,INS0023,2025-09-23,1603,54.0952,86714.61,1474.34,GBP,MOCK_FEED
POS00600820250923,PORT006,INS0024,2025-09-23,4188,60.1382,251858.78,-7187.38,INR,MOCK_FEED
POS00600920250923,PORT006,INS0025,2025-09-23,3124,23.8745,74583.94,75.18,GBP,MOCK_FEED
POS00601020250923,PORT006,INS0026,2025-09-23,2203,56.4137,124279.38,2189.93,INR,MOCK_FEED
POS00600120250924,PORT006,INS0017,2025-09-24,856,128.547,110036.23,-2083.0,INR,MOCK_FEED
POS00600220250924,PORT006,INS0018,2025-09-24,4218,48.114,202944.85,-5574.84,INR,MOCK_FEED
POS00600320250924,PORT006,INS0019,2025-09-24,2439,17.3446,42303.48,-167.48,USD,MOCK_FEED
POS00600420250924,PORT006,INS0020,2025-09-24,1296,10.0606,13038.54,311.4,USD,MOCK_FEED
POS00600520250924,PORT006,INS0021,2025-09-24,2657,48.3092,128357.54,4616.68,EUR,MOCK_FEED
POS00600620250924,PORT006,INS0022,2025-09-24,2935,44.2864,129980.58,3616.88,USD,MOCK_FEED
POS00600720250924,PORT006,INS0023,2025-09-24,3110,53.0197,164891.27,3040.6,USD,MOCK_FEED
POS00600820250924,PORT006,INS0024,2025-09-24,3218,61.1355,196734.04,3069.24,INR,MOCK_FEED
POS00600920250924,PORT006,INS0025,2025-09-24,644,23.9866,15447.37,211.62,USD,MOCK_FEED
POS00601020250924,PORT006,INS0026,2025-09-24,1557,56.2247,87541.86,1150.61,GBP,MOCK_FEED
POS00600120250925,PORT006,INS0017,2025-09-25,2496,127.7726,318920.41,-3181.13,GBP,MOCK_FEED
POS00600220250925,PORT006,INS0018,2025-09-25,253,49.3575,12487.45,403.37,GBP,MOCK_FEED
POS00600320250925,PORT006,INS0019,2025-09-25,2189,17.4939,38294.15,364.06,INR,MOCK_FEED
POS00600420250925,PORT006,INS0020,2025-09-25,4690,9.9799,46805.73,1552.97,GBP,MOCK_FEED
POS00600520250925,PORT006,INS0021,2025-09-25,4621,48.2523,222973.88,7797.25,GBP,MOCK_FEED
POS00600620250925,PORT006,INS0022,2025-09-25,2257,45.4232,102520.16,-417.21,USD,MOCK_FEED
POS00600720250925,PORT006,INS0023,2025-09-25,4734,53.2426,252050.47,8286.7,EUR,MOCK_FEED
POS00600820250925,PORT006,INS0024,2025-09-25,4829,63.1375,304890.99,6691.48,EUR,MOCK_FEED
POS00600920250925,PORT006,INS0025,2025-09-25,1812,23.8623,43238.49,1143.6,GBP,MOCK_FEED
POS00601020250925,PORT006,INS0026,2025-09-25,453,56.8803,25766.78,-54.53,INR,MOCK_FEED
POS00600120250926,PORT006,INS0017,2025-09-26,3873,127.9543,495567.0,-12979.96,USD,MOCK_FEED
POS00600220250926,PORT006,INS0018,2025-09-26,4169,49.8168,207686.24,-1235.04,USD,MOCK_FEED
POS00600320250926,PORT006,INS0019,2025-09-26,375,17.7551,6658.16,-135.89,EUR,MOCK_FEED
POS00600420250926,PORT006,INS0020,2025-09-26,1614,10.089,16283.65,510.56,EUR,MOCK_FEED
POS00600520250926,PORT006,INS0021,2025-09-26,4061,46.9218,190549.43,-2160.83,EUR,MOCK_FEED
POS00600620250926,PORT006,INS0022,2025-09-26,2334,45.0364,105114.96,3858.71,INR,MOCK_FEED
POS00600720250926,PORT006,INS0023,2025-09-26,2646,52.8802,139921.01,-1099.45,INR,MOCK_FEED
POS00600820250926,PORT006,INS0024,2025-09-26,472,63.0795,29773.52,481.47,EUR,MOCK_FEED
POS00600920250926,PORT006,INS0025,2025-09-26,403,24.0515,9692.75,232.75,USD,MOCK_FEED
POS00601020250926,PORT006,INS0026,2025-09-26,2148,57.2775,123032.07,523.69,GBP,MOCK_FEED
POS00600120250927,PORT006,INS0017,2025-09-27,1912,125.4998,239955.62,115.49,USD,MOCK_FEED
POS00600220250927,PORT006,INS0018,2025-09-27,3007,49.6487,149293.64,-2333.15,USD,MOCK_FEED
POS00600320250927,PORT006,INS0019,2025-09-27,3870,17.7288,68610.46,-668.61,USD,MOCK_FEED
POS00600420250927,PORT006,INS0020,2025-09-27,4802,10.0758,48383.99,-1235.44,EUR,MOCK_FEED
POS00600520250927,PORT006,INS0021,2025-09-27,2357,45.9431,108287.89,2748.48,EUR,MOCK_FEED
POS00600620250927,PORT006,INS0022,2025-09-27,4042,46.275,187043.55,-1848.97,INR,MOCK_FEED
POS00600720250927,PORT006,INS0023,2025-09-27,1669,52.5657,87732.15,2447.01,INR,MOCK_FEED
POS00600820250927,PORT006,INS0024,2025-09-27,2806,61.6165,172895.9,3024.33,GBP,MOCK_FEED
POS00600920250927,PORT006,INS0025,2025-09-27,1758,24.2669,42661.21,1321.18,INR,MOCK_FEED
POS00601020250927,PORT006,INS0026,2025-09-27,465,58.2566,27089.32,-36.43,INR,MOCK_FEED
POS00600120250928,PORT006,INS0017,2025-09-28,1417,124.2889,176117.37,-4888.59,GBP,MOCK_FEED
POS00600220250928,PORT006,INS0018,2025-09-28,2110,50.0139,105529.33,-142.18,USD,MOCK_FEED
POS00600320250928,PORT006,INS0019,2025-09-28,2931,17.2087,50438.7,912.97,GBP,MOCK_FEED
POS00600420250928,PORT006,INS0020,2025-09-28,588,10.0362,5901.29,-71.3,INR,MOCK_FEED
POS00600520250928,PORT006,INS0021,2025-09-28,1860,45.5856,84789.22,3020.74,INR,MOCK_FEED
POS00600620250928,PORT006,INS0022,2025-09-28,2151,46.1729,99317.91,-384.3,INR,MOCK_FEED
POS00600720250928,PORT006,INS0023,2025-09-28,1618,52.9084,85605.79,-2262.7,INR,MOCK_FEED
POS00600820250928,PORT006,INS0024,2025-09-28,276,61.7499,17042.97,423.49,USD,MOCK_FEED
POS00600920250928,PORT006,INS0025,2025-09-28,4572,24.5714,112340.44,2362.36,GBP,MOCK_FEED
POS00601020250928,PORT006,INS0026,2025-09-28,999,58.8321,58773.27,-726.85,USD,MOCK_FEED
POS00600120250929,PORT006,INS0017,2025-09-29,2115,122.0607,258158.38,7351.11,GBP,MOCK_FEED
POS00600220250929,PORT006,INS0018,2025-09-29,3895,49.7447,193755.61,749.22,GBP,MOCK_FEED
POS00600320250929,PORT006,INS0019,2025-09-29,1610,17.5001,28175.16,159.04,GBP,MOCK_FEED
POS00600420250929,PORT006,INS0020,2025-09-29,3648,10.0757,36756.15,-326.84,USD,MOCK_FEED
POS00600520250929,PORT006,INS0021,2025-09-29,4542,45.805,208046.31,8202.8,USD,MOCK_FEED
POS00600620250929,PORT006,INS0022,2025-09-29,1994,46.0044,91732.77,3351.22,GBP,MOCK_FEED
POS00600720250929,PORT006,INS0023,2025-09-29,4920,53.4659,263052.23,7848.39,GBP,MOCK_FEED
POS00600820250929,PORT006,INS0024,2025-09-29,489,61.1066,29881.13,-57.81,EUR,MOCK_FEED
POS00600920250929,PORT006,INS0025,2025-09-29,359,24.6056,8833.41,-125.97,INR,MOCK_FEED
POS00601020250929,PORT006,INS0026,2025-09-29,509,58.4262,29738.94,-282.2,INR,MOCK_FEED
POS00600120250930,PORT006,INS0017,2025-09-30,3209,124.8929,400781.32,2674.61,USD,MOCK_FEED
POS00600220250930,PORT006,INS0018,2025-09-30,3292,49.0205,161375.49,4541.76,INR,MOCK_FEED
POS00600320250930,PORT006,INS0019,2025-09-30,1717,17.584,30191.73,-562.15,GBP,MOCK_FEED
POS00600420250930,PORT006,INS0020,2025-09-30,2339,10.0385,23480.05,-604.11,EUR,MOCK_FEED
POS00600520250930,PORT006,INS0021,2025-09-30,4445,45.7976,203570.33,3256.74,GBP,MOCK_FEED
POS00600620250930,PORT006,INS0022,2025-09-30,141,46.6474,6577.28,-14.31,EUR,MOCK_FEED
POS00600720250930,PORT006,INS0023,2025-09-30,2066,53.8526,111259.47,2924.55,EUR,MOCK_FEED
POS00600820250930,PORT006,INS0024,2025-09-30,2496,61.2108,152782.16,4161.31,INR,MOCK_FEED
POS00600920250930,PORT006,INS0025,2025-09-30,1758,24.3158,42747.18,-781.86,USD,MOCK_FEED
POS00601020250930,PORT006,INS0026,2025-09-30,1900,57.9549,110114.31,3622.2,EUR,MOCK_FEED
POS00600120251001,PORT006,INS0017,2025-10-01,1962,125.4497,246132.31,-3809.85,INR,MOCK_FEED
POS00600220251001,PORT006,INS0018,2025-10-01,1666,49.1761,81927.38,-425.33,INR,MOCK_FEED
POS00600320251001,PORT006,INS0019,2025-10-01,4775,17.5319,83714.82,-2065.97,EUR,MOCK_FEED
POS00600420251001,PORT006,INS0020,2025-10-01,2863,9.8978,28337.4,147.13,EUR,MOCK_FEED
POS00600520251001,PORT006,INS0021,2025-10-01,502,45.3263,22753.8,857.94,USD,MOCK_FEED
POS00600620251001,PORT006,INS0022,2025-10-01,1829,46.9512,85873.74,2617.6,EUR,MOCK_FEED
POS00600720251001,PORT006,INS0023,2025-10-01,4991,54.226,270641.97,4546.6,INR,MOCK_FEED
POS00600820251001,PORT006,INS0024,2025-10-01,2534,61.1704,155005.79,-2800.23,USD,MOCK_FEED
POS00600920251001,PORT006,INS0025,2025-10-01,4352,24.1344,105032.91,2435.41,GBP,MOCK_FEED
POS00601020251001,PORT006,INS0026,2025-10-01,4260,56.9821,242743.75,2997.59,EUR,MOCK_FEED
POS00600120251002,PORT006,INS0017,2025-10-02,1829,126.9983,232279.89,8073.99,INR,MOCK_FEED
POS00600220251002,PORT006,INS0018,2025-10-02,4725,49.8695,235633.39,3101.67,EUR,MOCK_FEED
POS00600320251002,PORT006,INS0019,2025-10-02,2861,17.4399,49895.55,143.13,INR,MOCK_FEED
POS00600420251002,PORT006,INS0020,2025-10-02,1622,9.937,16117.81,296.24,INR,MOCK_FEED
POS00600520251002,PORT006,INS0021,2025-10-02,4626,45.2838,209482.86,-3139.07,INR,MOCK_FEED
POS00600620251002,PORT006,INS0022,2025-10-02,1016,46.2421,46981.97,-353.62,GBP,MOCK_FEED
POS00600720251002,PORT006,INS0023,2025-10-02,1057,54.2267,57317.62,1557.59,GBP,MOCK_FEED
POS00600820251002,PORT006,INS0024,2025-10-02,1301,61.6182,80165.28,-84.38,GBP,MOCK_FEED
POS00600920251002,PORT006,INS0025,2025-10-02,1737,23.9844,41660.9,-746.27,GBP,MOCK_FEED
POS00601020251002,PORT006,INS0026,2025-10-02,1705,57.4899,98020.28,1646.0,GBP,MOCK_FEED
POS00600120251003,PORT006,INS0017,2025-10-03,3450,128.4861,443277.04,-8897.27,INR,MOCK_FEED
POS00600220251003,PORT006,INS0018,2025-10-03,3400,50.5029,171709.86,-1169.88,GBP,MOCK_FEED
POS00600320251003,PORT006,INS0019,2025-10-03,3640,17.3918,63306.15,569.47,EUR,MOCK_FEED
POS00600420251003,PORT006,INS0020,2025-10-03,821,10.1806,8358.27,-68.08,GBP,MOCK_FEED
POS00600520251003,PORT006,INS0021,2025-10-03,2152,46.2036,99430.15,3075.37,EUR,MOCK_FEED
POS00600620251003,PORT006,INS0022,2025-10-03,4063,46.3218,188205.47,-4928.04,USD,MOCK_FEED
POS00600720251003,PORT006,INS0023,2025-10-03,4000,54.8327,219330.8,8353.89,USD,MOCK_FEED
POS00600820251003,PORT006,INS0024,2025-10-03,1765,62.7196,110700.09,2495.39,EUR,MOCK_FEED
POS00600920251003,PORT006,INS0025,2025-10-03,4492,23.8233,107014.26,-1301.22,EUR,MOCK_FEED
POS00601020251003,PORT006,INS0026,2025-10-03,758,57.6858,43725.84,-367.26,INR,MOCK_FEED
POS00600120251004,PORT006,INS0017,2025-10-04,915,126.8226,116042.68,4579.34,INR,MOCK_FEED
POS00600220251004,PORT006,INS0018,2025-10-04,3503,49.9784,175074.34,-5218.63,USD,MOCK_FEED
POS00600320251004,PORT006,INS0019,2025-10-04,2648,17.4944,46325.17,-5.35,GBP,MOCK_FEED
POS00600420251004,PORT006,INS0020,2025-10-04,1744,10.0864,17590.68,-343.67,USD,MOCK_FEED
POS00600520251004,PORT006,INS0021,2025-10-04,3743,46.5066,174074.2,4457.03,USD,MOCK_FEED
POS00600620251004,PORT006,INS0022,2025-10-04,1158,46.9231,54336.95,90.2,USD,MOCK_FEED
POS00600720251004,PORT006,INS0023,2025-10-04,2701,55.3935,149617.84,3690.0,INR,MOCK_FEED
POS00600820251004,PORT006,INS0024,2025-10-04,384,62.0572,23829.96,556.05,GBP,MOCK_FEED
POS00600920251004,PORT006,INS0025,2025-10-04,4361,23.6102,102964.08,1046.92,GBP,MOCK_FEED
POS00601020251004,PORT006,INS0026,2025-10-04,2899,59.0619,171220.45,5530.3,USD,MOCK_FEED
POS00600120251005,PORT006,INS0017,2025-10-05,635,126.5662,80369.54,-1629.97,USD,MOCK_FEED
POS00600220251005,PORT006,INS0018,2025-10-05,730,50.3257,36737.76,-519.13,INR,MOCK_FEED
POS00600320251005,PORT006,INS0019,2025-10-05,549,17.5778,9650.21,-169.34,INR,MOCK_FEED
POS00600420251005,PORT006,INS0020,2025-10-05,1425,10.1048,14399.34,503.16,USD,MOCK_FEED
POS00600520251005,PORT006,INS0021,2025-10-05,703,47.1917,33175.77,-220.06,USD,MOCK_FEED
POS00600620251005,PORT006,INS0022,2025-10-05,1343,46.3506,62248.86,346.19,EUR,MOCK_FEED
POS00600720251005,PORT006,INS0023,2025-10-05,3881,54.8637,212926.02,6158.79,GBP,MOCK_FEED
POS00600820251005,PORT006,INS0024,2025-10-05,1044,62.3034,65044.75,-437.78,INR,MOCK_FEED
POS00600920251005,PORT006,INS0025,2025-10-05,695,23.3639,16237.91,-200.97,GBP,MOCK_FEED
POS00601020251005,PORT006,INS0026,2025-10-05,2922,57.9031,169192.86,-4455.64,EUR,MOCK_FEED
POS00600120251006,PORT006,INS0017,2025-10-06,1015,125.8287,127716.13,4398.33,INR,MOCK_FEED
POS00600220251006,PORT006,INS0018,2025-10-06,2666,49.796,132756.14,5245.38,GBP,MOCK_FEED
POS00600320251006,PORT006,INS0019,2025-10-06,3555,17.5232,62294.98,1129.19,USD,MOCK_FEED
POS00600420251006,PORT006,INS0020,2025-10-06,680,10.1804,6922.67,215.54,USD,MOCK_FEED
POS00600520251006,PORT006,INS0021,2025-10-06,4212,47.7284,201032.02,-4066.03,GBP,MOCK_FEED
POS00600620251006,PORT006,INS0022,2025-10-06,1654,45.8883,75899.25,3033.11,EUR,MOCK_FEED
POS00600720251006,PORT006,INS0023,2025-10-06,844,54.7169,46181.06,1126.02,USD,MOCK_FEED
POS00600820251006,PORT006,INS0024,2025-10-06,2046,63.5132,129948.01,242.99,INR,MOCK_FEED
POS00600920251006,PORT006,INS0025,2025-10-06,3097,23.2823,72105.28,-1658.14,INR,MOCK_FEED
POS00601020251006,PORT006,INS0026,2025-10-06,906,57.135,51764.31,-865.63,USD,MOCK_FEED
POS00600120251007,PORT006,INS0017,2025-10-07,642,124.9301,80205.12,-529.93,GBP,MOCK_FEED
POS00600220251007,PORT006,INS0018,2025-10-07,490,49.2723,24143.43,-619.24,INR,MOCK_FEED
POS00600320251007,PORT006,INS0019,2025-10-07,4629,17.8638,82691.53,1363.9,EUR,MOCK_FEED
POS00600420251007,PORT006,INS0020,2025-10-07,4561,10.0275,45735.43,-532.27,INR,MOCK_FEED
POS00600520251007,PORT006,INS0021,2025-10-07,4783,47.3878,226655.85,7769.73,EUR,MOCK_FEED
POS00600620251007,PORT006,INS0022,2025-10-07,3839,45.0705,173025.65,3185.59,EUR,MOCK_FEED
POS00600720251007,PORT006,INS0023,2025-10-07,4536,54.689,248069.3,8463.99,USD,MOCK_FEED
POS00600820251007,PORT006,INS0024,2025-10-07,2400,63.1927,151662.48,1881.23,USD,MOCK_FEED
POS00600920251007,PORT006,INS0025,2025-10-07,1585,22.7505,36059.54,-605.75,INR,MOCK_FEED
POS00601020251007,PORT006,INS0026,2025-10-07,3315,57.5783,190872.06,-4928.46,GBP,MOCK_FEED
POS00600120251008,PORT006,INS0017,2025-10-08,3276,124.3889,407498.04,-6729.04,EUR,MOCK_FEED
POS00600220251008,PORT006,INS0018,2025-10-08,3821,49.4295,188870.12,3529.03,EUR,MOCK_FEED
POS00600320251008,PORT006,INS0019,2025-10-08,3987,17.5973,70160.44,-944.33,INR,MOCK_FEED
POS00600420251008,PORT006,INS0020,2025-10-08,2375,10.0258,23811.28,-430.91,EUR,MOCK_FEED
POS00600520251008,PORT006,INS0021,2025-10-08,4357,47.6513,207616.71,-1393.81,EUR,MOCK_FEED
POS00600620251008,PORT006,INS0022,2025-10-08,2734,44.6802,122155.67,-2037.03,USD,MOCK_FEED
POS00600720251008,PORT006,INS0023,2025-10-08,4052,54.2703,219903.26,-4993.81,USD,MOCK_FEED
POS00600820251008,PORT006,INS0024,2025-10-08,3546,63.6537,225716.02,-1161.8,USD,MOCK_FEED
POS00600920251008,PORT006,INS0025,2025-10-08,2072,22.6093,46846.47,400.72,INR,MOCK_FEED
POS00601020251008,PORT006,INS0026,2025-10-08,1073,57.9757,62207.93,83.67,USD,MOCK_FEED
POS00600120251009,PORT006,INS0017,2025-10-09,1015,125.3686,127249.13,-241.23,GBP,MOCK_FEED
POS00600220251009,PORT006,INS0018,2025-10-09,2796,50.3803,140863.32,-324.49,EUR,MOCK_FEED
POS00600320251009,PORT006,INS0019,2025-10-09,1214,17.6828,21466.92,237.71,EUR,MOCK_FEED
POS00600420251009,PORT006,INS0020,2025-10-09,3322,10.1425,33693.39,75.46,GBP,MOCK_FEED
POS00600520251009,PORT006,INS0021,2025-10-09,4970,47.6023,236583.43,-6912.61,GBP,MOCK_FEED
POS00600620251009,PORT006,INS0022,2025-10-09,4643,45.4288,210925.92,7903.82,GBP,MOCK_FEED
POS00600720251009,PORT006,INS0023,2025-10-09,4409,55.5626,244975.5,7978.44,INR,MOCK_FEED
POS00600820251009,PORT006,INS0024,2025-10-09,957,63.9063,61158.33,2389.36,EUR,MOCK_FEED
POS00600920251009,PORT006,INS0025,2025-10-09,4851,23.2471,112771.68,3621.53,USD,MOCK_FEED
POS00601020251009,PORT006,INS0026,2025-10-09,561,57.7499,32397.69,-524.05,INR,MOCK_FEED
POS00600120251010,PORT006,INS0017,2025-10-10,2958,122.6146,362693.99,-10340.95,EUR,MOCK_FEED
POS00600220251010,PORT006,INS0018,2025-10-10,330,51.8305,17104.06,-60.48,GBP,MOCK_FEED
POS00600320251010,PORT006,INS0019,2025-10-10,952,17.8521,16995.2,672.93,USD,MOCK_FEED
POS00600420251010,PORT006,INS0020,2025-10-10,4177,10.0493,41975.93,1022.72,USD,MOCK_FEED
POS00600520251010,PORT006,INS0021,2025-10-10,4360,47.2268,205908.85,-6023.93,INR,MOCK_FEED
POS00600620251010,PORT006,INS0022,2025-10-10,1500,45.0012,67501.8,760.5,GBP,MOCK_FEED
POS00600720251010,PORT006,INS0023,2025-10-10,1553,55.6672,86451.16,-2345.91,GBP,MOCK_FEED
POS00600820251010,PORT006,INS0024,2025-10-10,118,63.92,7542.56,153.22,EUR,MOCK_FEED
POS00600920251010,PORT006,INS0025,2025-10-10,950,23.5015,22326.42,-267.27,EUR,MOCK_FEED
POS00601020251010,PORT006,INS0026,2025-10-10,4764,57.674,274758.94,10702.15,EUR,MOCK_FEED
POS00600120251011,PORT006,INS0017,2025-10-11,1890,123.5229,233458.28,536.45,INR,MOCK_FEED
POS00600220251011,PORT006,INS0018,2025-10-11,4713,51.5058,242746.84,6859.14,GBP,MOCK_FEED
POS00600320251011,PORT006,INS0019,2025-10-11,315,17.6652,5564.54,203.7,EUR,MOCK_FEED
POS00600420251011,PORT006,INS0020,2025-10-11,495,10.1307,5014.7,-50.74,GBP,MOCK_FEED
POS00600520251011,PORT006,INS0021,2025-10-11,326,47.3778,15445.16,615.79,INR,MOCK_FEED
POS00600620251011,PORT006,INS0022,2025-10-11,3713,44.9205,166789.82,-1040.49,EUR,MOCK_FEED
POS00600720251011,PORT006,INS0023,2025-10-11,4904,55.0308,269871.04,-4154.11,EUR,MOCK_FEED
POS00600820251011,PORT006,INS0024,2025-10-11,299,64.3216,19232.16,569.24,GBP,MOCK_FEED
POS00600920251011,PORT006,INS0025,2025-10-11,3671,23.1832,85105.53,3294.22,GBP,MOCK_FEED
POS00601020251011,PORT006,INS0026,2025-10-11,1648,57.4787,94724.9,1562.52,GBP,MOCK_FEED
POS00600120251012,PORT006,INS0017,2025-10-12,3073,125.0518,384284.18,10366.97,INR,MOCK_FEED
POS00600220251012,PORT006,INS0018,2025-10-12,314,51.9742,16319.9,-305.91,GBP,MOCK_FEED
POS00600320251012,PORT006,INS0019,2025-10-12,1620,17.7734,28792.91,-851.96,USD,MOCK_FEED
POS00600420251012,PORT006,INS0020,2025-10-12,4459,9.9598,44410.75,1365.1,USD,MOCK_FEED
POS00600520251012,PORT006,INS0021,2025-10-12,3104,47.1021,146204.92,2905.31,GBP,MOCK_FEED
POS00600620251012,PORT006,INS0022,2025-10-12,459,45.1815,20738.31,363.9,GBP,MOCK_FEED
POS00600720251012,PORT006,INS0023,2025-10-12,4509,54.0545,243731.74,3523.81,USD,MOCK_FEED
POS00600820251012,PORT006,INS0024,2025-10-12,346,64.8037,22422.08,-467.09,EUR,MOCK_FEED
POS00600920251012,PORT006,INS0025,2025-10-12,2477,23.333,57795.84,-1640.14,INR,MOCK_FEED
POS00601020251012,PORT006,INS0026,2025-10-12,2890,58.075,167836.75,6502.83,INR,MOCK_FEED
POS00600120251013,PORT006,INS0017,2025-10-13,4484,125.455,562540.22,5160.07,INR,MOCK_FEED
POS00600220251013,PORT006,INS0018,2025-10-13,1549,53.1504,82329.97,-117.07,GBP,MOCK_FEED
POS00600320251013,PORT006,INS0019,2025-10-13,1887,17.8918,33761.83,-131.65,EUR,MOCK_FEED
POS00600420251013,PORT006,INS0020,2025-10-13,4283,9.9535,42630.84,1442.62,INR,MOCK_FEED
POS00600520251013,PORT006,INS0021,2025-10-13,3541,47.5759,168466.26,5460.64,EUR,MOCK_FEED
POS00600620251013,PORT006,INS0022,2025-10-13,3097,44.7039,138447.98,218.21,EUR,MOCK_FEED
POS00600720251013,PORT006,INS0023,2025-10-13,614,54.26,33315.64,-950.29,GBP,MOCK_FEED
POS00600820251013,PORT006,INS0024,2025-10-13,3428,65.2316,223613.92,-5246.12,USD,MOCK_FEED
POS00600920251013,PORT006,INS0025,2025-10-13,2666,23.3132,62152.99,-1050.43,GBP,MOCK_FEED
POS00601020251013,PORT006,INS0026,2025-10-13,3340,57.7866,193007.24,-252.54,USD,MOCK_FEED
POS00600120251014,PORT006,INS0017,2025-10-14,3799,124.0673,471331.67,-11473.36,GBP,MOCK_FEED
POS00600220251014,PORT006,INS0018,2025-10-14,4356,52.8711,230306.51,-2853.7,INR,MOCK_FEED
POS00600320251014,PORT006,INS0019,2025-10-14,4870,17.4116,84794.49,2813.44,INR,MOCK_FEED
POS00600420251014,PORT006,INS0020,2025-10-14,2254,10.0623,22680.42,442.91,INR,MOCK_FEED
POS00600520251014,PORT006,INS0021,2025-10-14,2030,47.1869,95789.41,-489.2,INR,MOCK_FEED
POS00600620251014,PORT006,INS0022,2025-10-14,1306,44.402,57989.01,1816.1,USD,MOCK_FEED
POS00600720251014,PORT006,INS0023,2025-10-14,1396,53.4543,74622.2,789.98,INR,MOCK_FEED
POS00600820251014,PORT006,INS0024,2025-10-14,3562,65.245,232402.69,-1749.67,EUR,MOCK_FEED
POS00600920251014,PORT006,INS0025,2025-10-14,2802,23.5436,65969.17,-156.34,EUR,MOCK_FEED
POS00601020251014,PORT006,INS0026,2025-10-14,3984,58.3913,232630.94,6825.93,GBP,MOCK_FEED
POS00600120251015,PORT006,INS0017,2025-10-15,989,123.6718,122311.41,3190.47,EUR,MOCK_FEED
POS00600220251015,PORT006,INS0018,2025-10-15,4507,53.466,240971.26,3478.24,USD,MOCK_FEED
POS00600320251015,PORT006,INS0019,2025-10-15,1788,17.3998,31110.84,-303.4,INR,MOCK_FEED
POS00600420251015,PORT006,INS0020,2025-10-15,1065,10.3329,11004.54,94.73,GBP,MOCK_FEED
POS00600520251015,PORT006,INS0021,2025-10-15,3518,47.3225,166480.55,-2919.93,USD,MOCK_FEED
POS00600620251015,PORT006,INS0022,2025-10-15,4750,44.9936,213719.6,4004.84,USD,MOCK_FEED
POS00600720251015,PORT006,INS0023,2025-10-15,3958,53.7151,212604.37,-6270.79,GBP,MOCK_FEED
POS00600820251015,PORT006,INS0024,2025-10-15,496,65.3526,32414.89,519.69,GBP,MOCK_FEED
POS00600920251015,PORT006,INS0025,2025-10-15,4039,23.5311,95042.11,-1346.93,GBP,MOCK_FEED
POS00601020251015,PORT006,INS0026,2025-10-15,2340,56.7889,132886.03,-1035.64,GBP,MOCK_FEED
POS00600120251016,PORT006,INS0017,2025-10-16,4530,125.2645,567448.18,1464.78,EUR,MOCK_FEED
POS00600220251016,PORT006,INS0018,2025-10-16,4184,53.935,225664.04,-300.49,INR,MOCK_FEED
POS00600320251016,PORT006,INS0019,2025-10-16,4734,17.1368,81125.61,-1177.96,INR,MOCK_FEED
POS00600420251016,PORT006,INS0020,2025-10-16,150,10.2508,1537.62,44.89,EUR,MOCK_FEED
POS00600520251016,PORT006,INS0021,2025-10-16,641,47.5324,30468.27,-408.02,INR,MOCK_FEED
POS00600620251016,PORT006,INS0022,2025-10-16,2471,45.0799,111392.43,1949.78,GBP,MOCK_FEED
POS00600720251016,PORT006,INS0023,2025-10-16,2362,53.8622,127222.52,-3738.77,INR,MOCK_FEED
POS00600820251016,PORT006,INS0024,2025-10-16,3136,65.7416,206165.66,2326.65,USD,MOCK_FEED
POS00600920251016,PORT006,INS0025,2025-10-16,4011,22.9282,91965.01,-197.95,GBP,MOCK_FEED
POS00601020251016,PORT006,INS0026,2025-10-16,462,56.4489,26079.39,884.62,INR,MOCK_FEED
POS00600120251017,PORT006,INS0017,2025-10-17,1073,127.8314,137163.09,5173.17,GBP,MOCK_FEED
POS00600220251017,PORT006,INS0018,2025-10-17,1850,53.7226,99386.81,-1734.2,USD,MOCK_FEED
POS00600320251017,PORT006,INS0019,2025-10-17,1287,17.2777,22236.4,400.49,EUR,MOCK_FEED
POS00600420251017,PORT006,INS0020,2025-10-17,619,10.2624,6352.43,233.22,EUR,MOCK_FEED
POS00600520251017,PORT006,INS0021,2025-10-17,2620,46.5229,121890.0,-3440.02,USD,MOCK_FEED
POS00600620251017,PORT006,INS0022,2025-10-17,2922,44.604,130332.89,-2185.89,GBP,MOCK_FEED
POS00600720251017,PORT006,INS0023,2025-10-17,1470,54.2086,79686.64,-1833.32,EUR,MOCK_FEED
POS00600820251017,PORT006,INS0024,2025-10-17,4715,64.6813,304972.33,5110.73,GBP,MOCK_FEED
POS00600920251017,PORT006,INS0025,2025-10-17,2832,22.7511,64431.12,120.23,INR,MOCK_FEED
POS00601020251017,PORT006,INS0026,2025-10-17,4049,55.9039,226354.89,6848.53,USD,MOCK_FEED
POS00600120251018,PORT006,INS0017,2025-10-18,2628,125.0132,328534.69,6190.14,GBP,MOCK_FEED
POS00600220251018,PORT006,INS0018,2025-10-18,556,54.2361,30155.27,-321.04,GBP,MOCK_FEED
POS00600320251018,PORT006,INS0019,2025-10-18,234,17.3152,4051.76,51.66,GBP,MOCK_FEED
POS00600420251018,PORT006,INS0020,2025-10-18,3767,10.4059,39199.03,64.29,EUR,MOCK_FEED
POS00600520251018,PORT006,INS0021,2025-10-18,1772,45.755,81077.86,983.7,EUR,MOCK_FEED
POS00600620251018,PORT006,INS0022,2025-10-18,1513,45.6623,69087.06,-1758.0,EUR,MOCK_FEED
POS00600720251018,PORT006,INS0023,2025-10-18,1647,53.3504,87868.11,1069.38,GBP,MOCK_FEED
POS00600820251018,PORT006,INS0024,2025-10-18,923,64.6195,59643.8,-1531.18,USD,MOCK_FEED
POS00600920251018,PORT006,INS0025,2025-10-18,4013,22.9821,92227.17,2100.15,INR,MOCK_FEED
POS00601020251018,PORT006,INS0026,2025-10-18,743,55.0209,40880.53,902.09,INR,MOCK_FEED
POS00600120251019,PORT006,INS0017,2025-10-19,2466,126.0881,310933.25,5884.76,GBP,MOCK_FEED
POS00600220251019,PORT006,INS0018,2025-10-19,4624,55.5404,256818.81,-3297.57,USD,MOCK_FEED
POS00600320251019,PORT006,INS0019,2025-10-19,4493,17.5391,78803.18,419.96,INR,MOCK_FEED
POS00600420251019,PORT006,INS0020,2025-10-19,497,10.3473,5142.61,65.38,USD,MOCK_FEED
POS00600520251019,PORT006,INS0021,2025-10-19,818,46.5376,38067.76,-223.08,USD,MOCK_FEED
POS00600620251019,PORT006,INS0022,2025-10-19,111,46.131,5120.54,-68.38,INR,MOCK_FEED
POS00600720251019,PORT006,INS0023,2025-10-19,3042,53.3294,162228.03,228.7,INR,MOCK_FEED
POS00600820251019,PORT006,INS0024,2025-10-19,2688,63.6533,171100.07,-1611.11,EUR,MOCK_FEED
POS00600920251019,PORT006,INS0025,2025-10-19,818,22.9926,18807.95,426.54,USD,MOCK_FEED
POS00601020251019,PORT006,INS0026,2025-10-19,4048,54.9039,222250.99,-5976.26,EUR,MOCK_FEED
POS00600120251020,PORT006,INS0017,2025-10-20,2728,128.4335,350366.59,10748.38,USD,MOCK_FEED
POS00600220251020,PORT006,INS0018,2025-10-20,505,56.0753,28318.03,-555.59,INR,MOCK_FEED
POS00600320251020,PORT006,INS0019,2025-10-20,1496,17.2064,25740.77,-13.83,INR,MOCK_FEED
POS00600420251020,PORT006,INS0020,2025-10-20,4405,10.4472,46019.92,1395.39,INR,MOCK_FEED
POS00600520251020,PORT006,INS0021,2025-10-20,4662,46.3661,216158.76,-3291.57,GBP,MOCK_FEED
POS00600620251020,PORT006,INS0022,2025-10-20,2029,45.698,92721.24,806.71,USD,MOCK_FEED
POS00600720251020,PORT006,INS0023,2025-10-20,827,54.1698,44798.42,-177.36,USD,MOCK_FEED
POS00600820251020,PORT006,INS0024,2025-10-20,1160,64.1817,74450.77,2301.1,USD,MOCK_FEED
POS00600920251020,PORT006,INS0025,2025-10-20,3088,23.0533,71188.59,1271.79,INR,MOCK_FEED
POS00601020251020,PORT006,INS0026,2025-10-20,2968,55.4684,164630.21,2508.75,GBP,MOCK_FEED
POS00600120251021,PORT006,INS0017,2025-10-21,4323,127.8816,552832.16,4864.22,USD,MOCK_FEED
POS00600220251021,PORT006,INS0018,2025-10-21,4612,56.8132,262022.48,4674.83,USD,MOCK_FEED
POS00600320251021,PORT006,INS0019,2025-10-21,3638,17.3324,63055.27,548.31,USD,MOCK_FEED
POS00600420251021,PORT006,INS0020,2025-10-21,3507,10.3503,36298.5,508.85,INR,MOCK_FEED
POS00600520251021,PORT006,INS0021,2025-10-21,821,46.6386,38290.29,946.56,GBP,MOCK_FEED
POS00600620251021,PORT006,INS0022,2025-10-21,343,45.2482,15520.13,109.07,USD,MOCK_FEED
POS00600720251021,PORT006,INS0023,2025-10-21,2000,53.9255,107851.0,-346.02,EUR,MOCK_FEED
POS00600820251021,PORT006,INS0024,2025-10-21,2111,63.549,134151.94,-1309.53,GBP,MOCK_FEED
POS00600920251021,PORT006,INS0025,2025-10-21,435,23.317,10142.9,-282.16,INR,MOCK_FEED
POS00601020251021,PORT006,INS0026,2025-10-21,4718,56.0243,264322.65,-1205.86,EUR,MOCK_FEED
POS00600120251022,PORT006,INS0017,2025-10-22,4604,127.9854,589244.78,-9446.57,INR,MOCK_FEED
POS00600220251022,PORT006,INS0018,2025-10-22,3229,57.1552,184554.14,-1359.86,EUR,MOCK_FEED
POS00600320251022,PORT006,INS0019,2025-10-22,3176,17.3229,55017.53,-915.5,GBP,MOCK_FEED
POS00600420251022,PORT006,INS0020,2025-10-22,3449,10.3565,35719.57,871.65,EUR,MOCK_FEED
POS00600520251022,PORT006,INS0021,2025-10-22,2917,46.7144,136265.9,654.06,USD,MOCK_FEED
POS00600620251022,PORT006,INS0022,2025-10-22,351,44.2629,15536.28,151.27,EUR,MOCK_FEED
POS00600720251022,PORT006,INS0023,2025-10-22,612,53.8252,32941.02,-550.3,USD,MOCK_FEED
POS00600820251022,PORT006,INS0024,2025-10-22,2820,64.1817,180992.39,-2536.18,GBP,MOCK_FEED
POS00600920251022,PORT006,INS0025,2025-10-22,4003,23.6129,94522.44,-874.39,USD,MOCK_FEED
POS00601020251022,PORT006,INS0026,2025-10-22,1475,57.1631,84315.57,-2192.12,EUR,MOCK_FEED
POS00600120251023,PORT006,INS0017,2025-10-23,2254,128.3447,289288.95,4299.2,EUR,MOCK_FEED
POS00600220251023,PORT006,INS0018,2025-10-23,470,56.3765,26496.96,781.93,USD,MOCK_FEED
POS00600320251023,PORT006,INS0019,2025-10-23,1781,17.2865,30787.26,-475.64,GBP,MOCK_FEED
POS00600420251023,PORT006,INS0020,2025-10-23,1647,10.4784,17257.92,584.78,USD,MOCK_FEED
POS00600520251023,PORT006,INS0021,2025-10-23,2518,47.2794,119049.53,3048.71,GBP,MOCK_FEED
POS00600620251023,PORT006,INS0022,2025-10-23,4603,44.0828,202913.13,8006.03,EUR,MOCK_FEED
POS00600720251023,PORT006,INS0023,2025-10-23,3727,54.1322,201750.71,7901.03,EUR,MOCK_FEED
POS00600820251023,PORT006,INS0024,2025-10-23,3023,63.13,190841.99,6915.03,GBP,MOCK_FEED
POS00600920251023,PORT006,INS0025,2025-10-23,1372,23.4386,32157.76,-284.7,GBP,MOCK_FEED
POS00601020251023,PORT006,INS0026,2025-10-23,1430,57.9696,82896.53,-1504.92,EUR,MOCK_FEED
POS00600120251024,PORT006,INS0017,2025-10-24,3817,128.4317,490223.8,-7858.89,INR,MOCK_FEED
POS00600220251024,PORT006,INS0018,2025-10-24,1314,57.5237,75586.14,-891.33,USD,MOCK_FEED
POS00600320251024,PORT006,INS0019,2025-10-24,5000,17.6246,88123.0,-2093.47,USD,MOCK_FEED
POS00600420251024,PORT006,INS0020,2025-10-24,1411,10.6075,14967.18,552.04,GBP,MOCK_FEED
POS00600520251024,PORT006,INS0021,2025-10-24,2146,46.8545,100549.76,2194.82,INR,MOCK_FEED
POS00600620251024,PORT006,INS0022,2025-10-24,1094,44.0001,48136.11,1536.55,EUR,MOCK_FEED
POS00600720251024,PORT006,INS0023,2025-10-24,460,54.8635,25237.21,-749.77,INR,MOCK_FEED
POS00600820251024,PORT006,INS0024,2025-10-24,4799,63.4843,304661.16,-7138.25,GBP,MOCK_FEED
POS00600920251024,PORT006,INS0025,2025-10-24,349,23.2565,8116.52,244.38,EUR,MOCK_FEED
POS00601020251024,PORT006,INS0026,2025-10-24,125,57.2865,7160.81,-28.21,INR,MOCK_FEED
POS00600120251025,PORT006,INS0017,2025-10-25,2360,127.7894,301582.98,3966.71,USD,MOCK_FEED
POS00600220251025,PORT006,INS0018,2025-10-25,2389,57.0295,136243.48,2457.48,USD,MOCK_FEED
POS00600320251025,PORT006,INS0019,2025-10-25,2473,17.9288,44337.92,1000.74,GBP,MOCK_FEED
POS00600420251025,PORT006,INS0020,2025-10-25,2592,10.768,27910.66,412.58,INR,MOCK_FEED
POS00600520251025,PORT006,INS0021,2025-10-25,2315,46.5668,107802.14,-2247.4,GBP,MOCK_FEED
POS00600620251025,PORT006,INS0022,2025-10-25,3461,44.2495,153147.52,1017.49,EUR,MOCK_FEED
POS00600720251025,PORT006,INS0023,2025-10-25,539,55.1561,29729.14,-43.22,USD,MOCK_FEED
POS00600820251025,PORT006,INS0024,2025-10-25,4798,64.1603,307841.12,4392.88,INR,MOCK_FEED
POS00600920251025,PORT006,INS0025,2025-10-25,3512,23.4919,82503.55,-2171.97,USD,MOCK_FEED
POS00601020251025,PORT006,INS0026,2025-10-25,3399,56.2291,191122.71,-2442.63,GBP,MOCK_FEED
POS00600120251026,PORT006,INS0017,2025-10-26,2550,128.0168,326442.84,-738.74,EUR,MOCK_FEED
POS00600220251026,PORT006,INS0018,2025-10-26,1295,56.9701,73776.28,2815.8,INR,MOCK_FEED
POS00600320251026,PORT006,INS0019,2025-10-26,1629,17.8945,29150.14,-605.37,GBP,MOCK_FEED
POS00600420251026,PORT006,INS0020,2025-10-26,1465,10.6406,15588.48,130.57,INR,MOCK_FEED
POS00600520251026,PORT006,INS0021,2025-10-26,2856,45.4429,129784.92,2560.34,INR,MOCK_FEED
POS00600620251026,PORT006,INS0022,2025-10-26,2735,44.7742,122457.44,-2327.19,USD,MOCK_FEED
POS00600720251026,PORT006,INS0023,2025-10-26,602,55.6945,33528.09,-337.48,USD,MOCK_FEED
POS00600820251026,PORT006,INS0024,2025-10-26,1477,64.9793,95974.43,3488.75,GBP,MOCK_FEED
POS00600920251026,PORT006,INS0025,2025-10-26,3454,23.8875,82507.43,-93.54,GBP,MOCK_FEED
POS00601020251026,PORT006,INS0026,2025-10-26,2083,57.7706,120336.16,-1494.09,INR,MOCK_FEED
POS00600120251027,PORT006,INS0017,2025-10-27,2774,125.7739,348896.8,-10408.21,GBP,MOCK_FEED
POS00600220251027,PORT006,INS0018,2025-10-27,1467,57.0081,83630.88,710.98,EUR,MOCK_FEED
POS00600320251027,PORT006,INS0019,2025-10-27,1489,17.8793,26622.28,-589.47,INR,MOCK_FEED
POS00600420251027,PORT006,INS0020,2025-10-27,2376,10.6549,25316.04,792.26,EUR,MOCK_FEED
POS00600520251027,PORT006,INS0021,2025-10-27,802,46.3419,37166.2,1058.63,GBP,MOCK_FEED
POS00600620251027,PORT006,INS0022,2025-10-27,3828,43.9621,168286.92,3939.71,INR,MOCK_FEED
POS00600720251027,PORT006,INS0023,2025-10-27,4628,56.1869,260032.97,-827.14,INR,MOCK_FEED
POS00600820251027,PORT006,INS0024,2025-10-27,1296,63.8963,82809.6,3227.34,GBP,MOCK_FEED
POS00600920251027,PORT006,INS0025,2025-10-27,2590,24.0574,62308.67,-1728.99,EUR,MOCK_FEED
POS00601020251027,PORT006,INS0026,2025-10-27,4059,57.9067,235043.3,7762.74,GBP,MOCK_FEED
POS00600120251028,PORT006,INS0017,2025-10-28,3025,124.2895,375975.74,4796.27,EUR,MOCK_FEED
POS00600220251028,PORT006,INS0018,2025-10-28,818,57.5113,47044.24,-1256.32,INR,MOCK_FEED
POS00600320251028,PORT006,INS0019,2025-10-28,4402,17.9576,79049.36,-118.81,GBP,MOCK_FEED
POS00600420251028,PORT006,INS0020,2025-10-28,4513,10.7259,48405.99,961.03,GBP,MOCK_FEED
POS00600520251028,PORT006,INS0021,2025-10-28,4385,46.2731,202907.54,6315.17,GBP,MOCK_FEED
POS00600620251028,PORT006,INS0022,2025-10-28,2574,44.8757,115510.05,-1188.69,USD,MOCK_FEED
POS00600720251028,PORT006,INS0023,2025-10-28,4106,55.6045,228312.08,-822.72,USD,MOCK_FEED
POS00600820251028,PORT006,INS0024,2025-10-28,3551,65.6669,233183.16,5485.6,GBP,MOCK_FEED
POS00600920251028,PORT006,INS0025,2025-10-28,858,24.0908,20669.91,218.9,GBP,MOCK_FEED
POS00601020251028,PORT006,INS0026,2025-10-28,4769,58.6015,279470.55,1167.28,USD,MOCK_FEED
POS00600120251029,PORT006,INS0017,2025-10-29,1761,120.0533,211413.86,5620.24,INR,MOCK_FEED
POS00600220251029,PORT006,INS0018,2025-10-29,2833,56.9895,161451.25,-4253.53,EUR,MOCK_FEED
POS00600320251029,PORT006,INS0019,2025-10-29,1850,18.0753,33439.31,45.1,GBP,MOCK_FEED
POS00600420251029,PORT006,INS0020,2025-10-29,1480,10.8654,16080.79,178.07,GBP,MOCK_FEED
POS00600520251029,PORT006,INS0021,2025-10-29,3536,46.3265,163810.5,2203.5,GBP,MOCK_FEED
POS00600620251029,PORT006,INS0022,2025-10-29,2548,44.9747,114595.54,-594.95,USD,MOCK_FEED
POS00600720251029,PORT006,INS0023,2025-10-29,4622,55.6261,257103.83,5044.54,USD,MOCK_FEED
POS00600820251029,PORT006,INS0024,2025-10-29,145,67.0262,9718.8,82.97,USD,MOCK_FEED
POS00600920251029,PORT006,INS0025,2025-10-29,2987,24.2214,72349.32,348.63,GBP,MOCK_FEED
POS00601020251029,PORT006,INS0026,2025-10-29,3732,59.9309,223662.12,1588.32,INR,MOCK_FEED
POS00600120251030,PORT006,INS0017,2025-10-30,1429,121.2649,173287.54,-3633.77,INR,MOCK_FEED
POS00600220251030,PORT006,INS0018,2025-10-30,1108,57.01,63167.08,-125.44,EUR,MOCK_FEED
POS00600320251030,PORT006,INS0019,2025-10-30,4595,18.1359,83334.46,-1828.72,GBP,MOCK_FEED
POS00600420251030,PORT006,INS0020,2025-10-30,1081,10.9987,11889.59,323.31,USD,MOCK_FEED
POS00600520251030,PORT006,INS0021,2025-10-30,1244,46.7404,58145.06,-1443.76,USD,MOCK_FEED
POS00600620251030,PORT006,INS0022,2025-10-30,4595,44.5389,204656.25,7895.7,USD,MOCK_FEED
POS00600720251030,PORT006,INS0023,2025-10-30,3203,55.4499,177606.03,4933.24,GBP,MOCK_FEED
POS00600820251030,PORT006,INS0024,2025-10-30,4372,67.469,294974.47,1498.93,GBP,MOCK_FEED
POS00600920251030,PORT006,INS0025,2025-10-30,1398,24.372,34072.06,-673.76,EUR,MOCK_FEED
POS00601020251030,PORT006,INS0026,2025-10-30,739,59.4528,43935.62,-1034.35,EUR,MOCK_FEED
POS00600120251031,PORT006,INS0017,2025-10-31,2310,120.1373,277517.16,-6345.52,GBP,MOCK_FEED
POS00600220251031,PORT006,INS0018,2025-10-31,179,58.0399,10389.14,193.48,GBP,MOCK_FEED
POS00600320251031,PORT006,INS0019,2025-10-31,2409,18.1611,43750.09,290.61,EUR,MOCK_FEED
POS00600420251031,PORT006,INS0020,2025-10-31,4649,10.6872,49684.79,-703.15,USD,MOCK_FEED
POS00600520251031,PORT006,INS0021,2025-10-31,2076,46.2868,96091.4,841.3,USD,MOCK_FEED
POS00600620251031,PORT006,INS0022,2025-10-31,623,44.1651,27514.86,-564.95,USD,MOCK_FEED
POS00600720251031,PORT006,INS0023,2025-10-31,335,54.3098,18193.78,198.03,INR,MOCK_FEED
POS00600820251031,PORT006,INS0024,2025-10-31,538,67.8005,36476.67,-456.97,INR,MOCK_FEED
POS00600920251031,PORT006,INS0025,2025-10-31,157,24.375,3826.88,12.04,GBP,MOCK_FEED
POS00601020251031,PORT006,INS0026,2025-10-31,1232,59.1355,72854.94,1869.24,GBP,MOCK_FEED
POS00600120251101,PORT006,INS0017,2025-11-01,1797,121.5169,218365.87,8689.42,GBP,MOCK_FEED
POS00600220251101,PORT006,INS0018,2025-11-01,364,57.8089,21042.44,207.36,INR,MOCK_FEED
POS00600320251101,PORT006,INS0019,2025-11-01,3692,18.1063,66848.46,-692.09,INR,MOCK_FEED
POS00600420251101,PORT006,INS0020,2025-11-01,3215,10.9053,35060.54,543.84,EUR,MOCK_FEED
POS00600520251101,PORT006,INS0021,2025-11-01,3972,45.5428,180896.0,7186.67,EUR,MOCK_FEED
POS00600620251101,PORT006,INS0022,2025-11-01,4783,43.4559,207849.57,-936.32,EUR,MOCK_FEED
POS00600720251101,PORT006,INS0023,2025-11-01,4711,54.2066,255367.29,9882.37,EUR,MOCK_FEED
POS00600820251101,PORT006,INS0024,2025-11-01,2678,69.5646,186294.0,968.06,EUR,MOCK_FEED
POS00600920251101,PORT006,INS0025,2025-11-01,1068,24.5731,26244.07,-491.3,USD,MOCK_FEED
POS00601020251101,PORT006,INS0026,2025-11-01,4358,60.3078,262821.39,-5510.59,USD,MOCK_FEED
POS00600120251102,PORT006,INS0017,2025-11-02,439,120.8137,53037.21,-159.17,EUR,MOCK_FEED
POS00600220251102,PORT006,INS0018,2025-11-02,4857,57.7769,280622.4,7912.73,EUR,MOCK_FEED
POS00600320251102,PORT006,INS0019,2025-11-02,1633,17.8847,29205.72,-483.18,GBP,MOCK_FEED
POS00600420251102,PORT006,INS0020,2025-11-02,3974,10.65,42323.1,29.87,INR,MOCK_FEED
POS00600520251102,PORT006,INS0021,2025-11-02,1539,45.8704,70594.55,2290.96,INR,MOCK_FEED
POS00600620251102,PORT006,INS0022,2025-11-02,4963,44.2388,219557.16,7243.19,USD,MOCK_FEED
POS00600720251102,PORT006,INS0023,2025-11-02,2933,54.1539,158833.39,-3417.72,GBP,MOCK_FEED
POS00600820251102,PORT006,INS0024,2025-11-02,1892,69.5832,131651.41,-894.95,EUR,MOCK_FEED
POS00600920251102,PORT006,INS0025,2025-11-02,3327,25.5591,85035.13,-1574.51,GBP,MOCK_FEED
POS00601020251102,PORT006,INS0026,2025-11-02,1409,60.4693,85201.24,1870.54,INR,MOCK_FEED
POS00600120251103,PORT006,INS0017,2025-11-03,3463,120.1573,416104.73,-7314.71,EUR,MOCK_FEED
POS00600220251103,PORT006,INS0018,2025-11-03,2919,57.8964,168999.59,-4432.08,EUR,MOCK_FEED
POS00600320251103,PORT006,INS0019,2025-11-03,4652,17.4425,81142.51,2407.98,EUR,MOCK_FEED
POS00600420251103,PORT006,INS0020,2025-11-03,1976,10.606,20957.46,525.58,GBP,MOCK_FEED
POS00600520251103,PORT006,INS0021,2025-11-03,4587,45.1866,207270.93,7979.78,GBP,MOCK_FEED
POS00600620251103,PORT006,INS0022,2025-11-03,1368,43.9456,60117.58,-447.6,GBP,MOCK_FEED
POS00600720251103,PORT006,INS0023,2025-11-03,526,53.5125,28147.58,-162.39,INR,MOCK_FEED
POS00600820251103,PORT006,INS0024,2025-11-03,3042,70.3337,213955.12,-2032.06,GBP,MOCK_FEED
POS00600920251103,PORT006,INS0025,2025-11-03,4456,25.342,112923.95,3369.01,GBP,MOCK_FEED
POS00601020251103,PORT006,INS0026,2025-11-03,4944,60.443,298830.19,3628.21,USD,MOCK_FEED
POS00600120251104,PORT006,INS0017,2025-11-04,330,122.0773,40285.51,-374.7,GBP,MOCK_FEED
POS00600220251104,PORT006,INS0018,2025-11-04,2045,58.1765,118970.94,1937.31,INR,MOCK_FEED
POS00600320251104,PORT006,INS0019,2025-11-04,3994,17.125,68397.25,2362.31,USD,MOCK_FEED
POS00600420251104,PORT006,INS0020,2025-11-04,1355,10.679,14470.05,-9.27,GBP,MOCK_FEED
POS00600520251104,PORT006,INS0021,2025-11-04,215,45.6609,9817.09,145.13,INR,MOCK_FEED
POS00600620251104,PORT006,INS0022,2025-11-04,4297,44.7691,192372.82,5954.37,INR,MOCK_FEED
POS00600720251104,PORT006,INS0023,2025-11-04,3985,53.3398,212559.1,-5183.08,EUR,MOCK_FEED
POS00600820251104,PORT006,INS0024,2025-11-04,4746,71.1874,337855.4,1376.23,USD,MOCK_FEED
POS00600920251104,PORT006,INS0025,2025-11-04,4343,25.002,108583.69,831.71,EUR,MOCK_FEED
POS00601020251104,PORT006,INS0026,2025-11-04,4918,60.2032,296079.34,587.41,GBP,MOCK_FEED
POS00600120251105,PORT006,INS0017,2025-11-05,1354,122.4885,165849.43,307.85,USD,MOCK_FEED
POS00600220251105,PORT006,INS0018,2025-11-05,3144,57.9303,182132.86,-4246.27,GBP,MOCK_FEED
POS00600320251105,PORT006,INS0019,2025-11-05,4221,16.8361,71065.18,2696.69,INR,MOCK_FEED
POS00600420251105,PORT006,INS0020,2025-11-05,3750,10.7304,40239.0,-144.63,EUR,MOCK_FEED
POS00600520251105,PORT006,INS0021,2025-11-05,2993,45.9802,137618.74,-764.75,GBP,MOCK_FEED
POS00600620251105,PORT006,INS0022,2025-11-05,1664,45.288,75359.23,2418.87,INR,MOCK_FEED
POS00600720251105,PORT006,INS0023,2025-11-05,537,53.7127,28843.72,-836.56,GBP,MOCK_FEED
POS00600820251105,PORT006,INS0024,2025-11-05,3722,71.4375,265890.38,7491.41,GBP,MOCK_FEED
POS00600920251105,PORT006,INS0025,2025-11-05,1238,25.111,31087.42,-358.7,USD,MOCK_FEED
POS00601020251105,PORT006,INS0026,2025-11-05,4834,60.0614,290336.81,8328.22,INR,MOCK_FEED
POS00600120251106,PORT006,INS0017,2025-11-06,4947,124.3092,614957.61,4133.96,EUR,MOCK_FEED
POS00600220251106,PORT006,INS0018,2025-11-06,1219,56.7259,69148.87,2353.31,INR,MOCK_FEED
POS00600320251106,PORT006,INS0019,2025-11-06,2063,16.7708,34598.16,-163.65,USD,MOCK_FEED
POS00600420251106,PORT006,INS0020,2025-11-06,3020,10.6077,32035.25,262.09,USD,MOCK_FEED
POS00600520251106,PORT006,INS0021,2025-11-06,2249,46.4284,104417.47,-2297.02,USD,MOCK_FEED
POS00600620251106,PORT006,INS0022,2025-11-06,2994,45.1651,135224.31,3418.78,EUR,MOCK_FEED
POS00600720251106,PORT006,INS0023,2025-11-06,493,54.102,26672.29,-448.0,INR,MOCK_FEED
POS00600820251106,PORT006,INS0024,2025-11-06,1197,71.1852,85208.68,1024.42,GBP,MOCK_FEED
POS00600920251106,PORT006,INS0025,2025-11-06,911,25.4883,23219.84,213.92,GBP,MOCK_FEED
POS00601020251106,PORT006,INS0026,2025-11-06,1570,60.8433,95523.98,720.28,EUR,MOCK_FEED
POS00600120251107,PORT006,INS0017,2025-11-07,2891,123.0976,355875.16,-1537.29,GBP,MOCK_FEED
POS00600220251107,PORT006,INS0018,2025-11-07,2188,56.9804,124673.12,225.11,INR,MOCK_FEED
POS00600320251107,PORT006,INS0019,2025-11-07,4360,16.2931,71037.92,-1177.24,INR,MOCK_FEED
POS00600420251107,PORT006,INS0020,2025-11-07,987,10.4881,10351.75,-247.98,EUR,MOCK_FEED
POS00600520251107,PORT006,INS0021,2025-11-07,524,46.7297,24486.36,131.72,EUR,MOCK_FEED
POS00600620251107,PORT006,INS0022,2025-11-07,3910,45.0454,176127.51,450.98,USD,MOCK_FEED
POS00600720251107,PORT006,INS0023,2025-11-07,2691,54.2723,146046.76,-2342.38,INR,MOCK_FEED
POS00600820251107,PORT006,INS0024,2025-11-07,2645,71.4657,189026.78,3072.28,INR,MOCK_FEED
POS00600920251107,PORT006,INS0025,2025-11-07,2776,25.8084,71644.12,1128.35,EUR,MOCK_FEED
POS00601020251107,PORT006,INS0026,2025-11-07,4084,59.3921,242557.34,9300.36,EUR,MOCK_FEED
POS00600120251108,PORT006,INS0017,2025-11-08,1829,122.8078,224615.47,-4458.63,INR,MOCK_FEED
POS00600220251108,PORT006,INS0018,2025-11-08,3393,57.2341,194195.3,6843.83,EUR,MOCK_FEED
POS00600320251108,PORT006,INS0019,2025-11-08,1634,16.4163,26824.23,-158.72,EUR,MOCK_FEED
POS00600420251108,PORT006,INS0020,2025-11-08,4610,10.395,47920.95,-168.78,GBP,MOCK_FEED
POS00600520251108,PORT006,INS0021,2025-11-08,3726,46.4005,172888.26,-2209.37,EUR,MOCK_FEED
POS00600620251108,PORT006,INS0022,2025-11-08,1150,44.3833,51040.79,1950.28,GBP,MOCK_FEED
POS00600720251108,PORT006,INS0023,2025-11-08,3274,54.7233,179164.08,-4123.65,INR,MOCK_FEED
POS00600820251108,PORT006,INS0024,2025-11-08,3890,71.5564,278354.4,-5948.63,INR,MOCK_FEED
POS00600920251108,PORT006,INS0025,2025-11-08,592,25.9474,15360.86,186.34,GBP,MOCK_FEED
POS00601020251108,PORT006,INS0026,2025-11-08,2386,60.426,144176.44,-4200.17,INR,MOCK_FEED
POS00600120251109,PORT006,INS0017,2025-11-09,3951,121.1265,478570.8,10754.71,USD,MOCK_FEED
POS00600220251109,PORT006,INS0018,2025-11-09,494,56.179,27752.43,995.66,EUR,MOCK_FEED
POS00600320251109,PORT006,INS0019,2025-11-09,3578,16.4165,58738.24,1608.79,EUR,MOCK_FEED
POS00600420251109,PORT006,INS0020,2025-11-09,2251,10.2407,23051.82,116.91,EUR,MOCK_FEED
POS00600520251109,PORT006,INS0021,2025-11-09,2847,47.1982,134373.28,2744.98,EUR,MOCK_FEED
POS00600620251109,PORT006,INS0022,2025-11-09,875,44.9017,39288.99,938.76,INR,MOCK_FEED
POS00600720251109,PORT006,INS0023,2025-11-09,3743,53.8809,201676.21,3125.29,INR,MOCK_FEED
POS00600820251109,PORT006,INS0024,2025-11-09,3023,72.2332,218360.96,7453.49,INR,MOCK_FEED
POS00600920251109,PORT006,INS0025,2025-11-09,4655,26.4357,123058.18,3898.27,INR,MOCK_FEED
POS00601020251109,PORT006,INS0026,2025-11-09,188,60.7287,11417.0,121.44,USD,MOCK_FEED
POS00600120251110,PORT006,INS0017,2025-11-10,2345,120.2025,281874.86,10373.04,GBP,MOCK_FEED
POS00600220251110,PORT006,INS0018,2025-11-10,2966,57.1734,169576.3,6007.62,GBP,MOCK_FEED
POS00600320251110,PORT006,INS0019,2025-11-10,4784,16.2859,77911.75,3027.54,INR,MOCK_FEED
POS00600420251110,PORT006,INS0020,2025-11-10,2240,10.1211,22671.26,-153.07,GBP,MOCK_FEED
POS00600520251110,PORT006,INS0021,2025-11-10,2134,47.7225,101839.81,-1512.39,GBP,MOCK_FEED
POS00600620251110,PORT006,INS0022,2025-11-10,4876,45.3648,221198.76,-232.01,INR,MOCK_FEED
POS00600720251110,PORT006,INS0023,2025-11-10,4207,53.0673,223254.13,1648.44,EUR,MOCK_FEED
POS00600820251110,PORT006,INS0024,2025-11-10,3290,72.0636,237089.24,9153.68,GBP,MOCK_FEED
POS00600920251110,PORT006,INS0025,2025-11-10,2462,26.3883,64967.99,907.5,GBP,MOCK_FEED
POS00601020251110,PORT006,INS0026,2025-11-10,965,59.8092,57715.88,351.53,GBP,MOCK_FEED
POS00600120251111,PORT006,INS0017,2025-11-11,4159,120.6123,501626.56,9236.89,EUR,MOCK_FEED
POS00600220251111,PORT006,INS0018,2025-11-11,1252,57.4093,71876.44,322.91,INR,MOCK_FEED
POS00600320251111,PORT006,INS0019,2025-11-11,2312,16.2102,37477.98,1215.3,USD,MOCK_FEED
POS00600420251111,PORT006,INS0020,2025-11-11,385,10.0473,3868.21,127.42,EUR,MOCK_FEED
POS00600520251111,PORT006,INS0021,2025-11-11,567,48.5802,27544.97,566.4,INR,MOCK_FEED
POS00600620251111,PORT006,INS0022,2025-11-11,503,45.7023,22988.26,-272.02,GBP,MOCK_FEED
POS00600720251111,PORT006,INS0023,2025-11-11,2971,53.436,158758.36,2397.01,EUR,MOCK_FEED
POS00600820251111,PORT006,INS0024,2025-11-11,1359,73.0863,99324.28,985.41,GBP,MOCK_FEED
POS00600920251111,PORT006,INS0025,2025-11-11,310,26.5318,8224.86,-212.23,GBP,MOCK_FEED
POS00601020251111,PORT006,INS0026,2025-11-11,1045,60.6366,63365.25,-1663.95,GBP,MOCK_FEED
POS00600120251112,PORT006,INS0017,2025-11-12,3718,118.4549,440415.32,-6561.38,EUR,MOCK_FEED
POS00600220251112,PORT006,INS0018,2025-11-12,2303,58.168,133960.9,802.36,GBP,MOCK_FEED
POS00600320251112,PORT006,INS0019,2025-11-12,4590,15.9579,73246.76,111.71,EUR,MOCK_FEED
POS00600420251112,PORT006,INS0020,2025-11-12,1705,10.2023,17394.92,-231.23,USD,MOCK_FEED
POS00600520251112,PORT006,INS0021,2025-11-12,600,47.702,28621.2,-513.9,EUR,MOCK_FEED
POS00600620251112,PORT006,INS0022,2025-11-12,2233,45.5948,101813.19,-269.27,USD,MOCK_FEED
POS00600720251112,PORT006,INS0023,2025-11-12,4566,53.5197,244370.95,-4627.21,EUR,MOCK_FEED
POS00600820251112,PORT006,INS0024,2025-11-12,1446,72.9938,105549.03,1655.54,INR,MOCK_FEED
POS00600920251112,PORT006,INS0025,2025-11-12,1897,26.5083,50286.25,-1506.2,USD,MOCK_FEED
POS00601020251112,PORT006,INS0026,2025-11-12,2292,60.1533,137871.36,65.32,EUR,MOCK_FEED
POS00600120251113,PORT006,INS0017,2025-11-13,3708,118.8154,440567.5,7501.81,GBP,MOCK_FEED
POS00600220251113,PORT006,INS0018,2025-11-13,4750,58.1269,276102.78,103.85,INR,MOCK_FEED
POS00600320251113,PORT006,INS0019,2025-11-13,1732,16.0748,27841.55,355.6,EUR,MOCK_FEED
POS00600420251113,PORT006,INS0020,2025-11-13,3626,10.0399,36404.68,-364.92,INR,MOCK_FEED
POS00600520251113,PORT006,INS0021,2025-11-13,4234,47.6572,201780.58,7623.53,INR,MOCK_FEED
POS00600620251113,PORT006,INS0022,2025-11-13,1511,46.3039,69965.19,1472.54,USD,MOCK_FEED
POS00600720251113,PORT006,INS0023,2025-11-13,4480,53.1487,238106.18,7528.57,EUR,MOCK_FEED
POS00600820251113,PORT006,INS0024,2025-11-13,180,73.7191,13269.44,371.09,USD,MOCK_FEED
POS00600920251113,PORT006,INS0025,2025-11-13,2699,26.1453,70566.16,2170.67,EUR,MOCK_FEED
POS00601020251113,PORT006,INS0026,2025-11-13,1773,60.0435,106457.13,-1510.49,INR,MOCK_FEED
POS00600120251114,PORT006,INS0017,2025-11-14,1228,118.7166,145783.98,4235.38,GBP,MOCK_FEED
POS00600220251114,PORT006,INS0018,2025-11-14,1034,57.5503,59507.01,-1094.13,EUR,MOCK_FEED
POS00600320251114,PORT006,INS0019,2025-11-14,4103,16.0357,65794.48,531.05,EUR,MOCK_FEED
POS00600420251114,PORT006,INS0020,2025-11-14,1683,9.9534,16751.57,-431.65,EUR,MOCK_FEED
POS00600520251114,PORT006,INS0021,2025-11-14,3345,48.6521,162741.27,-2709.17,EUR,MOCK_FEED
POS00600620251114,PORT006,INS0022,2025-11-14,703,46.7229,32846.2,264.87,USD,MOCK_FEED
POS00600720251114,PORT006,INS0023,2025-11-14,2533,53.8934,136511.98,2206.41,USD,MOCK_FEED
POS00600820251114,PORT006,INS0024,2025-11-14,1997,73.3345,146449.0,5250.09,EUR,MOCK_FEED
POS00600920251114,PORT006,INS0025,2025-11-14,4045,25.823,104454.04,933.7,INR,MOCK_FEED
POS00601020251114,PORT006,INS0026,2025-11-14,2865,59.8875,171577.69,3011.71,USD,MOCK_FEED
POS00600120251115,PORT006,INS0017,2025-11-15,3871,119.6788,463276.63,14809.51,INR,MOCK_FEED
POS00600220251115,PORT006,INS0018,2025-11-15,773,58.6889,45366.52,589.96,GBP,MOCK_FEED
POS00600320251115,PORT006,INS0019,2025-11-15,4843,16.2662,78777.21,577.64,GBP,MOCK_FEED
POS00600420251115,PORT006,INS0020,2025-11-15,657,10.1765,6685.96,-183.88,INR,MOCK_FEED
POS00600520251115,PORT006,INS0021,2025-11-15,2164,49.3626,106820.67,4100.59,INR,MOCK_FEED
POS00600620251115,PORT006,INS0022,2025-11-15,4380,47.3197,207260.29,7267.01,USD,MOCK_FEED
POS00600720251115,PORT006,INS0023,2025-11-15,3689,54.7115,201830.72,1460.33,GBP,MOCK_FEED
POS00600820251115,PORT006,INS0024,2025-11-15,3898,73.6191,286967.25,-8557.9,INR,MOCK_FEED
POS00600920251115,PORT006,INS0025,2025-11-15,1048,25.6584,26890.0,610.73,GBP,MOCK_FEED
POS00601020251115,PORT006,INS0026,2025-11-15,462,61.0013,28182.6,549.69,EUR,MOCK_FEED
POS00600120251116,PORT006,INS0017,2025-11-16,768,119.4335,91724.93,-1182.84,GBP,MOCK_FEED
POS00600220251116,PORT006,INS0018,2025-11-16,4636,58.1921,269778.58,5884.34,USD,MOCK_FEED
POS00600320251116,PORT006,INS0019,2025-11-16,4277,15.9926,68400.35,897.36,GBP,MOCK_FEED
POS00600420251116,PORT006,INS0020,2025-11-16,3489,10.3133,35983.1,464.78,GBP,MOCK_FEED
POS00600520251116,PORT006,INS0021,2025-11-16,486,49.7215,24164.65,-426.47,INR,MOCK_FEED
POS00600620251116,PORT006,INS0022,2025-11-16,3963,48.0754,190522.81,-5331.55,GBP,MOCK_FEED
POS00600720251116,PORT006,INS0023,2025-11-16,2649,54.5845,144594.34,-857.16,GBP,MOCK_FEED
POS00600820251116,PORT006,INS0024,2025-11-16,1385,72.9307,101009.02,2400.72,INR,MOCK_FEED
POS00600920251116,PORT006,INS0025,2025-11-16,1144,25.6456,29338.57,1040.33,USD,MOCK_FEED
POS00601020251116,PORT006,INS0026,2025-11-16,3634,60.786,220896.32,7202.72,USD,MOCK_FEED
POS00600120251117,PORT006,INS0017,2025-11-17,4377,119.6547,523728.62,19031.77,EUR,MOCK_FEED
POS00600220251117,PORT006,INS0018,2025-11-17,4337,56.6462,245674.57,6056.33,INR,MOCK_FEED
POS00600320251117,PORT006,INS0019,2025-11-17,1465,16.0575,23524.24,82.8,EUR,MOCK_FEED
POS00600420251117,PORT006,INS0020,2025-11-17,1942,10.3432,20086.49,-431.67,GBP,MOCK_FEED
POS00600520251117,PORT006,INS0021,2025-11-17,2395,50.4435,120812.18,2154.21,USD,MOCK_FEED
POS00600620251117,PORT006,INS0022,2025-11-17,4982,47.7985,238132.13,-5443.31,GBP,MOCK_FEED
POS00600720251117,PORT006,INS0023,2025-11-17,1253,53.8231,67440.34,-252.0,INR,MOCK_FEED
POS00600820251117,PORT006,INS0024,2025-11-17,3930,71.4358,280742.69,2313.28,USD,MOCK_FEED
POS00600920251117,PORT006,INS0025,2025-11-17,2881,25.0354,72126.99,1874.86,INR,MOCK_FEED
POS00601020251117,PORT006,INS0026,2025-11-17,2479,60.0594,148887.25,4050.0,GBP,MOCK_FEED
POS00600120251118,PORT006,INS0017,2025-11-18,2137,123.1439,263158.51,7967.47,INR,MOCK_FEED
POS00600220251118,PORT006,INS0018,2025-11-18,3692,57.1434,210973.43,584.9,USD,MOCK_FEED
POS00600320251118,PORT006,INS0019,2025-11-18,1496,15.7537,23567.54,841.61,USD,MOCK_FEED
POS00600420251118,PORT006,INS0020,2025-11-18,3607,10.3875,37467.71,163.24,EUR,MOCK_FEED
POS00600520251118,PORT006,INS0021,2025-11-18,323,49.497,15987.53,-356.24,GBP,MOCK_FEED
POS00600620251118,PORT006,INS0022,2025-11-18,2627,46.2837,121587.28,-1790.55,EUR,MOCK_FEED
POS00600720251118,PORT006,INS0023,2025-11-18,1758,53.1819,93493.78,1423.73,INR,MOCK_FEED
POS00600820251118,PORT006,INS0024,2025-11-18,173,70.5763,12209.7,383.98,EUR,MOCK_FEED
POS00600920251118,PORT006,INS0025,2025-11-18,2694,24.9319,67166.54,-398.27,GBP,MOCK_FEED
POS00601020251118,PORT006,INS0026,2025-11-18,3486,60.2327,209971.19,2384.98,INR,MOCK_FEED
POS00600120251119,PORT006,INS0017,2025-11-19,569,123.3448,70183.19,1816.83,GBP,MOCK_FEED
POS00600220251119,PORT006,INS0018,2025-11-19,1347,56.4781,76076.0,2375.15,EUR,MOCK_FEED
POS00600320251119,PORT006,INS0019,2025-11-19,1958,15.7134,30766.84,478.57,EUR,MOCK_FEED
POS00600420251119,PORT006,INS0020,2025-11-19,724,10.3315,7480.01,269.7,INR,MOCK_FEED
POS00600520251119,PORT006,INS0021,2025-11-19,3450,49.5606,170984.07,6272.85,EUR,MOCK_FEED
POS00600620251119,PORT006,INS0022,2025-11-19,173,46.7788,8092.73,55.43,USD,MOCK_FEED
POS00600720251119,PORT006,INS0023,2025-11-19,1116,53.167,59334.37,-412.04,USD,MOCK_FEED
POS00600820251119,PORT006,INS0024,2025-11-19,233,70.1356,16341.59,68.92,USD,MOCK_FEED
POS00600920251119,PORT006,INS0025,2025-11-19,1245,25.1784,31347.11,228.39,USD,MOCK_FEED
POS00601020251119,PORT006,INS0026,2025-11-19,3598,60.8245,218846.55,5782.28,USD,MOCK_FEED
POS00600120251120,PORT006,INS0017,2025-11-20,427,122.3547,52245.46,1945.07,GBP,MOCK_FEED
POS00600220251120,PORT006,INS0018,2025-11-20,1804,55.5405,100195.06,1403.34,USD,MOCK_FEED
POS00600320251120,PORT006,INS0019,2025-11-20,1910,15.8415,30257.26,-187.75,EUR,MOCK_FEED
POS00600420251120,PORT006,INS0020,2025-11-20,2999,9.9967,29980.1,469.34,INR,MOCK_FEED
POS00600520251120,PORT006,INS0021,2025-11-20,1117,49.0794,54821.69,-442.05,EUR,MOCK_FEED
POS00600620251120,PORT006,INS0022,2025-11-20,2606,46.7174,121745.54,2769.07,INR,MOCK_FEED
POS00600720251120,PORT006,INS0023,2025-11-20,1874,53.4425,100151.25,1470.44,USD,MOCK_FEED
POS00600820251120,PORT006,INS0024,2025-11-20,1418,70.5609,100055.36,-574.73,USD,MOCK_FEED
POS00600920251120,PORT006,INS0025,2025-11-20,3874,24.9682,96726.81,-774.68,GBP,MOCK_FEED
POS00601020251120,PORT006,INS0026,2025-11-20,4070,62.4466,254157.66,-6125.18,GBP,MOCK_FEED
POS00600120251121,PORT006,INS0017,2025-11-21,293,122.7163,35955.88,-299.32,INR,MOCK_FEED
POS00600220251121,PORT006,INS0018,2025-11-21,4433,55.1636,244540.24,8136.28,USD,MOCK_FEED
POS00600320251121,PORT006,INS0019,2025-11-21,1457,15.9484,23236.82,160.06,EUR,MOCK_FEED
POS00600420251121,PORT006,INS0020,2025-11-21,1236,9.8848,12217.61,296.37,USD,MOCK_FEED
POS00600520251121,PORT006,INS0021,2025-11-21,145,48.2497,6996.21,86.83,USD,MOCK_FEED
POS00600620251121,PORT006,INS0022,2025-11-21,404,46.1254,18634.66,-360.79,EUR,MOCK_FEED
POS00600720251121,PORT006,INS0023,2025-11-21,2518,52.9832,133411.7,578.47,EUR,MOCK_FEED
POS00600820251121,PORT006,INS0024,2025-11-21,1415,69.3641,98150.2,-820.4,USD,MOCK_FEED
POS00600920251121,PORT006,INS0025,2025-11-21,1000,25.4163,25416.3,-177.1,INR,MOCK_FEED
POS00601020251121,PORT006,INS0026,2025-11-21,932,62.1803,57952.04,370.56,GBP,MOCK_FEED
POS00600120251122,PORT006,INS0017,2025-11-22,805,125.4203,100963.34,3226.69,USD,MOCK_FEED
POS00600220251122,PORT006,INS0018,2025-11-22,532,55.4568,29503.02,266.73,EUR,MOCK_FEED
POS00600320251122,PORT006,INS0019,2025-11-22,438,15.7737,6908.88,-14.76,EUR,MOCK_FEED
POS00600420251122,PORT006,INS0020,2025-11-22,620,9.9162,6148.04,17.43,INR,MOCK_FEED
POS00600520251122,PORT006,INS0021,2025-11-22,4826,48.6239,234658.94,3478.15,EUR,MOCK_FEED
POS00600620251122,PORT006,INS0022,2025-11-22,2610,46.3539,120983.68,-2161.2,USD,MOCK_FEED
POS00600720251122,PORT006,INS0023,2025-11-22,3423,53.0876,181718.85,-4615.92,INR,MOCK_FEED
POS00600820251122,PORT006,INS0024,2025-11-22,649,69.4585,45078.57,-950.15,GBP,MOCK_FEED
POS00600920251122,PORT006,INS0025,2025-11-22,1500,25.3694,38054.1,661.72,INR,MOCK_FEED
POS00601020251122,PORT006,INS0026,2025-11-22,3658,62.8167,229783.49,8685.55,GBP,MOCK_FEED
POS00600120251123,PORT006,INS0017,2025-11-23,4391,127.0392,557829.13,-16703.1,GBP,MOCK_FEED
POS00600220251123,PORT006,INS0018,2025-11-23,3257,54.5574,177693.45,2214.73,INR,MOCK_FEED
POS00600320251123,PORT006,INS0019,2025-11-23,2781,15.9661,44401.72,1638.66,INR,MOCK_FEED
POS00600420251123,PORT006,INS0020,2025-11-23,552,9.6413,5322.0,183.36,INR,MOCK_FEED
POS00600520251123,PORT006,INS0021,2025-11-23,4003,48.6466,194732.34,-2151.63,GBP,MOCK_FEED
POS00600620251123,PORT006,INS0022,2025-11-23,3666,46.5793,170759.71,5874.79,GBP,MOCK_FEED
POS00600720251123,PORT006,INS0023,2025-11-23,4380,53.7892,235596.7,4983.3,INR,MOCK_FEED
POS00600820251123,PORT006,INS0024,2025-11-23,657,68.946,45297.52,-946.88,GBP,MOCK_FEED
POS00600920251123,PORT006,INS0025,2025-11-23,3755,25.5114,95795.31,-2661.37,GBP,MOCK_FEED
POS00601020251123,PORT006,INS0026,2025-11-23,1414,62.4602,88318.72,810.38,GBP,MOCK_FEED
POS00600120251124,PORT006,INS0017,2025-11-24,4580,125.1385,573134.33,5749.25,EUR,MOCK_FEED
POS00600220251124,PORT006,INS0018,2025-11-24,4026,54.3131,218664.54,-99.91,GBP,MOCK_FEED
POS00600320251124,PORT006,INS0019,2025-11-24,4617,16.2209,74891.9,981.86,INR,MOCK_FEED
POS00600420251124,PORT006,INS0020,2025-11-24,3694,9.5566,35302.08,483.48,INR,MOCK_FEED
POS00600520251124,PORT006,INS0021,2025-11-24,3372,48.8144,164602.16,5375.58,USD,MOCK_FEED
POS00600620251124,PORT006,INS0022,2025-11-24,2491,46.8828,116785.05,3785.13,INR,MOCK_FEED
POS00600720251124,PORT006,INS0023,2025-11-24,3401,53.0119,180293.47,5746.45,INR,MOCK_FEED
POS00600820251124,PORT006,INS0024,2025-11-24,1146,68.3036,78275.93,2744.79,USD,MOCK_FEED
POS00600920251124,PORT006,INS0025,2025-11-24,980,25.4319,24923.26,-1.8,USD,MOCK_FEED
POS00601020251124,PORT006,INS0026,2025-11-24,4063,61.4321,249598.62,-2436.98,USD,MOCK_FEED
POS00600120251125,PORT006,INS0017,2025-11-25,809,122.1371,98808.91,-2145.02,GBP,MOCK_FEED
POS00600220251125,PORT006,INS0018,2025-11-25,2078,54.1455,112514.35,-2903.24,GBP,MOCK_FEED
POS00600320251125,PORT006,INS0019,2025-11-25,1645,16.4225,27015.01,1067.32,USD,MOCK_FEED
POS00600420251125,PORT006,INS0020,2025-11-25,3747,9.5844,35912.75,1050.58,EUR,MOCK_FEED
POS00600520251125,PORT006,INS0021,2025-11-25,298,47.8888,14270.86,128.35,GBP,MOCK_FEED
POS00600620251125,PORT006,INS0022,2025-11-25,1553,47.479,73734.89,211.24,GBP,MOCK_FEED
POS00600720251125,PORT006,INS0023,2025-11-25,2752,52.7832,145259.37,2051.78,INR,MOCK_FEED
POS00600820251125,PORT006,INS0024,2025-11-25,452,69.1165,31240.66,-74.75,GBP,MOCK_FEED
POS00600920251125,PORT006,INS0025,2025-11-25,2973,25.4905,75783.26,2832.8,EUR,MOCK_FEED
POS00601020251125,PORT006,INS0026,2025-11-25,2852,62.1353,177209.88,1080.61,EUR,MOCK_FEED
POS00600120251126,PORT006,INS0017,2025-11-26,4462,123.7081,551985.54,13259.02,INR,MOCK_FEED
POS00600220251126,PORT006,INS0018,2025-11-26,489,54.1074,26458.52,956.26,EUR,MOCK_FEED
POS00600320251126,PORT006,INS0019,2025-11-26,3100,16.3691,50744.21,1440.02,EUR,MOCK_FEED
POS00600420251126,PORT006,INS0020,2025-11-26,2270,9.5933,21776.79,-435.93,INR,MOCK_FEED
POS00600520251126,PORT006,INS0021,2025-11-26,1183,48.1866,57004.75,-1585.16,USD,MOCK_FEED
POS00600620251126,PORT006,INS0022,2025-11-26,3459,48.1006,166379.98,-4755.36,USD,MOCK_FEED
POS00600720251126,PORT006,INS0023,2025-11-26,1234,53.7728,66355.64,2195.63,EUR,MOCK_FEED
POS00600820251126,PORT006,INS0024,2025-11-26,1659,69.1728,114757.68,2534.06,GBP,MOCK_FEED
POS00600920251126,PORT006,INS0025,2025-11-26,3347,25.6762,85938.24,3419.22,EUR,MOCK_FEED
POS00601020251126,PORT006,INS0026,2025-11-26,1343,64.055,86025.87,1688.04,EUR,MOCK_FEED
POS00600120251127,PORT006,INS0017,2025-11-27,3619,126.0723,456255.65,-8755.78,EUR,MOCK_FEED
POS00600220251127,PORT006,INS0018,2025-11-27,113,53.0838,5998.47,88.19,EUR,MOCK_FEED
POS00600320251127,PORT006,INS0019,2025-11-27,4455,16.0963,71709.02,1546.67,GBP,MOCK_FEED
POS00600420251127,PORT006,INS0020,2025-11-27,3939,9.5912,37779.74,-640.47,GBP,MOCK_FEED
POS00600520251127,PORT006,INS0021,2025-11-27,4773,48.8326,233078.0,5659.88,USD,MOCK_FEED
POS00600620251127,PORT006,INS0022,2025-11-27,2770,47.4631,131472.79,-2084.94,USD,MOCK_FEED
POS00600720251127,PORT006,INS0023,2025-11-27,4959,53.5037,265324.85,9488.16,GBP,MOCK_FEED
POS00600820251127,PORT006,INS0024,2025-11-27,2030,69.1468,140368.0,1155.96,EUR,MOCK_FEED
POS00600920251127,PORT006,INS0025,2025-11-27,4470,25.868,115629.96,-1730.72,EUR,MOCK_FEED
POS00601020251127,PORT006,INS0026,2025-11-27,4594,64.0306,294156.58,-7998.92,EUR,MOCK_FEED
POS00600120251128,PORT006,INS0017,2025-11-28,3287,128.2835,421667.86,7666.28,USD,MOCK_FEED
POS00600220251128,PORT006,INS0018,2025-11-28,3574,53.2746,190403.42,2040.45,EUR,MOCK_FEED
POS00600320251128,PORT006,INS0019,2025-11-28,1296,16.0998,20865.34,605.95,GBP,MOCK_FEED
POS00600420251128,PORT006,INS0020,2025-11-28,2434,9.4185,22924.63,249.53,INR,MOCK_FEED
POS00600520251128,PORT006,INS0021,2025-11-28,3790,50.3992,191012.97,3255.47,GBP,MOCK_FEED
POS00600620251128,PORT006,INS0022,2025-11-28,4808,47.8604,230112.8,-26.5,EUR,MOCK_FEED
POS00600720251128,PORT006,INS0023,2025-11-28,1099,53.2606,58533.4,1168.8,GBP,MOCK_FEED
POS00600820251128,PORT006,INS0024,2025-11-28,2169,68.2475,148028.83,2886.15,INR,MOCK_FEED
POS00600920251128,PORT006,INS0025,2025-11-28,753,25.5834,19264.3,701.34,GBP,MOCK_FEED
POS00601020251128,PORT006,INS0026,2025-11-28,4552,61.883,281691.42,1166.14,EUR,MOCK_FEED
POS00600120251129,PORT006,INS0017,2025-11-29,1292,127.6097,164871.73,1183.09,GBP,MOCK_FEED
POS00600220251129,PORT006,INS0018,2025-11-29,2715,52.8184,143401.96,-1156.71,INR,MOCK_FEED
POS00600320251129,PORT006,INS0019,2025-11-29,3370,16.1796,54525.25,493.42,USD,MOCK_FEED
POS00600420251129,PORT006,INS0020,2025-11-29,4860,9.4483,45918.74,-777.45,GBP,MOCK_FEED
POS00600520251129,PORT006,INS0021,2025-11-29,1885,50.4201,95041.89,-650.53,GBP,MOCK_FEED
POS00600620251129,PORT006,INS0022,2025-11-29,4262,47.446,202214.85,3262.15,EUR,MOCK_FEED
POS00600720251129,PORT006,INS0023,2025-11-29,4891,52.4637,256599.96,-1534.11,INR,MOCK_FEED
POS00600820251129,PORT006,INS0024,2025-11-29,526,68.6312,36100.01,1314.67,GBP,MOCK_FEED
POS00600920251129,PORT006,INS0025,2025-11-29,4449,25.4815,113367.19,3277.36,GBP,MOCK_FEED
POS00601020251129,PORT006,INS0026,2025-11-29,4674,62.7551,293317.34,10867.83,GBP,MOCK_FEED
POS00600120251130,PORT006,INS0017,2025-11-30,1983,129.2395,256281.93,5575.73,EUR,MOCK_FEED
POS00600220251130,PORT006,INS0018,2025-11-30,2338,53.3218,124666.37,600.56,GBP,MOCK_FEED
POS00600320251130,PORT006,INS0019,2025-11-30,4684,15.907,74508.39,677.46,GBP,MOCK_FEED
POS00600420251130,PORT006,INS0020,2025-11-30,4646,9.5344,44296.82,1750.51,GBP,MOCK_FEED
POS00600520251130,PORT006,INS0021,2025-11-30,4086,49.426,201954.64,7517.85,EUR,MOCK_FEED
POS00600620251130,PORT006,INS0022,2025-11-30,260,47.9958,12478.91,-365.08,EUR,MOCK_FEED
POS00600720251130,PORT006,INS0023,2025-11-30,2592,52.0084,134805.77,3592.38,GBP,MOCK_FEED
POS00600820251130,PORT006,INS0024,2025-11-30,3405,68.2646,232440.96,-6774.03,USD,MOCK_FEED
POS00600920251130,PORT006,INS0025,2025-11-30,1742,25.7547,44864.69,1230.01,INR,MOCK_FEED
POS00601020251130,PORT006,INS0026,2025-11-30,2115,62.6448,132493.75,-2752.48,EUR,MOCK_FEED
POS00600120251201,PORT006,INS0017,2025-12-01,4804,129.118,620282.87,-13190.96,USD,MOCK_FEED
POS00600220251201,PORT006,INS0018,2025-12-01,3216,53.9516,173508.35,2951.59,USD,MOCK_FEED
POS00600320251201,PORT006,INS0019,2025-12-01,2419,16.0233,38760.36,742.28,INR,MOCK_FEED
POS00600420251201,PORT006,INS0020,2025-12-01,2062,9.385,19351.87,602.75,GBP,MOCK_FEED
POS00600520251201,PORT006,INS0021,2025-12-01,4263,49.4413,210768.26,-5906.81,INR,MOCK_FEED
POS00600620251201,PORT006,INS0022,2025-12-01,1905,47.4803,90449.97,966.05,GBP,MOCK_FEED
POS00600720251201,PORT006,INS0023,2025-12-01,4957,51.8521,257030.86,-1471.88,GBP,MOCK_FEED
POS00600820251201,PORT006,INS0024,2025-12-01,718,68.1394,48924.09,-367.83,USD,MOCK_FEED
POS00600920251201,PORT006,INS0025,2025-12-01,3335,25.4044,84723.67,2698.55,INR,MOCK_FEED
POS00601020251201,PORT006,INS0026,2025-12-01,1074,62.556,67185.14,-1032.37,GBP,MOCK_FEED
POS00600120251202,PORT006,INS0017,2025-12-02,2245,127.6486,286571.11,-4190.28,EUR,MOCK_FEED
POS00600220251202,PORT006,INS0018,2025-12-02,261,53.5083,13965.67,-406.98,EUR,MOCK_FEED
POS00600320251202,PORT006,INS0019,2025-12-02,4003,16.1327,64579.2,2315.41,USD,MOCK_FEED
POS00600420251202,PORT006,INS0020,2025-12-02,4968,9.5297,47343.55,1479.97,INR,MOCK_FEED
POS00600520251202,PORT006,INS0021,2025-12-02,4589,48.1664,221035.61,6874.4,INR,MOCK_FEED
POS00600620251202,PORT006,INS0022,2025-12-02,1454,47.9366,69699.82,463.46,GBP,MOCK_FEED
POS00600720251202,PORT006,INS0023,2025-12-02,1306,51.2274,66902.98,1440.06,INR,MOCK_FEED
POS00600820251202,PORT006,INS0024,2025-12-02,401,68.7682,27576.05,-4.61,GBP,MOCK_FEED
POS00600920251202,PORT006,INS0025,2025-12-02,4111,25.393,104390.62,-2038.9,USD,MOCK_FEED
POS00601020251202,PORT006,INS0026,2025-12-02,381,62.2623,23721.94,-434.8,GBP,MOCK_FEED
POS00600120251203,PORT006,INS0017,2025-12-03,609,130.2555,79325.6,337.85,EUR,MOCK_FEED
POS00600220251203,PORT006,INS0018,2025-12-03,4711,53.2246,250741.09,5407.51,USD,MOCK_FEED
POS00600320251203,PORT006,INS0019,2025-12-03,2625,16.08,42210.0,790.76,GBP,MOCK_FEED
POS00600420251203,PORT006,INS0020,2025-12-03,1187,9.7304,11549.98,194.3,EUR,MOCK_FEED
POS00600520251203,PORT006,INS0021,2025-12-03,2778,48.842,135683.08,3323.51,GBP,MOCK_FEED
POS00600620251203,PORT006,INS0022,2025-12-03,3876,48.9987,189918.96,2621.8,GBP,MOCK_FEED
POS00600720251203,PORT006,INS0023,2025-12-03,2223,51.1773,113767.14,576.64,INR,MOCK_FEED
POS00600820251203,PORT006,INS0024,2025-12-03,385,68.1064,26220.96,117.95,USD,MOCK_FEED
POS00600920251203,PORT006,INS0025,2025-12-03,1912,25.1147,48019.31,1745.83,GBP,MOCK_FEED
POS00601020251203,PORT006,INS0026,2025-12-03,4943,62.2825,307862.4,-3672.69,GBP,MOCK_FEED
POS00600120251204,PORT006,INS0017,2025-12-04,3868,133.5919,516733.47,-7265.64,USD,MOCK_FEED
POS00600220251204,PORT006,INS0018,2025-12-04,4561,54.7691,249801.87,6700.93,GBP,MOCK_FEED
POS00600320251204,PORT006,INS0019,2025-12-04,1657,15.9667,26456.82,-114.66,INR,MOCK_FEED
POS00600420251204,PORT006,INS0020,2025-12-04,2296,9.689,22245.94,-248.07,USD,MOCK_FEED
POS00600520251204,PORT006,INS0021,2025-12-04,2983,48.236,143887.99,4158.19,GBP,MOCK_FEED
POS00600620251204,PORT006,INS0022,2025-12-04,4606,50.2776,231578.63,-2048.75,USD,MOCK_FEED
POS00600720251204,PORT006,INS0023,2025-12-04,2056,49.9288,102653.61,-1056.1,EUR,MOCK_FEED
POS00600820251204,PORT006,INS0024,2025-12-04,1275,68.9414,87900.29,-158.42,EUR,MOCK_FEED
POS00600920251204,PORT006,INS0025,2025-12-04,4955,24.9245,123500.9,833.06,EUR,MOCK_FEED
POS00601020251204,PORT006,INS0026,2025-12-04,2363,62.1563,146875.34,-2227.26,EUR,MOCK_FEED
POS00600120251205,PORT006,INS0017,2025-12-05,1119,134.8105,150852.95,5965.65,EUR,MOCK_FEED
POS00600220251205,PORT006,INS0018,2025-12-05,3633,54.1192,196615.05,-4190.6,INR,MOCK_FEED
POS00600320251205,PORT006,INS0019,2025-12-05,1423,15.9185,22652.03,796.93,USD,MOCK_FEED
POS00600420251205,PORT006,INS0020,2025-12-05,583,9.619,5607.88,99.74,USD,MOCK_FEED
POS00600520251205,PORT006,INS0021,2025-12-05,4247,47.2993,200880.13,870.72,GBP,MOCK_FEED
POS00600620251205,PORT006,INS0022,2025-12-05,4268,49.2852,210349.23,5679.06,EUR,MOCK_FEED
POS00600720251205,PORT006,INS0023,2025-12-05,353,49.5276,17483.24,467.26,USD,MOCK_FEED
POS00600820251205,PORT006,INS0024,2025-12-05,2481,68.2842,169413.1,6219.95,USD,MOCK_FEED
POS00600920251205,PORT006,INS0025,2025-12-05,2664,24.8269,66138.86,-496.03,USD,MOCK_FEED
POS00601020251205,PORT006,INS0026,2025-12-05,4078,63.2803,258057.06,9718.0,INR,MOCK_FEED
POS00600120251206,PORT006,INS0017,2025-12-06,3920,136.1355,533651.16,7015.32,INR,MOCK_FEED
POS00600220251206,PORT006,INS0018,2025-12-06,4905,54.4419,267037.52,-2413.38,GBP,MOCK_FEED
POS00600320251206,PORT006,INS0019,2025-12-06,1274,16.0654,20467.32,-159.08,GBP,MOCK_FEED
POS00600420251206,PORT006,INS0020,2025-12-06,159,9.7775,1554.62,-29.36,GBP,MOCK_FEED
POS00600520251206,PORT006,INS0021,2025-12-06,3913,46.7715,183016.88,-4741.35,INR,MOCK_FEED
POS00600620251206,PORT006,INS0022,2025-12-06,2181,49.2395,107391.35,1159.36,EUR,MOCK_FEED
POS00600720251206,PORT006,INS0023,2025-12-06,3147,50.4879,158885.42,2663.08,EUR,MOCK_FEED
POS00600820251206,PORT006,INS0024,2025-12-06,1357,68.2409,92602.9,2877.37,EUR,MOCK_FEED
POS00600920251206,PORT006,INS0025,2025-12-06,4594,24.7155,113543.01,386.53,EUR,MOCK_FEED
POS00601020251206,PORT006,INS0026,2025-12-06,274,62.4303,17105.9,355.76,EUR,MOCK_FEED
POS00600120251207,PORT006,INS0017,2025-12-07,1067,135.9936,145105.17,702.22,USD,MOCK_FEED
POS00600220251207,PORT006,INS0018,2025-12-07,2587,55.9753,144808.1,3724.35,USD,MOCK_FEED
POS00600320251207,PORT006,INS0019,2025-12-07,3145,16.1245,50711.55,612.31,INR,MOCK_FEED
POS00600420251207,PORT006,INS0020,2025-12-07,869,9.6459,8382.29,-225.77,USD,MOCK_FEED
POS00600520251207,PORT006,INS0021,2025-12-07,1513,46.3919,70190.94,-1432.87,INR,MOCK_FEED
POS00600620251207,PORT006,INS0022,2025-12-07,4014,48.0059,192695.68,2137.24,USD,MOCK_FEED
POS00600720251207,PORT006,INS0023,2025-12-07,3269,51.2889,167663.41,-469.31,USD,MOCK_FEED
POS00600820251207,PORT006,INS0024,2025-12-07,3571,67.4392,240825.38,6106.89,EUR,MOCK_FEED
POS00600920251207,PORT006,INS0025,2025-12-07,4238,24.3572,103225.81,-974.58,INR,MOCK_FEED
POS00601020251207,PORT006,INS0026,2025-12-07,2573,62.0091,159549.41,5130.18,GBP,MOCK_FEED
POS00600120251208,PORT006,INS0017,2025-12-08,1531,137.6008,210666.82,960.59,EUR,MOCK_FEED
POS00600220251208,PORT006,INS0018,2025-12-08,578,56.3347,32561.46,-885.39,EUR,MOCK_FEED
POS00600320251208,PORT006,INS0019,2025-12-08,3034,16.1825,49097.71,-1252.06,INR,MOCK_FEED
POS00600420251208,PORT006,INS0020,2025-12-08,3899,9.7532,38027.73,1451.16,GBP,MOCK_FEED
POS00600520251208,PORT006,INS0021,2025-12-08,518,46.3885,24029.24,226.29,USD,MOCK_FEED
POS00600620251208,PORT006,INS0022,2025-12-08,2433,48.225,117331.43,2959.73,EUR,MOCK_FEED
POS00600720251208,PORT006,INS0023,2025-12-08,165,50.9187,8401.59,26.9,INR,MOCK_FEED
POS00600820251208,PORT006,INS0024,2025-12-08,3412,65.9063,224872.3,-5211.75,GBP,MOCK_FEED
POS00600920251208,PORT006,INS0025,2025-12-08,4141,24.2405,100379.91,3089.49,GBP,MOCK_FEED
POS00601020251208,PORT006,INS0026,2025-12-08,4264,62.8201,267864.91,8418.98,EUR,MOCK_FEED
POS00600120251209,PORT006,INS0017,2025-12-09,2223,134.9816,300064.1,-4518.74,GBP,MOCK_FEED
POS00600220251209,PORT006,INS0018,2025-12-09,4097,56.421,231156.84,4611.4,USD,MOCK_FEED
POS00600320251209,PORT006,INS0019,2025-12-09,4373,16.2091,70882.39,30.84,INR,MOCK_FEED
POS00600420251209,PORT006,INS0020,2025-12-09,1806,9.8277,17748.83,291.38,GBP,MOCK_FEED
POS00600520251209,PORT006,INS0021,2025-12-09,3798,46.3414,176004.64,-4367.64,INR,MOCK_FEED
POS00600620251209,PORT006,INS0022,2025-12-09,1024,48.5487,49713.87,1151.53,GBP,MOCK_FEED
POS00600720251209,PORT006,INS0023,2025-12-09,910,50.6591,46099.78,513.68,USD,MOCK_FEED
POS00600820251209,PORT006,INS0024,2025-12-09,281,67.0348,18836.78,-383.41,EUR,MOCK_FEED
POS00600920251209,PORT006,INS0025,2025-12-09,3499,24.492,85697.51,-2080.21,USD,MOCK_FEED
POS00601020251209,PORT006,INS0026,2025-12-09,463,61.6508,28544.32,450.74,INR,MOCK_FEED
POS00600120251210,PORT006,INS0017,2025-12-10,1751,136.2662,238602.12,4149.71,INR,MOCK_FEED
POS00600220251210,PORT006,INS0018,2025-12-10,3275,55.7241,182496.43,2801.57,USD,MOCK_FEED
POS00600320251210,PORT006,INS0019,2025-12-10,2120,16.5268,35036.82,340.62,USD,MOCK_FEED
POS00600420251210,PORT006,INS0020,2025-12-10,1371,9.842,13493.38,423.32,GBP,MOCK_FEED
POS00600520251210,PORT006,INS0021,2025-12-10,4880,45.5666,222365.01,2248.07,GBP,MOCK_FEED
POS00600620251210,PORT006,INS0022,2025-12-10,2388,48.6748,116235.42,-2307.08,USD,MOCK_FEED
POS00600720251210,PORT006,INS0023,2025-12-10,1912,51.0661,97638.38,-2907.16,GBP,MOCK_FEED
POS00600820251210,PORT006,INS0024,2025-12-10,4499,66.8816,300900.32,7694.57,INR,MOCK_FEED
POS00600920251210,PORT006,INS0025,2025-12-10,888,24.6351,21875.97,167.07,USD,MOCK_FEED
POS00601020251210,PORT006,INS0026,2025-12-10,4003,62.7609,251231.88,8737.83,INR,MOCK_FEED
POS00600120251211,PORT006,INS0017,2025-12-11,3368,134.0626,451522.84,2779.48,INR,MOCK_FEED
POS00600220251211,PORT006,INS0018,2025-12-11,4503,55.7135,250877.89,-7175.46,GBP,MOCK_FEED
POS00600320251211,PORT006,INS0019,2025-12-11,1487,16.6952,24825.76,-331.01,GBP,MOCK_FEED
POS00600420251211,PORT006,INS0020,2025-12-11,1892,9.9611,18846.4,-413.43,USD,MOCK_FEED
POS00600520251211,PORT006,INS0021,2025-12-11,4655,46.3352,215690.36,8301.91,EUR,MOCK_FEED
POS00600620251211,PORT006,INS0022,2025-12-11,1443,49.1108,70866.88,1378.81,EUR,MOCK_FEED
POS00600720251211,PORT006,INS0023,2025-12-11,3095,51.3071,158795.47,-931.41,GBP,MOCK_FEED
POS00600820251211,PORT006,INS0024,2025-12-11,4325,66.4627,287451.18,5624.43,USD,MOCK_FEED
POS00600920251211,PORT006,INS0025,2025-12-11,3304,24.4984,80942.71,401.41,INR,MOCK_FEED
POS00601020251211,PORT006,INS0026,2025-12-11,2467,63.9104,157666.96,-4595.64,GBP,MOCK_FEED
POS00600120251212,PORT006,INS0017,2025-12-12,2611,135.5266,353859.95,-1364.49,EUR,MOCK_FEED
POS00600220251212,PORT006,INS0018,2025-12-12,1180,56.1751,66286.62,1819.08,EUR,MOCK_FEED
POS00600320251212,PORT006,INS0019,2025-12-12,1089,16.7411,18231.06,200.01,USD,MOCK_FEED
POS00600420251212,PORT006,INS0020,2025-12-12,1935,9.9277,19210.1,-271.19,EUR,MOCK_FEED
POS00600520251212,PORT006,INS0021,2025-12-12,827,47.188,39024.48,808.82,EUR,MOCK_FEED
POS00600620251212,PORT006,INS0022,2025-12-12,4725,48.5467,229383.16,-6217.93,EUR,MOCK_FEED
POS00600720251212,PORT006,INS0023,2025-12-12,508,50.615,25712.42,-637.92,USD,MOCK_FEED
POS00600820251212,PORT006,INS0024,2025-12-12,804,66.1261,53165.38,1480.19,EUR,MOCK_FEED
POS00600920251212,PORT006,INS0025,2025-12-12,106,24.3739,2583.63,28.16,USD,MOCK_FEED
POS00601020251212,PORT006,INS0026,2025-12-12,4319,64.2764,277609.77,6824.46,INR,MOCK_FEED
POS00600120251213,PORT006,INS0017,2025-12-13,2474,135.1845,334446.45,-9654.44,USD,MOCK_FEED
POS00600220251213,PORT006,INS0018,2025-12-13,1649,56.7434,93569.87,2762.9,GBP,MOCK_FEED
POS00600320251213,PORT006,INS0019,2025-12-13,4590,16.935,77731.65,-1658.66,INR,MOCK_FEED
POS00600420251213,PORT006,INS0020,2025-12-13,4368,9.9059,43268.97,605.19,EUR,MOCK_FEED
POS00600520251213,PORT006,INS0021,2025-12-13,516,47.3449,24429.97,397.77,GBP,MOCK_FEED
POS00600620251213,PORT006,INS0022,2025-12-13,826,48.1096,39738.53,1137.71,USD,MOCK_FEED
POS00600720251213,PORT006,INS0023,2025-12-13,4069,51.1407,208091.51,1000.02,GBP,MOCK_FEED
POS00600820251213,PORT006,INS0024,2025-12-13,295,64.8042,19117.24,64.56,INR,MOCK_FEED
POS00600920251213,PORT006,INS0025,2025-12-13,4388,24.6185,108025.98,1979.24,INR,MOCK_FEED
POS00601020251213,PORT006,INS0026,2025-12-13,2846,63.1415,179700.71,1224.91,INR,MOCK_FEED
POS00600120251214,PORT006,INS0017,2025-12-14,2024,135.1547,273553.11,10161.54,GBP,MOCK_FEED
POS00600220251214,PORT006,INS0018,2025-12-14,3720,58.1583,216348.88,-2717.01,USD,MOCK_FEED
POS00600320251214,PORT006,INS0019,2025-12-14,2780,17.1461,47666.16,1206.97,INR,MOCK_FEED
POS00600420251214,PORT006,INS0020,2025-12-14,2401,10.0957,24239.78,468.3,USD,MOCK_FEED
POS00600520251214,PORT006,INS0021,2025-12-14,3587,46.1872,165673.49,-979.76,USD,MOCK_FEED
POS00600620251214,PORT006,INS0022,2025-12-14,1920,47.7919,91760.45,-2172.86,INR,MOCK_FEED
POS00600720251214,PORT006,INS0023,2025-12-14,3825,51.9964,198886.23,-3688.37,INR,MOCK_FEED
POS00600820251214,PORT006,INS0024,2025-12-14,4646,64.4466,299418.9,11846.54,USD,MOCK_FEED
POS00600920251214,PORT006,INS0025,2025-12-14,3131,25.0223,78344.82,2943.36,EUR,MOCK_FEED
POS00601020251214,PORT006,INS0026,2025-12-14,2562,63.3565,162319.35,4656.65,GBP,MOCK_FEED
POS00600120251215,PORT006,INS0017,2025-12-15,253,131.5396,33279.52,650.86,INR,MOCK_FEED
POS00600220251215,PORT006,INS0018,2025-12-15,2382,55.8993,133152.13,3983.53,EUR,MOCK_FEED
POS00600320251215,PORT006,INS0019,2025-12-15,1514,17.2045,26047.61,-401.54,GBP,MOCK_FEED
POS00600420251215,PORT006,INS0020,2025-12-15,2501,10.1661,25425.42,-177.31,EUR,MOCK_FEED
POS00600520251215,PORT006,INS0021,2025-12-15,1404,47.3953,66543.0,-342.87,EUR,MOCK_FEED
POS00600620251215,PORT006,INS0022,2025-12-15,1871,47.4375,88755.56,3307.96,INR,MOCK_FEED
POS00600720251215,PORT006,INS0023,2025-12-15,3931,51.3661,201920.14,-2045.39,USD,MOCK_FEED
POS00600820251215,PORT006,INS0024,2025-12-15,1178,64.2417,75676.72,-543.72,EUR,MOCK_FEED
POS00600920251215,PORT006,INS0025,2025-12-15,3670,24.9533,91578.61,2234.56,INR,MOCK_FEED
POS00601020251215,PORT006,INS0026,2025-12-15,1602,63.5045,101734.21,790.34,USD,MOCK_FEED
POS00600120251216,PORT006,INS0017,2025-12-16,1049,128.9324,135250.09,5355.48,USD,MOCK_FEED
POS00600220251216,PORT006,INS0018,2025-12-16,3842,55.6432,213781.17,8082.98,USD,MOCK_FEED
POS00600320251216,PORT006,INS0019,2025-12-16,4435,17.4014,77175.21,1625.01,USD,MOCK_FEED
POS00600420251216,PORT006,INS0020,2025-12-16,2387,10.1918,24327.83,23.92,INR,MOCK_FEED
POS00600520251216,PORT006,INS0021,2025-12-16,283,47.5195,13448.02,451.37,GBP,MOCK_FEED
POS00600620251216,PORT006,INS0022,2025-12-16,565,47.5336,26856.48,-278.0,EUR,MOCK_FEED
POS00600720251216,PORT006,INS0023,2025-12-16,696,51.2457,35667.01,-90.45,EUR,MOCK_FEED
POS00600820251216,PORT006,INS0024,2025-12-16,2155,64.0839,138100.8,3714.48,INR,MOCK_FEED
POS00600920251216,PORT006,INS0025,2025-12-16,195,24.3872,4755.5,48.53,USD,MOCK_FEED
POS00601020251216,PORT006,INS0026,2025-12-16,4971,63.6804,316555.27,10770.51,GBP,MOCK_FEED
POS00600120251217,PORT006,INS0017,2025-12-17,1791,126.7927,227085.73,481.82,INR,MOCK_FEED
POS00600220251217,PORT006,INS0018,2025-12-17,3480,56.1469,195391.21,-4725.01,GBP,MOCK_FEED
POS00600320251217,PORT006,INS0019,2025-12-17,1729,17.3675,30028.41,952.96,GBP,MOCK_FEED
POS00600420251217,PORT006,INS0020,2025-12-17,921,10.2603,9449.74,72.98,EUR,MOCK_FEED
POS00600520251217,PORT006,INS0021,2025-12-17,1050,47.0816,49435.68,28.57,INR,MOCK_FEED
POS00600620251217,PORT006,INS0022,2025-12-17,703,48.216,33895.85,-567.39,EUR,MOCK_FEED
POS00600720251217,PORT006,INS0023,2025-12-17,4885,50.9498,248889.77,6797.72,GBP,MOCK_FEED
POS00600820251217,PORT006,INS0024,2025-12-17,3312,63.3666,209870.18,-5313.15,GBP,MOCK_FEED
POS00600920251217,PORT006,INS0025,2025-12-17,862,24.4586,21083.31,339.05,USD,MOCK_FEED
POS00601020251217,PORT006,INS0026,2025-12-17,4539,64.8788,294484.87,5204.14,EUR,MOCK_FEED
POS00600120251218,PORT006,INS0017,2025-12-18,199,127.2655,25325.83,988.64,GBP,MOCK_FEED
POS00600220251218,PORT006,INS0018,2025-12-18,1768,56.1899,99343.74,-960.79,USD,MOCK_FEED
POS00600320251218,PORT006,INS0019,2025-12-18,4267,17.5634,74943.03,-454.34,INR,MOCK_FEED
POS00600420251218,PORT006,INS0020,2025-12-18,716,10.2867,7365.28,223.18,INR,MOCK_FEED
POS00600520251218,PORT006,INS0021,2025-12-18,3531,47.3978,167361.63,6628.57,GBP,MOCK_FEED
POS00600620251218,PORT006,INS0022,2025-12-18,753,49.1261,36991.95,419.95,INR,MOCK_FEED
POS00600720251218,PORT006,INS0023,2025-12-18,1995,50.8143,101374.53,2927.81,GBP,MOCK_FEED
POS00600820251218,PORT006,INS0024,2025-12-18,744,63.4309,47192.59,-50.51,INR,MOCK_FEED
POS00600920251218,PORT006,INS0025,2025-12-18,2713,24.1745,65585.42,1225.72,GBP,MOCK_FEED
POS00601020251218,PORT006,INS0026,2025-12-18,2581,65.0443,167879.34,2566.06,USD,MOCK_FEED
POS00600120251219,PORT006,INS0017,2025-12-19,3893,126.5518,492666.16,13810.84,USD,MOCK_FEED
POS00600220251219,PORT006,INS0018,2025-12-19,1911,55.3169,105710.6,-670.21,INR,MOCK_FEED
POS00600320251219,PORT006,INS0019,2025-12-19,663,17.7411,11762.35,-16.94,GBP,MOCK_FEED
POS00600420251219,PORT006,INS0020,2025-12-19,2708,10.2945,27877.51,-518.21,INR,MOCK_FEED
POS00600520251219,PORT006,INS0021,2025-12-19,4373,47.1589,206225.87,7522.02,EUR,MOCK_FEED
POS00600620251219,PORT006,INS0022,2025-12-19,2817,49.0482,138168.78,2900.0,GBP,MOCK_FEED
POS00600720251219,PORT006,INS0023,2025-12-19,3287,50.4934,165971.81,2365.1,INR,MOCK_FEED
POS00600820251219,PORT006,INS0024,2025-12-19,756,64.1874,48525.67,462.08,GBP,MOCK_FEED
POS00600920251219,PORT006,INS0025,2025-12-19,305,24.3662,7431.69,61.22,INR,MOCK_FEED
POS00601020251219,PORT006,INS0026,2025-12-19,4580,64.3418,294685.44,8646.1,USD,MOCK_FEED
POS00600120251220,PORT006,INS0017,2025-12-20,2063,127.317,262654.97,-5543.47,GBP,MOCK_FEED
POS00600220251220,PORT006,INS0018,2025-12-20,192,54.9397,10548.42,214.72,INR,MOCK_FEED
POS00600320251220,PORT006,INS0019,2025-12-20,4662,17.7266,82641.41,-1473.61,INR,MOCK_FEED
POS00600420251220,PORT006,INS0020,2025-12-20,2099,10.2138,21438.77,-370.94,GBP,MOCK_FEED
POS00600520251220,PORT006,INS0021,2025-12-20,926,47.1675,43677.1,-7.7,GBP,MOCK_FEED
POS00600620251220,PORT006,INS0022,2025-12-20,793,48.5486,38499.04,308.04,EUR,MOCK_FEED
POS00600720251220,PORT006,INS0023,2025-12-20,3695,49.9022,184388.63,1166.76,INR,MOCK_FEED
POS00600820251220,PORT006,INS0024,2025-12-20,882,65.524,57792.17,692.12,USD,MOCK_FEED
POS00600920251220,PORT006,INS0025,2025-12-20,1550,24.6537,38213.24,-370.05,INR,MOCK_FEED
POS00601020251220,PORT006,INS0026,2025-12-20,968,64.9445,62866.28,-1732.45,INR,MOCK_FEED
POS00600120251221,PORT006,INS0017,2025-12-21,3130,125.0991,391560.18,2673.54,GBP,MOCK_FEED
POS00600220251221,PORT006,INS0018,2025-12-21,1519,54.4567,82719.73,-1115.11,INR,MOCK_FEED
POS00600320251221,PORT006,INS0019,2025-12-21,2414,17.7718,42901.13,-438.86,GBP,MOCK_FEED
POS00600420251221,PORT006,INS0020,2025-12-21,3462,10.2983,35652.71,557.12,USD,MOCK_FEED
POS00600520251221,PORT006,INS0021,2025-12-21,1999,46.597,93147.4,-1708.64,USD,MOCK_FEED
POS00600620251221,PORT006,INS0022,2025-12-21,115,49.0263,5638.02,-74.32,GBP,MOCK_FEED
POS00600720251221,PORT006,INS0023,2025-12-21,2756,50.2482,138484.04,3003.45,USD,MOCK_FEED
POS00600820251221,PORT006,INS0024,2025-12-21,3634,64.2615,233526.29,8368.96,USD,MOCK_FEED
POS00600920251221,PORT006,INS0025,2025-12-21,1942,24.5667,47708.53,770.58,EUR,MOCK_FEED
POS00601020251221,PORT006,INS0026,2025-12-21,1699,63.9344,108624.55,-1881.74,EUR,MOCK_FEED
POS00600120251222,PORT006,INS0017,2025-12-22,2412,127.2003,306807.12,-1313.55,USD,MOCK_FEED
POS00600220251222,PORT006,INS0018,2025-12-22,4906,54.5098,267425.08,10182.41,INR,MOCK_FEED
POS00600320251222,PORT006,INS0019,2025-12-22,3503,17.7677,62240.25,2104.02,USD,MOCK_FEED
POS00600420251222,PORT006,INS0020,2025-12-22,3545,10.4728,37126.08,-283.71,GBP,MOCK_FEED
POS00600520251222,PORT006,INS0021,2025-12-22,3210,46.8463,150376.62,4322.77,INR,MOCK_FEED
POS00600620251222,PORT006,INS0022,2025-12-22,3075,49.005,150690.38,5280.99,EUR,MOCK_FEED
POS00600720251222,PORT006,INS0023,2025-12-22,1542,49.5167,76354.75,2261.1,EUR,MOCK_FEED
POS00600820251222,PORT006,INS0024,2025-12-22,4404,64.2399,282912.52,-7165.66,GBP,MOCK_FEED
POS00600920251222,PORT006,INS0025,2025-12-22,4997,24.7026,123438.89,2761.44,INR,MOCK_FEED
POS00601020251222,PORT006,INS0026,2025-12-22,3583,64.708,231848.76,6737.29,GBP,MOCK_FEED
POS00600120251223,PORT006,INS0017,2025-12-23,390,127.2078,49611.04,-462.6,GBP,MOCK_FEED
POS00600220251223,PORT006,INS0018,2025-12-23,2608,54.8555,143063.14,-1372.02,USD,MOCK_FEED
POS00600320251223,PORT006,INS0019,2025-12-23,1822,17.8875,32591.02,605.72,EUR,MOCK_FEED
POS00600420251223,PORT006,INS0020,2025-12-23,4365,10.4884,45781.87,557.79,USD,MOCK_FEED
POS00600520251223,PORT006,INS0021,2025-12-23,687,46.72,32096.64,337.67,INR,MOCK_FEED
POS00600620251223,PORT006,INS0022,2025-12-23,4501,50.3276,226524.53,-1469.29,USD,MOCK_FEED
POS00600720251223,PORT006,INS0023,2025-12-23,278,49.9321,13881.12,374.46,INR,MOCK_FEED
POS00600820251223,PORT006,INS0024,2025-12-23,4446,64.9098,288588.97,3822.75,GBP,MOCK_FEED
POS00600920251223,PORT006,INS0025,2025-12-23,4790,24.7573,118587.47,514.76,GBP,MOCK_FEED
POS00601020251223,PORT006,INS0026,2025-12-23,1024,64.9195,66477.57,-196.23,USD,MOCK_FEED
POS00600120251224,PORT006,INS0017,2025-12-24,3532,127.9338,451862.18,8793.51,GBP,MOCK_FEED
POS00600220251224,PORT006,INS0018,2025-12-24,412,55.8314,23002.54,-194.17,INR,MOCK_FEED
POS00600320251224,PORT006,INS0019,2025-12-24,1468,18.0131,26443.23,544.98,EUR,MOCK_FEED
POS00600420251224,PORT006,INS0020,2025-12-24,1345,10.438,14039.11,264.3,INR,MOCK_FEED
POS00600520251224,PORT006,INS0021,2025-12-24,3152,47.4585,149589.19,3071.32,INR,MOCK_FEED
POS00600620251224,PORT006,INS0022,2025-12-24,1890,49.4738,93505.48,1183.36,USD,MOCK_FEED
POS00600720251224,PORT006,INS0023,2025-12-24,3070,49.689,152545.23,3257.65,USD,MOCK_FEED
POS00600820251224,PORT006,INS0024,2025-12-24,2220,64.6737,143575.61,-1610.46,GBP,MOCK_FEED
POS00600920251224,PORT006,INS0025,2025-12-24,291,24.7411,7199.66,-16.3,GBP,MOCK_FEED
POS00601020251224,PORT006,INS0026,2025-12-24,2371,63.9847,151707.72,5961.03,EUR,MOCK_FEED
POS00600120251225,PORT006,INS0017,2025-12-25,1507,127.0169,191414.47,2118.82,USD,MOCK_FEED
POS00600220251225,PORT006,INS0018,2025-12-25,2906,55.9946,162720.31,-1513.55,USD,MOCK_FEED
POS00600320251225,PORT006,INS0019,2025-12-25,3045,18.0605,54994.22,2062.09,USD,MOCK_FEED
POS00600420251225,PORT006,INS0020,2025-12-25,3474,10.6351,36946.34,1022.39,INR,MOCK_FEED
POS00600520251225,PORT006,INS0021,2025-12-25,3233,48.8757,158015.14,-1983.61,INR,MOCK_FEED
POS00600620251225,PORT006,INS0022,2025-12-25,3061,49.3686,151117.28,5513.61,INR,MOCK_FEED
POS00600720251225,PORT006,INS0023,2025-12-25,3083,49.4935,152588.46,-4549.31,USD,MOCK_FEED
POS00600820251225,PORT006,INS0024,2025-12-25,420,65.6991,27593.62,591.03,INR,MOCK_FEED
POS00600920251225,PORT006,INS0025,2025-12-25,3148,24.8196,78132.1,-1630.03,EUR,MOCK_FEED
POS00601020251225,PORT006,INS0026,2025-12-25,3530,64.3171,227039.36,6062.78,INR,MOCK_FEED
POS00600120251226,PORT006,INS0017,2025-12-26,260,128.0834,33301.68,-406.41,INR,MOCK_FEED
POS00600220251226,PORT006,INS0018,2025-12-26,528,56.4867,29824.98,1047.06,USD,MOCK_FEED
POS00600320251226,PORT006,INS0019,2025-12-26,2205,17.9641,39610.84,-697.47,USD,MOCK_FEED
POS00600420251226,PORT006,INS0020,2025-12-26,1967,10.5019,20657.24,116.42,INR,MOCK_FEED
POS00600520251226,PORT006,INS0021,2025-12-26,3761,48.8778,183829.41,4631.3,INR,MOCK_FEED
POS00600620251226,PORT006,INS0022,2025-12-26,4103,48.4974,198984.83,-1379.43,INR,MOCK_FEED
POS00600720251226,PORT006,INS0023,2025-12-26,527,50.0329,26367.34,670.17,USD,MOCK_FEED
POS00600820251226,PORT006,INS0024,2025-12-26,3698,65.2574,241321.87,-5900.4,INR,MOCK_FEED
POS00600920251226,PORT006,INS0025,2025-12-26,2069,24.5545,50803.26,731.79,USD,MOCK_FEED
POS00601020251226,PORT006,INS0026,2025-12-26,4010,63.5712,254920.51,427.8,EUR,MOCK_FEED
POS00600120251227,PORT006,INS0017,2025-12-27,4543,129.5383,588492.5,-362.42,GBP,MOCK_FEED
POS00600220251227,PORT006,INS0018,2025-12-27,4219,56.816,239706.7,-4233.28,USD,MOCK_FEED
POS00600320251227,PORT006,INS0019,2025-12-27,1071,17.9448,19218.88,375.91,GBP,MOCK_FEED
POS00600420251227,PORT006,INS0020,2025-12-27,3040,10.4747,31843.09,442.64,GBP,MOCK_FEED
POS00600520251227,PORT006,INS0021,2025-12-27,3125,49.2167,153802.19,4897.12,INR,MOCK_FEED
POS00600620251227,PORT006,INS0022,2025-12-27,3785,48.2019,182444.19,2778.93,USD,MOCK_FEED
POS00600720251227,PORT006,INS0023,2025-12-27,2784,50.5969,140861.77,-2859.66,EUR,MOCK_FEED
POS00600820251227,PORT006,INS0024,2025-12-27,988,65.4096,64624.68,1528.57,EUR,MOCK_FEED
POS00600920251227,PORT006,INS0025,2025-12-27,999,24.8817,24856.82,905.17,EUR,MOCK_FEED
POS00601020251227,PORT006,INS0026,2025-12-27,1119,63.3109,70844.9,1601.47,GBP,MOCK_FEED
POS00600120251228,PORT006,INS0017,2025-12-28,1517,130.241,197575.6,3522.97,USD,MOCK_FEED
POS00600220251228,PORT006,INS0018,2025-12-28,1317,56.5771,74512.04,-532.08,INR,MOCK_FEED
POS00600320251228,PORT006,INS0019,2025-12-28,2934,18.2994,53690.44,-1597.14,USD,MOCK_FEED
POS00600420251228,PORT006,INS0020,2025-12-28,337,10.4506,3521.85,108.48,GBP,MOCK_FEED
POS00600520251228,PORT006,INS0021,2025-12-28,3780,49.0863,185546.21,-4386.42,EUR,MOCK_FEED
POS00600620251228,PORT006,INS0022,2025-12-28,1016,48.0511,48819.92,1518.17,GBP,MOCK_FEED
POS00600720251228,PORT006,INS0023,2025-12-28,3924,51.0355,200263.3,-3195.61,USD,MOCK_FEED
POS00600820251228,PORT006,INS0024,2025-12-28,786,65.3345,51352.92,1701.05,USD,MOCK_FEED
POS00600920251228,PORT006,INS0025,2025-12-28,3389,25.0504,84895.81,-1021.27,USD,MOCK_FEED
POS00601020251228,PORT006,INS0026,2025-12-28,144,63.2443,9107.18,-95.45,EUR,MOCK_FEED
POS00600120251229,PORT006,INS0017,2025-12-29,2590,131.4686,340503.67,4741.9,EUR,MOCK_FEED
POS00600220251229,PORT006,INS0018,2025-12-29,2919,55.9968,163454.66,-2582.98,EUR,MOCK_FEED
POS00600320251229,PORT006,INS0019,2025-12-29,1242,18.6289,23137.09,-550.23,USD,MOCK_FEED
POS00600420251229,PORT006,INS0020,2025-12-29,3245,10.4141,33793.75,249.05,EUR,MOCK_FEED
POS00600520251229,PORT006,INS0021,2025-12-29,4339,49.5143,214842.55,5871.57,EUR,MOCK_FEED
POS00600620251229,PORT006,INS0022,2025-12-29,3126,47.6441,148935.46,5636.64,USD,MOCK_FEED
POS00600720251229,PORT006,INS0023,2025-12-29,4322,52.5014,226911.05,-3576.81,INR,MOCK_FEED
POS00600820251229,PORT006,INS0024,2025-12-29,2316,64.4556,149279.17,-2159.17,INR,MOCK_FEED
POS00600920251229,PORT006,INS0025,2025-12-29,4726,24.9615,117968.05,-1145.12,INR,MOCK_FEED
POS00601020251229,PORT006,INS0026,2025-12-29,4241,63.8942,270975.3,5949.14,GBP,MOCK_FEED
POS00600120251230,PORT006,INS0017,2025-12-30,4776,129.0759,616466.5,-2947.8,GBP,MOCK_FEED
POS00600220251230,PORT006,INS0018,2025-12-30,4751,55.7905,265060.67,718.1,EUR,MOCK_FEED
POS00600320251230,PORT006,INS0019,2025-12-30,4255,18.8032,80007.62,1365.72,USD,MOCK_FEED
POS00600420251230,PORT006,INS0020,2025-12-30,4721,10.5017,49578.53,-959.33,INR,MOCK_FEED
POS00600520251230,PORT006,INS0021,2025-12-30,3281,48.5139,159174.11,203.39,USD,MOCK_FEED
POS00600620251230,PORT006,INS0022,2025-12-30,3172,46.6787,148064.84,2333.93,GBP,MOCK_FEED
POS00600720251230,PORT006,INS0023,2025-12-30,2347,52.4484,123096.39,-3657.99,USD,MOCK_FEED
POS00600820251230,PORT006,INS0024,2025-12-30,1659,64.1624,106445.42,-2022.83,EUR,MOCK_FEED
POS00600920251230,PORT006,INS0025,2025-12-30,2151,24.9837,53739.94,-365.36,USD,MOCK_FEED
POS00601020251230,PORT006,INS0026,2025-12-30,3642,64.2645,234051.31,5037.88,INR,MOCK_FEED
POS00600120251231,PORT006,INS0017,2025-12-31,4615,131.1966,605472.31,-2405.64,EUR,MOCK_FEED
POS00600220251231,PORT006,INS0018,2025-12-31,485,55.2884,26814.87,126.79,USD,MOCK_FEED
POS00600320251231,PORT006,INS0019,2025-12-31,1820,18.6197,33887.85,-644.13,INR,MOCK_FEED
POS00600420251231,PORT006,INS0020,2025-12-31,1431,10.5009,15026.79,593.17,GBP,MOCK_FEED
POS00600520251231,PORT006,INS0021,2025-12-31,2094,48.0476,100611.67,2079.96,EUR,MOCK_FEED
POS00600620251231,PORT006,INS0022,2025-12-31,1478,46.7944,69162.12,807.7,EUR,MOCK_FEED
POS00600720251231,PORT006,INS0023,2025-12-31,3112,52.1189,162194.02,-2545.37,GBP,MOCK_FEED
POS00600820251231,PORT006,INS0024,2025-12-31,4873,65.8253,320766.69,3901.16,USD,MOCK_FEED
POS00600920251231,PORT006,INS0025,2025-12-31,4953,25.1943,124787.37,2480.16,EUR,MOCK_FEED
POS00601020251231,PORT006,INS0026,2025-12-31,1680,64.2906,108008.21,-619.93,EUR,MOCK_FEED
POS00600120260101,PORT006,INS0017,2026-01-01,2698,131.7534,355470.67,-4497.05,USD,MOCK_FEED
POS00600220260101,PORT006,INS0018,2026-01-01,3590,55.8996,200679.56,6719.94,INR,MOCK_FEED
POS00600320260101,PORT006,INS0019,2026-01-01,444,18.6834,8295.43,326.69,INR,MOCK_FEED
POS00600420260101,PORT006,INS0020,2026-01-01,4962,10.825,53713.65,-404.15,INR,MOCK_FEED
POS00600520260101,PORT006,INS0021,2026-01-01,3644,48.8816,178124.55,1012.9,EUR,MOCK_FEED
POS00600620260101,PORT006,INS0022,2026-01-01,1292,46.9356,60640.8,-227.58,INR,MOCK_FEED
POS00600720260101,PORT006,INS0023,2026-01-01,4728,52.4704,248080.05,7697.49,EUR,MOCK_FEED
POS00600820260101,PORT006,INS0024,2026-01-01,4531,66.7775,302568.85,-4403.95,USD,MOCK_FEED
POS00600920260101,PORT006,INS0025,2026-01-01,2261,24.9591,56432.53,403.94,EUR,MOCK_FEED
POS00601020260101,PORT006,INS0026,2026-01-01,2817,63.2862,178277.23,4135.03,EUR,MOCK_FEED
POS00600120260102,PORT006,INS0017,2026-01-02,524,129.1832,67692.0,-270.46,INR,MOCK_FEED
POS00600220260102,PORT006,INS0018,2026-01-02,3392,56.185,190579.52,7095.42,USD,MOCK_FEED
POS00600320260102,PORT006,INS0019,2026-01-02,403,18.8988,7616.22,166.17,EUR,MOCK_FEED
POS00600420260102,PORT006,INS0020,2026-01-02,2835,10.6084,30074.81,-122.81,GBP,MOCK_FEED
POS00600520260102,PORT006,INS0021,2026-01-02,2061,48.7306,100433.77,1531.46,GBP,MOCK_FEED
POS00600620260102,PORT006,INS0022,2026-01-02,2779,46.0224,127896.25,9.3,EUR,MOCK_FEED
POS00600720260102,PORT006,INS0023,2026-01-02,711,52.9129,37621.07,-447.49,EUR,MOCK_FEED
POS00600820260102,PORT006,INS0024,2026-01-02,2637,66.4052,175110.51,-4614.0,EUR,MOCK_FEED
POS00600920260102,PORT006,INS0025,2026-01-02,436,24.9003,10856.53,238.36,EUR,MOCK_FEED
POS00601020260102,PORT006,INS0026,2026-01-02,4109,62.1607,255418.32,8438.07,EUR,MOCK_FEED
POS00600120260103,PORT006,INS0017,2026-01-03,1748,131.0842,229135.18,-1597.07,EUR,MOCK_FEED
POS00600220260103,PORT006,INS0018,2026-01-03,2790,56.0882,156486.08,1416.3,INR,MOCK_FEED
POS00600320260103,PORT006,INS0019,2026-01-03,3815,19.0793,72787.53,-432.53,GBP,MOCK_FEED
POS00600420260103,PORT006,INS0020,2026-01-03,2306,10.6399,24535.61,956.14,GBP,MOCK_FEED
POS00600520260103,PORT006,INS0021,2026-01-03,749,49.5685,37126.81,1262.97,USD,MOCK_FEED
POS00600620260103,PORT006,INS0022,2026-01-03,4618,44.6811,206337.32,5483.58,USD,MOCK_FEED
POS00600720260103,PORT006,INS0023,2026-01-03,281,53.9139,15149.81,-296.66,EUR,MOCK_FEED
POS00600820260103,PORT006,INS0024,2026-01-03,4804,65.5284,314798.43,5755.75,INR,MOCK_FEED
POS00600920260103,PORT006,INS0025,2026-01-03,1084,25.0793,27185.96,-204.86,GBP,MOCK_FEED
POS00601020260103,PORT006,INS0026,2026-01-03,1047,62.4242,65358.14,2115.19,INR,MOCK_FEED
POS00600120260104,PORT006,INS0017,2026-01-04,2383,129.3702,308289.19,-6769.89,USD,MOCK_FEED
POS00600220260104,PORT006,INS0018,2026-01-04,4371,56.312,246139.75,-5962.73,USD,MOCK_FEED
POS00600320260104,PORT006,INS0019,2026-01-04,3319,19.2348,63840.3,-362.64,INR,MOCK_FEED
POS00600420260104,PORT006,INS0020,2026-01-04,2730,10.7379,29314.47,416.96,EUR,MOCK_FEED
POS00600520260104,PORT006,INS0021,2026-01-04,1793,50.1776,89968.44,-1274.73,INR,MOCK_FEED
POS00600620260104,PORT006,INS0022,2026-01-04,4425,44.8573,198493.55,-4847.26,GBP,MOCK_FEED
POS00600720260104,PORT006,INS0023,2026-01-04,1179,54.4161,64156.58,-71.61,GBP,MOCK_FEED
POS00600820260104,PORT006,INS0024,2026-01-04,581,65.7796,38217.95,847.2,INR,MOCK_FEED
POS00600920260104,PORT006,INS0025,2026-01-04,4341,25.2558,109635.43,1673.5,INR,MOCK_FEED
POS00601020260104,PORT006,INS0026,2026-01-04,4635,62.6139,290215.43,9145.04,EUR,MOCK_FEED
POS00600120260105,PORT006,INS0017,2026-01-05,2037,129.5489,263891.11,-1807.93,EUR,MOCK_FEED
POS00600220260105,PORT006,INS0018,2026-01-05,3325,56.4197,187595.5,-171.2,USD,MOCK_FEED
POS00600320260105,PORT006,INS0019,2026-01-05,3135,19.4191,60878.88,408.49,GBP,MOCK_FEED
POS00600420260105,PORT006,INS0020,2026-01-05,1361,10.6964,14557.8,190.28,INR,MOCK_FEED
POS00600520260105,PORT006,INS0021,2026-01-05,1026,49.8999,51197.3,224.23,USD,MOCK_FEED
POS00600620260105,PORT006,INS0022,2026-01-05,3844,45.4979,174893.93,2100.46,EUR,MOCK_FEED
POS00600720260105,PORT006,INS0023,2026-01-05,1133,53.6096,60739.68,1650.97,GBP,MOCK_FEED
POS00600820260105,PORT006,INS0024,2026-01-05,260,67.2754,17491.6,133.99,EUR,MOCK_FEED
POS00600920260105,PORT006,INS0025,2026-01-05,3049,24.8678,75821.92,509.52,USD,MOCK_FEED
POS00601020260105,PORT006,INS0026,2026-01-05,4868,62.0755,302183.53,4912.05,EUR,MOCK_FEED
POS00600120260106,PORT006,INS0017,2026-01-06,3065,128.8634,394966.32,-1192.45,EUR,MOCK_FEED
POS00600220260106,PORT006,INS0018,2026-01-06,1392,56.1794,78201.72,2052.33,INR,MOCK_FEED
POS00600320260106,PORT006,INS0019,2026-01-06,1664,19.4385,32345.66,-449.42,USD,MOCK_FEED
POS00600420260106,PORT006,INS0020,2026-01-06,1133,10.7107,12135.22,413.85,GBP,MOCK_FEED
POS00600520260106,PORT006,INS0021,2026-01-06,3674,50.0781,183986.94,-960.0,EUR,MOCK_FEED
POS00600620260106,PORT006,INS0022,2026-01-06,877,45.4501,39859.74,-618.4,GBP,MOCK_FEED
POS00600720260106,PORT006,INS0023,2026-01-06,483,53.55,25864.65,649.01,GBP,MOCK_FEED
POS00600820260106,PORT006,INS0024,2026-01-06,2719,67.8715,184542.61,-4451.04,USD,MOCK_FEED
POS00600920260106,PORT006,INS0025,2026-01-06,1832,24.4704,44829.77,494.68,USD,MOCK_FEED
POS00601020260106,PORT006,INS0026,2026-01-06,3794,61.7699,234355.0,-2353.7,EUR,MOCK_FEED
POS00600120260107,PORT006,INS0017,2026-01-07,2318,126.2321,292606.01,-924.36,USD,MOCK_FEED
POS00600220260107,PORT006,INS0018,2026-01-07,1840,56.1958,103400.27,-1782.3,USD,MOCK_FEED
POS00600320260107,PORT006,INS0019,2026-01-07,675,19.6501,13263.82,521.27,GBP,MOCK_FEED
POS00600420260107,PORT006,INS0020,2026-01-07,3365,10.8029,36351.76,-961.93,EUR,MOCK_FEED
POS00600520260107,PORT006,INS0021,2026-01-07,3236,50.0592,161991.57,4553.53,USD,MOCK_FEED
POS00600620260107,PORT006,INS0022,2026-01-07,2176,45.7208,99488.46,3476.52,INR,MOCK_FEED
POS00600720260107,PORT006,INS0023,2026-01-07,3622,53.6112,194179.77,4043.19,USD,MOCK_FEED
POS00600820260107,PORT006,INS0024,2026-01-07,4957,68.452,339316.56,-1435.01,GBP,MOCK_FEED
POS00600920260107,PORT006,INS0025,2026-01-07,4332,24.7535,107232.16,-2734.81,GBP,MOCK_FEED
POS00601020260107,PORT006,INS0026,2026-01-07,684,61.909,42345.76,-236.81,USD,MOCK_FEED
POS00600120260108,PORT006,INS0017,2026-01-08,4425,125.2084,554047.17,-15095.15,GBP,MOCK_FEED
POS00600220260108,PORT006,INS0018,2026-01-08,3100,55.897,173280.7,-1226.53,INR,MOCK_FEED
POS00600320260108,PORT006,INS0019,2026-01-08,2240,19.5868,43874.43,487.72,USD,MOCK_FEED
POS00600420260108,PORT006,INS0020,2026-01-08,1216,11.0016,13377.95,51.35,GBP,MOCK_FEED
POS00600520260108,PORT006,INS0021,2026-01-08,3430,50.0951,171826.19,2136.81,EUR,MOCK_FEED
POS00600620260108,PORT006,INS0022,2026-01-08,2287,45.9406,105066.15,436.21,GBP,MOCK_FEED
POS00600720260108,PORT006,INS0023,2026-01-08,174,52.7814,9183.96,310.91,GBP,MOCK_FEED
POS00600820260108,PORT006,INS0024,2026-01-08,3820,68.201,260527.82,10242.44,GBP,MOCK_FEED
POS00600920260108,PORT006,INS0025,2026-01-08,1755,24.8096,43540.85,-662.81,USD,MOCK_FEED
POS00601020260108,PORT006,INS0026,2026-01-08,1019,61.6865,62858.54,-876.9,USD,MOCK_FEED
POS00600120260109,PORT006,INS0017,2026-01-09,752,128.9071,96938.14,201.4,EUR,MOCK_FEED
POS00600220260109,PORT006,INS0018,2026-01-09,145,56.1405,8140.37,115.4,INR,MOCK_FEED
POS00600320260109,PORT006,INS0019,2026-01-09,2946,19.3182,56911.42,939.6,EUR,MOCK_FEED
POS00600420260109,PORT006,INS0020,2026-01-09,1860,10.8299,20143.61,-164.42,EUR,MOCK_FEED
POS00600520260109,PORT006,INS0021,2026-01-09,3912,49.8873,195159.12,1284.73,EUR,MOCK_FEED
POS00600620260109,PORT006,INS0022,2026-01-09,972,46.3022,45005.74,706.08,USD,MOCK_FEED
POS00600720260109,PORT006,INS0023,2026-01-09,4949,53.1811,263193.26,702.88,GBP,MOCK_FEED
POS00600820260109,PORT006,INS0024,2026-01-09,3084,69.2009,213415.58,5711.12,GBP,MOCK_FEED
POS00600920260109,PORT006,INS0025,2026-01-09,4950,25.1291,124389.04,661.82,USD,MOCK_FEED
POS00601020260109,PORT006,INS0026,2026-01-09,1116,62.2584,69480.37,-304.0,INR,MOCK_FEED
POS00600120260110,PORT006,INS0017,2026-01-10,3989,130.3248,519865.63,17828.21,USD,MOCK_FEED
POS00600220260110,PORT006,INS0018,2026-01-10,2016,56.0693,113035.71,3660.11,INR,MOCK_FEED
POS00600320260110,PORT006,INS0019,2026-01-10,1830,19.3315,35376.64,301.1,USD,MOCK_FEED
POS00600420260110,PORT006,INS0020,2026-01-10,4540,10.7999,49031.55,136.83,GBP,MOCK_FEED
POS00600520260110,PORT006,INS0021,2026-01-10,3345,49.934,167029.23,4062.76,EUR,MOCK_FEED
POS00600620260110,PORT006,INS0022,2026-01-10,205,46.434,9518.97,-232.18,USD,MOCK_FEED
POS00600720260110,PORT006,INS0023,2026-01-10,307,53.1803,16326.35,254.76,EUR,MOCK_FEED
POS00600820260110,PORT006,INS0024,2026-01-10,4322,69.6312,300946.05,10620.96,GBP,MOCK_FEED
POS00600920260110,PORT006,INS0025,2026-01-10,4870,25.18,122626.6,-2807.8,GBP,MOCK_FEED
POS00601020260110,PORT006,INS0026,2026-01-10,2358,62.0993,146430.15,-2646.4,INR,MOCK_FEED
POS00600120260111,PORT006,INS0017,2026-01-11,3029,128.2513,388473.19,-6377.75,EUR,MOCK_FEED
POS00600220260111,PORT006,INS0018,2026-01-11,881,56.0257,49358.64,1720.02,INR,MOCK_FEED
POS00600320260111,PORT006,INS0019,2026-01-11,1219,19.4912,23759.77,143.62,INR,MOCK_FEED
POS00600420260111,PORT006,INS0020,2026-01-11,4683,10.7878,50519.27,826.48,USD,MOCK_FEED
POS00600520260111,PORT006,INS0021,2026-01-11,3854,49.9307,192432.92,5789.67,INR,MOCK_FEED
POS00600620260111,PORT006,INS0022,2026-01-11,1463,45.3542,66353.19,2235.93,EUR,MOCK_FEED
POS00600720260111,PORT006,INS0023,2026-01-11,4180,53.8753,225198.75,8372.94,GBP,MOCK_FEED
POS00600820260111,PORT006,INS0024,2026-01-11,221,71.4558,15791.73,-117.44,USD,MOCK_FEED
POS00600920260111,PORT006,INS0025,2026-01-11,1419,25.1328,35663.44,-669.64,USD,MOCK_FEED
POS00601020260111,PORT006,INS0026,2026-01-11,1210,62.9319,76147.6,-1759.51,INR,MOCK_FEED
POS00600120260112,PORT006,INS0017,2026-01-12,2316,127.3577,294960.43,6864.64,INR,MOCK_FEED
POS00600220260112,PORT006,INS0018,2026-01-12,3314,56.9231,188643.15,5657.73,INR,MOCK_FEED
POS00600320260112,PORT006,INS0019,2026-01-12,2833,19.6983,55805.28,599.4,EUR,MOCK_FEED
POS00600420260112,PORT006,INS0020,2026-01-12,505,10.8354,5471.88,190.73,INR,MOCK_FEED
POS00600520260112,PORT006,INS0021,2026-01-12,4318,50.6821,218845.31,3579.7,USD,MOCK_FEED
POS00600620260112,PORT006,INS0022,2026-01-12,4105,45.1565,185367.43,3572.06,USD,MOCK_FEED
POS00600720260112,PORT006,INS0023,2026-01-12,2855,55.2673,157788.14,127.5,EUR,MOCK_FEED
POS00600820260112,PORT006,INS0024,2026-01-12,2303,73.5215,169320.01,1483.26,GBP,MOCK_FEED
POS00600920260112,PORT006,INS0025,2026-01-12,2497,25.2874,63142.64,1388.02,EUR,MOCK_FEED
POS00601020260112,PORT006,INS0026,2026-01-12,173,63.1917,10932.16,-15.98,GBP,MOCK_FEED
POS00600120260113,PORT006,INS0017,2026-01-13,1817,127.7876,232190.07,-1969.14,INR,MOCK_FEED
POS00600220260113,PORT006,INS0018,2026-01-13,962,56.4076,54264.11,-1530.78,GBP,MOCK_FEED
POS00600320260113,PORT006,INS0019,2026-01-13,4018,19.029,76458.52,-1428.2,INR,MOCK_FEED
POS00600420260113,PORT006,INS0020,2026-01-13,3370,10.679,35988.23,1207.63,GBP,MOCK_FEED
POS00600520260113,PORT006,INS0021,2026-01-13,1019,51.2136,52186.66,760.05,USD,MOCK_FEED
POS00600620260113,PORT006,INS0022,2026-01-13,119,45.2071,5379.64,-136.55,USD,MOCK_FEED
POS00600720260113,PORT006,INS0023,2026-01-13,3393,55.3422,187776.08,6224.1,USD,MOCK_FEED
POS00600820260113,PORT006,INS0024,2026-01-13,4726,74.2696,350998.13,-8061.81,INR,MOCK_FEED
POS00600920260113,PORT006,INS0025,2026-01-13,1427,25.1093,35830.97,534.39,GBP,MOCK_FEED
POS00601020260113,PORT006,INS0026,2026-01-13,1599,63.7622,101955.76,3156.6,USD,MOCK_FEED
POS00600120260114,PORT006,INS0017,2026-01-14,643,127.5991,82046.22,1987.53,GBP,MOCK_FEED
POS00600220260114,PORT006,INS0018,2026-01-14,4143,56.3416,233423.25,-1475.11,INR,MOCK_FEED
POS00600320260114,PORT006,INS0019,2026-01-14,2700,18.8433,50876.91,-38.12,EUR,MOCK_FEED
POS00600420260114,PORT006,INS0020,2026-01-14,3330,10.6998,35630.33,-759.28,EUR,MOCK_FEED
POS00600520260114,PORT006,INS0021,2026-01-14,1542,51.6794,79689.63,-355.46,GBP,MOCK_FEED
POS00600620260114,PORT006,INS0022,2026-01-14,644,45.3128,29181.44,-235.17,EUR,MOCK_FEED
POS00600720260114,PORT006,INS0023,2026-01-14,4463,53.4165,238397.84,2664.08,INR,MOCK_FEED
POS00600820260114,PORT006,INS0024,2026-01-14,1627,72.8031,118450.64,4530.92,GBP,MOCK_FEED
POS00600920260114,PORT006,INS0025,2026-01-14,1043,25.3091,26397.39,-743.42,USD,MOCK_FEED
POS00601020260114,PORT006,INS0026,2026-01-14,1887,64.619,121936.05,3256.12,INR,MOCK_FEED
POS00600120260115,PORT006,INS0017,2026-01-15,1277,125.7219,160546.87,4059.65,EUR,MOCK_FEED
POS00600220260115,PORT006,INS0018,2026-01-15,1689,56.5065,95439.48,3239.12,USD,MOCK_FEED
POS00600320260115,PORT006,INS0019,2026-01-15,215,18.8366,4049.87,138.11,EUR,MOCK_FEED
POS00600420260115,PORT006,INS0020,2026-01-15,694,10.7662,7471.74,220.07,USD,MOCK_FEED
POS00600520260115,PORT006,INS0021,2026-01-15,838,51.0594,42787.78,1405.0,GBP,MOCK_FEED
POS00600620260115,PORT006,INS0022,2026-01-15,1984,45.638,90545.79,1123.56,INR,MOCK_FEED
POS00600720260115,PORT006,INS0023,2026-01-15,1971,54.1047,106640.36,681.03,EUR,MOCK_FEED
POS00600820260115,PORT006,INS0024,2026-01-15,4915,72.5974,356816.22,8689.01,USD,MOCK_FEED
POS00600920260115,PORT006,INS0025,2026-01-15,3090,25.5523,78956.61,791.51,GBP,MOCK_FEED
POS00601020260115,PORT006,INS0026,2026-01-15,799,65.4761,52315.4,1311.7,EUR,MOCK_FEED
POS00600120260116,PORT006,INS0017,2026-01-16,1627,125.8689,204788.7,7724.48,USD,MOCK_FEED
POS00600220260116,PORT006,INS0018,2026-01-16,3915,56.2642,220274.34,-2848.59,EUR,MOCK_FEED
POS00600320260116,PORT006,INS0019,2026-01-16,1015,18.8873,19170.61,-155.34,GBP,MOCK_FEED
POS00600420260116,PORT006,INS0020,2026-01-16,3010,10.6504,32057.7,-722.19,EUR,MOCK_FEED
POS00600520260116,PORT006,INS0021,2026-01-16,4314,50.5385,218023.09,3699.34,EUR,MOCK_FEED
POS00600620260116,PORT006,INS0022,2026-01-16,3109,45.211,140561.0,3144.29,EUR,MOCK_FEED
POS00600720260116,PORT006,INS0023,2026-01-16,257,54.5036,14007.43,420.45,INR,MOCK_FEED
POS00600820260116,PORT006,INS0024,2026-01-16,3686,73.7358,271790.16,8780.95,EUR,MOCK_FEED
POS00600920260116,PORT006,INS0025,2026-01-16,4512,25.2377,113872.5,-1483.92,GBP,MOCK_FEED
POS00601020260116,PORT006,INS0026,2026-01-16,2928,66.0321,193341.99,6514.25,GBP,MOCK_FEED
POS00600120260117,PORT006,INS0017,2026-01-17,740,125.724,93035.76,-2374.24,USD,MOCK_FEED
POS00600220260117,PORT006,INS0018,2026-01-17,815,56.3187,45899.74,322.75,INR,MOCK_FEED
POS00600320260117,PORT006,INS0019,2026-01-17,3288,18.8793,62075.14,-1848.35,USD,MOCK_FEED
POS00600420260117,PORT006,INS0020,2026-01-17,3046,10.4627,31869.38,167.45,GBP,MOCK_FEED
POS00600520260117,PORT006,INS0021,2026-01-17,156,50.5693,7888.81,14.56,EUR,MOCK_FEED
POS00600620260117,PORT006,INS0022,2026-01-17,2047,45.2967,92722.34,18.07,INR,MOCK_FEED
POS00600720260117,PORT006,INS0023,2026-01-17,641,55.0294,35273.85,-891.37,USD,MOCK_FEED
POS00600820260117,PORT006,INS0024,2026-01-17,4748,74.2159,352377.09,2691.21,GBP,MOCK_FEED
POS00600920260117,PORT006,INS0025,2026-01-17,3597,25.1167,90344.77,-2653.23,USD,MOCK_FEED
POS00601020260117,PORT006,INS0026,2026-01-17,876,66.327,58102.45,732.15,INR,MOCK_FEED
POS00600120260118,PORT006,INS0017,2026-01-18,2447,128.2222,313759.72,9638.2,GBP,MOCK_FEED
POS00600220260118,PORT006,INS0018,2026-01-18,4611,55.9721,258087.35,10268.3,EUR,MOCK_FEED
POS00600320260118,PORT006,INS0019,2026-01-18,4805,18.6477,89602.2,3307.0,USD,MOCK_FEED
POS00600420260118,PORT006,INS0020,2026-01-18,4577,10.5208,48153.7,-200.74,GBP,MOCK_FEED
POS00600520260118,PORT006,INS0021,2026-01-18,1125,50.9899,57363.64,867.88,USD,MOCK_FEED
POS00600620260118,PORT006,INS0022,2026-01-18,3430,45.3514,155555.3,3254.63,INR,MOCK_FEED
POS00600720260118,PORT006,INS0023,2026-01-18,4022,56.517,227311.37,9011.72,USD,MOCK_FEED
POS00600820260118,PORT006,INS0024,2026-01-18,1094,72.8887,79740.24,-1183.63,GBP,MOCK_FEED
POS00600920260118,PORT006,INS0025,2026-01-18,963,25.3428,24405.12,644.51,EUR,MOCK_FEED
POS00601020260118,PORT006,INS0026,2026-01-18,186,65.1498,12117.86,-185.57,INR,MOCK_FEED
POS00600120260119,PORT006,INS0017,2026-01-19,639,129.3078,82627.68,981.08,EUR,MOCK_FEED
POS00600220260119,PORT006,INS0018,2026-01-19,4565,55.6925,254236.26,-2211.96,USD,MOCK_FEED
POS00600320260119,PORT006,INS0019,2026-01-19,3720,18.6712,69456.86,-778.26,INR,MOCK_FEED
POS00600420260119,PORT006,INS0020,2026-01-19,2159,10.6968,23094.39,-164.48,USD,MOCK_FEED
POS00600520260119,PORT006,INS0021,2026-01-19,3362,51.3366,172593.65,5457.22,USD,MOCK_FEED
POS00600620260119,PORT006,INS0022,2026-01-19,2080,45.9419,95559.15,-1221.27,USD,MOCK_FEED
POS00600720260119,PORT006,INS0023,2026-01-19,1555,56.0811,87206.11,315.29,EUR,MOCK_FEED
POS00600820260119,PORT006,INS0024,2026-01-19,3158,73.1125,230889.27,7163.04,EUR,MOCK_FEED
POS00600920260119,PORT006,INS0025,2026-01-19,380,25.4209,9659.94,135.53,GBP,MOCK_FEED
POS00601020260119,PORT006,INS0026,2026-01-19,3513,65.0808,228628.85,-1706.16,GBP,MOCK_FEED
POS00600120260120,PORT006,INS0017,2026-01-20,1163,128.6615,149633.32,663.41,EUR,MOCK_FEED
POS00600220260120,PORT006,INS0018,2026-01-20,1164,57.7681,67242.07,1398.07,USD,MOCK_FEED
POS00600320260120,PORT006,INS0019,2026-01-20,694,18.5174,12851.08,-306.93,USD,MOCK_FEED
POS00600420260120,PORT006,INS0020,2026-01-20,2758,10.759,29673.32,-115.22,INR,MOCK_FEED
POS00600520260120,PORT006,INS0021,2026-01-20,3380,50.6467,171185.85,-2913.85,EUR,MOCK_FEED
POS00600620260120,PORT006,INS0022,2026-01-20,2757,44.3216,122194.65,-2033.18,INR,MOCK_FEED
POS00600720260120,PORT006,INS0023,2026-01-20,3710,55.5307,206018.9,5795.84,USD,MOCK_FEED
POS00600820260120,PORT006,INS0024,2026-01-20,1085,72.5566,78723.91,-1846.6,INR,MOCK_FEED
POS00600920260120,PORT006,INS0025,2026-01-20,2217,25.2434,55964.62,1131.99,INR,MOCK_FEED
POS00601020260120,PORT006,INS0026,2026-01-20,2687,63.9845,171926.35,950.28,USD,MOCK_FEED
POS00600120260121,PORT006,INS0017,2026-01-21,744,128.9666,95951.15,1927.61,INR,MOCK_FEED
POS00600220260121,PORT006,INS0018,2026-01-21,284,56.9752,16180.96,414.41,GBP,MOCK_FEED
POS00600320260121,PORT006,INS0019,2026-01-21,3939,18.8467,74237.15,1667.6,USD,MOCK_FEED
POS00600420260121,PORT006,INS0020,2026-01-21,1446,10.7347,15522.38,-301.14,GBP,MOCK_FEED
POS00600520260121,PORT006,INS0021,2026-01-21,3013,49.6019,149450.52,-9.14,GBP,MOCK_FEED
POS00600620260121,PORT006,INS0022,2026-01-21,128,45.1801,5783.05,66.37,INR,MOCK_FEED
POS00600720260121,PORT006,INS0023,2026-01-21,2784,56.005,155917.92,-475.4,GBP,MOCK_FEED
POS00600820260121,PORT006,INS0024,2026-01-21,3909,73.1327,285875.72,6067.19,EUR,MOCK_FEED
POS00600920260121,PORT006,INS0025,2026-01-21,4145,25.1056,104062.71,-2299.59,USD,MOCK_FEED
POS00601020260121,PORT006,INS0026,2026-01-21,1221,65.4402,79902.48,-753.11,INR,MOCK_FEED
POS00600120260122,PORT006,INS0017,2026-01-22,3230,126.4586,408461.28,4057.92,GBP,MOCK_FEED
POS00600220260122,PORT006,INS0018,2026-01-22,547,57.226,31302.62,744.09,INR,MOCK_FEED
POS00600320260122,PORT006,INS0019,2026-01-22,1016,18.9362,19239.18,-19.99,GBP,MOCK_FEED
POS00600420260122,PORT006,INS0020,2026-01-22,1971,10.7268,21142.52,-491.04,INR,MOCK_FEED
POS00600520260122,PORT006,INS0021,2026-01-22,172,49.4766,8509.98,315.64,GBP,MOCK_FEED
POS00600620260122,PORT006,INS0022,2026-01-22,4895,45.3634,222053.84,-518.52,GBP,MOCK_FEED
POS00600720260122,PORT006,INS0023,2026-01-22,4453,56.2806,250617.51,-5455.76,INR,MOCK_FEED
POS00600820260122,PORT006,INS0024,2026-01-22,1426,73.0751,104205.09,-1358.94,USD,MOCK_FEED
POS00600920260122,PORT006,INS0025,2026-01-22,4992,24.6813,123209.05,150.71,USD,MOCK_FEED
POS00601020260122,PORT006,INS0026,2026-01-22,1831,64.4952,118090.71,-3067.4,EUR,MOCK_FEED
POS00600120260123,PORT006,INS0017,2026-01-23,1354,125.9822,170579.9,2345.29,EUR,MOCK_FEED
POS00600220260123,PORT006,INS0018,2026-01-23,4005,56.2857,225424.23,5831.5,EUR,MOCK_FEED
POS00600320260123,PORT006,INS0019,2026-01-23,1951,19.0953,37254.93,1148.23,EUR,MOCK_FEED
POS00600420260123,PORT006,INS0020,2026-01-23,1508,10.5512,15911.21,515.6,GBP,MOCK_FEED
POS00600520260123,PORT006,INS0021,2026-01-23,3313,47.9972,159014.72,2811.56,EUR,MOCK_FEED
POS00600620260123,PORT006,INS0022,2026-01-23,4018,44.3921,178367.46,292.16,EUR,MOCK_FEED
POS00600720260123,PORT006,INS0023,2026-01-23,4628,56.2865,260493.92,-638.08,EUR,MOCK_FEED
POS00600820260123,PORT006,INS0024,2026-01-23,3053,74.2242,226606.48,-6008.6,GBP,MOCK_FEED
POS00600920260123,PORT006,INS0025,2026-01-23,3481,25.2564,87917.53,1612.24,GBP,MOCK_FEED
POS00601020260123,PORT006,INS0026,2026-01-23,2845,64.9074,184661.55,-3637.4,INR,MOCK_FEED
POS00600120260124,PORT006,INS0017,2026-01-24,2506,125.9323,315586.34,-9087.31,GBP,MOCK_FEED
POS00600220260124,PORT006,INS0018,2026-01-24,714,55.75,39805.5,1481.42,USD,MOCK_FEED
POS00600320260124,PORT006,INS0019,2026-01-24,3242,18.8375,61071.17,495.44,USD,MOCK_FEED
POS00600420260124,PORT006,INS0020,2026-01-24,1437,10.5136,15108.04,78.63,GBP,MOCK_FEED
POS00600520260124,PORT006,INS0021,2026-01-24,3517,47.8998,168463.6,-3136.25,USD,MOCK_FEED
POS00600620260124,PORT006,INS0022,2026-01-24,1275,44.4865,56720.29,-105.9,INR,MOCK_FEED
POS00600720260124,PORT006,INS0023,2026-01-24,1873,56.6669,106137.1,-421.97,USD,MOCK_FEED
POS00600820260124,PORT006,INS0024,2026-01-24,3255,74.3832,242117.32,494.77,USD,MOCK_FEED
POS00600920260124,PORT006,INS0025,2026-01-24,4777,25.7931,123213.64,3974.6,GBP,MOCK_FEED
POS00601020260124,PORT006,INS0026,2026-01-24,3271,63.9827,209287.41,8326.7,USD,MOCK_FEED
POS00600120260125,PORT006,INS0017,2026-01-25,2808,128.5489,360965.31,6914.66,EUR,MOCK_FEED
POS00600220260125,PORT006,INS0018,2026-01-25,1517,56.051,85029.37,2336.66,EUR,MOCK_FEED
POS00600320260125,PORT006,INS0019,2026-01-25,4305,18.8523,81159.15,2221.72,INR,MOCK_FEED
POS00600420260125,PORT006,INS0020,2026-01-25,4112,10.7057,44021.84,1539.42,GBP,MOCK_FEED
POS00600520260125,PORT006,INS0021,2026-01-25,4457,48.1805,214740.49,-4412.6,USD,MOCK_FEED
POS00600620260125,PORT006,INS0022,2026-01-25,2738,44.8844,122893.49,412.2,USD,MOCK_FEED
POS00600720260125,PORT006,INS0023,2026-01-25,758,56.3832,42738.47,699.2,INR,MOCK_FEED
POS00600820260125,PORT006,INS0024,2026-01-25,4512,75.8446,342210.84,1740.8,EUR,MOCK_FEED
POS00600920260125,PORT006,INS0025,2026-01-25,4796,25.4664,122136.85,3932.64,EUR,MOCK_FEED
POS00601020260125,PORT006,INS0026,2026-01-25,4126,62.4488,257663.75,10284.92,INR,MOCK_FEED
POS00600120260126,PORT006,INS0017,2026-01-26,2886,129.73,374400.78,621.26,GBP,MOCK_FEED
POS00600220260126,PORT006,INS0018,2026-01-26,2222,56.4029,125327.24,-894.35,EUR,MOCK_FEED
POS00600320260126,PORT006,INS0019,2026-01-26,3552,18.8087,66808.5,-312.82,GBP,MOCK_FEED
POS00600420260126,PORT006,INS0020,2026-01-26,3512,10.903,38291.34,100.96,USD,MOCK_FEED
POS00600520260126,PORT006,INS0021,2026-01-26,1046,48.144,50358.62,-488.05,INR,MOCK_FEED
POS00600620260126,PORT006,INS0022,2026-01-26,3430,44.9415,154149.35,1504.05,USD,MOCK_FEED
POS00600720260126,PORT006,INS0023,2026-01-26,1090,55.0646,60020.41,2358.58,GBP,MOCK_FEED
POS00600820260126,PORT006,INS0024,2026-01-26,3998,74.7979,299042.0,4572.51,EUR,MOCK_FEED
POS00600920260126,PORT006,INS0025,2026-01-26,3375,25.3852,85675.05,1331.25,USD,MOCK_FEED
POS00601020260126,PORT006,INS0026,2026-01-26,4622,62.4702,288737.26,2858.22,USD,MOCK_FEED
POS00600120260127,PORT006,INS0017,2026-01-27,2635,128.6719,339050.46,-4554.63,INR,MOCK_FEED
POS00600220260127,PORT006,INS0018,2026-01-27,1487,55.7995,82973.86,1732.84,INR,MOCK_FEED
POS00600320260127,PORT006,INS0019,2026-01-27,970,19.0438,18472.49,-13.57,EUR,MOCK_FEED
POS00600420260127,PORT006,INS0020,2026-01-27,735,10.8531,7977.03,195.29,USD,MOCK_FEED
POS00600520260127,PORT006,INS0021,2026-01-27,2430,48.2985,117365.35,-368.21,INR,MOCK_FEED
POS00600620260127,PORT006,INS0022,2026-01-27,3259,45.8134,149305.87,1450.4,GBP,MOCK_FEED
POS00600720260127,PORT006,INS0023,2026-01-27,4169,55.1421,229887.41,-6719.63,EUR,MOCK_FEED
POS00600820260127,PORT006,INS0024,2026-01-27,1778,74.7762,132952.08,-1224.83,EUR,MOCK_FEED
POS00600920260127,PORT006,INS0025,2026-01-27,2414,25.8685,62446.56,-1201.16,EUR,MOCK_FEED
POS00601020260127,PORT006,INS0026,2026-01-27,697,63.6597,44370.81,-1208.05,USD,MOCK_FEED
POS00600120260128,PORT006,INS0017,2026-01-28,1231,126.7477,156026.42,4618.31,EUR,MOCK_FEED
POS00600220260128,PORT006,INS0018,2026-01-28,554,56.9155,31531.19,860.33,USD,MOCK_FEED
POS00600320260128,PORT006,INS0019,2026-01-28,3962,18.6598,73930.13,-1071.34,EUR,MOCK_FEED
POS00600420260128,PORT006,INS0020,2026-01-28,1715,10.6275,18226.16,589.37,USD,MOCK_FEED
POS00600520260128,PORT006,INS0021,2026-01-28,4577,48.6086,222481.56,-5534.45,GBP,MOCK_FEED
POS00600620260128,PORT006,INS0022,2026-01-28,3064,46.3164,141913.45,-3366.0,USD,MOCK_FEED
POS00600720260128,PORT006,INS0023,2026-01-28,1830,54.7702,100229.47,1034.31,USD,MOCK_FEED
POS00600820260128,PORT006,INS0024,2026-01-28,3823,75.4198,288329.9,-5457.94,INR,MOCK_FEED
POS00600920260128,PORT006,INS0025,2026-01-28,3589,25.7126,92282.52,337.42,INR,MOCK_FEED
POS00601020260128,PORT006,INS0026,2026-01-28,267,63.8115,17037.67,302.28,INR,MOCK_FEED
POS00600120260129,PORT006,INS0017,2026-01-29,547,123.686,67656.24,1294.46,EUR,MOCK_FEED
POS00600220260129,PORT006,INS0018,2026-01-29,839,56.5479,47443.69,980.96,USD,MOCK_FEED
POS00600320260129,PORT006,INS0019,2026-01-29,999,18.9649,18945.94,251.88,GBP,MOCK_FEED
POS00600420260129,PORT006,INS0020,2026-01-29,541,10.5632,5714.69,205.62,INR,MOCK_FEED
POS00600520260129,PORT006,INS0021,2026-01-29,2540,47.5353,120739.66,4332.54,INR,MOCK_FEED
POS00600620260129,PORT006,INS0022,2026-01-29,2665,46.5118,123953.95,-1111.34,USD,MOCK_FEED
POS00600720260129,PORT006,INS0023,2026-01-29,4250,53.8049,228670.83,-6823.64,GBP,MOCK_FEED
POS00600820260129,PORT006,INS0024,2026-01-29,415,74.0849,30745.23,-605.64,GBP,MOCK_FEED
POS00600920260129,PORT006,INS0025,2026-01-29,3169,25.0599,79414.82,-1352.46,EUR,MOCK_FEED
POS00601020260129,PORT006,INS0026,2026-01-29,1612,64.4312,103863.09,1170.8,GBP,MOCK_FEED
POS00600120260130,PORT006,INS0017,2026-01-30,4220,123.5473,521369.61,19122.51,INR,MOCK_FEED
POS00600220260130,PORT006,INS0018,2026-01-30,4388,56.8551,249480.18,5700.27,INR,MOCK_FEED
POS00600320260130,PORT006,INS0019,2026-01-30,1956,18.961,37087.72,-729.77,INR,MOCK_FEED
POS00600420260130,PORT006,INS0020,2026-01-30,2130,10.6717,22730.72,-311.01,USD,MOCK_FEED
POS00600520260130,PORT006,INS0021,2026-01-30,4955,47.6138,235926.38,-4258.49,GBP,MOCK_FEED
POS00600620260130,PORT006,INS0022,2026-01-30,3113,47.0481,146460.74,-3058.23,USD,MOCK_FEED
POS00600720260130,PORT006,INS0023,2026-01-30,463,52.9895,24534.14,304.21,INR,MOCK_FEED
POS00600820260130,PORT006,INS0024,2026-01-30,1779,74.211,132021.37,1144.94,EUR,MOCK_FEED
POS00600920260130,PORT006,INS0025,2026-01-30,2990,24.851,74304.49,2713.71,EUR,MOCK_FEED
POS00601020260130,PORT006,INS0026,2026-01-30,4946,63.5857,314494.87,-6812.09,USD,MOCK_FEED
POS00600120260131,PORT006,INS0017,2026-01-31,178,123.2911,21945.82,-597.01,EUR,MOCK_FEED
POS00600220260131,PORT006,INS0018,2026-01-31,179,57.3787,10270.79,284.79,EUR,MOCK_FEED
POS00600320260131,PORT006,INS0019,2026-01-31,768,19.0903,14661.35,-435.61,USD,MOCK_FEED
POS00600420260131,PORT006,INS0020,2026-01-31,2962,10.7448,31826.1,-294.65,EUR,MOCK_FEED
POS00600520260131,PORT006,INS0021,2026-01-31,1190,46.9939,55922.74,2066.78,EUR,MOCK_FEED
POS00600620260131,PORT006,INS0022,2026-01-31,1330,47.3428,62965.92,1107.48,GBP,MOCK_FEED
POS00600720260131,PORT006,INS0023,2026-01-31,3661,53.1066,194423.26,-3443.96,INR,MOCK_FEED
POS00600820260131,PORT006,INS0024,2026-01-31,3887,75.3095,292728.03,4114.54,INR,MOCK_FEED
POS00600920260131,PORT006,INS0025,2026-01-31,2068,25.3214,52364.66,-1061.87,GBP,MOCK_FEED
POS00601020260131,PORT006,INS0026,2026-01-31,3193,64.5516,206113.26,577.5,INR,MOCK_FEED
POS00600120260201,PORT006,INS0017,2026-02-01,873,124.4333,108630.27,-496.09,EUR,MOCK_FEED
POS00600220260201,PORT006,INS0018,2026-02-01,4843,57.5869,278893.36,-6685.95,GBP,MOCK_FEED
POS00600320260201,PORT006,INS0019,2026-02-01,2562,18.9452,48537.6,-202.01,EUR,MOCK_FEED
POS00600420260201,PORT006,INS0020,2026-02-01,1040,10.6641,11090.66,361.85,USD,MOCK_FEED
POS00600520260201,PORT006,INS0021,2026-02-01,2337,46.8362,109456.2,-1540.41,USD,MOCK_FEED
POS00600620260201,PORT006,INS0022,2026-02-01,2419,46.736,113054.38,-2689.58,EUR,MOCK_FEED
POS00600720260201,PORT006,INS0023,2026-02-01,3347,53.6051,179416.27,-2088.49,INR,MOCK_FEED
POS00600820260201,PORT006,INS0024,2026-02-01,3051,75.5371,230463.69,3223.58,INR,MOCK_FEED
POS00600920260201,PORT006,INS0025,2026-02-01,1999,24.7802,49535.62,1838.64,GBP,MOCK_FEED
POS00601020260201,PORT006,INS0026,2026-02-01,3789,64.6559,244981.21,-6284.38,USD,MOCK_FEED
POS00600120260202,PORT006,INS0017,2026-02-02,4171,123.6384,515695.77,-7128.85,USD,MOCK_FEED
POS00600220260202,PORT006,INS0018,2026-02-02,4252,57.3846,243999.32,9167.95,GBP,MOCK_FEED
POS00600320260202,PORT006,INS0019,2026-02-02,4442,18.8399,83686.84,-2395.28,INR,MOCK_FEED
POS00600420260202,PORT006,INS0020,2026-02-02,2321,10.5253,24429.22,-22.28,GBP,MOCK_FEED
POS00600520260202,PORT006,INS0021,2026-02-02,4476,47.4316,212303.84,2265.38,INR,MOCK_FEED
POS00600620260202,PORT006,INS0022,2026-02-02,1278,46.2908,59159.64,1425.71,EUR,MOCK_FEED
POS00600720260202,PORT006,INS0023,2026-02-02,1828,52.515,95997.42,2244.0,GBP,MOCK_FEED
POS00600820260202,PORT006,INS0024,2026-02-02,2137,76.8403,164207.72,-4547.74,GBP,MOCK_FEED
POS00600920260202,PORT006,INS0025,2026-02-02,3282,25.1001,82378.53,414.99,GBP,MOCK_FEED
POS00601020260202,PORT006,INS0026,2026-02-02,4576,66.3094,303431.81,3298.39,GBP,MOCK_FEED
POS00600120260203,PORT006,INS0017,2026-02-03,2232,126.5894,282547.54,9904.53,EUR,MOCK_FEED
POS00600220260203,PORT006,INS0018,2026-02-03,352,57.4341,20216.8,690.66,USD,MOCK_FEED
POS00600320260203,PORT006,INS0019,2026-02-03,2237,18.4104,41184.06,827.04,INR,MOCK_FEED
POS00600420260203,PORT006,INS0020,2026-02-03,886,10.4087,9222.11,-65.21,GBP,MOCK_FEED
POS00600520260203,PORT006,INS0021,2026-02-03,1595,47.9591,76494.76,314.27,GBP,MOCK_FEED
POS00600620260203,PORT006,INS0022,2026-02-03,1455,46.2763,67332.02,-120.69,EUR,MOCK_FEED
POS00600720260203,PORT006,INS0023,2026-02-03,3943,52.366,206479.14,6321.71,INR,MOCK_FEED
POS00600820260203,PORT006,INS0024,2026-02-03,3572,76.2591,272397.51,-5152.94,INR,MOCK_FEED
POS00600920260203,PORT006,INS0025,2026-02-03,1039,24.4727,25427.14,-307.96,INR,MOCK_FEED
POS00601020260203,PORT006,INS0026,2026-02-03,2221,66.0247,146640.86,2565.15,USD,MOCK_FEED
POS00600120260204,PORT006,INS0017,2026-02-04,3287,128.8441,423510.56,13144.04,INR,MOCK_FEED
POS00600220260204,PORT006,INS0018,2026-02-04,2502,57.6807,144317.11,772.33,GBP,MOCK_FEED
POS00600320260204,PORT006,INS0019,2026-02-04,1497,18.4718,27652.28,-457.8,INR,MOCK_FEED
POS00600420260204,PORT006,INS0020,2026-02-04,1028,10.3916,10682.56,136.84,INR,MOCK_FEED
POS00600520260204,PORT006,INS0021,2026-02-04,489,48.3914,23663.39,800.1,INR,MOCK_FEED
POS00600620260204,PORT006,INS0022,2026-02-04,3120,46.5382,145199.18,3324.69,INR,MOCK_FEED
POS00600720260204,PORT006,INS0023,2026-02-04,130,52.5876,6836.39,110.08,EUR,MOCK_FEED
POS00600820260204,PORT006,INS0024,2026-02-04,2220,75.9239,168551.06,-5039.3,GBP,MOCK_FEED
POS00600920260204,PORT006,INS0025,2026-02-04,171,24.8423,4248.03,-73.07,EUR,MOCK_FEED
POS00601020260204,PORT006,INS0026,2026-02-04,2688,66.7025,179296.32,710.14,GBP,MOCK_FEED
POS00600120260205,PORT006,INS0017,2026-02-05,3907,128.5526,502255.01,14784.44,GBP,MOCK_FEED
POS00600220260205,PORT006,INS0018,2026-02-05,683,57.4647,39248.39,11.1,EUR,MOCK_FEED
POS00600320260205,PORT006,INS0019,2026-02-05,4728,18.3141,86589.06,2489.79,EUR,MOCK_FEED
POS00600420260205,PORT006,INS0020,2026-02-05,556,10.273,5711.79,-60.47,USD,MOCK_FEED
POS00600520260205,PORT006,INS0021,2026-02-05,1497,48.2517,72232.79,-1611.94,USD,MOCK_FEED
POS00600620260205,PORT006,INS0022,2026-02-05,4373,47.3728,207161.25,-3396.41,INR,MOCK_FEED
POS00600720260205,PORT006,INS0023,2026-02-05,383,52.3184,20037.95,716.65,GBP,MOCK_FEED
POS00600820260205,PORT006,INS0024,2026-02-05,2675,77.0791,206186.59,-264.91,INR,MOCK_FEED
POS00600920260205,PORT006,INS0025,2026-02-05,4230,24.9279,105445.02,1457.69,USD,MOCK_FEED
POS00601020260205,PORT006,INS0026,2026-02-05,4093,66.8671,273687.04,5601.45,USD,MOCK_FEED
POS00600120260206,PORT006,INS0017,2026-02-06,4453,128.3397,571496.68,9800.13,EUR,MOCK_FEED
POS00600220260206,PORT006,INS0018,2026-02-06,4690,57.406,269234.14,8306.61,EUR,MOCK_FEED
POS00600320260206,PORT006,INS0019,2026-02-06,2165,18.2143,39433.96,-172.89,EUR,MOCK_FEED
POS00600420260206,PORT006,INS0020,2026-02-06,3393,10.082,34208.23,421.89,EUR,MOCK_FEED
POS00600520260206,PORT006,INS0021,2026-02-06,3299,47.6058,157051.53,-3762.82,EUR,MOCK_FEED
POS00600620260206,PORT006,INS0022,2026-02-06,4801,48.5238,232962.76,1369.42,GBP,MOCK_FEED
POS00600720260206,PORT006,INS0023,2026-02-06,4849,52.2915,253561.48,-7565.34,INR,MOCK_FEED
POS00600820260206,PORT006,INS0024,2026-02-06,4738,77.0553,365088.01,6217.37,USD,MOCK_FEED
POS00600920260206,PORT006,INS0025,2026-02-06,4601,24.7588,113915.24,3262.72,GBP,MOCK_FEED
POS00601020260206,PORT006,INS0026,2026-02-06,376,66.927,25164.55,572.27,INR,MOCK_FEED
POS00600120260207,PORT006,INS0017,2026-02-07,2332,128.0112,298522.12,8611.6,INR,MOCK_FEED
POS00600220260207,PORT006,INS0018,2026-02-07,379,55.1911,20917.43,195.55,USD,MOCK_FEED
POS00600320260207,PORT006,INS0019,2026-02-07,1031,17.8305,18383.25,101.36,EUR,MOCK_FEED
POS00600420260207,PORT006,INS0020,2026-02-07,4012,10.1651,40782.38,1306.07,INR,MOCK_FEED
POS00600520260207,PORT006,INS0021,2026-02-07,1990,46.4843,92503.76,-245.85,USD,MOCK_FEED
POS00600620260207,PORT006,INS0022,2026-02-07,2013,48.5109,97652.44,2472.78,EUR,MOCK_FEED
POS00600720260207,PORT006,INS0023,2026-02-07,1231,52.3471,64439.28,-1696.4,INR,MOCK_FEED
POS00600820260207,PORT006,INS0024,2026-02-07,991,77.3256,76629.67,-1572.35,INR,MOCK_FEED
POS00600920260207,PORT006,INS0025,2026-02-07,1775,24.4731,43439.75,-701.29,EUR,MOCK_FEED
POS00601020260207,PORT006,INS0026,2026-02-07,2238,67.7034,151520.21,-3006.58,EUR,MOCK_FEED
POS00600120260208,PORT006,INS0017,2026-02-08,1514,128.3347,194298.74,3103.13,INR,MOCK_FEED
POS00600220260208,PORT006,INS0018,2026-02-08,1943,55.3321,107510.27,-1939.25,GBP,MOCK_FEED
POS00600320260208,PORT006,INS0019,2026-02-08,975,17.5622,17123.15,348.8,EUR,MOCK_FEED
POS00600420260208,PORT006,INS0020,2026-02-08,3460,10.1288,35045.65,542.31,GBP,MOCK_FEED
POS00600520260208,PORT006,INS0021,2026-02-08,1805,45.6203,82344.64,908.75,GBP,MOCK_FEED
POS00600620260208,PORT006,INS0022,2026-02-08,3895,48.1782,187654.09,3808.87,GBP,MOCK_FEED
POS00600720260208,PORT006,INS0023,2026-02-08,904,51.924,46939.3,41.27,EUR,MOCK_FEED
POS00600820260208,PORT006,INS0024,2026-02-08,255,76.8977,19608.91,-278.23,INR,MOCK_FEED
POS00600920260208,PORT006,INS0025,2026-02-08,3896,24.9876,97351.69,-987.1,USD,MOCK_FEED
POS00601020260208,PORT006,INS0026,2026-02-08,2297,65.6382,150770.95,-776.35,EUR,MOCK_FEED
POS00600120260209,PORT006,INS0017,2026-02-09,3059,129.815,397104.09,8633.75,USD,MOCK_FEED
POS00600220260209,PORT006,INS0018,2026-02-09,4351,55.8499,243002.91,5024.67,GBP,MOCK_FEED
POS00600320260209,PORT006,INS0019,2026-02-09,3040,17.7045,53821.68,1946.15,EUR,MOCK_FEED
POS00600420260209,PORT006,INS0020,2026-02-09,1536,10.3163,15845.84,460.06,INR,MOCK_FEED
POS00600520260209,PORT006,INS0021,2026-02-09,4135,45.0557,186305.32,3597.03,EUR,MOCK_FEED
POS00600620260209,PORT006,INS0022,2026-02-09,3445,47.9088,165045.82,1065.05,USD,MOCK_FEED
POS00600720260209,PORT006,INS0023,2026-02-09,3085,51.4187,158626.69,-799.97,GBP,MOCK_FEED
POS00600820260209,PORT006,INS0024,2026-02-09,2620,77.1381,202101.82,7560.43,USD,MOCK_FEED
POS00600920260209,PORT006,INS0025,2026-02-09,2099,25.4135,53342.94,-736.04,EUR,MOCK_FEED
POS00601020260209,PORT006,INS0026,2026-02-09,3634,64.4658,234268.72,3363.93,INR,MOCK_FEED
POS00600120260210,PORT006,INS0017,2026-02-10,1996,129.3406,258163.84,905.71,INR,MOCK_FEED
POS00600220260210,PORT006,INS0018,2026-02-10,1816,55.1722,100192.72,-2544.99,USD,MOCK_FEED
POS00600320260210,PORT006,INS0019,2026-02-10,3304,17.3844,57438.06,-1376.46,EUR,MOCK_FEED
POS00600420260210,PORT006,INS0020,2026-02-10,4675,10.3172,48232.91,462.67,GBP,MOCK_FEED
POS00600520260210,PORT006,INS0021,2026-02-10,3362,44.4903,149576.39,5550.75,INR,MOCK_FEED
POS00600620260210,PORT006,INS0022,2026-02-10,3754,47.9694,180077.13,4411.71,GBP,MOCK_FEED
POS00600720260210,PORT006,INS0023,2026-02-10,4045,51.4266,208020.6,6179.07,INR,MOCK_FEED
POS00600820260210,PORT006,INS0024,2026-02-10,2984,77.4575,231133.18,7315.72,GBP,MOCK_FEED
POS00600920260210,PORT006,INS0025,2026-02-10,1185,25.0828,29723.12,-484.33,USD,MOCK_FEED
POS00601020260210,PORT006,INS0026,2026-02-10,844,64.8009,54691.96,759.53,GBP,MOCK_FEED
POS00600120260211,PORT006,INS0017,2026-02-11,1750,128.4141,224724.67,-2071.55,USD,MOCK_FEED
POS00600220260211,PORT006,INS0018,2026-02-11,1465,55.1075,80732.49,35.92,USD,MOCK_FEED
POS00600320260211,PORT006,INS0019,2026-02-11,4167,17.3247,72192.02,-1117.8,GBP,MOCK_FEED
POS00600420260211,PORT006,INS0020,2026-02-11,1490,10.3758,15459.94,539.13,USD,MOCK_FEED
POS00600520260211,PORT006,INS0021,2026-02-11,3269,44.3556,144998.46,3769.64,USD,MOCK_FEED
POS00600620260211,PORT006,INS0022,2026-02-11,1961,48.8605,95815.44,1730.47,USD,MOCK_FEED
POS00600720260211,PORT006,INS0023,2026-02-11,3022,50.842,153644.52,4257.89,GBP,MOCK_FEED
POS00600820260211,PORT006,INS0024,2026-02-11,1290,78.0258,100653.28,458.16,EUR,MOCK_FEED
POS00600920260211,PORT006,INS0025,2026-02-11,1153,26.0295,30012.01,470.74,INR,MOCK_FEED
POS00601020260211,PORT006,INS0026,2026-02-11,552,64.4672,35585.89,-541.22,USD,MOCK_FEED
POS00600120260212,PORT006,INS0017,2026-02-12,4441,127.8506,567784.51,17044.9,GBP,MOCK_FEED
POS00600220260212,PORT006,INS0018,2026-02-12,3071,55.429,170222.46,2947.2,GBP,MOCK_FEED
POS00600320260212,PORT006,INS0019,2026-02-12,4163,17.5381,73011.11,429.5,GBP,MOCK_FEED
POS00600420260212,PORT006,INS0020,2026-02-12,3234,10.2028,32995.86,1181.67,USD,MOCK_FEED
POS00600520260212,PORT006,INS0021,2026-02-12,2984,44.0772,131526.36,1269.9,USD,MOCK_FEED
POS00600620260212,PORT006,INS0022,2026-02-12,3607,48.4144,174630.74,234.9,EUR,MOCK_FEED
POS00600720260212,PORT006,INS0023,2026-02-12,3940,50.2882,198135.51,-2581.45,INR,MOCK_FEED
POS00600820260212,PORT006,INS0024,2026-02-12,2637,78.4245,206805.41,7087.2,USD,MOCK_FEED
POS00600920260212,PORT006,INS0025,2026-02-12,2128,25.7289,54751.1,-511.83,INR,MOCK_FEED
POS00601020260212,PORT006,INS0026,2026-02-12,3816,62.8178,239712.72,-29.45,USD,MOCK_FEED
POS00600120260213,PORT006,INS0017,2026-02-13,3470,128.2842,445146.17,8461.92,USD,MOCK_FEED
POS00600220260213,PORT006,INS0018,2026-02-13,3303,55.896,184624.49,4141.54,GBP,MOCK_FEED
POS00600320260213,PORT006,INS0019,2026-02-13,3510,17.3813,61008.36,1285.1,EUR,MOCK_FEED
POS00600420260213,PORT006,INS0020,2026-02-13,1850,10.1238,18729.03,-39.08,GBP,MOCK_FEED
POS00600520260213,PORT006,INS0021,2026-02-13,2706,43.6134,118017.86,4093.2,INR,MOCK_FEED
POS00600620260213,PORT006,INS0022,2026-02-13,2928,48.1032,140846.17,3406.32,GBP,MOCK_FEED
POS00600720260213,PORT006,INS0023,2026-02-13,1726,49.9888,86280.67,1924.0,USD,MOCK_FEED
POS00600820260213,PORT006,INS0024,2026-02-13,1995,79.0193,157643.5,-2325.01,INR,MOCK_FEED
POS00600920260213,PORT006,INS0025,2026-02-13,3186,26.0405,82965.03,41.7,EUR,MOCK_FEED
POS00601020260213,PORT006,INS0026,2026-02-13,2366,61.5831,145705.61,1190.99,USD,MOCK_FEED
POS00600120260214,PORT006,INS0017,2026-02-14,2117,128.305,271621.68,-2013.65,INR,MOCK_FEED
POS00600220260214,PORT006,INS0018,2026-02-14,3278,55.8822,183181.85,5298.88,INR,MOCK_FEED
POS00600320260214,PORT006,INS0019,2026-02-14,2994,17.1285,51282.73,156.86,EUR,MOCK_FEED
POS00600420260214,PORT006,INS0020,2026-02-14,4975,10.0612,50054.47,-1245.59,EUR,MOCK_FEED
POS00600520260214,PORT006,INS0021,2026-02-14,1271,43.0951,54773.87,539.53,INR,MOCK_FEED
POS00600620260214,PORT006,INS0022,2026-02-14,4186,47.5828,199181.6,3446.6,EUR,MOCK_FEED
POS00600720260214,PORT006,INS0023,2026-02-14,1076,49.82,53606.32,730.88,EUR,MOCK_FEED
POS00600820260214,PORT006,INS0024,2026-02-14,3580,80.4622,288054.68,2256.52,INR,MOCK_FEED
POS00600920260214,PORT006,INS0025,2026-02-14,2586,25.8423,66828.19,-1885.52,GBP,MOCK_FEED
POS00601020260214,PORT006,INS0026,2026-02-14,4652,61.0045,283792.93,-3429.72,GBP,MOCK_FEED
POS00600120260215,PORT006,INS0017,2026-02-15,3841,131.4405,504862.96,15708.97,INR,MOCK_FEED
POS00600220260215,PORT006,INS0018,2026-02-15,1068,55.7457,59536.41,390.66,GBP,MOCK_FEED
POS00600320260215,PORT006,INS0019,2026-02-15,1441,17.5728,25322.4,704.26,GBP,MOCK_FEED
POS00600420260215,PORT006,INS0020,2026-02-15,2249,10.0004,22490.9,432.26,USD,MOCK_FEED
POS00600520260215,PORT006,INS0021,2026-02-15,1286,43.2861,55665.92,993.09,EUR,MOCK_FEED
POS00600620260215,PORT006,INS0022,2026-02-15,1450,46.8078,67871.31,2212.03,GBP,MOCK_FEED
POS00600720260215,PORT006,INS0023,2026-02-15,324,48.5363,15725.76,14.12,EUR,MOCK_FEED
POS00600820260215,PORT006,INS0024,2026-02-15,4097,81.3002,333086.92,-1773.71,GBP,MOCK_FEED
POS00600920260215,PORT006,INS0025,2026-02-15,233,25.5421,5951.31,-29.09,USD,MOCK_FEED
POS00601020260215,PORT006,INS0026,2026-02-15,2981,61.9998,184821.4,-4416.2,GBP,MOCK_FEED
POS00600120260216,PORT006,INS0017,2026-02-16,1455,134.229,195303.2,-3709.31,INR,MOCK_FEED
POS00600220260216,PORT006,INS0018,2026-02-16,1506,56.478,85055.87,203.0,EUR,MOCK_FEED
POS00600320260216,PORT006,INS0019,2026-02-16,4334,17.5049,75866.24,-178.47,INR,MOCK_FEED
POS00600420260216,PORT006,INS0020,2026-02-16,2262,10.1683,23000.69,-654.18,GBP,MOCK_FEED
POS00600520260216,PORT006,INS0021,2026-02-16,2011,44.0554,88595.41,-1764.99,GBP,MOCK_FEED
POS00600620260216,PORT006,INS0022,2026-02-16,263,46.8353,12317.68,375.76,EUR,MOCK_FEED
POS00600720260216,PORT006,INS0023,2026-02-16,2002,48.7803,97658.16,531.78,GBP,MOCK_FEED
POS00600820260216,PORT006,INS0024,2026-02-16,3129,82.787,259040.52,3610.75,EUR,MOCK_FEED
POS00600920260216,PORT006,INS0025,2026-02-16,4236,25.0812,106243.96,3181.89,GBP,MOCK_FEED
POS00601020260216,PORT006,INS0026,2026-02-16,2858,61.5105,175797.01,-3930.39,INR,MOCK_FEED
POS00600120260217,PORT006,INS0017,2026-02-17,3012,134.9582,406494.1,-5156.65,GBP,MOCK_FEED
POS00600220260217,PORT006,INS0018,2026-02-17,4007,56.9901,228359.33,4184.43,GBP,MOCK_FEED
POS00600320260217,PORT006,INS0019,2026-02-17,1116,17.2879,19293.3,209.53,USD,MOCK_FEED
POS00600420260217,PORT006,INS0020,2026-02-17,3356,10.0169,33616.72,-94.88,INR,MOCK_FEED
POS00600520260217,PORT006,INS0021,2026-02-17,1850,43.8859,81188.91,3243.78,USD,MOCK_FEED
POS00600620260217,PORT006,INS0022,2026-02-17,272,46.8336,12738.74,141.67,EUR,MOCK_FEED
POS00600720260217,PORT006,INS0023,2026-02-17,4130,48.4465,200084.05,1048.2,USD,MOCK_FEED
POS00600820260217,PORT006,INS0024,2026-02-17,427,82.8713,35386.05,-506.13,INR,MOCK_FEED
POS00600920260217,PORT006,INS0025,2026-02-17,2955,24.7872,73246.18,1855.99,USD,MOCK_FEED
POS00601020260217,PORT006,INS0026,2026-02-17,2540,61.4134,155990.04,542.39,EUR,MOCK_FEED
POS00600120260218,PORT006,INS0017,2026-02-18,4341,137.6884,597705.34,22088.4,USD,MOCK_FEED
POS00600220260218,PORT006,INS0018,2026-02-18,2607,58.1709,151651.54,-470.14,GBP,MOCK_FEED
POS00600320260218,PORT006,INS0019,2026-02-18,757,17.5119,13256.51,224.5,GBP,MOCK_FEED
POS00600420260218,PORT006,INS0020,2026-02-18,225,10.2355,2302.99,-41.69,EUR,MOCK_FEED
POS00600520260218,PORT006,INS0021,2026-02-18,889,45.4571,40411.36,-1022.1,USD,MOCK_FEED
POS00600620260218,PORT006,INS0022,2026-02-18,2914,47.7399,139114.07,350.51,INR,MOCK_FEED
POS00600720260218,PORT006,INS0023,2026-02-18,1416,47.7826,67660.16,2292.97,GBP,MOCK_FEED
POS00600820260218,PORT006,INS0024,2026-02-18,3943,81.2491,320365.2,7980.34,INR,MOCK_FEED
POS00600920260218,PORT006,INS0025,2026-02-18,3919,25.2689,99028.82,-1007.75,INR,MOCK_FEED
POS00601020260218,PORT006,INS0026,2026-02-18,253,61.2944,15507.48,221.29,EUR,MOCK_FEED
POS00600120260219,PORT006,INS0017,2026-02-19,1065,139.2519,148303.27,711.34,EUR,MOCK_FEED
POS00600220260219,PORT006,INS0018,2026-02-19,453,57.7044,26140.09,375.52,INR,MOCK_FEED
POS00600320260219,PORT006,INS0019,2026-02-19,3358,17.5456,58918.12,505.54,USD,MOCK_FEED
POS00600420260219,PORT006,INS0020,2026-02-19,2562,10.1476,25998.15,24.53,EUR,MOCK_FEED
POS00600520260219,PORT006,INS0021,2026-02-19,1624,46.2982,75188.28,-947.86,EUR,MOCK_FEED
POS00600620260219,PORT006,INS0022,2026-02-19,3461,47.6372,164872.35,2486.91,GBP,MOCK_FEED
POS00600720260219,PORT006,INS0023,2026-02-19,529,47.7952,25283.66,85.36,GBP,MOCK_FEED
POS00600820260219,PORT006,INS0024,2026-02-19,1352,80.9695,109470.76,-1802.06,EUR,MOCK_FEED
POS00600920260219,PORT006,INS0025,2026-02-19,2950,25.217,74390.15,669.33,EUR,MOCK_FEED
POS00601020260219,PORT006,INS0026,2026-02-19,3921,61.1088,239607.6,6608.8,USD,MOCK_FEED
POS00600120260220,PORT006,INS0017,2026-02-20,4222,139.3471,588323.46,21694.79,GBP,MOCK_FEED
POS00600220260220,PORT006,INS0018,2026-02-20,1251,57.7899,72295.16,-2163.78,USD,MOCK_FEED
POS00600320260220,PORT006,INS0019,2026-02-20,2789,17.439,48637.37,-537.58,USD,MOCK_FEED
POS00600420260220,PORT006,INS0020,2026-02-20,2222,10.1382,22527.08,-38.79,EUR,MOCK_FEED
POS00600520260220,PORT006,INS0021,2026-02-20,179,45.9725,8229.08,324.79,GBP,MOCK_FEED
POS00600620260220,PORT006,INS0022,2026-02-20,204,46.2644,9437.94,-193.02,GBP,MOCK_FEED
POS00600720260220,PORT006,INS0023,2026-02-20,669,47.8337,32000.75,-559.6,INR,MOCK_FEED
POS00600820260220,PORT006,INS0024,2026-02-20,1975,82.1887,162322.68,6473.51,EUR,MOCK_FEED
POS00600920260220,PORT006,INS0025,2026-02-20,4261,25.3425,107984.39,2099.15,GBP,MOCK_FEED
POS00601020260220,PORT006,INS0026,2026-02-20,1988,60.2079,119693.31,-667.64,GBP,MOCK_FEED
POS00600120260221,PORT006,INS0017,2026-02-21,3381,138.5931,468583.27,-6991.42,GBP,MOCK_FEED
POS00600220260221,PORT006,INS0018,2026-02-21,1274,57.127,72779.8,231.24,GBP,MOCK_FEED
POS00600320260221,PORT006,INS0019,2026-02-21,3865,17.3432,67031.47,1632.1,EUR,MOCK_FEED
POS00600420260221,PORT006,INS0020,2026-02-21,2614,10.1346,26491.84,413.2,USD,MOCK_FEED
POS00600520260221,PORT006,INS0021,2026-02-21,741,45.5074,33720.98,835.04,INR,MOCK_FEED
POS00600620260221,PORT006,INS0022,2026-02-21,1592,46.6473,74262.5,871.57,USD,MOCK_FEED
POS00600720260221,PORT006,INS0023,2026-02-21,1178,48.7728,57454.36,501.96,GBP,MOCK_FEED
POS00600820260221,PORT006,INS0024,2026-02-21,4950,83.0916,411303.42,38.35,GBP,MOCK_FEED
POS00600920260221,PORT006,INS0025,2026-02-21,1446,25.1028,36298.65,738.04,USD,MOCK_FEED
POS00601020260221,PORT006,INS0026,2026-02-21,3886,58.6647,227971.02,-1104.37,USD,MOCK_FEED
POS00600120260222,PORT006,INS0017,2026-02-22,2904,141.6072,411227.31,-5577.86,USD,MOCK_FEED
POS00600220260222,PORT006,INS0018,2026-02-22,552,57.3277,31644.89,371.01,GBP,MOCK_FEED
POS00600320260222,PORT006,INS0019,2026-02-22,4508,17.2754,77877.5,-652.83,INR,MOCK_FEED
POS00600420260222,PORT006,INS0020,2026-02-22,3257,10.1595,33089.49,-190.7,GBP,MOCK_FEED
POS00600520260222,PORT006,INS0021,2026-02-22,183,45.6315,8350.56,-246.32,USD,MOCK_FEED
POS00600620260222,PORT006,INS0022,2026-02-22,3030,46.8371,141916.41,4801.04,USD,MOCK_FEED
POS00600720260222,PORT006,INS0023,2026-02-22,1139,48.4288,55160.4,1187.23,EUR,MOCK_FEED
POS00600820260222,PORT006,INS0024,2026-02-22,4029,81.9871,330326.03,13020.51,USD,MOCK_FEED
POS00600920260222,PORT006,INS0025,2026-02-22,888,24.7244,21955.27,509.04,INR,MOCK_FEED
POS00601020260222,PORT006,INS0026,2026-02-22,587,58.6894,34450.68,-479.76,EUR,MOCK_FEED
POS00600120260223,PORT006,INS0017,2026-02-23,1333,139.4419,185876.05,-858.69,EUR,MOCK_FEED
POS00600220260223,PORT006,INS0018,2026-02-23,4044,56.5873,228839.04,8523.81,GBP,MOCK_FEED
POS00600320260223,PORT006,INS0019,2026-02-23,4328,17.3021,74883.49,-1295.29,GBP,MOCK_FEED
POS00600420260223,PORT006,INS0020,2026-02-23,1320,10.0685,13290.42,237.39,GBP,MOCK_FEED
POS00600520260223,PORT006,INS0021,2026-02-23,4019,46.1575,185506.99,6322.92,INR,MOCK_FEED
POS00600620260223,PORT006,INS0022,2026-02-23,3336,47.1652,157343.11,1250.49,GBP,MOCK_FEED
POS00600720260223,PORT006,INS0023,2026-02-23,1852,49.1402,91007.65,-452.39,USD,MOCK_FEED
POS00600820260223,PORT006,INS0024,2026-02-23,1375,80.3883,110533.91,-2098.03,EUR,MOCK_FEED
POS00600920260223,PORT006,INS0025,2026-02-23,4077,24.683,100632.59,-216.24,INR,MOCK_FEED
POS00601020260223,PORT006,INS0026,2026-02-23,196,57.2751,11225.92,259.66,EUR,MOCK_FEED
POS00600120260224,PORT006,INS0017,2026-02-24,2682,134.9831,362024.67,1568.46,GBP,MOCK_FEED
POS00600220260224,PORT006,INS0018,2026-02-24,1034,55.9768,57880.01,1662.65,EUR,MOCK_FEED
POS00600320260224,PORT006,INS0019,2026-02-24,3407,16.8731,57486.65,1902.96,INR,MOCK_FEED
POS00600420260224,PORT006,INS0020,2026-02-24,3225,10.0712,32479.62,815.15,GBP,MOCK_FEED
POS00600520260224,PORT006,INS0021,2026-02-24,1812,46.7371,84687.63,497.73,USD,MOCK_FEED
POS00600620260224,PORT006,INS0022,2026-02-24,461,46.3715,21377.26,-545.45,EUR,MOCK_FEED
POS00600720260224,PORT006,INS0023,2026-02-24,378,48.9578,18506.05,483.64,INR,MOCK_FEED
POS00600820260224,PORT006,INS0024,2026-02-24,1455,77.7479,113123.19,1246.58,INR,MOCK_FEED
POS00600920260224,PORT006,INS0025,2026-02-24,4628,24.8763,115127.52,278.23,EUR,MOCK_FEED
POS00601020260224,PORT006,INS0026,2026-02-24,255,57.1178,14565.04,-351.33,INR,MOCK_FEED
POS00600120260225,PORT006,INS0017,2026-02-25,2070,134.8474,279134.12,-6254.91,EUR,MOCK_FEED
POS00600220260225,PORT006,INS0018,2026-02-25,2818,55.8111,157275.68,-3851.82,EUR,MOCK_FEED
POS00600320260225,PORT006,INS0019,2026-02-25,2614,16.8512,44049.04,605.32,EUR,MOCK_FEED
POS00600420260225,PORT006,INS0020,2026-02-25,2838,10.0963,28653.3,655.47,USD,MOCK_FEED
POS00600520260225,PORT006,INS0021,2026-02-25,2276,46.9128,106773.53,-1598.33,EUR,MOCK_FEED
POS00600620260225,PORT006,INS0022,2026-02-25,3571,46.5927,166382.53,3785.38,EUR,MOCK_FEED
POS00600720260225,PORT006,INS0023,2026-02-25,4192,49.1668,206107.23,4267.9,INR,MOCK_FEED
POS00600820260225,PORT006,INS0024,2026-02-25,2856,78.8155,225097.07,6785.94,INR,MOCK_FEED
POS00600920260225,PORT006,INS0025,2026-02-25,1706,24.9279,42527.0,635.82,INR,MOCK_FEED
POS00601020260225,PORT006,INS0026,2026-02-25,2181,56.8426,123973.71,4378.55,USD,MOCK_FEED
POS00600120260226,PORT006,INS0017,2026-02-26,191,133.069,25416.18,394.1,EUR,MOCK_FEED
POS00600220260226,PORT006,INS0018,2026-02-26,4024,55.1742,222020.98,3175.12,INR,MOCK_FEED
POS00600320260226,PORT006,INS0019,2026-02-26,3102,16.4995,51181.45,-556.25,GBP,MOCK_FEED
POS00600420260226,PORT006,INS0020,2026-02-26,3792,10.2362,38815.67,602.65,USD,MOCK_FEED
POS00600520260226,PORT006,INS0021,2026-02-26,2285,46.7868,106907.84,317.2,INR,MOCK_FEED
POS00600620260226,PORT006,INS0022,2026-02-26,2836,47.4231,134491.91,862.54,GBP,MOCK_FEED
POS00600720260226,PORT006,INS0023,2026-02-26,2472,50.3275,124409.58,64.04,INR,MOCK_FEED
POS00600820260226,PORT006,INS0024,2026-02-26,2406,78.2278,188216.09,-1068.66,GBP,MOCK_FEED
POS00600920260226,PORT006,INS0025,2026-02-26,364,25.0141,9105.13,-231.3,USD,MOCK_FEED
POS00601020260226,PORT006,INS0026,2026-02-26,334,57.0702,19061.45,38.57,GBP,MOCK_FEED
POS00600120260227,PORT006,INS0017,2026-02-27,3593,133.8805,481032.64,14801.84,INR,MOCK_FEED
POS00600220260227,PORT006,INS0018,2026-02-27,2066,54.7185,113048.42,2325.52,EUR,MOCK_FEED
POS00600320260227,PORT006,INS0019,2026-02-27,2901,16.4988,47863.02,-1428.31,INR,MOCK_FEED
POS00600420260227,PORT006,INS0020,2026-02-27,4799,10.2391,49137.44,-1237.95,INR,MOCK_FEED
POS00600520260227,PORT006,INS0021,2026-02-27,879,46.9282,41249.89,-37.03,INR,MOCK_FEED
POS00600620260227,PORT006,INS0022,2026-02-27,4806,48.0074,230723.56,-2629.29,USD,MOCK_FEED
POS00600720260227,PORT006,INS0023,2026-02-27,2158,49.8777,107636.08,2271.82,INR,MOCK_FEED
POS00600820260227,PORT006,INS0024,2026-02-27,2513,77.5307,194834.65,4945.52,GBP,MOCK_FEED
POS00600920260227,PORT006,INS0025,2026-02-27,3367,25.1485,84675.0,-1127.14,USD,MOCK_FEED
POS00601020260227,PORT006,INS0026,2026-02-27,2125,57.6311,122466.09,-1825.48,INR,MOCK_FEED
POS00600120260228,PORT006,INS0017,2026-02-28,583,133.4455,77798.73,2490.54,GBP,MOCK_FEED
POS00600220260228,PORT006,INS0018,2026-02-28,786,55.3151,43477.67,510.5,USD,MOCK_FEED
POS00600320260228,PORT006,INS0019,2026-02-28,667,16.4216,10953.21,-296.18,GBP,MOCK_FEED
POS00600420260228,PORT006,INS0020,2026-02-28,2194,10.2606,22511.76,-624.4,USD,MOCK_FEED
POS00600520260228,PORT006,INS0021,2026-02-28,4116,47.8866,197101.25,1810.62,EUR,MOCK_FEED
POS00600620260228,PORT006,INS0022,2026-02-28,4344,48.8956,212402.49,2173.01,INR,MOCK_FEED
POS00600720260228,PORT006,INS0023,2026-02-28,2219,49.8421,110599.62,3717.83,GBP,MOCK_FEED
POS00600820260228,PORT006,INS0024,2026-02-28,4173,76.8921,320870.73,-873.97,EUR,MOCK_FEED
POS00600920260228,PORT006,INS0025,2026-02-28,144,24.7341,3561.71,-36.85,USD,MOCK_FEED
POS00601020260228,PORT006,INS0026,2026-02-28,2036,57.9607,118007.99,3821.07,INR,MOCK_FEED
POS00600120260301,PORT006,INS0017,2026-03-01,323,133.5535,43137.78,1093.69,GBP,MOCK_FEED
POS00600220260301,PORT006,INS0018,2026-03-01,2635,54.9174,144707.35,4076.6,INR,MOCK_FEED
POS00600320260301,PORT006,INS0019,2026-03-01,1654,16.0455,26539.26,833.75,USD,MOCK_FEED
POS00600420260301,PORT006,INS0020,2026-03-01,4776,10.168,48562.37,1542.05,GBP,MOCK_FEED
POS00600520260301,PORT006,INS0021,2026-03-01,596,49.2505,29353.3,646.65,USD,MOCK_FEED
POS00600620260301,PORT006,INS0022,2026-03-01,1216,49.4918,60182.03,-1182.41,INR,MOCK_FEED
POS00600720260301,PORT006,INS0023,2026-03-01,2112,48.5755,102591.46,-755.14,GBP,MOCK_FEED
POS00600820260301,PORT006,INS0024,2026-03-01,2709,76.0608,206048.71,6656.09,INR,MOCK_FEED
POS00600920260301,PORT006,INS0025,2026-03-01,2408,24.1179,58075.9,943.5,GBP,MOCK_FEED
POS00601020260301,PORT006,INS0026,2026-03-01,3694,57.9368,214018.54,3385.68,EUR,MOCK_FEED
POS00600120260302,PORT006,INS0017,2026-03-02,1188,134.0859,159294.05,-1257.3,EUR,MOCK_FEED
POS00600220260302,PORT006,INS0018,2026-03-02,3666,54.6613,200388.33,883.45,GBP,MOCK_FEED
POS00600320260302,PORT006,INS0019,2026-03-02,1271,16.0478,20396.75,477.57,INR,MOCK_FEED
POS00600420260302,PORT006,INS0020,2026-03-02,2410,10.0314,24175.67,815.77,INR,MOCK_FEED
POS00600520260302,PORT006,INS0021,2026-03-02,3113,49.4792,154028.75,-848.42,USD,MOCK_FEED
POS00600620260302,PORT006,INS0022,2026-03-02,4783,49.0038,234385.18,-6354.55,USD,MOCK_FEED
POS00600720260302,PORT006,INS0023,2026-03-02,4790,49.0048,234732.99,-5735.13,INR,MOCK_FEED
POS00600820260302,PORT006,INS0024,2026-03-02,3696,75.9148,280581.1,4201.42,GBP,MOCK_FEED
POS00600920260302,PORT006,INS0025,2026-03-02,4166,24.3169,101304.21,-2371.55,USD,MOCK_FEED
POS00601020260302,PORT006,INS0026,2026-03-02,1323,58.6557,77601.49,-601.47,EUR,MOCK_FEED
POS00600120260303,PORT006,INS0017,2026-03-03,734,134.6596,98840.15,-1835.58,EUR,MOCK_FEED
POS00600220260303,PORT006,INS0018,2026-03-03,2597,53.8327,139803.52,591.78,EUR,MOCK_FEED
POS00600320260303,PORT006,INS0019,2026-03-03,4160,15.9673,66423.97,-1788.93,INR,MOCK_FEED
POS00600420260303,PORT006,INS0020,2026-03-03,3937,10.2002,40158.19,1579.07,GBP,MOCK_FEED
POS00600520260303,PORT006,INS0021,2026-03-03,4810,50.0088,240542.33,-6668.22,GBP,MOCK_FEED
POS00600620260303,PORT006,INS0022,2026-03-03,2028,48.4659,98288.85,2305.02,GBP,MOCK_FEED
POS00600720260303,PORT006,INS0023,2026-03-03,2943,49.6307,146063.15,-1857.2,GBP,MOCK_FEED
POS00600820260303,PORT006,INS0024,2026-03-03,2153,75.9556,163532.41,1334.81,GBP,MOCK_FEED
POS00600920260303,PORT006,INS0025,2026-03-03,139,24.0463,3342.44,58.96,EUR,MOCK_FEED
POS00601020260303,PORT006,INS0026,2026-03-03,2495,59.327,148020.86,-3419.78,INR,MOCK_FEED
POS00600120260304,PORT006,INS0017,2026-03-04,173,133.6029,23113.3,-499.33,INR,MOCK_FEED
POS00600220260304,PORT006,INS0018,2026-03-04,4378,54.426,238277.03,8676.78,EUR,MOCK_FEED
POS00600320260304,PORT006,INS0019,2026-03-04,2454,15.9166,39059.34,288.17,EUR,MOCK_FEED
POS00600420260304,PORT006,INS0020,2026-03-04,1570,10.4029,16332.55,-216.19,EUR,MOCK_FEED
POS00600520260304,PORT006,INS0021,2026-03-04,1437,49.1858,70679.99,327.41,USD,MOCK_FEED
POS00600620260304,PORT006,INS0022,2026-03-04,149,48.3861,7209.53,245.01,INR,MOCK_FEED
POS00600720260304,PORT006,INS0023,2026-03-04,4831,50.1179,242119.57,-6402.65,INR,MOCK_FEED
POS00600820260304,PORT006,INS0024,2026-03-04,1616,75.9942,122806.63,4439.85,GBP,MOCK_FEED
POS00600920260304,PORT006,INS0025,2026-03-04,1286,23.9544,30805.36,494.68,INR,MOCK_FEED
POS00601020260304,PORT006,INS0026,2026-03-04,2167,59.023,127902.84,-864.56,USD,MOCK_FEED
POS00600120260305,PORT006,INS0017,2026-03-05,4938,133.2734,658104.05,-13957.55,EUR,MOCK_FEED
POS00600220260305,PORT006,INS0018,2026-03-05,553,54.3806,30072.47,1041.82,INR,MOCK_FEED
POS00600320260305,PORT006,INS0019,2026-03-05,1878,15.8934,29847.81,-360.35,USD,MOCK_FEED
POS00600420260305,PORT006,INS0020,2026-03-05,1831,10.4348,19106.12,495.74,USD,MOCK_FEED
POS00600520260305,PORT006,INS0021,2026-03-05,3659,48.4827,177398.2,2124.37,USD,MOCK_FEED
POS00600620260305,PORT006,INS0022,2026-03-05,661,48.7736,32239.35,-17.02,USD,MOCK_FEED
POS00600720260305,PORT006,INS0023,2026-03-05,2507,50.8805,127557.41,-3286.97,USD,MOCK_FEED
POS00600820260305,PORT006,INS0024,2026-03-05,2087,75.79,158173.73,-783.25,USD,MOCK_FEED
POS00600920260305,PORT006,INS0025,2026-03-05,3992,23.7101,94650.72,-824.5,USD,MOCK_FEED
POS00601020260305,PORT006,INS0026,2026-03-05,4261,59.6731,254267.08,8079.86,GBP,MOCK_FEED
POS00600120260306,PORT006,INS0017,2026-03-06,1485,134.4142,199605.09,1271.15,EUR,MOCK_FEED
POS00600220260306,PORT006,INS0018,2026-03-06,2584,53.1699,137391.02,-2834.58,GBP,MOCK_FEED
POS00600320260306,PORT006,INS0019,2026-03-06,289,15.9482,4609.03,169.95,USD,MOCK_FEED
POS00600420260306,PORT006,INS0020,2026-03-06,1752,10.745,18825.24,164.98,INR,MOCK_FEED
POS00600520260306,PORT006,INS0021,2026-03-06,2635,48.6859,128287.35,3057.93,EUR,MOCK_FEED
POS00600620260306,PORT006,INS0022,2026-03-06,2498,47.8102,119429.88,2203.65,EUR,MOCK_FEED
POS00600720260306,PORT006,INS0023,2026-03-06,3310,49.7958,164824.1,5684.33,INR,MOCK_FEED
POS00600820260306,PORT006,INS0024,2026-03-06,3618,77.1314,279061.41,8038.13,INR,MOCK_FEED
POS00600920260306,PORT006,INS0025,2026-03-06,1586,24.0143,38086.68,-517.65,GBP,MOCK_FEED
POS00601020260306,PORT006,INS0026,2026-03-06,2155,60.5088,130396.46,-2269.69,EUR,MOCK_FEED
POS00600120260307,PORT006,INS0017,2026-03-07,4775,138.2701,660239.73,-15208.73,USD,MOCK_FEED
POS00600220260307,PORT006,INS0018,2026-03-07,1262,53.8222,67923.62,2154.26,USD,MOCK_FEED
POS00600320260307,PORT006,INS0019,2026-03-07,4771,15.7721,75248.69,2880.57,USD,MOCK_FEED
POS00600420260307,PORT006,INS0020,2026-03-07,2660,10.5972,28188.55,1077.54,USD,MOCK_FEED
POS00600520260307,PORT006,INS0021,2026-03-07,2622,49.4528,129665.24,-2293.8,INR,MOCK_FEED
POS00600620260307,PORT006,INS0022,2026-03-07,4149,48.2835,200328.24,3201.95,USD,MOCK_FEED
POS00600720260307,PORT006,INS0023,2026-03-07,1861,50.3524,93705.82,-1272.07,INR,MOCK_FEED
POS00600820260307,PORT006,INS0024,2026-03-07,4359,75.6131,329597.5,8834.48,EUR,MOCK_FEED
POS00600920260307,PORT006,INS0025,2026-03-07,3288,24.2271,79658.7,-988.83,INR,MOCK_FEED
POS00601020260307,PORT006,INS0026,2026-03-07,2662,59.8362,159283.96,4690.36,GBP,MOCK_FEED
POS00600120260308,PORT006,INS0017,2026-03-08,648,137.1437,88869.12,1314.42,INR,MOCK_FEED
POS00600220260308,PORT006,INS0018,2026-03-08,3776,53.4166,201701.08,-1635.88,GBP,MOCK_FEED
POS00600320260308,PORT006,INS0019,2026-03-08,865,15.9831,13825.38,-367.31,INR,MOCK_FEED
POS00600420260308,PORT006,INS0020,2026-03-08,357,10.7372,3833.18,152.04,USD,MOCK_FEED
POS00600520260308,PORT006,INS0021,2026-03-08,4918,49.5144,243511.82,976.21,GBP,MOCK_FEED
POS00600620260308,PORT006,INS0022,2026-03-08,3621,47.7258,172815.12,-1073.98,INR,MOCK_FEED
POS00600720260308,PORT006,INS0023,2026-03-08,3560,50.5149,179833.04,3997.92,EUR,MOCK_FEED
POS00600820260308,PORT006,INS0024,2026-03-08,3990,76.5873,305583.33,-3650.39,GBP,MOCK_FEED
POS00600920260308,PORT006,INS0025,2026-03-08,1566,24.354,38138.36,-333.0,INR,MOCK_FEED
POS00601020260308,PORT006,INS0026,2026-03-08,675,60.6372,40930.11,1601.18,GBP,MOCK_FEED
POS00600120260309,PORT006,INS0017,2026-03-09,4410,138.5729,611106.49,5188.77,GBP,MOCK_FEED
POS00600220260309,PORT006,INS0018,2026-03-09,1375,53.0509,72944.99,-50.76,GBP,MOCK_FEED
POS00600320260309,PORT006,INS0019,2026-03-09,492,16.0107,7877.26,-214.19,USD,MOCK_FEED
POS00600420260309,PORT006,INS0020,2026-03-09,2999,10.7773,32321.12,389.82,INR,MOCK_FEED
POS00600520260309,PORT006,INS0021,2026-03-09,2165,50.0982,108462.6,11.19,USD,MOCK_FEED
POS00600620260309,PORT006,INS0022,2026-03-09,3435,47.9907,164848.05,2364.85,USD,MOCK_FEED
POS00600720260309,PORT006,INS0023,2026-03-09,3366,50.735,170774.01,-3140.76,INR,MOCK_FEED
POS00600820260309,PORT006,INS0024,2026-03-09,1200,77.5854,93102.48,2619.18,USD,MOCK_FEED
POS00600920260309,PORT006,INS0025,2026-03-09,2403,24.3133,58424.86,-725.73,INR,MOCK_FEED
POS00601020260309,PORT006,INS0026,2026-03-09,3328,59.7345,198796.42,-4165.47,GBP,MOCK_FEED
POS00600120260310,PORT006,INS0017,2026-03-10,3225,137.1481,442302.62,1981.73,INR,MOCK_FEED
POS00600220260310,PORT006,INS0018,2026-03-10,3532,53.6561,189513.35,2861.25,USD,MOCK_FEED
POS00600320260310,PORT006,INS0019,2026-03-10,3071,15.9871,49096.38,1166.3,USD,MOCK_FEED
POS00600420260310,PORT006,INS0020,2026-03-10,2456,10.9341,26854.15,-443.33,GBP,MOCK_FEED
POS00600520260310,PORT006,INS0021,2026-03-10,4141,50.0631,207311.3,-847.47,GBP,MOCK_FEED
POS00600620260310,PORT006,INS0022,2026-03-10,724,48.291,34962.68,-322.66,INR,MOCK_FEED
POS00600720260310,PORT006,INS0023,2026-03-10,1548,51.1632,79200.63,-532.23,GBP,MOCK_FEED
POS00600820260310,PORT006,INS0024,2026-03-10,3344,77.7265,259917.42,1314.88,USD,MOCK_FEED
POS00600920260310,PORT006,INS0025,2026-03-10,900,24.364,21927.6,-386.14,GBP,MOCK_FEED
POS00601020260310,PORT006,INS0026,2026-03-10,3618,59.7535,216188.16,3224.25,EUR,MOCK_FEED
POS00600120260311,PORT006,INS0017,2026-03-11,2317,135.7892,314623.58,8993.14,USD,MOCK_FEED
POS00600220260311,PORT006,INS0018,2026-03-11,227,52.7705,11978.9,289.35,USD,MOCK_FEED
POS00600320260311,PORT006,INS0019,2026-03-11,573,15.7057,8999.37,123.87,GBP,MOCK_FEED
POS00600420260311,PORT006,INS0020,2026-03-11,3894,11.0517,43035.32,265.71,GBP,MOCK_FEED
POS00600520260311,PORT006,INS0021,2026-03-11,2830,50.6908,143454.96,2732.59,INR,MOCK_FEED
POS00600620260311,PORT006,INS0022,2026-03-11,885,47.6601,42179.19,-598.4,EUR,MOCK_FEED
POS00600720260311,PORT006,INS0023,2026-03-11,3753,51.5342,193407.85,3550.18,INR,MOCK_FEED
POS00600820260311,PORT006,INS0024,2026-03-11,648,76.3483,49473.7,1549.91,USD,MOCK_FEED
POS00600920260311,PORT006,INS0025,2026-03-11,1783,24.2194,43183.19,-840.57,EUR,MOCK_FEED
POS00601020260311,PORT006,INS0026,2026-03-11,810,59.2844,48020.36,464.81,USD,MOCK_FEED
POS00600120260312,PORT006,INS0017,2026-03-12,3118,137.5867,428995.33,-10960.37,EUR,MOCK_FEED
POS00600220260312,PORT006,INS0018,2026-03-12,3843,52.4198,201449.29,7027.45,EUR,MOCK_FEED
POS00600320260312,PORT006,INS0019,2026-03-12,4030,15.9786,64393.76,1368.68,INR,MOCK_FEED
POS00600420260312,PORT006,INS0020,2026-03-12,2129,11.0344,23492.24,-672.37,INR,MOCK_FEED
POS00600520260312,PORT006,INS0021,2026-03-12,3338,50.3715,168140.07,2296.1,INR,MOCK_FEED
POS00600620260312,PORT006,INS0022,2026-03-12,4475,48.5627,217318.08,2894.88,EUR,MOCK_FEED
POS00600720260312,PORT006,INS0023,2026-03-12,1790,51.3182,91859.58,-136.2,GBP,MOCK_FEED
POS00600820260312,PORT006,INS0024,2026-03-12,3049,76.5977,233546.39,-496.15,GBP,MOCK_FEED
POS00600920260312,PORT006,INS0025,2026-03-12,3621,23.9474,86713.54,590.75,USD,MOCK_FEED
POS00601020260312,PORT006,INS0026,2026-03-12,2827,59.0466,166924.74,1988.05,INR,MOCK_FEED
POS00600120260313,PORT006,INS0017,2026-03-13,4214,137.1133,577795.45,17901.83,EUR,MOCK_FEED
POS00600220260313,PORT006,INS0018,2026-03-13,4091,51.7907,211875.75,731.41,EUR,MOCK_FEED
POS00600320260313,PORT006,INS0019,2026-03-13,1894,16.0883,30471.24,711.76,GBP,MOCK_FEED
POS00600420260313,PORT006,INS0020,2026-03-13,300,10.9967,3299.01,33.77,INR,MOCK_FEED
POS00600520260313,PORT006,INS0021,2026-03-13,4081,50.4433,205859.11,-2639.62,GBP,MOCK_FEED
POS00600620260313,PORT006,INS0022,2026-03-13,1180,48.1273,56790.21,-1621.71,EUR,MOCK_FEED
POS00600720260313,PORT006,INS0023,2026-03-13,1281,50.7028,64950.29,-1516.67,GBP,MOCK_FEED
POS00600820260313,PORT006,INS0024,2026-03-13,310,76.2487,23637.1,673.75,GBP,MOCK_FEED
POS00600920260313,PORT006,INS0025,2026-03-13,2250,24.1291,54290.48,1534.63,EUR,MOCK_FEED
POS00601020260313,PORT006,INS0026,2026-03-13,3689,59.4401,219274.53,-2463.28,GBP,MOCK_FEED
POS00600120260314,PORT006,INS0017,2026-03-14,3990,139.128,555120.72,-14448.35,GBP,MOCK_FEED
POS00600220260314,PORT006,INS0018,2026-03-14,2959,51.7908,153248.98,4312.71,INR,MOCK_FEED
POS00600320260314,PORT006,INS0019,2026-03-14,2514,16.1809,40678.78,1339.47,GBP,MOCK_FEED
POS00600420260314,PORT006,INS0020,2026-03-14,2444,10.9903,26860.29,112.01,GBP,MOCK_FEED
POS00600520260314,PORT006,INS0021,2026-03-14,3754,51.1247,191922.12,-2506.0,EUR,MOCK_FEED
POS00600620260314,PORT006,INS0022,2026-03-14,2459,47.7926,117522.0,4439.44,EUR,MOCK_FEED
POS00600720260314,PORT006,INS0023,2026-03-14,2515,50.7272,127578.91,4393.95,INR,MOCK_FEED
POS00600820260314,PORT006,INS0024,2026-03-14,1316,77.8118,102400.33,4041.4,GBP,MOCK_FEED
POS00600920260314,PORT006,INS0025,2026-03-14,2293,23.8304,54643.11,-933.53,GBP,MOCK_FEED
POS00601020260314,PORT006,INS0026,2026-03-14,2081,59.4811,123780.17,758.57,INR,MOCK_FEED
POS00600120260315,PORT006,INS0017,2026-03-15,2367,137.6473,325811.16,-882.67,EUR,MOCK_FEED
POS00600220260315,PORT006,INS0018,2026-03-15,4273,51.6109,220533.38,6067.18,USD,MOCK_FEED
POS00600320260315,PORT006,INS0019,2026-03-15,4691,15.6594,73458.25,-216.93,EUR,MOCK_FEED
POS00600420260315,PORT006,INS0020,2026-03-15,4815,10.8782,52378.53,136.63,EUR,MOCK_FEED
POS00600520260315,PORT006,INS0021,2026-03-15,2124,51.2929,108946.12,-3197.79,GBP,MOCK_FEED
POS00600620260315,PORT006,INS0022,2026-03-15,1975,47.8026,94410.13,-445.28,GBP,MOCK_FEED
POS00600720260315,PORT006,INS0023,2026-03-15,4571,51.044,233322.12,8945.57,INR,MOCK_FEED
POS00600820260315,PORT006,INS0024,2026-03-15,4288,77.2535,331263.01,7453.4,GBP,MOCK_FEED
POS00600920260315,PORT006,INS0025,2026-03-15,3396,23.518,79867.13,1833.57,INR,MOCK_FEED
POS00601020260315,PORT006,INS0026,2026-03-15,4492,58.7254,263794.5,1813.18,INR,MOCK_FEED
POS00600120260316,PORT006,INS0017,2026-03-16,2241,137.5091,308157.89,-4903.36,EUR,MOCK_FEED
POS00600220260316,PORT006,INS0018,2026-03-16,1912,52.3785,100147.69,1603.13,GBP,MOCK_FEED
POS00600320260316,PORT006,INS0019,2026-03-16,2281,15.8047,36050.52,1063.05,INR,MOCK_FEED
POS00600420260316,PORT006,INS0020,2026-03-16,2423,10.8224,26222.68,304.25,GBP,MOCK_FEED
POS00600520260316,PORT006,INS0021,2026-03-16,4587,50.3434,230925.18,-1976.6,INR,MOCK_FEED
POS00600620260316,PORT006,INS0022,2026-03-16,2490,47.4683,118196.07,-2398.88,USD,MOCK_FEED
POS00600720260316,PORT006,INS0023,2026-03-16,4512,50.7998,229208.7,-3570.05,INR,MOCK_FEED
POS00600820260316,PORT006,INS0024,2026-03-16,3986,77.3011,308122.18,3241.41,USD,MOCK_FEED
POS00600920260316,PORT006,INS0025,2026-03-16,2762,23.4339,64724.43,-1113.1,USD,MOCK_FEED
POS00601020260316,PORT006,INS0026,2026-03-16,2444,60.9392,148935.4,-2787.01,INR,MOCK_FEED
POS00600120260317,PORT006,INS0017,2026-03-17,3566,137.1024,488907.16,16133.83,USD,MOCK_FEED
POS00600220260317,PORT006,INS0018,2026-03-17,2586,52.4701,135687.68,-721.73,GBP,MOCK_FEED
POS00600320260317,PORT006,INS0019,2026-03-17,3914,15.8124,61889.73,1818.66,INR,MOCK_FEED
POS00600420260317,PORT006,INS0020,2026-03-17,3057,10.9466,33463.76,-95.44,USD,MOCK_FEED
POS00600520260317,PORT006,INS0021,2026-03-17,1888,50.3149,94994.53,450.55,INR,MOCK_FEED
POS00600620260317,PORT006,INS0022,2026-03-17,994,48.1072,47818.56,976.43,USD,MOCK_FEED
POS00600720260317,PORT006,INS0023,2026-03-17,4893,49.6255,242817.57,2602.58,GBP,MOCK_FEED
POS00600820260317,PORT006,INS0024,2026-03-17,2914,77.3734,225466.09,4141.63,EUR,MOCK_FEED
POS00600920260317,PORT006,INS0025,2026-03-17,2373,23.4426,55629.29,526.81,USD,MOCK_FEED
POS00601020260317,PORT006,INS0026,2026-03-17,1842,62.3975,114936.2,3918.05,GBP,MOCK_FEED
POS00600120260318,PORT006,INS0017,2026-03-18,1497,136.2795,204010.41,1765.19,EUR,MOCK_FEED
POS00600220260318,PORT006,INS0018,2026-03-18,3857,51.179,197397.4,6594.88,GBP,MOCK_FEED
POS00600320260318,PORT006,INS0019,2026-03-18,2634,15.6645,41260.29,1401.21,GBP,MOCK_FEED
POS00600420260318,PORT006,INS0020,2026-03-18,328,10.9221,3582.45,102.99,EUR,MOCK_FEED
POS00600520260318,PORT006,INS0021,2026-03-18,2710,51.165,138657.15,3173.65,GBP,MOCK_FEED
POS00600620260318,PORT006,INS0022,2026-03-18,2532,47.8277,121099.74,-2270.74,USD,MOCK_FEED
POS00600720260318,PORT006,INS0023,2026-03-18,4694,49.7984,233753.69,8295.7,GBP,MOCK_FEED
POS00600820260318,PORT006,INS0024,2026-03-18,3292,78.4953,258406.53,-1764.65,EUR,MOCK_FEED
POS00600920260318,PORT006,INS0025,2026-03-18,4980,23.7581,118315.34,4460.38,USD,MOCK_FEED
POS00601020260318,PORT006,INS0026,2026-03-18,1744,62.1297,108354.2,-2326.97,USD,MOCK_FEED
POS00600120260319,PORT006,INS0017,2026-03-19,3094,134.206,415233.36,-12333.93,GBP,MOCK_FEED
POS00600220260319,PORT006,INS0018,2026-03-19,733,51.1023,37457.99,-651.12,EUR,MOCK_FEED
POS00600320260319,PORT006,INS0019,2026-03-19,872,15.4355,13459.76,172.42,INR,MOCK_FEED
POS00600420260319,PORT006,INS0020,2026-03-19,2093,10.9244,22864.77,904.56,INR,MOCK_FEED
POS00600520260319,PORT006,INS0021,2026-03-19,4995,51.3302,256394.35,-2581.05,EUR,MOCK_FEED
POS00600620260319,PORT006,INS0022,2026-03-19,2988,47.8525,142983.27,-996.9,EUR,MOCK_FEED
POS00600720260319,PORT006,INS0023,2026-03-19,2455,49.1411,120641.4,1020.84,USD,MOCK_FEED
POS00600820260319,PORT006,INS0024,2026-03-19,2885,76.8525,221719.46,2194.15,GBP,MOCK_FEED
POS00600920260319,PORT006,INS0025,2026-03-19,4769,23.5223,112177.85,2076.91,EUR,MOCK_FEED
POS00601020260319,PORT006,INS0026,2026-03-19,1197,61.6651,73813.12,-227.6,GBP,MOCK_FEED
POS00600120260320,PORT006,INS0017,2026-03-20,3956,136.2828,539134.76,16262.41,INR,MOCK_FEED
POS00600220260320,PORT006,INS0018,2026-03-20,2493,51.598,128633.81,-426.14,GBP,MOCK_FEED
POS00600320260320,PORT006,INS0019,2026-03-20,4103,15.5455,63783.19,1220.07,GBP,MOCK_FEED
POS00600420260320,PORT006,INS0020,2026-03-20,3012,10.898,32824.78,819.42,USD,MOCK_FEED
POS00600520260320,PORT006,INS0021,2026-03-20,2399,52.5056,125960.93,4526.47,INR,MOCK_FEED
POS00600620260320,PORT006,INS0022,2026-03-20,2697,49.4388,133336.44,781.69,USD,MOCK_FEED
POS00600720260320,PORT006,INS0023,2026-03-20,931,48.4766,45131.71,803.21,INR,MOCK_FEED
POS00600820260320,PORT006,INS0024,2026-03-20,2866,76.5658,219437.58,4879.44,INR,MOCK_FEED
POS00600920260320,PORT006,INS0025,2026-03-20,891,23.3535,20807.97,-240.76,EUR,MOCK_FEED
POS00601020260320,PORT006,INS0026,2026-03-20,1797,60.7184,109110.96,472.34,INR,MOCK_FEED
POS00600120260321,PORT006,INS0017,2026-03-21,4968,137.652,683855.14,-13220.81,USD,MOCK_FEED
POS00600220260321,PORT006,INS0018,2026-03-21,3762,52.101,196003.96,1743.34,GBP,MOCK_FEED
POS00600320260321,PORT006,INS0019,2026-03-21,662,15.4739,10243.72,-179.56,USD,MOCK_FEED
POS00600420260321,PORT006,INS0020,2026-03-21,2150,11.1038,23873.17,-154.9,GBP,MOCK_FEED
POS00600520260321,PORT006,INS0021,2026-03-21,3996,51.6612,206438.16,569.23,USD,MOCK_FEED
POS00600620260321,PORT006,INS0022,2026-03-21,2497,50.2871,125566.89,2456.67,INR,MOCK_FEED
POS00600720260321,PORT006,INS0023,2026-03-21,612,48.5461,29710.21,-291.68,EUR,MOCK_FEED
POS00600820260321,PORT006,INS0024,2026-03-21,2798,76.8536,215036.37,5810.42,USD,MOCK_FEED
POS00600920260321,PORT006,INS0025,2026-03-21,3741,23.0976,86408.12,-1447.43,GBP,MOCK_FEED
POS00601020260321,PORT006,INS0026,2026-03-21,3566,60.7725,216714.74,4040.38,USD,MOCK_FEED
POS00600120260322,PORT006,INS0017,2026-03-22,4841,137.8062,667119.81,14080.88,GBP,MOCK_FEED
POS00600220260322,PORT006,INS0018,2026-03-22,3180,53.199,169172.82,2641.12,INR,MOCK_FEED
POS00600320260322,PORT006,INS0019,2026-03-22,2163,15.5097,33547.48,940.16,GBP,MOCK_FEED
POS00600420260322,PORT006,INS0020,2026-03-22,4743,11.085,52576.16,1106.12,EUR,MOCK_FEED
POS00600520260322,PORT006,INS0021,2026-03-22,4062,50.904,206772.05,-5039.66,USD,MOCK_FEED
POS00600620260322,PORT006,INS0022,2026-03-22,3634,50.5341,183640.92,28.32,GBP,MOCK_FEED
POS00600720260322,PORT006,INS0023,2026-03-22,3504,48.9139,171394.31,-2198.56,GBP,MOCK_FEED
POS00600820260322,PORT006,INS0024,2026-03-22,2465,74.9836,184834.57,1077.01,EUR,MOCK_FEED
POS00600920260322,PORT006,INS0025,2026-03-22,1414,23.0801,32635.26,-475.81,EUR,MOCK_FEED
POS00601020260322,PORT006,INS0026,2026-03-22,2882,61.9609,178571.31,2155.11,GBP,MOCK_FEED
POS00600120260323,PORT006,INS0017,2026-03-23,734,134.9071,99021.81,2860.81,INR,MOCK_FEED
POS00600220260323,PORT006,INS0018,2026-03-23,1108,52.9845,58706.83,1244.67,GBP,MOCK_FEED
POS00600320260323,PORT006,INS0019,2026-03-23,2461,15.3248,37714.33,-427.46,INR,MOCK_FEED
POS00600420260323,PORT006,INS0020,2026-03-23,4435,11.0522,49016.51,311.96,GBP,MOCK_FEED
POS00600520260323,PORT006,INS0021,2026-03-23,3559,49.9378,177728.63,-531.16,EUR,MOCK_FEED
POS00600620260323,PORT006,INS0022,2026-03-23,2259,50.4285,113917.98,2498.2,INR,MOCK_FEED
POS00600720260323,PORT006,INS0023,2026-03-23,3290,48.9737,161123.47,-2912.38,INR,MOCK_FEED
POS00600820260323,PORT006,INS0024,2026-03-23,4819,75.2107,362440.36,3346.53,EUR,MOCK_FEED
POS00600920260323,PORT006,INS0025,2026-03-23,169,23.3551,3947.01,148.21,GBP,MOCK_FEED
POS00601020260323,PORT006,INS0026,2026-03-23,2926,61.2673,179268.12,4043.57,INR,MOCK_FEED
POS00600120260324,PORT006,INS0017,2026-03-24,779,132.6646,103345.72,4073.26,INR,MOCK_FEED
POS00600220260324,PORT006,INS0018,2026-03-24,1604,52.7203,84563.36,-2087.86,EUR,MOCK_FEED
POS00600320260324,PORT006,INS0019,2026-03-24,287,15.4309,4428.67,14.87,GBP,MOCK_FEED
POS00600420260324,PORT006,INS0020,2026-03-24,614,11.1643,6854.88,106.35,INR,MOCK_FEED
POS00600520260324,PORT006,INS0021,2026-03-24,1119,50.1561,56124.68,613.04,EUR,MOCK_FEED
POS00600620260324,PORT006,INS0022,2026-03-24,1151,49.5397,57020.19,557.03,EUR,MOCK_FEED
POS00600720260324,PORT006,INS0023,2026-03-24,953,49.1635,46852.82,1287.31,EUR,MOCK_FEED
POS00600820260324,PORT006,INS0024,2026-03-24,4178,75.5102,315481.62,9170.03,GBP,MOCK_FEED
POS00600920260324,PORT006,INS0025,2026-03-24,4528,23.3603,105775.44,2118.88,GBP,MOCK_FEED
POS00601020260324,PORT006,INS0026,2026-03-24,2958,60.7224,179616.86,1864.82,GBP,MOCK_FEED
POS00600120260325,PORT006,INS0017,2026-03-25,4022,134.0543,539166.39,-1808.51,EUR,MOCK_FEED
POS00600220260325,PORT006,INS0018,2026-03-25,1028,51.917,53370.68,1335.57,INR,MOCK_FEED
POS00600320260325,PORT006,INS0019,2026-03-25,1390,15.2092,21140.79,-439.61,EUR,MOCK_FEED
POS00600420260325,PORT006,INS0020,2026-03-25,685,11.159,7643.92,131.93,EUR,MOCK_FEED
POS00600520260325,PORT006,INS0021,2026-03-25,3792,50.0821,189911.32,-1492.46,USD,MOCK_FEED
POS00600620260325,PORT006,INS0022,2026-03-25,3780,48.9898,185181.44,-4222.69,GBP,MOCK_FEED
POS00600720260325,PORT006,INS0023,2026-03-25,2754,50.0528,137845.41,2632.6,USD,MOCK_FEED
POS00600820260325,PORT006,INS0024,2026-03-25,674,75.0373,50575.14,722.79,INR,MOCK_FEED
POS00600920260325,PORT006,INS0025,2026-03-25,3710,23.2478,86249.34,-809.5,INR,MOCK_FEED
POS00601020260325,PORT006,INS0026,2026-03-25,2433,61.009,148434.9,5401.24,GBP,MOCK_FEED
POS00600120260326,PORT006,INS0017,2026-03-26,1597,132.2312,211173.23,4997.44,EUR,MOCK_FEED
POS00600220260326,PORT006,INS0018,2026-03-26,1708,51.1958,87442.43,-226.91,GBP,MOCK_FEED
POS00600320260326,PORT006,INS0019,2026-03-26,4559,14.9951,68362.66,-556.24,USD,MOCK_FEED
POS00600420260326,PORT006,INS0020,2026-03-26,3051,11.1568,34039.4,736.57,USD,MOCK_FEED
POS00600520260326,PORT006,INS0021,2026-03-26,3746,49.7281,186281.46,-3066.64,EUR,MOCK_FEED
POS00600620260326,PORT006,INS0022,2026-03-26,1082,48.0832,52026.02,941.75,GBP,MOCK_FEED
POS00600720260326,PORT006,INS0023,2026-03-26,3444,49.6748,171080.01,-3796.22,EUR,MOCK_FEED
POS00600820260326,PORT006,INS0024,2026-03-26,4538,75.6796,343434.02,-124.2,INR,MOCK_FEED
POS00600920260326,PORT006,INS0025,2026-03-26,3030,23.7394,71930.38,1259.18,USD,MOCK_FEED
POS00601020260326,PORT006,INS0026,2026-03-26,2459,59.7588,146946.89,4883.83,INR,MOCK_FEED
POS00600120260327,PORT006,INS0017,2026-03-27,3426,134.5896,461103.97,14722.23,INR,MOCK_FEED
POS00600220260327,PORT006,INS0018,2026-03-27,432,51.2721,22149.55,-356.35,USD,MOCK_FEED
POS00600320260327,PORT006,INS0019,2026-03-27,113,15.1781,1715.13,-30.92,USD,MOCK_FEED
POS00600420260327,PORT006,INS0020,2026-03-27,3628,11.0011,39911.99,-494.91,GBP,MOCK_FEED
POS00600520260327,PORT006,INS0021,2026-03-27,2411,50.6782,122185.14,-1362.49,EUR,MOCK_FEED
POS00600620260327,PORT006,INS0022,2026-03-27,2562,47.9211,122773.86,-2723.5,EUR,MOCK_FEED
POS00600720260327,PORT006,INS0023,2026-03-27,1865,49.5381,92388.56,1512.83,USD,MOCK_FEED
POS00600820260327,PORT006,INS0024,2026-03-27,4636,74.3476,344675.47,10381.55,INR,MOCK_FEED
POS00600920260327,PORT006,INS0025,2026-03-27,4311,23.7695,102470.31,754.75,USD,MOCK_FEED
POS00601020260327,PORT006,INS0026,2026-03-27,3024,59.576,180157.82,-778.7,EUR,MOCK_FEED
POS00600120260328,PORT006,INS0017,2026-03-28,950,136.5777,129748.81,-3113.22,INR,MOCK_FEED
POS00600220260328,PORT006,INS0018,2026-03-28,4935,50.308,248269.98,1718.54,GBP,MOCK_FEED
POS00600320260328,PORT006,INS0019,2026-03-28,3713,15.4727,57450.14,-1371.08,GBP,MOCK_FEED
POS00600420260328,PORT006,INS0020,2026-03-28,2305,11.1814,25773.13,-419.42,EUR,MOCK_FEED
POS00600520260328,PORT006,INS0021,2026-03-28,4267,50.5702,215783.04,-6321.29,EUR,MOCK_FEED
POS00600620260328,PORT006,INS0022,2026-03-28,610,48.2045,29404.75,372.44,GBP,MOCK_FEED
POS00600720260328,PORT006,INS0023,2026-03-28,101,49.6606,5015.72,-23.9,INR,MOCK_FEED
POS00600820260328,PORT006,INS0024,2026-03-28,1048,74.5716,78151.04,2258.62,EUR,MOCK_FEED
POS00600920260328,PORT006,INS0025,2026-03-28,4166,24.0717,100282.7,-2289.91,INR,MOCK_FEED
POS00601020260328,PORT006,INS0026,2026-03-28,2853,60.0638,171362.02,-4928.81,GBP,MOCK_FEED
POS00600120260329,PORT006,INS0017,2026-03-29,1486,133.9272,199015.82,3211.08,GBP,MOCK_FEED
POS00600220260329,PORT006,INS0018,2026-03-29,450,50.2527,22613.72,864.14,GBP,MOCK_FEED
POS00600320260329,PORT006,INS0019,2026-03-29,480,15.4948,7437.5,249.15,EUR,MOCK_FEED
POS00600420260329,PORT006,INS0020,2026-03-29,1525,11.3852,17362.43,104.78,EUR,MOCK_FEED
POS00600520260329,PORT006,INS0021,2026-03-29,4551,49.9003,227096.27,7443.89,GBP,MOCK_FEED
POS00600620260329,PORT006,INS0022,2026-03-29,1212,48.7944,59138.81,-428.4,USD,MOCK_FEED
POS00600720260329,PORT006,INS0023,2026-03-29,1170,49.3966,57794.02,1199.5,GBP,MOCK_FEED
POS00600820260329,PORT006,INS0024,2026-03-29,1173,74.0968,86915.55,-267.64,INR,MOCK_FEED
POS00600920260329,PORT006,INS0025,2026-03-29,505,24.0654,12153.03,-285.6,INR,MOCK_FEED
POS00601020260329,PORT006,INS0026,2026-03-29,3821,59.6513,227927.62,4352.39,INR,MOCK_FEED
POS00600120260330,PORT006,INS0017,2026-03-30,4131,133.8306,552854.21,-7875.92,GBP,MOCK_FEED
POS00600220260330,PORT006,INS0018,2026-03-30,2308,49.8676,115094.42,-940.24,USD,MOCK_FEED
POS00600320260330,PORT006,INS0019,2026-03-30,4964,15.4585,76735.99,2704.17,EUR,MOCK_FEED
POS00600420260330,PORT006,INS0020,2026-03-30,2269,11.3557,25766.08,156.92,INR,MOCK_FEED
POS00600520260330,PORT006,INS0021,2026-03-30,2360,50.6803,119605.51,1513.39,GBP,MOCK_FEED
POS00600620260330,PORT006,INS0022,2026-03-30,4518,49.8993,225445.04,-5187.75,INR,MOCK_FEED
POS00600720260330,PORT006,INS0023,2026-03-30,4005,49.4447,198026.02,-1675.05,EUR,MOCK_FEED
POS00600820260330,PORT006,INS0024,2026-03-30,3510,74.5232,261576.43,1502.85,GBP,MOCK_FEED
POS00600920260330,PORT006,INS0025,2026-03-30,4706,24.3415,114551.1,1137.53,GBP,MOCK_FEED
POS00601020260330,PORT006,INS0026,2026-03-30,4571,59.2285,270733.47,-6519.56,INR,MOCK_FEED
POS00600120260331,PORT006,INS0017,2026-03-31,3056,132.2726,404225.07,-1004.38,INR,MOCK_FEED
POS00600220260331,PORT006,INS0018,2026-03-31,1197,51.0215,61072.74,-1607.16,INR,MOCK_FEED
POS00600320260331,PORT006,INS0019,2026-03-31,3986,15.4577,61614.39,-836.25,GBP,MOCK_FEED
POS00600420260331,PORT006,INS0020,2026-03-31,3384,11.3346,38356.29,984.59,EUR,MOCK_FEED
POS00600520260331,PORT006,INS0021,2026-03-31,256,49.4201,12651.55,459.1,EUR,MOCK_FEED
POS00600620260331,PORT006,INS0022,2026-03-31,3627,50.0991,181709.44,1126.84,GBP,MOCK_FEED
POS00600720260331,PORT006,INS0023,2026-03-31,2231,49.3542,110109.22,3208.7,EUR,MOCK_FEED
POS00600820260331,PORT006,INS0024,2026-03-31,3840,73.6758,282915.07,-6481.81,USD,MOCK_FEED
POS00600920260331,PORT006,INS0025,2026-03-31,649,24.1402,15666.99,229.08,USD,MOCK_FEED
POS00601020260331,PORT006,INS0026,2026-03-31,1464,59.3533,86893.23,-1497.94,GBP,MOCK_FEED
POS00600120260401,PORT006,INS0017,2026-04-01,1498,135.4848,202956.23,-4297.58,INR,MOCK_FEED
POS00600220260401,PORT006,INS0018,2026-04-01,4256,51.0605,217313.49,4906.49,INR,MOCK_FEED
POS00600320260401,PORT006,INS0019,2026-04-01,1878,15.4925,29094.92,588.12,USD,MOCK_FEED
POS00600420260401,PORT006,INS0020,2026-04-01,1952,11.1921,21846.98,182.61,USD,MOCK_FEED
POS00600520260401,PORT006,INS0021,2026-04-01,4093,50.5752,207004.29,-5646.48,EUR,MOCK_FEED
POS00600620260401,PORT006,INS0022,2026-04-01,348,50.1252,17443.57,309.96,INR,MOCK_FEED
POS00600720260401,PORT006,INS0023,2026-04-01,2275,50.4416,114754.64,-2939.63,EUR,MOCK_FEED
POS00600820260401,PORT006,INS0024,2026-04-01,4780,74.3349,355320.82,-31.57,INR,MOCK_FEED
POS00600920260401,PORT006,INS0025,2026-04-01,2201,24.3606,53617.68,1066.63,EUR,MOCK_FEED
POS00601020260401,PORT006,INS0026,2026-04-01,4190,59.3335,248607.36,7447.02,GBP,MOCK_FEED
POS00600120260402,PORT006,INS0017,2026-04-02,3205,136.874,438681.17,-6436.4,INR,MOCK_FEED
POS00600220260402,PORT006,INS0018,2026-04-02,2649,51.1869,135594.1,3963.61,USD,MOCK_FEED
POS00600320260402,PORT006,INS0019,2026-04-02,3925,15.4475,60631.44,-135.73,EUR,MOCK_FEED
POS00600420260402,PORT006,INS0020,2026-04-02,1092,11.3517,12396.06,-371.03,EUR,MOCK_FEED
POS00600520260402,PORT006,INS0021,2026-04-02,3562,50.5326,179997.12,566.13,INR,MOCK_FEED
POS00600620260402,PORT006,INS0022,2026-04-02,3388,49.8241,168804.05,2624.92,USD,MOCK_FEED
POS00600720260402,PORT006,INS0023,2026-04-02,699,50.8528,35546.11,7.13,INR,MOCK_FEED
POS00600820260402,PORT006,INS0024,2026-04-02,228,75.2057,17146.9,332.57,EUR,MOCK_FEED
POS00600920260402,PORT006,INS0025,2026-04-02,2117,24.0703,50956.83,-962.67,GBP,MOCK_FEED
POS00601020260402,PORT006,INS0026,2026-04-02,3144,59.6377,187500.93,-2928.32,EUR,MOCK_FEED
POS00600120260403,PORT006,INS0017,2026-04-03,3908,138.649,541840.29,-7214.41,INR,MOCK_FEED
POS00600220260403,PORT006,INS0018,2026-04-03,3664,51.667,189307.89,4801.42,INR,MOCK_FEED
POS00600320260403,PORT006,INS0019,2026-04-03,1037,15.7042,16285.26,-314.69,INR,MOCK_FEED
POS00600420260403,PORT006,INS0020,2026-04-03,3517,11.5323,40559.1,537.67,INR,MOCK_FEED
POS00600520260403,PORT006,INS0021,2026-04-03,3330,50.4034,167843.32,-4247.49,INR,MOCK_FEED
POS00600620260403,PORT006,INS0022,2026-04-03,4855,49.7672,241619.76,6558.22,INR,MOCK_FEED
POS00600720260403,PORT006,INS0023,2026-04-03,2475,50.8777,125922.31,2129.93,GBP,MOCK_FEED
POS00600820260403,PORT006,INS0024,2026-04-03,777,76.7165,59608.72,-122.59,EUR,MOCK_FEED
POS00600920260403,PORT006,INS0025,2026-04-03,147,24.6179,3618.83,-26.86,EUR,MOCK_FEED
POS00601020260403,PORT006,INS0026,2026-04-03,4094,59.103,241967.68,-4029.98,GBP,MOCK_FEED
POS00600120260404,PORT006,INS0017,2026-04-04,1453,137.1681,199305.25,2660.86,GBP,MOCK_FEED
POS00600220260404,PORT006,INS0018,2026-04-04,2626,50.8045,133412.62,-3817.81,USD,MOCK_FEED
POS00600320260404,PORT006,INS0019,2026-04-04,4154,15.781,65554.27,1747.41,USD,MOCK_FEED
POS00600420260404,PORT006,INS0020,2026-04-04,870,11.9324,10381.19,214.16,GBP,MOCK_FEED
POS00600520260404,PORT006,INS0021,2026-04-04,3059,49.7405,152156.19,1878.67,EUR,MOCK_FEED
POS00600620260404,PORT006,INS0022,2026-04-04,1904,49.5868,94413.27,-1938.87,EUR,MOCK_FEED
POS00600720260404,PORT006,INS0023,2026-04-04,4696,50.4143,236745.55,-1737.99,EUR,MOCK_FEED
POS00600820260404,PORT006,INS0024,2026-04-04,1372,76.9904,105630.83,2969.06,EUR,MOCK_FEED
POS00600920260404,PORT006,INS0025,2026-04-04,4148,24.7157,102520.72,-1413.91,GBP,MOCK_FEED
POS00601020260404,PORT006,INS0026,2026-04-04,2110,58.7957,124058.93,-3640.25,EUR,MOCK_FEED
POS00600120260405,PORT006,INS0017,2026-04-05,3401,134.4871,457390.63,-1158.17,USD,MOCK_FEED
POS00600220260405,PORT006,INS0018,2026-04-05,3673,50.0977,184008.85,-5.09,GBP,MOCK_FEED
POS00600320260405,PORT006,INS0019,2026-04-05,4833,16.0718,77675.01,-48.03,GBP,MOCK_FEED
POS00600420260405,PORT006,INS0020,2026-04-05,3751,12.0047,45029.63,957.2,USD,MOCK_FEED
POS00600520260405,PORT006,INS0021,2026-04-05,4613,49.9814,230564.2,-5021.28,EUR,MOCK_FEED
POS00600620260405,PORT006,INS0022,2026-04-05,2158,49.8512,107578.89,811.28,GBP,MOCK_FEED
POS00600720260405,PORT006,INS0023,2026-04-05,3377,50.0369,168974.61,-3654.47,INR,MOCK_FEED
POS00600820260405,PORT006,INS0024,2026-04-05,2322,75.7635,175922.85,3872.39,GBP,MOCK_FEED
POS00600920260405,PORT006,INS0025,2026-04-05,2162,24.8163,53652.84,-1260.16,INR,MOCK_FEED
POS00601020260405,PORT006,INS0026,2026-04-05,4191,59.1123,247739.65,-382.41,USD,MOCK_FEED
POS00600120260406,PORT006,INS0017,2026-04-06,128,136.7198,17500.13,454.0,USD,MOCK_FEED
POS00600220260406,PORT006,INS0018,2026-04-06,1971,49.6194,97799.84,57.18,GBP,MOCK_FEED
POS00600320260406,PORT006,INS0019,2026-04-06,715,16.1682,11560.26,174.85,EUR,MOCK_FEED
POS00600420260406,PORT006,INS0020,2026-04-06,3993,11.9849,47855.71,1677.8,EUR,MOCK_FEED
POS00600520260406,PORT006,INS0021,2026-04-06,3599,50.2784,180951.96,908.01,USD,MOCK_FEED
POS00600620260406,PORT006,INS0022,2026-04-06,2967,49.4482,146712.81,3664.66,EUR,MOCK_FEED
POS00600720260406,PORT006,INS0023,2026-04-06,3489,50.2102,175183.39,4695.5,EUR,MOCK_FEED
POS00600820260406,PORT006,INS0024,2026-04-06,4714,76.8507,362274.2,-1918.69,GBP,MOCK_FEED
POS00600920260406,PORT006,INS0025,2026-04-06,3946,24.9882,98603.44,1972.61,USD,MOCK_FEED
POS00601020260406,PORT006,INS0026,2026-04-06,1459,59.0127,86099.53,1025.67,GBP,MOCK_FEED
POS00600120260407,PORT006,INS0017,2026-04-07,1493,136.5136,203814.8,1090.17,EUR,MOCK_FEED
POS00600220260407,PORT006,INS0018,2026-04-07,3399,50.7086,172358.53,4125.18,EUR,MOCK_FEED
POS00600320260407,PORT006,INS0019,2026-04-07,2291,16.671,38193.26,-868.59,EUR,MOCK_FEED
POS00600420260407,PORT006,INS0020,2026-04-07,2622,11.9263,31270.76,135.39,GBP,MOCK_FEED
POS00600520260407,PORT006,INS0021,2026-04-07,2579,50.7022,130760.97,-3571.08,USD,MOCK_FEED
POS00600620260407,PORT006,INS0022,2026-04-07,3541,49.3552,174766.76,1501.83,USD,MOCK_FEED
POS00600720260407,PORT006,INS0023,2026-04-07,4088,50.2718,205511.12,2225.99,USD,MOCK_FEED
POS00600820260407,PORT006,INS0024,2026-04-07,1704,76.1991,129843.27,-2631.74,INR,MOCK_FEED
POS00600920260407,PORT006,INS0025,2026-04-07,4096,24.7219,101260.9,3903.55,USD,MOCK_FEED
POS00601020260407,PORT006,INS0026,2026-04-07,1690,60.0578,101497.68,-2057.97,GBP,MOCK_FEED
POS00600120260408,PORT006,INS0017,2026-04-08,666,135.6654,90353.16,284.7,GBP,MOCK_FEED
POS00600220260408,PORT006,INS0018,2026-04-08,2840,50.7759,144203.56,-1469.32,INR,MOCK_FEED
POS00600320260408,PORT006,INS0019,2026-04-08,2760,16.6245,45883.62,1830.94,INR,MOCK_FEED
POS00600420260408,PORT006,INS0020,2026-04-08,4032,11.8826,47910.64,-1260.79,GBP,MOCK_FEED
POS00600520260408,PORT006,INS0021,2026-04-08,1527,50.2903,76793.29,2885.47,USD,MOCK_FEED
POS00600620260408,PORT006,INS0022,2026-04-08,3416,49.5626,169305.84,6692.8,GBP,MOCK_FEED
POS00600720260408,PORT006,INS0023,2026-04-08,712,50.1521,35708.3,-52.38,INR,MOCK_FEED
POS00600820260408,PORT006,INS0024,2026-04-08,2867,74.6355,213979.98,713.11,GBP,MOCK_FEED
POS00600920260408,PORT006,INS0025,2026-04-08,4658,24.822,115620.88,-1175.14,EUR,MOCK_FEED
POS00601020260408,PORT006,INS0026,2026-04-08,1429,58.5331,83643.8,653.64,GBP,MOCK_FEED
POS00600120260409,PORT006,INS0017,2026-04-09,4435,134.1392,594907.35,23048.75,USD,MOCK_FEED
POS00600220260409,PORT006,INS0018,2026-04-09,124,50.518,6264.23,63.88,EUR,MOCK_FEED
POS00600320260409,PORT006,INS0019,2026-04-09,2650,16.6009,43992.38,-1276.53,GBP,MOCK_FEED
POS00600420260409,PORT006,INS0020,2026-04-09,3265,11.8291,38622.01,-317.09,GBP,MOCK_FEED
POS00600520260409,PORT006,INS0021,2026-04-09,2070,50.717,104984.19,-2701.26,GBP,MOCK_FEED
POS00600620260409,PORT006,INS0022,2026-04-09,4528,49.5657,224433.49,1645.22,USD,MOCK_FEED
POS00600720260409,PORT006,INS0023,2026-04-09,3388,50.2717,170320.52,-1192.36,EUR,MOCK_FEED
POS00600820260409,PORT006,INS0024,2026-04-09,4597,74.9081,344352.54,-6163.32,EUR,MOCK_FEED
POS00600920260409,PORT006,INS0025,2026-04-09,3998,25.7168,102815.77,-1509.04,GBP,MOCK_FEED
POS00601020260409,PORT006,INS0026,2026-04-09,3963,56.711,224745.69,5436.81,GBP,MOCK_FEED
POS00600120260410,PORT006,INS0017,2026-04-10,1755,133.7739,234773.19,-6970.36,GBP,MOCK_FEED
POS00600220260410,PORT006,INS0018,2026-04-10,4552,51.3253,233632.77,-3382.03,EUR,MOCK_FEED
POS00600320260410,PORT006,INS0019,2026-04-10,830,16.6818,13845.89,-297.61,USD,MOCK_FEED
POS00600420260410,PORT006,INS0020,2026-04-10,1751,12.1437,21263.62,416.56,GBP,MOCK_FEED
POS00600520260410,PORT006,INS0021,2026-04-10,1297,50.5578,65573.47,-1953.91,INR,MOCK_FEED
POS00600620260410,PORT006,INS0022,2026-04-10,752,49.3825,37135.64,931.59,GBP,MOCK_FEED
POS00600720260410,PORT006,INS0023,2026-04-10,1338,49.5455,66291.88,460.47,INR,MOCK_FEED
POS00600820260410,PORT006,INS0024,2026-04-10,2921,75.2122,219694.84,6440.85,USD,MOCK_FEED
POS00600920260410,PORT006,INS0025,2026-04-10,128,25.501,3264.13,-8.46,EUR,MOCK_FEED
POS00601020260410,PORT006,INS0026,2026-04-10,3287,56.9514,187199.25,354.35,INR,MOCK_FEED
POS00600120260411,PORT006,INS0017,2026-04-11,417,134.1587,55944.18,1044.46,EUR,MOCK_FEED
POS00600220260411,PORT006,INS0018,2026-04-11,3297,50.4572,166357.39,-2873.75,USD,MOCK_FEED
POS00600320260411,PORT006,INS0019,2026-04-11,1698,16.7754,28484.63,-193.2,USD,MOCK_FEED
POS00600420260411,PORT006,INS0020,2026-04-11,4055,12.1231,49159.17,417.11,GBP,MOCK_FEED
POS00600520260411,PORT006,INS0021,2026-04-11,2762,50.6323,139846.41,-864.0,GBP,MOCK_FEED
POS00600620260411,PORT006,INS0022,2026-04-11,4527,49.5058,224112.76,1322.88,GBP,MOCK_FEED
POS00600720260411,PORT006,INS0023,2026-04-11,1225,49.6898,60870.0,1157.48,EUR,MOCK_FEED
POS00600820260411,PORT006,INS0024,2026-04-11,3605,76.637,276276.39,6968.02,EUR,MOCK_FEED
POS00600920260411,PORT006,INS0025,2026-04-11,3654,25.369,92698.33,3318.65,INR,MOCK_FEED
POS00601020260411,PORT006,INS0026,2026-04-11,1320,55.8916,73776.91,89.06,USD,MOCK_FEED
POS00600120260412,PORT006,INS0017,2026-04-12,4928,133.7889,659311.7,-13564.42,USD,MOCK_FEED
POS00600220260412,PORT006,INS0018,2026-04-12,2871,50.2848,144367.66,1180.05,USD,MOCK_FEED
POS00600320260412,PORT006,INS0019,2026-04-12,4321,16.6521,71953.72,2058.27,EUR,MOCK_FEED
POS00600420260412,PORT006,INS0020,2026-04-12,810,11.9064,9644.18,-270.79,USD,MOCK_FEED
POS00600520260412,PORT006,INS0021,2026-04-12,103,50.7253,5224.71,-32.17,USD,MOCK_FEED
POS00600620260412,PORT006,INS0022,2026-04-12,3956,49.5795,196136.5,7013.4,USD,MOCK_FEED
POS00600720260412,PORT006,INS0023,2026-04-12,1260,50.6191,63780.07,2492.39,GBP,MOCK_FEED
POS00600820260412,PORT006,INS0024,2026-04-12,2149,76.8911,165238.97,5621.49,USD,MOCK_FEED
POS00600920260412,PORT006,INS0025,2026-04-12,2939,25.1227,73835.62,785.45,EUR,MOCK_FEED
POS00601020260412,PORT006,INS0026,2026-04-12,2565,54.5435,139904.08,-2172.51,INR,MOCK_FEED
POS00600120260413,PORT006,INS0017,2026-04-13,2863,135.3896,387620.42,-10282.46,USD,MOCK_FEED
POS00600220260413,PORT006,INS0018,2026-04-13,4956,49.9072,247340.08,-6223.83,EUR,MOCK_FEED
POS00600320260413,PORT006,INS0019,2026-04-13,1256,16.5084,20734.55,48.25,GBP,MOCK_FEED
POS00600420260413,PORT006,INS0020,2026-04-13,1625,11.7624,19113.9,140.99,EUR,MOCK_FEED
POS00600520260413,PORT006,INS0021,2026-04-13,4012,50.6865,203354.24,4188.13,USD,MOCK_FEED
POS00600620260413,PORT006,INS0022,2026-04-13,398,49.5091,19704.62,-140.01,GBP,MOCK_FEED
POS00600720260413,PORT006,INS0023,2026-04-13,2021,49.8027,100651.26,-1710.89,USD,MOCK_FEED
POS00600820260413,PORT006,INS0024,2026-04-13,3499,77.2946,270453.81,2436.03,EUR,MOCK_FEED
POS00600920260413,PORT006,INS0025,2026-04-13,2512,25.0912,63029.09,902.6,EUR,MOCK_FEED
POS00601020260413,PORT006,INS0026,2026-04-13,3553,54.271,192824.86,-3537.07,USD,MOCK_FEED
POS00600120260414,PORT006,INS0017,2026-04-14,2797,135.2541,378305.72,5423.34,GBP,MOCK_FEED
POS00600220260414,PORT006,INS0018,2026-04-14,1834,50.2658,92187.48,351.25,INR,MOCK_FEED
POS00600320260414,PORT006,INS0019,2026-04-14,3908,16.6345,65007.63,-241.68,USD,MOCK_FEED
POS00600420260414,PORT006,INS0020,2026-04-14,4254,12.0602,51304.09,-1038.35,EUR,MOCK_FEED
POS00600520260414,PORT006,INS0021,2026-04-14,789,49.5106,39063.86,-98.19,USD,MOCK_FEED
POS00600620260414,PORT006,INS0022,2026-04-14,1786,48.805,87165.73,1520.47,EUR,MOCK_FEED
POS00600720260414,PORT006,INS0023,2026-04-14,3357,49.6912,166813.36,3419.86,GBP,MOCK_FEED
POS00600820260414,PORT006,INS0024,2026-04-14,1226,78.3117,96010.14,-364.23,GBP,MOCK_FEED
POS00600920260414,PORT006,INS0025,2026-04-14,3701,25.2414,93418.42,-2087.91,GBP,MOCK_FEED
POS00601020260414,PORT006,INS0026,2026-04-14,4600,54.2017,249327.82,-5956.97,INR,MOCK_FEED
POS00600120260415,PORT006,INS0017,2026-04-15,2198,137.9507,303215.64,7319.06,INR,MOCK_FEED
POS00600220260415,PORT006,INS0018,2026-04-15,3399,50.875,172924.12,2816.73,INR,MOCK_FEED
POS00600320260415,PORT006,INS0019,2026-04-15,909,16.5595,15052.59,149.6,INR,MOCK_FEED
POS00600420260415,PORT006,INS0020,2026-04-15,3884,12.0529,46813.46,-616.21,EUR,MOCK_FEED
POS00600520260415,PORT006,INS0021,2026-04-15,4990,50.1069,250033.43,9869.94,INR,MOCK_FEED
POS00600620260415,PORT006,INS0022,2026-04-15,911,48.9599,44602.47,1710.39,INR,MOCK_FEED
POS00600720260415,PORT006,INS0023,2026-04-15,4496,50.3962,226581.32,7277.32,USD,MOCK_FEED
POS00600820260415,PORT006,INS0024,2026-04-15,4565,79.7101,363876.61,2744.56,INR,MOCK_FEED
POS00600920260415,PORT006,INS0025,2026-04-15,3533,25.0638,88550.41,752.87,INR,MOCK_FEED
POS00601020260415,PORT006,INS0026,2026-04-15,2975,54.2016,161249.76,-100.1,USD,MOCK_FEED
POS00600120260416,PORT006,INS0017,2026-04-16,4289,136.6566,586120.16,-10979.1,EUR,MOCK_FEED
POS00600220260416,PORT006,INS0018,2026-04-16,4699,51.4432,241731.6,-725.07,EUR,MOCK_FEED
POS00600320260416,PORT006,INS0019,2026-04-16,3795,16.5982,62990.17,604.97,EUR,MOCK_FEED
POS00600420260416,PORT006,INS0020,2026-04-16,3429,11.9111,40843.16,93.53,EUR,MOCK_FEED
POS00600520260416,PORT006,INS0021,2026-04-16,3714,48.5044,180145.34,-4408.49,GBP,MOCK_FEED
POS00600620260416,PORT006,INS0022,2026-04-16,1191,49.5442,59007.14,131.79,EUR,MOCK_FEED
POS00600720260416,PORT006,INS0023,2026-04-16,3048,49.7845,151743.16,3194.77,EUR,MOCK_FEED
POS00600820260416,PORT006,INS0024,2026-04-16,2961,79.3645,234998.28,-3582.94,USD,MOCK_FEED
POS00600920260416,PORT006,INS0025,2026-04-16,4266,25.0723,106958.43,1964.74,USD,MOCK_FEED
POS00601020260416,PORT006,INS0026,2026-04-16,3986,54.5905,217597.73,-5940.97,GBP,MOCK_FEED
POS00600120260417,PORT006,INS0017,2026-04-17,4173,136.104,567961.99,5722.21,INR,MOCK_FEED
POS00600220260417,PORT006,INS0018,2026-04-17,2754,52.6728,145060.89,-2940.89,GBP,MOCK_FEED
POS00600320260417,PORT006,INS0019,2026-04-17,1307,16.5833,21674.37,660.44,INR,MOCK_FEED
POS00600420260417,PORT006,INS0020,2026-04-17,1391,11.9826,16667.8,-211.53,EUR,MOCK_FEED
POS00600520260417,PORT006,INS0021,2026-04-17,3718,48.3735,179852.67,2859.79,GBP,MOCK_FEED
POS00600620260417,PORT006,INS0022,2026-04-17,940,48.4327,45526.74,1505.33,GBP,MOCK_FEED
POS00600720260417,PORT006,INS0023,2026-04-17,245,49.9914,12247.89,-19.11,EUR,MOCK_FEED
POS00600820260417,PORT006,INS0024,2026-04-17,4661,79.5066,370580.26,-9167.76,EUR,MOCK_FEED
POS00600920260417,PORT006,INS0025,2026-04-17,1713,25.4295,43560.73,967.33,USD,MOCK_FEED
POS00601020260417,PORT006,INS0026,2026-04-17,2564,54.5786,139939.53,-3151.96,EUR,MOCK_FEED
POS00600120260418,PORT006,INS0017,2026-04-18,3260,137.3232,447673.63,12686.95,EUR,MOCK_FEED
POS00600220260418,PORT006,INS0018,2026-04-18,3029,52.2724,158333.1,-3460.36,USD,MOCK_FEED
POS00600320260418,PORT006,INS0019,2026-04-18,1836,16.1633,29675.82,-830.89,GBP,MOCK_FEED
POS00600420260418,PORT006,INS0020,2026-04-18,3989,11.9994,47865.61,1779.62,INR,MOCK_FEED
POS00600520260418,PORT006,INS0021,2026-04-18,447,47.9862,21449.83,-174.6,GBP,MOCK_FEED
POS00600620260418,PORT006,INS0022,2026-04-18,2819,48.7649,137468.25,-1708.85,GBP,MOCK_FEED
POS00600720260418,PORT006,INS0023,2026-04-18,2787,49.8218,138853.36,2121.85,EUR,MOCK_FEED
POS00600820260418,PORT006,INS0024,2026-04-18,2350,79.5056,186838.16,-4978.49,USD,MOCK_FEED
POS00600920260418,PORT006,INS0025,2026-04-18,3133,25.4304,79673.44,-156.92,INR,MOCK_FEED
POS00601020260418,PORT006,INS0026,2026-04-18,2074,54.5146,113063.28,202.09,GBP,MOCK_FEED
POS00600120260419,PORT006,INS0017,2026-04-19,4912,136.3893,669944.24,1219.14,GBP,MOCK_FEED
POS00600220260419,PORT006,INS0018,2026-04-19,2182,52.7197,115034.39,-1236.83,EUR,MOCK_FEED
POS00600320260419,PORT006,INS0019,2026-04-19,1055,16.0182,16899.2,-23.26,USD,MOCK_FEED
POS00600420260419,PORT006,INS0020,2026-04-19,3314,11.8529,39280.51,-1002.76,INR,MOCK_FEED
POS00600520260419,PORT006,INS0021,2026-04-19,4899,48.4271,237244.36,7501.88,GBP,MOCK_FEED
POS00600620260419,PORT006,INS0022,2026-04-19,3156,48.5691,153284.08,5206.54,GBP,MOCK_FEED
POS00600720260419,PORT006,INS0023,2026-04-19,3015,50.0505,150902.26,-3585.85,INR,MOCK_FEED
POS00600820260419,PORT006,INS0024,2026-04-19,4105,79.199,325111.9,-2292.4,EUR,MOCK_FEED
POS00600920260419,PORT006,INS0025,2026-04-19,1127,25.8634,29148.05,-446.3,GBP,MOCK_FEED
POS00601020260419,PORT006,INS0026,2026-04-19,907,54.7006,49613.44,-175.17,GBP,MOCK_FEED
POS00700120250419,PORT007,INS0020,2025-04-19,2536,11.6457,29533.5,737.53,GBP,MOCK_FEED
POS00700220250419,PORT007,INS0021,2025-04-19,1587,54.1215,85890.82,2236.98,GBP,MOCK_FEED
POS00700320250419,PORT007,INS0022,2025-04-19,4601,48.2822,222146.4,-4883.01,INR,MOCK_FEED
POS00700420250419,PORT007,INS0023,2025-04-19,2756,49.3424,135987.65,-1510.08,INR,MOCK_FEED
POS00700520250419,PORT007,INS0024,2025-04-19,4989,58.5339,292025.63,-6568.5,USD,MOCK_FEED
POS00700620250419,PORT007,INS0025,2025-04-19,3496,23.2541,81296.33,-1120.15,USD,MOCK_FEED
POS00700720250419,PORT007,INS0026,2025-04-19,1964,44.4798,87358.33,1940.94,INR,MOCK_FEED
POS00700820250419,PORT007,INS0027,2025-04-19,2329,15.2501,35517.48,48.69,INR,MOCK_FEED
POS00700920250419,PORT007,INS0028,2025-04-19,4972,44.0945,219237.85,-710.05,USD,MOCK_FEED
POS00701020250419,PORT007,INS0029,2025-04-19,3732,23.0292,85944.97,-1023.38,INR,MOCK_FEED
POS00700120250420,PORT007,INS0020,2025-04-20,3444,11.6678,40183.9,-1188.73,EUR,MOCK_FEED
POS00700220250420,PORT007,INS0021,2025-04-20,3249,53.1751,172765.9,-1882.7,GBP,MOCK_FEED
POS00700320250420,PORT007,INS0022,2025-04-20,1193,47.5968,56782.98,1382.72,INR,MOCK_FEED
POS00700420250420,PORT007,INS0023,2025-04-20,4390,49.1975,215977.02,-2833.57,INR,MOCK_FEED
POS00700520250420,PORT007,INS0024,2025-04-20,1995,59.1878,118079.66,175.93,GBP,MOCK_FEED
POS00700620250420,PORT007,INS0025,2025-04-20,4774,22.9368,109500.28,-3128.98,INR,MOCK_FEED
POS00700720250420,PORT007,INS0026,2025-04-20,4231,44.2854,187371.53,1461.99,GBP,MOCK_FEED
POS00700820250420,PORT007,INS0027,2025-04-20,1596,15.0426,24007.99,-321.03,USD,MOCK_FEED
POS00700920250420,PORT007,INS0028,2025-04-20,3453,44.1436,152427.85,-1989.1,GBP,MOCK_FEED
POS00701020250420,PORT007,INS0029,2025-04-20,2090,23.401,48908.09,642.85,USD,MOCK_FEED
POS00700120250421,PORT007,INS0020,2025-04-21,2672,11.7061,31278.7,391.92,INR,MOCK_FEED
POS00700220250421,PORT007,INS0021,2025-04-21,3709,52.6494,195276.62,3703.35,USD,MOCK_FEED
POS00700320250421,PORT007,INS0022,2025-04-21,2661,47.0151,125107.18,-1066.88,GBP,MOCK_FEED
POS00700420250421,PORT007,INS0023,2025-04-21,4756,48.2057,229266.31,918.26,USD,MOCK_FEED
POS00700520250421,PORT007,INS0024,2025-04-21,2786,59.1496,164790.79,4394.7,USD,MOCK_FEED
POS00700620250421,PORT007,INS0025,2025-04-21,2491,22.9472,57161.48,-1584.4,INR,MOCK_FEED
POS00700720250421,PORT007,INS0026,2025-04-21,3723,44.3815,165232.32,4195.31,EUR,MOCK_FEED
POS00700820250421,PORT007,INS0027,2025-04-21,2862,14.8364,42461.78,464.93,USD,MOCK_FEED
POS00700920250421,PORT007,INS0028,2025-04-21,2904,43.8426,127318.91,-2816.98,USD,MOCK_FEED
POS00701020250421,PORT007,INS0029,2025-04-21,2038,23.8234,48552.09,833.84,INR,MOCK_FEED
POS00700120250422,PORT007,INS0020,2025-04-22,1143,11.866,13562.84,-109.22,INR,MOCK_FEED
POS00700220250422,PORT007,INS0021,2025-04-22,4360,52.906,230670.16,809.03,EUR,MOCK_FEED
POS00700320250422,PORT007,INS0022,2025-04-22,3419,46.7561,159859.11,5646.42,USD,MOCK_FEED
POS00700420250422,PORT007,INS0023,2025-04-22,818,48.9201,40016.64,1008.04,EUR,MOCK_FEED
POS00700520250422,PORT007,INS0024,2025-04-22,4474,58.1745,260272.71,-7799.96,INR,MOCK_FEED
POS00700620250422,PORT007,INS0025,2025-04-22,2346,22.9849,53922.58,-149.99,INR,MOCK_FEED
POS00700720250422,PORT007,INS0026,2025-04-22,4764,44.1457,210310.11,5574.62,EUR,MOCK_FEED
POS00700820250422,PORT007,INS0027,2025-04-22,1546,15.2513,23578.51,414.06,GBP,MOCK_FEED
POS00700920250422,PORT007,INS0028,2025-04-22,729,44.1749,32203.5,-765.94,EUR,MOCK_FEED
POS00701020250422,PORT007,INS0029,2025-04-22,1878,24.2373,45517.65,-1254.11,GBP,MOCK_FEED
POS00700120250423,PORT007,INS0020,2025-04-23,4719,11.6861,55146.71,-786.56,USD,MOCK_FEED
POS00700220250423,PORT007,INS0021,2025-04-23,298,52.9352,15774.69,-52.98,EUR,MOCK_FEED
POS00700320250423,PORT007,INS0022,2025-04-23,3884,47.1443,183108.46,-5408.45,GBP,MOCK_FEED
POS00700420250423,PORT007,INS0023,2025-04-23,4084,50.2777,205334.13,-1752.36,USD,MOCK_FEED
POS00700520250423,PORT007,INS0024,2025-04-23,1575,59.024,92962.8,-935.18,INR,MOCK_FEED
POS00700620250423,PORT007,INS0025,2025-04-23,266,23.323,6203.92,-114.68,INR,MOCK_FEED
POS00700720250423,PORT007,INS0026,2025-04-23,2603,44.425,115638.27,3547.66,INR,MOCK_FEED
POS00700820250423,PORT007,INS0027,2025-04-23,4518,15.1038,68238.97,1839.41,INR,MOCK_FEED
POS00700920250423,PORT007,INS0028,2025-04-23,836,44.9117,37546.18,177.68,GBP,MOCK_FEED
POS00701020250423,PORT007,INS0029,2025-04-23,1870,24.1229,45109.82,1354.39,GBP,MOCK_FEED
POS00700120250424,PORT007,INS0020,2025-04-24,4268,11.6921,49901.88,1241.94,INR,MOCK_FEED
POS00700220250424,PORT007,INS0021,2025-04-24,3034,53.5557,162487.99,1856.29,GBP,MOCK_FEED
POS00700320250424,PORT007,INS0022,2025-04-24,4392,47.9874,210760.66,6795.78,USD,MOCK_FEED
POS00700420250424,PORT007,INS0023,2025-04-24,4479,49.1802,220278.12,-2916.21,EUR,MOCK_FEED
POS00700520250424,PORT007,INS0024,2025-04-24,2588,59.514,154022.23,5425.78,USD,MOCK_FEED
POS00700620250424,PORT007,INS0025,2025-04-24,1945,23.4269,45565.32,748.35,GBP,MOCK_FEED
POS00700720250424,PORT007,INS0026,2025-04-24,1803,43.6904,78773.79,3010.54,INR,MOCK_FEED
POS00700820250424,PORT007,INS0027,2025-04-24,860,15.2831,13143.47,443.07,GBP,MOCK_FEED
POS00700920250424,PORT007,INS0028,2025-04-24,2552,44.3249,113117.14,-1749.87,INR,MOCK_FEED
POS00701020250424,PORT007,INS0029,2025-04-24,2102,23.7014,49820.34,1092.68,USD,MOCK_FEED
POS00700120250425,PORT007,INS0020,2025-04-25,4074,11.5294,46970.78,780.8,EUR,MOCK_FEED
POS00700220250425,PORT007,INS0021,2025-04-25,415,53.1462,22055.67,-108.69,USD,MOCK_FEED
POS00700320250425,PORT007,INS0022,2025-04-25,1309,47.6676,62396.89,983.77,USD,MOCK_FEED
POS00700420250425,PORT007,INS0023,2025-04-25,879,49.6216,43617.39,-1040.31,USD,MOCK_FEED
POS00700520250425,PORT007,INS0024,2025-04-25,1408,59.742,84116.74,1830.09,INR,MOCK_FEED
POS00700620250425,PORT007,INS0025,2025-04-25,2314,23.1006,53454.79,77.45,GBP,MOCK_FEED
POS00700720250425,PORT007,INS0026,2025-04-25,2146,44.3202,95111.15,3197.22,EUR,MOCK_FEED
POS00700820250425,PORT007,INS0027,2025-04-25,4491,15.382,69080.56,1250.73,GBP,MOCK_FEED
POS00700920250425,PORT007,INS0028,2025-04-25,2827,43.4827,122925.59,-2076.48,INR,MOCK_FEED
POS00701020250425,PORT007,INS0029,2025-04-25,4861,24.0334,116826.36,-2892.48,INR,MOCK_FEED
POS00700120250426,PORT007,INS0020,2025-04-26,2373,11.151,26461.32,-80.47,USD,MOCK_FEED
POS00700220250426,PORT007,INS0021,2025-04-26,2535,52.3754,132771.64,-973.22,EUR,MOCK_FEED
POS00700320250426,PORT007,INS0022,2025-04-26,3318,48.1808,159863.89,-2655.51,INR,MOCK_FEED
POS00700420250426,PORT007,INS0023,2025-04-26,3041,51.0735,155314.51,1239.97,USD,MOCK_FEED
POS00700520250426,PORT007,INS0024,2025-04-26,2740,59.5919,163281.81,2010.85,USD,MOCK_FEED
POS00700620250426,PORT007,INS0025,2025-04-26,347,23.3251,8093.81,-57.18,USD,MOCK_FEED
POS00700720250426,PORT007,INS0026,2025-04-26,4563,43.694,199375.72,2283.23,EUR,MOCK_FEED
POS00700820250426,PORT007,INS0027,2025-04-26,4244,15.5482,65986.56,321.28,USD,MOCK_FEED
POS00700920250426,PORT007,INS0028,2025-04-26,299,43.378,12970.02,514.32,USD,MOCK_FEED
POS00701020250426,PORT007,INS0029,2025-04-26,4249,24.2004,102827.5,-2195.27,USD,MOCK_FEED
POS00700120250427,PORT007,INS0020,2025-04-27,1226,11.1456,13664.51,-272.09,GBP,MOCK_FEED
POS00700220250427,PORT007,INS0021,2025-04-27,3355,52.2415,175270.23,-2618.77,INR,MOCK_FEED
POS00700320250427,PORT007,INS0022,2025-04-27,2470,47.8915,118292.01,-879.7,EUR,MOCK_FEED
POS00700420250427,PORT007,INS0023,2025-04-27,4883,50.5508,246839.56,3001.25,USD,MOCK_FEED
POS00700520250427,PORT007,INS0024,2025-04-27,2069,60.2001,124554.01,-1912.93,EUR,MOCK_FEED
POS00700620250427,PORT007,INS0025,2025-04-27,2023,23.564,47669.97,311.44,GBP,MOCK_FEED
POS00700720250427,PORT007,INS0026,2025-04-27,406,42.6704,17324.18,-309.81,GBP,MOCK_FEED
POS00700820250427,PORT007,INS0027,2025-04-27,593,15.8899,9422.71,-210.16,INR,MOCK_FEED
POS00700920250427,PORT007,INS0028,2025-04-27,3415,44.1277,150696.1,4086.95,INR,MOCK_FEED
POS00701020250427,PORT007,INS0029,2025-04-27,3965,24.2466,96137.77,1188.21,INR,MOCK_FEED
POS00700120250428,PORT007,INS0020,2025-04-28,1879,11.3069,21245.67,183.29,INR,MOCK_FEED
POS00700220250428,PORT007,INS0021,2025-04-28,1312,51.4606,67516.31,1465.17,INR,MOCK_FEED
POS00700320250428,PORT007,INS0022,2025-04-28,4006,46.6699,186959.62,-3931.59,EUR,MOCK_FEED
POS00700420250428,PORT007,INS0023,2025-04-28,780,50.6172,39481.42,420.44,EUR,MOCK_FEED
POS00700520250428,PORT007,INS0024,2025-04-28,2878,60.278,173480.08,382.54,GBP,MOCK_FEED
POS00700620250428,PORT007,INS0025,2025-04-28,2655,24.2082,64272.77,117.69,USD,MOCK_FEED
POS00700720250428,PORT007,INS0026,2025-04-28,3993,43.2565,172723.2,-1592.53,GBP,MOCK_FEED
POS00700820250428,PORT007,INS0027,2025-04-28,3584,16.3132,58466.51,-470.51,INR,MOCK_FEED
POS00700920250428,PORT007,INS0028,2025-04-28,2774,43.9628,121952.81,2527.81,EUR,MOCK_FEED
POS00701020250428,PORT007,INS0029,2025-04-28,4407,24.4885,107920.82,-1583.48,GBP,MOCK_FEED
POS00700120250429,PORT007,INS0020,2025-04-29,4707,11.1432,52451.04,-1308.16,USD,MOCK_FEED
POS00700220250429,PORT007,INS0021,2025-04-29,935,51.5974,48243.57,-709.16,EUR,MOCK_FEED
POS00700320250429,PORT007,INS0022,2025-04-29,853,46.089,39313.92,-922.1,USD,MOCK_FEED
POS00700420250429,PORT007,INS0023,2025-04-29,1717,51.4714,88376.39,-1924.03,INR,MOCK_FEED
POS00700520250429,PORT007,INS0024,2025-04-29,1328,60.0597,79759.28,-1511.7,USD,MOCK_FEED
POS00700620250429,PORT007,INS0025,2025-04-29,2338,24.2653,56732.27,-11.47,GBP,MOCK_FEED
POS00700720250429,PORT007,INS0026,2025-04-29,4895,43.1555,211246.17,-5396.08,EUR,MOCK_FEED
POS00700820250429,PORT007,INS0027,2025-04-29,1715,16.4138,28149.67,-183.35,INR,MOCK_FEED
POS00700920250429,PORT007,INS0028,2025-04-29,3438,43.761,150450.32,-1251.85,EUR,MOCK_FEED
POS00701020250429,PORT007,INS0029,2025-04-29,1109,24.2636,26908.33,457.89,USD,MOCK_FEED
POS00700120250430,PORT007,INS0020,2025-04-30,4431,11.0091,48781.32,383.11,GBP,MOCK_FEED
POS00700220250430,PORT007,INS0021,2025-04-30,4971,52.3512,260237.82,-3929.63,INR,MOCK_FEED
POS00700320250430,PORT007,INS0022,2025-04-30,324,46.9531,15212.8,-191.35,INR,MOCK_FEED
POS00700420250430,PORT007,INS0023,2025-04-30,2490,50.9902,126965.6,2432.94,INR,MOCK_FEED
POS00700520250430,PORT007,INS0024,2025-04-30,972,59.05,57396.6,51.61,EUR,MOCK_FEED
POS00700620250430,PORT007,INS0025,2025-04-30,139,24.734,3438.03,46.37,USD,MOCK_FEED
POS00700720250430,PORT007,INS0026,2025-04-30,2174,43.0512,93593.31,-97.1,USD,MOCK_FEED
POS00700820250430,PORT007,INS0027,2025-04-30,4307,16.1742,69662.28,2079.34,INR,MOCK_FEED
POS00700920250430,PORT007,INS0028,2025-04-30,684,44.4683,30416.32,736.74,INR,MOCK_FEED
POS00701020250430,PORT007,INS0029,2025-04-30,3968,24.4008,96822.37,-1929.16,GBP,MOCK_FEED
POS00700120250501,PORT007,INS0020,2025-05-01,250,10.9816,2745.4,-33.94,GBP,MOCK_FEED
POS00700220250501,PORT007,INS0021,2025-05-01,4920,52.1488,256572.1,5882.3,INR,MOCK_FEED
POS00700320250501,PORT007,INS0022,2025-05-01,3651,47.2874,172646.3,-3476.94,USD,MOCK_FEED
POS00700420250501,PORT007,INS0023,2025-05-01,571,51.3702,29332.38,422.67,GBP,MOCK_FEED
POS00700520250501,PORT007,INS0024,2025-05-01,4295,60.553,260075.13,-3608.34,INR,MOCK_FEED
POS00700620250501,PORT007,INS0025,2025-05-01,3840,25.3978,97527.55,-342.56,USD,MOCK_FEED
POS00700720250501,PORT007,INS0026,2025-05-01,3383,43.2215,146218.33,-4111.93,INR,MOCK_FEED
POS00700820250501,PORT007,INS0027,2025-05-01,4902,15.9856,78361.41,305.53,EUR,MOCK_FEED
POS00700920250501,PORT007,INS0028,2025-05-01,1622,44.704,72509.89,-904.59,INR,MOCK_FEED
POS00701020250501,PORT007,INS0029,2025-05-01,3812,24.3875,92965.15,359.24,INR,MOCK_FEED
POS00700120250502,PORT007,INS0020,2025-05-02,3378,10.7206,36214.19,1100.13,INR,MOCK_FEED
POS00700220250502,PORT007,INS0021,2025-05-02,2395,52.1301,124851.59,3831.35,EUR,MOCK_FEED
POS00700320250502,PORT007,INS0022,2025-05-02,462,46.8089,21625.71,415.87,USD,MOCK_FEED
POS00700420250502,PORT007,INS0023,2025-05-02,3737,50.5607,188945.34,-3682.12,EUR,MOCK_FEED
POS00700520250502,PORT007,INS0024,2025-05-02,1393,59.7922,83290.53,341.95,INR,MOCK_FEED
POS00700620250502,PORT007,INS0025,2025-05-02,1103,25.4561,28078.08,393.95,INR,MOCK_FEED
POS00700720250502,PORT007,INS0026,2025-05-02,4489,42.8517,192361.28,7640.46,INR,MOCK_FEED
POS00700820250502,PORT007,INS0027,2025-05-02,3461,15.7627,54554.7,483.14,EUR,MOCK_FEED
POS00700920250502,PORT007,INS0028,2025-05-02,384,44.411,17053.82,-355.49,USD,MOCK_FEED
POS00701020250502,PORT007,INS0029,2025-05-02,2505,24.7847,62085.67,-1850.95,INR,MOCK_FEED
POS00700120250503,PORT007,INS0020,2025-05-03,1031,10.7253,11057.78,-117.02,USD,MOCK_FEED
POS00700220250503,PORT007,INS0021,2025-05-03,1355,52.175,70697.12,-1891.05,EUR,MOCK_FEED
POS00700320250503,PORT007,INS0022,2025-05-03,2155,46.8397,100939.55,-2831.01,USD,MOCK_FEED
POS00700420250503,PORT007,INS0023,2025-05-03,2881,51.805,149250.2,1042.97,USD,MOCK_FEED
POS00700520250503,PORT007,INS0024,2025-05-03,3023,60.0787,181617.91,2593.64,EUR,MOCK_FEED
POS00700620250503,PORT007,INS0025,2025-05-03,1982,25.2208,49987.63,-1173.78,INR,MOCK_FEED
POS00700720250503,PORT007,INS0026,2025-05-03,3391,42.8221,145209.74,1103.45,GBP,MOCK_FEED
POS00700820250503,PORT007,INS0027,2025-05-03,598,15.7627,9426.09,-165.57,USD,MOCK_FEED
POS00700920250503,PORT007,INS0028,2025-05-03,3639,44.431,161684.41,5093.47,USD,MOCK_FEED
POS00701020250503,PORT007,INS0029,2025-05-03,442,24.5501,10851.14,-98.85,EUR,MOCK_FEED
POS00700120250504,PORT007,INS0020,2025-05-04,1750,10.6979,18721.33,-166.87,GBP,MOCK_FEED
POS00700220250504,PORT007,INS0021,2025-05-04,4973,52.1395,259289.73,-2221.18,USD,MOCK_FEED
POS00700320250504,PORT007,INS0022,2025-05-04,1094,45.819,50125.99,49.79,INR,MOCK_FEED
POS00700420250504,PORT007,INS0023,2025-05-04,3319,51.9339,172368.61,6545.33,EUR,MOCK_FEED
POS00700520250504,PORT007,INS0024,2025-05-04,4970,59.9687,298044.44,1417.19,EUR,MOCK_FEED
POS00700620250504,PORT007,INS0025,2025-05-04,3994,24.825,99151.05,2138.44,GBP,MOCK_FEED
POS00700720250504,PORT007,INS0026,2025-05-04,4234,42.9248,181743.6,3916.14,GBP,MOCK_FEED
POS00700820250504,PORT007,INS0027,2025-05-04,4420,16.021,70812.82,2704.03,INR,MOCK_FEED
POS00700920250504,PORT007,INS0028,2025-05-04,1338,43.84,58657.92,-560.26,EUR,MOCK_FEED
POS00701020250504,PORT007,INS0029,2025-05-04,4239,24.525,103961.47,-1457.05,EUR,MOCK_FEED
POS00700120250505,PORT007,INS0020,2025-05-05,1518,10.7483,16315.92,518.6,GBP,MOCK_FEED
POS00700220250505,PORT007,INS0021,2025-05-05,720,51.4716,37059.55,-1079.66,INR,MOCK_FEED
POS00700320250505,PORT007,INS0022,2025-05-05,3337,46.1495,154000.88,1537.58,GBP,MOCK_FEED
POS00700420250505,PORT007,INS0023,2025-05-05,4519,51.7115,233684.27,-4321.07,GBP,MOCK_FEED
POS00700520250505,PORT007,INS0024,2025-05-05,2057,59.5308,122454.86,3497.3,GBP,MOCK_FEED
POS00700620250505,PORT007,INS0025,2025-05-05,2925,25.0578,73294.07,1453.87,EUR,MOCK_FEED
POS00700720250505,PORT007,INS0026,2025-05-05,1342,43.2481,58038.95,1728.94,INR,MOCK_FEED
POS00700820250505,PORT007,INS0027,2025-05-05,1668,16.1753,26980.4,-122.5,USD,MOCK_FEED
POS00700920250505,PORT007,INS0028,2025-05-05,2431,44.5516,108304.94,-2921.78,USD,MOCK_FEED
POS00701020250505,PORT007,INS0029,2025-05-05,2461,24.3169,59843.89,-596.67,USD,MOCK_FEED
POS00700120250506,PORT007,INS0020,2025-05-06,4471,10.6045,47412.72,1724.96,INR,MOCK_FEED
POS00700220250506,PORT007,INS0021,2025-05-06,859,49.8955,42860.23,-719.32,EUR,MOCK_FEED
POS00700320250506,PORT007,INS0022,2025-05-06,306,46.0739,14098.61,438.62,USD,MOCK_FEED
POS00700420250506,PORT007,INS0023,2025-05-06,1567,50.7955,79596.55,3050.48,GBP,MOCK_FEED
POS00700520250506,PORT007,INS0024,2025-05-06,4215,59.4414,250545.5,-7327.77,USD,MOCK_FEED
POS00700620250506,PORT007,INS0025,2025-05-06,3769,24.7501,93283.13,-1656.14,GBP,MOCK_FEED
POS00700720250506,PORT007,INS0026,2025-05-06,4690,43.6675,204800.57,4159.35,GBP,MOCK_FEED
POS00700820250506,PORT007,INS0027,2025-05-06,1452,16.0971,23372.99,309.9,EUR,MOCK_FEED
POS00700920250506,PORT007,INS0028,2025-05-06,1795,44.1022,79163.45,2715.32,INR,MOCK_FEED
POS00701020250506,PORT007,INS0029,2025-05-06,1552,23.6677,36732.27,286.13,GBP,MOCK_FEED
POS00700120250507,PORT007,INS0020,2025-05-07,814,10.48,8530.72,149.9,GBP,MOCK_FEED
POS00700220250507,PORT007,INS0021,2025-05-07,4664,49.8042,232286.79,-5504.27,EUR,MOCK_FEED
POS00700320250507,PORT007,INS0022,2025-05-07,1126,46.3059,52140.44,1499.44,EUR,MOCK_FEED
POS00700420250507,PORT007,INS0023,2025-05-07,4201,50.7172,213062.96,7325.59,EUR,MOCK_FEED
POS00700520250507,PORT007,INS0024,2025-05-07,3744,59.4567,222605.88,-6004.29,GBP,MOCK_FEED
POS00700620250507,PORT007,INS0025,2025-05-07,1545,25.0252,38663.93,650.06,INR,MOCK_FEED
POS00700720250507,PORT007,INS0026,2025-05-07,1941,44.0248,85452.14,945.28,INR,MOCK_FEED
POS00700820250507,PORT007,INS0027,2025-05-07,4220,15.9628,67363.02,615.31,GBP,MOCK_FEED
POS00700920250507,PORT007,INS0028,2025-05-07,3123,43.326,135307.1,832.52,GBP,MOCK_FEED
POS00701020250507,PORT007,INS0029,2025-05-07,2490,23.7164,59053.84,658.12,EUR,MOCK_FEED
POS00700120250508,PORT007,INS0020,2025-05-08,1742,10.3478,18025.87,-5.63,INR,MOCK_FEED
POS00700220250508,PORT007,INS0021,2025-05-08,2607,49.6119,129338.22,-2681.87,EUR,MOCK_FEED
POS00700320250508,PORT007,INS0022,2025-05-08,4510,47.3415,213510.17,-1521.35,GBP,MOCK_FEED
POS00700420250508,PORT007,INS0023,2025-05-08,2107,51.4626,108431.7,4328.7,GBP,MOCK_FEED
POS00700520250508,PORT007,INS0024,2025-05-08,321,58.4836,18773.24,-194.79,USD,MOCK_FEED
POS00700620250508,PORT007,INS0025,2025-05-08,1991,25.2635,50299.63,1071.37,USD,MOCK_FEED
POS00700720250508,PORT007,INS0026,2025-05-08,2921,43.8831,128182.54,759.66,GBP,MOCK_FEED
POS00700820250508,PORT007,INS0027,2025-05-08,1809,15.9421,28839.26,343.91,GBP,MOCK_FEED
POS00700920250508,PORT007,INS0028,2025-05-08,3732,43.4137,162019.93,-4534.52,EUR,MOCK_FEED
POS00701020250508,PORT007,INS0029,2025-05-08,340,23.5499,8006.97,274.26,EUR,MOCK_FEED
POS00700120250509,PORT007,INS0020,2025-05-09,4585,10.2271,46891.25,1526.78,GBP,MOCK_FEED
POS00700220250509,PORT007,INS0021,2025-05-09,2432,49.1542,119543.01,2426.96,GBP,MOCK_FEED
POS00700320250509,PORT007,INS0022,2025-05-09,2307,47.7476,110153.71,2731.24,INR,MOCK_FEED
POS00700420250509,PORT007,INS0023,2025-05-09,447,50.8209,22716.94,-322.9,INR,MOCK_FEED
POS00700520250509,PORT007,INS0024,2025-05-09,4965,58.2284,289104.01,-5731.1,INR,MOCK_FEED
POS00700620250509,PORT007,INS0025,2025-05-09,1633,25.344,41386.75,-832.13,INR,MOCK_FEED
POS00700720250509,PORT007,INS0026,2025-05-09,3230,44.1254,142525.04,-1433.25,GBP,MOCK_FEED
POS00700820250509,PORT007,INS0027,2025-05-09,4984,15.775,78622.6,-2198.93,INR,MOCK_FEED
POS00700920250509,PORT007,INS0028,2025-05-09,4860,44.2727,215165.32,604.53,EUR,MOCK_FEED
POS00701020250509,PORT007,INS0029,2025-05-09,2738,23.1427,63364.71,-262.1,GBP,MOCK_FEED
POS00700120250510,PORT007,INS0020,2025-05-10,324,10.1535,3289.73,115.24,EUR,MOCK_FEED
POS00700220250510,PORT007,INS0021,2025-05-10,3286,48.7455,160177.71,4075.77,GBP,MOCK_FEED
POS00700320250510,PORT007,INS0022,2025-05-10,4349,47.9344,208466.71,788.8,GBP,MOCK_FEED
POS00700420250510,PORT007,INS0023,2025-05-10,1063,50.9033,54110.21,1541.63,INR,MOCK_FEED
POS00700520250510,PORT007,INS0024,2025-05-10,3312,58.1398,192559.02,-914.57,INR,MOCK_FEED
POS00700620250510,PORT007,INS0025,2025-05-10,2457,25.7018,63149.32,-1111.55,EUR,MOCK_FEED
POS00700720250510,PORT007,INS0026,2025-05-10,1615,44.1055,71230.38,283.45,INR,MOCK_FEED
POS00700820250510,PORT007,INS0027,2025-05-10,4035,16.1879,65318.18,-1703.04,USD,MOCK_FEED
POS00700920250510,PORT007,INS0028,2025-05-10,141,43.8658,6185.08,-48.19,EUR,MOCK_FEED
POS00701020250510,PORT007,INS0029,2025-05-10,3356,23.1584,77719.59,2506.5,EUR,MOCK_FEED
POS00700120250511,PORT007,INS0020,2025-05-11,145,10.1438,1470.85,45.32,GBP,MOCK_FEED
POS00700220250511,PORT007,INS0021,2025-05-11,4317,49.029,211658.19,-3829.78,INR,MOCK_FEED
POS00700320250511,PORT007,INS0022,2025-05-11,1017,47.5253,48333.23,-483.85,INR,MOCK_FEED
POS00700420250511,PORT007,INS0023,2025-05-11,4564,51.6405,235687.24,-1306.98,INR,MOCK_FEED
POS00700520250511,PORT007,INS0024,2025-05-11,529,58.0541,30710.62,-534.66,USD,MOCK_FEED
POS00700620250511,PORT007,INS0025,2025-05-11,354,26.0269,9213.52,253.49,GBP,MOCK_FEED
POS00700720250511,PORT007,INS0026,2025-05-11,3303,44.6132,147357.4,5268.7,INR,MOCK_FEED
POS00700820250511,PORT007,INS0027,2025-05-11,3634,16.1318,58622.96,-1316.26,EUR,MOCK_FEED
POS00700920250511,PORT007,INS0028,2025-05-11,4664,43.6796,203721.65,4781.41,INR,MOCK_FEED
POS00701020250511,PORT007,INS0029,2025-05-11,4916,22.3113,109682.35,2525.4,EUR,MOCK_FEED
POS00700120250512,PORT007,INS0020,2025-05-12,3497,10.3178,36081.35,335.95,INR,MOCK_FEED
POS00700220250512,PORT007,INS0021,2025-05-12,1916,49.5397,94918.07,3369.66,INR,MOCK_FEED
POS00700320250512,PORT007,INS0022,2025-05-12,4893,47.3602,231733.46,748.33,INR,MOCK_FEED
POS00700420250512,PORT007,INS0023,2025-05-12,4912,51.8305,254591.42,-2410.3,USD,MOCK_FEED
POS00700520250512,PORT007,INS0024,2025-05-12,2489,57.6009,143368.64,2772.39,INR,MOCK_FEED
POS00700620250512,PORT007,INS0025,2025-05-12,1149,26.0423,29922.6,81.45,EUR,MOCK_FEED
POS00700720250512,PORT007,INS0026,2025-05-12,4580,44.7744,205066.75,-1147.97,EUR,MOCK_FEED
POS00700820250512,PORT007,INS0027,2025-05-12,1305,16.3568,21345.62,442.0,EUR,MOCK_FEED
POS00700920250512,PORT007,INS0028,2025-05-12,3658,43.3798,158683.31,3832.94,GBP,MOCK_FEED
POS00701020250512,PORT007,INS0029,2025-05-12,556,22.4052,12457.29,19.55,EUR,MOCK_FEED
POS00700120250513,PORT007,INS0020,2025-05-13,2594,10.2997,26717.42,-742.85,INR,MOCK_FEED
POS00700220250513,PORT007,INS0021,2025-05-13,1205,50.0793,60345.56,1594.05,EUR,MOCK_FEED
POS00700320250513,PORT007,INS0022,2025-05-13,2192,46.3401,101577.5,2232.2,INR,MOCK_FEED
POS00700420250513,PORT007,INS0023,2025-05-13,1768,51.8629,91693.61,3242.65,GBP,MOCK_FEED
POS00700520250513,PORT007,INS0024,2025-05-13,3229,58.3735,188488.03,-2100.14,USD,MOCK_FEED
POS00700620250513,PORT007,INS0025,2025-05-13,4645,26.1228,121340.41,1344.17,USD,MOCK_FEED
POS00700720250513,PORT007,INS0026,2025-05-13,4323,44.0378,190375.41,1995.6,INR,MOCK_FEED
POS00700820250513,PORT007,INS0027,2025-05-13,796,16.451,13095.0,299.98,EUR,MOCK_FEED
POS00700920250513,PORT007,INS0028,2025-05-13,2957,43.5633,128816.68,3181.07,EUR,MOCK_FEED
POS00701020250513,PORT007,INS0029,2025-05-13,4442,22.4936,99916.57,899.7,USD,MOCK_FEED
POS00700120250514,PORT007,INS0020,2025-05-14,458,10.1731,4659.28,-88.6,USD,MOCK_FEED
POS00700220250514,PORT007,INS0021,2025-05-14,4818,48.7923,235081.3,-4321.24,USD,MOCK_FEED
POS00700320250514,PORT007,INS0022,2025-05-14,2655,46.4227,123252.27,-2188.23,GBP,MOCK_FEED
POS00700420250514,PORT007,INS0023,2025-05-14,4923,52.1038,256507.01,8087.99,INR,MOCK_FEED
POS00700520250514,PORT007,INS0024,2025-05-14,1942,57.0274,110747.21,1931.47,GBP,MOCK_FEED
POS00700620250514,PORT007,INS0025,2025-05-14,3180,26.5771,84515.18,63.14,USD,MOCK_FEED
POS00700720250514,PORT007,INS0026,2025-05-14,3160,43.6755,138014.58,4639.9,USD,MOCK_FEED
POS00700820250514,PORT007,INS0027,2025-05-14,3610,16.4994,59562.83,1761.97,GBP,MOCK_FEED
POS00700920250514,PORT007,INS0028,2025-05-14,639,43.6199,27873.12,823.5,EUR,MOCK_FEED
POS00701020250514,PORT007,INS0029,2025-05-14,2116,22.5863,47792.61,-1325.96,USD,MOCK_FEED
POS00700120250515,PORT007,INS0020,2025-05-15,1440,10.1467,14611.25,-188.62,GBP,MOCK_FEED
POS00700220250515,PORT007,INS0021,2025-05-15,3113,48.7288,151692.75,631.06,INR,MOCK_FEED
POS00700320250515,PORT007,INS0022,2025-05-15,3762,45.4465,170969.73,6748.06,USD,MOCK_FEED
POS00700420250515,PORT007,INS0023,2025-05-15,1519,52.2728,79402.38,-1546.33,EUR,MOCK_FEED
POS00700520250515,PORT007,INS0024,2025-05-15,3898,57.7048,224933.31,-523.88,USD,MOCK_FEED
POS00700620250515,PORT007,INS0025,2025-05-15,4536,25.9674,117788.13,2793.29,EUR,MOCK_FEED
POS00700720250515,PORT007,INS0026,2025-05-15,2310,44.7103,103280.79,1996.35,INR,MOCK_FEED
POS00700820250515,PORT007,INS0027,2025-05-15,1477,16.3824,24196.8,831.62,INR,MOCK_FEED
POS00700920250515,PORT007,INS0028,2025-05-15,4176,43.4913,181619.67,621.49,INR,MOCK_FEED
POS00701020250515,PORT007,INS0029,2025-05-15,4852,22.4712,109030.26,3076.5,EUR,MOCK_FEED
POS00700120250516,PORT007,INS0020,2025-05-16,4418,10.2065,45092.32,-1275.53,GBP,MOCK_FEED
POS00700220250516,PORT007,INS0021,2025-05-16,4823,48.2426,232674.06,-5178.68,GBP,MOCK_FEED
POS00700320250516,PORT007,INS0022,2025-05-16,3982,45.12,179667.84,-4374.9,USD,MOCK_FEED
POS00700420250516,PORT007,INS0023,2025-05-16,2843,51.5753,146628.58,4891.96,EUR,MOCK_FEED
POS00700520250516,PORT007,INS0024,2025-05-16,1766,57.4861,101520.45,2045.37,INR,MOCK_FEED
POS00700620250516,PORT007,INS0025,2025-05-16,1560,25.7319,40141.76,750.85,INR,MOCK_FEED
POS00700720250516,PORT007,INS0026,2025-05-16,4638,45.1986,209631.11,-2960.05,INR,MOCK_FEED
POS00700820250516,PORT007,INS0027,2025-05-16,801,16.3896,13128.07,-114.22,GBP,MOCK_FEED
POS00700920250516,PORT007,INS0028,2025-05-16,1595,42.8928,68414.02,2331.21,USD,MOCK_FEED
POS00701020250516,PORT007,INS0029,2025-05-16,2524,22.5984,57038.36,-1480.24,INR,MOCK_FEED
POS00700120250517,PORT007,INS0020,2025-05-17,4411,10.1576,44805.17,10.77,GBP,MOCK_FEED
POS00700220250517,PORT007,INS0021,2025-05-17,3120,49.0847,153144.26,-2161.39,GBP,MOCK_FEED
POS00700320250517,PORT007,INS0022,2025-05-17,117,45.2619,5295.64,-1.0,GBP,MOCK_FEED
POS00700420250517,PORT007,INS0023,2025-05-17,546,51.775,28269.15,209.91,INR,MOCK_FEED
POS00700520250517,PORT007,INS0024,2025-05-17,1065,57.2913,61015.23,-596.56,GBP,MOCK_FEED
POS00700620250517,PORT007,INS0025,2025-05-17,933,25.7749,24047.98,60.67,INR,MOCK_FEED
POS00700720250517,PORT007,INS0026,2025-05-17,2665,45.3407,120832.97,-1720.34,EUR,MOCK_FEED
POS00700820250517,PORT007,INS0027,2025-05-17,3698,16.4215,60726.71,1923.89,GBP,MOCK_FEED
POS00700920250517,PORT007,INS0028,2025-05-17,1020,42.8467,43703.63,1301.41,EUR,MOCK_FEED
POS00701020250517,PORT007,INS0029,2025-05-17,1776,22.8516,40584.44,156.91,USD,MOCK_FEED
POS00700120250518,PORT007,INS0020,2025-05-18,1133,10.1221,11468.34,-14.81,GBP,MOCK_FEED
POS00700220250518,PORT007,INS0021,2025-05-18,2487,49.2259,122424.81,1799.04,GBP,MOCK_FEED
POS00700320250518,PORT007,INS0022,2025-05-18,2350,45.1794,106171.59,-263.3,GBP,MOCK_FEED
POS00700420250518,PORT007,INS0023,2025-05-18,2002,52.1667,104437.73,-57.29,INR,MOCK_FEED
POS00700520250518,PORT007,INS0024,2025-05-18,2234,58.3193,130285.32,806.09,GBP,MOCK_FEED
POS00700620250518,PORT007,INS0025,2025-05-18,3179,25.9655,82544.32,-2295.83,GBP,MOCK_FEED
POS00700720250518,PORT007,INS0026,2025-05-18,385,45.5151,17523.31,429.35,GBP,MOCK_FEED
POS00700820250518,PORT007,INS0027,2025-05-18,4112,16.3126,67077.41,718.33,EUR,MOCK_FEED
POS00700920250518,PORT007,INS0028,2025-05-18,461,42.4101,19551.06,93.3,EUR,MOCK_FEED
POS00701020250518,PORT007,INS0029,2025-05-18,3171,22.7449,72124.08,-2007.47,INR,MOCK_FEED
POS00700120250519,PORT007,INS0020,2025-05-19,2955,10.1805,30083.38,-50.15,USD,MOCK_FEED
POS00700220250519,PORT007,INS0021,2025-05-19,3638,49.6281,180547.03,6142.89,INR,MOCK_FEED
POS00700320250519,PORT007,INS0022,2025-05-19,2101,45.1899,94943.98,-2195.75,GBP,MOCK_FEED
POS00700420250519,PORT007,INS0023,2025-05-19,129,52.7852,6809.29,185.2,INR,MOCK_FEED
POS00700520250519,PORT007,INS0024,2025-05-19,4718,59.4441,280457.26,2880.47,GBP,MOCK_FEED
POS00700620250519,PORT007,INS0025,2025-05-19,4083,25.9416,105919.55,911.91,INR,MOCK_FEED
POS00700720250519,PORT007,INS0026,2025-05-19,4058,45.0126,182661.13,7088.21,USD,MOCK_FEED
POS00700820250519,PORT007,INS0027,2025-05-19,2364,16.23,38367.72,995.34,USD,MOCK_FEED
POS00700920250519,PORT007,INS0028,2025-05-19,4075,42.3141,172429.96,6518.32,INR,MOCK_FEED
POS00701020250519,PORT007,INS0029,2025-05-19,1550,23.1477,35878.93,287.92,EUR,MOCK_FEED
POS00700120250520,PORT007,INS0020,2025-05-20,537,10.0059,5373.17,178.97,USD,MOCK_FEED
POS00700220250520,PORT007,INS0021,2025-05-20,4699,49.3802,232037.56,-2954.12,INR,MOCK_FEED
POS00700320250520,PORT007,INS0022,2025-05-20,4082,45.2213,184593.35,-5423.02,GBP,MOCK_FEED
POS00700420250520,PORT007,INS0023,2025-05-20,3100,52.2186,161877.66,5877.97,GBP,MOCK_FEED
POS00700520250520,PORT007,INS0024,2025-05-20,3897,58.4808,227899.68,-2433.1,USD,MOCK_FEED
POS00700620250520,PORT007,INS0025,2025-05-20,3230,26.1117,84340.79,-530.7,EUR,MOCK_FEED
POS00700720250520,PORT007,INS0026,2025-05-20,3795,45.3769,172205.34,3536.24,USD,MOCK_FEED
POS00700820250520,PORT007,INS0027,2025-05-20,3187,16.42,52330.54,-526.48,EUR,MOCK_FEED
POS00700920250520,PORT007,INS0028,2025-05-20,2497,42.8893,107094.58,-1127.45,USD,MOCK_FEED
POS00701020250520,PORT007,INS0029,2025-05-20,3743,23.5172,88024.88,-260.13,USD,MOCK_FEED
POS00700120250521,PORT007,INS0020,2025-05-21,1554,10.0368,15597.19,-50.63,INR,MOCK_FEED
POS00700220250521,PORT007,INS0021,2025-05-21,2606,49.2759,128413.0,-12.12,USD,MOCK_FEED
POS00700320250521,PORT007,INS0022,2025-05-21,4159,45.0967,187557.18,1989.28,INR,MOCK_FEED
POS00700420250521,PORT007,INS0023,2025-05-21,3186,51.1,162804.6,-2122.66,EUR,MOCK_FEED
POS00700520250521,PORT007,INS0024,2025-05-21,2718,59.4351,161544.6,-1129.17,EUR,MOCK_FEED
POS00700620250521,PORT007,INS0025,2025-05-21,308,26.272,8091.78,92.48,USD,MOCK_FEED
POS00700720250521,PORT007,INS0026,2025-05-21,1639,46.0664,75502.83,407.7,GBP,MOCK_FEED
POS00700820250521,PORT007,INS0027,2025-05-21,1394,16.4638,22950.54,626.43,GBP,MOCK_FEED
POS00700920250521,PORT007,INS0028,2025-05-21,4379,42.2223,184891.45,6587.65,USD,MOCK_FEED
POS00701020250521,PORT007,INS0029,2025-05-21,1274,23.5223,29967.41,-377.52,INR,MOCK_FEED
POS00700120250522,PORT007,INS0020,2025-05-22,4204,10.1033,42474.27,1266.97,INR,MOCK_FEED
POS00700220250522,PORT007,INS0021,2025-05-22,3491,49.055,171251.01,6109.1,GBP,MOCK_FEED
POS00700320250522,PORT007,INS0022,2025-05-22,1996,45.0701,89959.92,-921.97,GBP,MOCK_FEED
POS00700420250522,PORT007,INS0023,2025-05-22,3053,51.2114,156348.4,-657.62,EUR,MOCK_FEED
POS00700520250522,PORT007,INS0024,2025-05-22,869,58.8263,51120.05,-181.91,GBP,MOCK_FEED
POS00700620250522,PORT007,INS0025,2025-05-22,3675,26.448,97196.4,1547.27,GBP,MOCK_FEED
POS00700720250522,PORT007,INS0026,2025-05-22,1267,46.3552,58732.04,1606.71,USD,MOCK_FEED
POS00700820250522,PORT007,INS0027,2025-05-22,3978,16.4591,65474.3,-425.86,USD,MOCK_FEED
POS00700920250522,PORT007,INS0028,2025-05-22,593,41.7779,24774.29,-375.55,USD,MOCK_FEED
POS00701020250522,PORT007,INS0029,2025-05-22,2699,23.569,63612.73,-862.65,USD,MOCK_FEED
POS00700120250523,PORT007,INS0020,2025-05-23,1102,10.1153,11147.06,346.77,EUR,MOCK_FEED
POS00700220250523,PORT007,INS0021,2025-05-23,3223,48.0575,154889.32,-1969.53,GBP,MOCK_FEED
POS00700320250523,PORT007,INS0022,2025-05-23,1353,44.8573,60691.93,-1255.98,EUR,MOCK_FEED
POS00700420250523,PORT007,INS0023,2025-05-23,252,51.9554,13092.76,443.92,INR,MOCK_FEED
POS00700520250523,PORT007,INS0024,2025-05-23,2333,58.7836,137142.14,-2034.43,USD,MOCK_FEED
POS00700620250523,PORT007,INS0025,2025-05-23,3754,26.1316,98098.03,-2903.17,EUR,MOCK_FEED
POS00700720250523,PORT007,INS0026,2025-05-23,340,46.4567,15795.28,186.2,INR,MOCK_FEED
POS00700820250523,PORT007,INS0027,2025-05-23,2202,16.7738,36935.91,216.12,GBP,MOCK_FEED
POS00700920250523,PORT007,INS0028,2025-05-23,3824,41.42,158390.08,-2654.21,INR,MOCK_FEED
POS00701020250523,PORT007,INS0029,2025-05-23,3880,23.8042,92360.3,1902.83,INR,MOCK_FEED
POS00700120250524,PORT007,INS0020,2025-05-24,4504,10.2257,46056.55,362.78,INR,MOCK_FEED
POS00700220250524,PORT007,INS0021,2025-05-24,1868,48.3891,90390.84,3214.81,GBP,MOCK_FEED
POS00700320250524,PORT007,INS0022,2025-05-24,3201,44.6838,143032.84,5274.58,USD,MOCK_FEED
POS00700420250524,PORT007,INS0023,2025-05-24,1392,51.9052,72252.04,1095.44,GBP,MOCK_FEED
POS00700520250524,PORT007,INS0024,2025-05-24,4184,58.7216,245691.17,2334.54,EUR,MOCK_FEED
POS00700620250524,PORT007,INS0025,2025-05-24,2819,26.1878,73823.41,2037.11,EUR,MOCK_FEED
POS00700720250524,PORT007,INS0026,2025-05-24,4272,46.5761,198973.1,6807.72,USD,MOCK_FEED
POS00700820250524,PORT007,INS0027,2025-05-24,4770,16.6948,79634.2,-1467.1,GBP,MOCK_FEED
POS00700920250524,PORT007,INS0028,2025-05-24,4395,42.0604,184855.46,-620.02,EUR,MOCK_FEED
POS00701020250524,PORT007,INS0029,2025-05-24,3012,23.6062,71101.87,1168.28,INR,MOCK_FEED
POS00700120250525,PORT007,INS0020,2025-05-25,789,10.1112,7977.74,-179.5,GBP,MOCK_FEED
POS00700220250525,PORT007,INS0021,2025-05-25,3029,47.4427,143703.94,-2289.68,GBP,MOCK_FEED
POS00700320250525,PORT007,INS0022,2025-05-25,170,44.655,7591.35,101.65,GBP,MOCK_FEED
POS00700420250525,PORT007,INS0023,2025-05-25,3903,52.5129,204957.85,7758.92,GBP,MOCK_FEED
POS00700520250525,PORT007,INS0024,2025-05-25,528,59.195,31254.96,-567.21,INR,MOCK_FEED
POS00700620250525,PORT007,INS0025,2025-05-25,3643,25.8422,94143.13,-940.59,GBP,MOCK_FEED
POS00700720250525,PORT007,INS0026,2025-05-25,2546,46.5678,118561.62,2824.37,USD,MOCK_FEED
POS00700820250525,PORT007,INS0027,2025-05-25,3625,16.8887,61221.54,365.79,EUR,MOCK_FEED
POS00700920250525,PORT007,INS0028,2025-05-25,3577,42.4105,151702.36,4004.71,INR,MOCK_FEED
POS00701020250525,PORT007,INS0029,2025-05-25,1797,23.5642,42344.87,-679.43,EUR,MOCK_FEED
POS00700120250526,PORT007,INS0020,2025-05-26,1894,10.0071,18953.45,-100.86,EUR,MOCK_FEED
POS00700220250526,PORT007,INS0021,2025-05-26,2368,46.4185,109919.01,3330.8,EUR,MOCK_FEED
POS00700320250526,PORT007,INS0022,2025-05-26,304,45.0206,13686.26,-393.45,GBP,MOCK_FEED
POS00700420250526,PORT007,INS0023,2025-05-26,567,52.2195,29608.46,1154.73,INR,MOCK_FEED
POS00700520250526,PORT007,INS0024,2025-05-26,2649,57.7845,153071.14,-1533.75,EUR,MOCK_FEED
POS00700620250526,PORT007,INS0025,2025-05-26,3999,25.4617,101821.34,-1797.63,GBP,MOCK_FEED
POS00700720250526,PORT007,INS0026,2025-05-26,1893,47.3982,89724.79,-1176.76,GBP,MOCK_FEED
POS00700820250526,PORT007,INS0027,2025-05-26,4049,16.557,67039.29,-1790.78,EUR,MOCK_FEED
POS00700920250526,PORT007,INS0028,2025-05-26,2194,42.3175,92844.6,-2464.21,INR,MOCK_FEED
POS00701020250526,PORT007,INS0029,2025-05-26,1908,23.3894,44626.98,709.66,INR,MOCK_FEED
POS00700120250527,PORT007,INS0020,2025-05-27,1537,10.0099,15385.22,199.42,USD,MOCK_FEED
POS00700220250527,PORT007,INS0021,2025-05-27,868,45.5159,39507.8,300.41,INR,MOCK_FEED
POS00700320250527,PORT007,INS0022,2025-05-27,2821,44.6867,126061.18,835.77,INR,MOCK_FEED
POS00700420250527,PORT007,INS0023,2025-05-27,1773,51.0399,90493.74,605.86,GBP,MOCK_FEED
POS00700520250527,PORT007,INS0024,2025-05-27,1388,58.0354,80553.14,-705.32,USD,MOCK_FEED
POS00700620250527,PORT007,INS0025,2025-05-27,4358,25.3897,110648.31,2002.69,USD,MOCK_FEED
POS00700720250527,PORT007,INS0026,2025-05-27,4491,47.0011,211081.94,6213.51,INR,MOCK_FEED
POS00700820250527,PORT007,INS0027,2025-05-27,478,16.4429,7859.71,-140.59,GBP,MOCK_FEED
POS00700920250527,PORT007,INS0028,2025-05-27,553,43.0759,23820.97,692.6,GBP,MOCK_FEED
POS00701020250527,PORT007,INS0029,2025-05-27,522,23.29,12157.38,17.39,USD,MOCK_FEED
POS00700120250528,PORT007,INS0020,2025-05-28,1488,10.0681,14981.33,76.83,GBP,MOCK_FEED
POS00700220250528,PORT007,INS0021,2025-05-28,2301,46.537,107081.64,-1801.06,INR,MOCK_FEED
POS00700320250528,PORT007,INS0022,2025-05-28,2596,44.6686,115959.69,851.01,EUR,MOCK_FEED
POS00700420250528,PORT007,INS0023,2025-05-28,1647,51.1073,84173.72,560.09,USD,MOCK_FEED
POS00700520250528,PORT007,INS0024,2025-05-28,4668,57.9523,270521.34,5261.02,INR,MOCK_FEED
POS00700620250528,PORT007,INS0025,2025-05-28,4017,25.2814,101555.38,2649.41,EUR,MOCK_FEED
POS00700720250528,PORT007,INS0026,2025-05-28,4476,47.1187,210903.3,4352.42,EUR,MOCK_FEED
POS00700820250528,PORT007,INS0027,2025-05-28,4090,16.3081,66700.13,1458.3,INR,MOCK_FEED
POS00700920250528,PORT007,INS0028,2025-05-28,381,43.7955,16686.09,-126.67,EUR,MOCK_FEED
POS00701020250528,PORT007,INS0029,2025-05-28,2628,23.409,61518.85,-1295.18,GBP,MOCK_FEED
POS00700120250529,PORT007,INS0020,2025-05-29,2035,10.2154,20788.34,640.43,USD,MOCK_FEED
POS00700220250529,PORT007,INS0021,2025-05-29,1360,46.9811,63894.3,2447.69,INR,MOCK_FEED
POS00700320250529,PORT007,INS0022,2025-05-29,4670,44.0301,205620.57,3176.21,USD,MOCK_FEED
POS00700420250529,PORT007,INS0023,2025-05-29,2950,51.2845,151289.27,2220.17,USD,MOCK_FEED
POS00700520250529,PORT007,INS0024,2025-05-29,2211,57.7849,127762.41,-1324.06,INR,MOCK_FEED
POS00700620250529,PORT007,INS0025,2025-05-29,2150,24.5193,52716.5,474.38,GBP,MOCK_FEED
POS00700720250529,PORT007,INS0026,2025-05-29,3479,46.3089,161108.66,-3984.83,USD,MOCK_FEED
POS00700820250529,PORT007,INS0027,2025-05-29,4272,16.5377,70649.05,-2107.37,INR,MOCK_FEED
POS00700920250529,PORT007,INS0028,2025-05-29,3696,43.3825,160341.72,-3259.31,INR,MOCK_FEED
POS00701020250529,PORT007,INS0029,2025-05-29,817,22.8578,18674.82,402.67,USD,MOCK_FEED
POS00700120250530,PORT007,INS0020,2025-05-30,2739,9.8824,27067.89,-731.7,USD,MOCK_FEED
POS00700220250530,PORT007,INS0021,2025-05-30,214,45.9333,9829.73,35.07,USD,MOCK_FEED
POS00700320250530,PORT007,INS0022,2025-05-30,1763,43.9216,77433.78,-805.56,GBP,MOCK_FEED
POS00700420250530,PORT007,INS0023,2025-05-30,4664,50.9861,237799.17,6687.26,GBP,MOCK_FEED
POS00700520250530,PORT007,INS0024,2025-05-30,1211,56.9864,69010.53,-1336.21,USD,MOCK_FEED
POS00700620250530,PORT007,INS0025,2025-05-30,2852,25.2205,71928.87,1639.3,INR,MOCK_FEED
POS00700720250530,PORT007,INS0026,2025-05-30,1423,46.0404,65515.49,-30.14,EUR,MOCK_FEED
POS00700820250530,PORT007,INS0027,2025-05-30,4171,16.4711,68700.96,-1026.93,EUR,MOCK_FEED
POS00700920250530,PORT007,INS0028,2025-05-30,3663,42.1705,154470.54,-603.04,INR,MOCK_FEED
POS00701020250530,PORT007,INS0029,2025-05-30,3096,23.1219,71585.4,131.57,INR,MOCK_FEED
POS00700120250531,PORT007,INS0020,2025-05-31,455,10.006,4552.73,130.3,GBP,MOCK_FEED
POS00700220250531,PORT007,INS0021,2025-05-31,4682,46.3852,217175.51,-4207.22,INR,MOCK_FEED
POS00700320250531,PORT007,INS0022,2025-05-31,1251,42.9696,53754.97,1127.37,GBP,MOCK_FEED
POS00700420250531,PORT007,INS0023,2025-05-31,535,51.2862,27438.12,185.01,INR,MOCK_FEED
POS00700520250531,PORT007,INS0024,2025-05-31,1889,58.4473,110406.95,3972.56,EUR,MOCK_FEED
POS00700620250531,PORT007,INS0025,2025-05-31,4738,24.8143,117570.15,-3457.99,USD,MOCK_FEED
POS00700720250531,PORT007,INS0026,2025-05-31,4923,46.0326,226618.49,8580.13,GBP,MOCK_FEED
POS00700820250531,PORT007,INS0027,2025-05-31,2584,16.5998,42893.88,423.37,INR,MOCK_FEED
POS00700920250531,PORT007,INS0028,2025-05-31,2578,41.7708,107685.12,939.65,USD,MOCK_FEED
POS00701020250531,PORT007,INS0029,2025-05-31,4719,23.4967,110880.93,-1096.3,INR,MOCK_FEED
POS00700120250601,PORT007,INS0020,2025-06-01,1979,10.0132,19816.12,-214.5,INR,MOCK_FEED
POS00700220250601,PORT007,INS0021,2025-06-01,320,45.8466,14670.91,-439.89,GBP,MOCK_FEED
POS00700320250601,PORT007,INS0022,2025-06-01,255,43.6008,11118.2,88.08,EUR,MOCK_FEED
POS00700420250601,PORT007,INS0023,2025-06-01,1828,51.0571,93332.38,-317.78,INR,MOCK_FEED
POS00700520250601,PORT007,INS0024,2025-06-01,3468,58.8682,204154.92,4903.96,EUR,MOCK_FEED
POS00700620250601,PORT007,INS0025,2025-06-01,3959,24.8652,98441.33,833.87,USD,MOCK_FEED
POS00700720250601,PORT007,INS0026,2025-06-01,2477,47.1912,116892.6,-2777.4,GBP,MOCK_FEED
POS00700820250601,PORT007,INS0027,2025-06-01,2141,16.4799,35283.47,-150.67,INR,MOCK_FEED
POS00700920250601,PORT007,INS0028,2025-06-01,2415,41.6192,100510.37,-1187.08,INR,MOCK_FEED
POS00701020250601,PORT007,INS0029,2025-06-01,1068,23.6655,25274.75,302.2,INR,MOCK_FEED
POS00700120250602,PORT007,INS0020,2025-06-02,1593,10.0793,16056.32,180.46,USD,MOCK_FEED
POS00700220250602,PORT007,INS0021,2025-06-02,2797,46.3605,129670.32,-3641.18,USD,MOCK_FEED
POS00700320250602,PORT007,INS0022,2025-06-02,4503,43.3248,195091.57,-4932.55,USD,MOCK_FEED
POS00700420250602,PORT007,INS0023,2025-06-02,4590,51.5704,236708.14,-4805.02,EUR,MOCK_FEED
POS00700520250602,PORT007,INS0024,2025-06-02,2639,59.5969,157276.22,4793.01,INR,MOCK_FEED
POS00700620250602,PORT007,INS0025,2025-06-02,3531,24.9804,88205.79,-226.37,EUR,MOCK_FEED
POS00700720250602,PORT007,INS0026,2025-06-02,2185,47.4762,103735.5,3901.25,USD,MOCK_FEED
POS00700820250602,PORT007,INS0027,2025-06-02,4349,16.8636,73339.8,-557.98,EUR,MOCK_FEED
POS00700920250602,PORT007,INS0028,2025-06-02,941,42.0944,39610.83,1527.07,GBP,MOCK_FEED
POS00701020250602,PORT007,INS0029,2025-06-02,2537,23.3309,59190.49,-796.62,INR,MOCK_FEED
POS00700120250603,PORT007,INS0020,2025-06-03,4190,10.0237,41999.3,-839.19,EUR,MOCK_FEED
POS00700220250603,PORT007,INS0021,2025-06-03,2373,45.4473,107846.44,3397.69,EUR,MOCK_FEED
POS00700320250603,PORT007,INS0022,2025-06-03,4339,43.5195,188831.11,345.3,GBP,MOCK_FEED
POS00700420250603,PORT007,INS0023,2025-06-03,197,51.8333,10211.16,-302.23,EUR,MOCK_FEED
POS00700520250603,PORT007,INS0024,2025-06-03,3799,59.2198,224976.02,8569.93,GBP,MOCK_FEED
POS00700620250603,PORT007,INS0025,2025-06-03,1045,25.1559,26287.92,385.45,GBP,MOCK_FEED
POS00700720250603,PORT007,INS0026,2025-06-03,4773,47.091,224765.34,-5971.53,GBP,MOCK_FEED
POS00700820250603,PORT007,INS0027,2025-06-03,1529,16.9299,25885.82,108.13,EUR,MOCK_FEED
POS00700920250603,PORT007,INS0028,2025-06-03,1738,41.4061,71963.8,1471.35,GBP,MOCK_FEED
POS00701020250603,PORT007,INS0029,2025-06-03,2829,23.5272,66558.45,2433.46,INR,MOCK_FEED
POS00700120250604,PORT007,INS0020,2025-06-04,758,10.0322,7604.41,-132.14,GBP,MOCK_FEED
POS00700220250604,PORT007,INS0021,2025-06-04,2820,45.6469,128724.26,-1089.95,INR,MOCK_FEED
POS00700320250604,PORT007,INS0022,2025-06-04,183,43.9699,8046.49,-119.54,EUR,MOCK_FEED
POS00700420250604,PORT007,INS0023,2025-06-04,690,52.0979,35947.55,-828.64,INR,MOCK_FEED
POS00700520250604,PORT007,INS0024,2025-06-04,4271,59.1877,252790.67,4868.13,GBP,MOCK_FEED
POS00700620250604,PORT007,INS0025,2025-06-04,4237,25.0562,106163.12,2096.28,USD,MOCK_FEED
POS00700720250604,PORT007,INS0026,2025-06-04,516,48.2414,24892.56,242.6,GBP,MOCK_FEED
POS00700820250604,PORT007,INS0027,2025-06-04,3952,17.0706,67463.01,-451.08,INR,MOCK_FEED
POS00700920250604,PORT007,INS0028,2025-06-04,880,40.979,36061.52,1193.78,USD,MOCK_FEED
POS00701020250604,PORT007,INS0029,2025-06-04,1841,23.7416,43708.29,161.17,GBP,MOCK_FEED
POS00700120250605,PORT007,INS0020,2025-06-05,4383,10.0255,43941.77,899.19,EUR,MOCK_FEED
POS00700220250605,PORT007,INS0021,2025-06-05,3028,45.0851,136517.68,3507.62,GBP,MOCK_FEED
POS00700320250605,PORT007,INS0022,2025-06-05,1690,43.6041,73690.93,1058.66,USD,MOCK_FEED
POS00700420250605,PORT007,INS0023,2025-06-05,4651,51.7254,240574.84,-6425.87,GBP,MOCK_FEED
POS00700520250605,PORT007,INS0024,2025-06-05,1228,58.8228,72234.4,2734.7,USD,MOCK_FEED
POS00700620250605,PORT007,INS0025,2025-06-05,958,25.0033,23953.16,-256.76,EUR,MOCK_FEED
POS00700720250605,PORT007,INS0026,2025-06-05,3592,47.1524,169371.42,5625.55,GBP,MOCK_FEED
POS00700820250605,PORT007,INS0027,2025-06-05,2837,17.044,48353.83,1880.29,EUR,MOCK_FEED
POS00700920250605,PORT007,INS0028,2025-06-05,3987,40.9538,163282.8,5910.86,GBP,MOCK_FEED
POS00701020250605,PORT007,INS0029,2025-06-05,4039,23.3505,94312.67,-337.18,GBP,MOCK_FEED
POS00700120250606,PORT007,INS0020,2025-06-06,4556,9.999,45555.44,355.81,INR,MOCK_FEED
POS00700220250606,PORT007,INS0021,2025-06-06,3265,45.4497,148393.27,-3188.22,INR,MOCK_FEED
POS00700320250606,PORT007,INS0022,2025-06-06,3221,43.8347,141191.57,-4196.58,EUR,MOCK_FEED
POS00700420250606,PORT007,INS0023,2025-06-06,1739,51.592,89718.49,-2478.86,INR,MOCK_FEED
POS00700520250606,PORT007,INS0024,2025-06-06,909,59.606,54181.85,1640.56,INR,MOCK_FEED
POS00700620250606,PORT007,INS0025,2025-06-06,4467,25.3964,113445.72,1038.29,INR,MOCK_FEED
POS00700720250606,PORT007,INS0026,2025-06-06,3463,46.9623,162630.44,-4528.83,USD,MOCK_FEED
POS00700820250606,PORT007,INS0027,2025-06-06,2858,17.0558,48745.48,1467.51,USD,MOCK_FEED
POS00700920250606,PORT007,INS0028,2025-06-06,3742,41.1484,153977.31,-1003.1,INR,MOCK_FEED
POS00701020250606,PORT007,INS0029,2025-06-06,1327,23.3554,30992.62,-791.1,INR,MOCK_FEED
POS00700120250607,PORT007,INS0020,2025-06-07,3660,10.064,36834.24,-618.45,USD,MOCK_FEED
POS00700220250607,PORT007,INS0021,2025-06-07,2915,46.1581,134550.86,-2961.0,USD,MOCK_FEED
POS00700320250607,PORT007,INS0022,2025-06-07,4990,44.3493,221303.01,-4453.22,GBP,MOCK_FEED
POS00700420250607,PORT007,INS0023,2025-06-07,2646,52.8371,139806.97,623.65,USD,MOCK_FEED
POS00700520250607,PORT007,INS0024,2025-06-07,3376,59.6131,201253.83,301.61,EUR,MOCK_FEED
POS00700620250607,PORT007,INS0025,2025-06-07,4739,25.7083,121831.63,-751.49,INR,MOCK_FEED
POS00700720250607,PORT007,INS0026,2025-06-07,4060,46.6126,189247.16,3434.45,USD,MOCK_FEED
POS00700820250607,PORT007,INS0027,2025-06-07,4406,16.8803,74374.6,2806.26,USD,MOCK_FEED
POS00700920250607,PORT007,INS0028,2025-06-07,479,41.2489,19758.22,556.48,GBP,MOCK_FEED
POS00701020250607,PORT007,INS0029,2025-06-07,4948,23.7077,117305.7,2783.9,EUR,MOCK_FEED
POS00700120250608,PORT007,INS0020,2025-06-08,2608,10.0579,26231.0,893.95,EUR,MOCK_FEED
POS00700220250608,PORT007,INS0021,2025-06-08,2950,46.8471,138198.95,2368.74,USD,MOCK_FEED
POS00700320250608,PORT007,INS0022,2025-06-08,4745,44.0888,209201.36,2994.6,USD,MOCK_FEED
POS00700420250608,PORT007,INS0023,2025-06-08,1953,52.5332,102597.34,-2101.72,INR,MOCK_FEED
POS00700520250608,PORT007,INS0024,2025-06-08,935,60.9033,56944.59,352.93,INR,MOCK_FEED
POS00700620250608,PORT007,INS0025,2025-06-08,187,26.0176,4865.29,-27.48,USD,MOCK_FEED
POS00700720250608,PORT007,INS0026,2025-06-08,939,46.0846,43273.44,-1131.08,EUR,MOCK_FEED
POS00700820250608,PORT007,INS0027,2025-06-08,1528,16.8275,25712.42,424.33,INR,MOCK_FEED
POS00700920250608,PORT007,INS0028,2025-06-08,884,41.7244,36884.37,597.87,USD,MOCK_FEED
POS00701020250608,PORT007,INS0029,2025-06-08,2778,24.1847,67185.1,-1264.27,USD,MOCK_FEED
POS00700120250609,PORT007,INS0020,2025-06-09,3781,9.7992,37050.78,990.28,GBP,MOCK_FEED
POS00700220250609,PORT007,INS0021,2025-06-09,4911,47.0363,230995.27,-813.74,INR,MOCK_FEED
POS00700320250609,PORT007,INS0022,2025-06-09,391,43.4214,16977.77,599.61,INR,MOCK_FEED
POS00700420250609,PORT007,INS0023,2025-06-09,4134,51.8331,214278.04,2293.39,USD,MOCK_FEED
POS00700520250609,PORT007,INS0024,2025-06-09,1344,61.7561,83000.2,988.23,USD,MOCK_FEED
POS00700620250609,PORT007,INS0025,2025-06-09,4055,26.163,106090.96,3397.74,USD,MOCK_FEED
POS00700720250609,PORT007,INS0026,2025-06-09,2476,46.9135,116157.83,-1724.07,USD,MOCK_FEED
POS00700820250609,PORT007,INS0027,2025-06-09,1487,17.0057,25287.48,-161.69,EUR,MOCK_FEED
POS00700920250609,PORT007,INS0028,2025-06-09,4769,41.8261,199468.67,4682.21,USD,MOCK_FEED
POS00701020250609,PORT007,INS0029,2025-06-09,1920,24.2758,46609.54,-978.41,EUR,MOCK_FEED
POS00700120250610,PORT007,INS0020,2025-06-10,3374,9.8546,33249.42,163.76,EUR,MOCK_FEED
POS00700220250610,PORT007,INS0021,2025-06-10,1974,47.6016,93965.56,-2331.68,GBP,MOCK_FEED
POS00700320250610,PORT007,INS0022,2025-06-10,922,43.2434,39870.41,-139.03,GBP,MOCK_FEED
POS00700420250610,PORT007,INS0023,2025-06-10,3511,51.6043,181182.7,2798.04,GBP,MOCK_FEED
POS00700520250610,PORT007,INS0024,2025-06-10,3751,62.4111,234104.04,6945.84,GBP,MOCK_FEED
POS00700620250610,PORT007,INS0025,2025-06-10,1549,25.8447,40033.44,806.16,USD,MOCK_FEED
POS00700720250610,PORT007,INS0026,2025-06-10,3963,46.8134,185521.5,-3298.22,USD,MOCK_FEED
POS00700820250610,PORT007,INS0027,2025-06-10,3916,16.9155,66241.1,2231.19,GBP,MOCK_FEED
POS00700920250610,PORT007,INS0028,2025-06-10,2564,42.5598,109123.33,-241.61,GBP,MOCK_FEED
POS00701020250610,PORT007,INS0029,2025-06-10,3450,24.4754,84440.13,-1907.61,USD,MOCK_FEED
POS00700120250611,PORT007,INS0020,2025-06-11,1511,9.8508,14884.56,139.05,INR,MOCK_FEED
POS00700220250611,PORT007,INS0021,2025-06-11,4467,48.2121,215363.45,7338.95,USD,MOCK_FEED
POS00700320250611,PORT007,INS0022,2025-06-11,3781,42.5527,160891.76,3841.23,GBP,MOCK_FEED
POS00700420250611,PORT007,INS0023,2025-06-11,1649,52.5876,86716.95,-1437.15,INR,MOCK_FEED
POS00700520250611,PORT007,INS0024,2025-06-11,358,63.0622,22576.27,717.54,INR,MOCK_FEED
POS00700620250611,PORT007,INS0025,2025-06-11,3524,25.604,90228.5,-635.41,USD,MOCK_FEED
POS00700720250611,PORT007,INS0026,2025-06-11,4850,46.516,225602.6,-6190.84,GBP,MOCK_FEED
POS00700820250611,PORT007,INS0027,2025-06-11,4993,17.3957,86856.73,-1597.0,USD,MOCK_FEED
POS00700920250611,PORT007,INS0028,2025-06-11,1298,41.8706,54348.04,1206.44,EUR,MOCK_FEED
POS00701020250611,PORT007,INS0029,2025-06-11,4870,24.1143,117436.64,3691.11,USD,MOCK_FEED
POS00700120250612,PORT007,INS0020,2025-06-12,4260,9.9089,42211.91,120.17,EUR,MOCK_FEED
POS00700220250612,PORT007,INS0021,2025-06-12,3448,48.2002,166194.29,1229.35,EUR,MOCK_FEED
POS00700320250612,PORT007,INS0022,2025-06-12,1066,42.3803,45177.4,1567.24,GBP,MOCK_FEED
POS00700420250612,PORT007,INS0023,2025-06-12,3940,52.5914,207210.12,-1994.21,INR,MOCK_FEED
POS00700520250612,PORT007,INS0024,2025-06-12,1534,63.1313,96843.41,-50.16,EUR,MOCK_FEED
POS00700620250612,PORT007,INS0025,2025-06-12,3633,26.2659,95424.01,-1546.14,USD,MOCK_FEED
POS00700720250612,PORT007,INS0026,2025-06-12,4522,46.4212,209916.67,-5687.92,EUR,MOCK_FEED
POS00700820250612,PORT007,INS0027,2025-06-12,758,17.3583,13157.59,262.43,EUR,MOCK_FEED
POS00700920250612,PORT007,INS0028,2025-06-12,2607,42.1553,109898.87,-3223.89,GBP,MOCK_FEED
POS00701020250612,PORT007,INS0029,2025-06-12,3298,23.7231,78238.78,1963.03,INR,MOCK_FEED
POS00700120250613,PORT007,INS0020,2025-06-13,3361,9.8795,33205.0,409.96,INR,MOCK_FEED
POS00700220250613,PORT007,INS0021,2025-06-13,4856,47.434,230339.5,2970.48,USD,MOCK_FEED
POS00700320250613,PORT007,INS0022,2025-06-13,1010,42.0458,42466.26,-573.68,INR,MOCK_FEED
POS00700420250613,PORT007,INS0023,2025-06-13,3228,52.5234,169545.54,4582.73,GBP,MOCK_FEED
POS00700520250613,PORT007,INS0024,2025-06-13,1282,62.5579,80199.23,1638.17,EUR,MOCK_FEED
POS00700620250613,PORT007,INS0025,2025-06-13,3317,25.8789,85840.31,1342.6,USD,MOCK_FEED
POS00700720250613,PORT007,INS0026,2025-06-13,1582,47.0181,74382.63,1126.55,INR,MOCK_FEED
POS00700820250613,PORT007,INS0027,2025-06-13,4077,17.2842,70467.68,153.96,GBP,MOCK_FEED
POS00700920250613,PORT007,INS0028,2025-06-13,2095,41.894,87767.93,3391.55,GBP,MOCK_FEED
POS00701020250613,PORT007,INS0029,2025-06-13,3555,23.1736,82382.15,1221.84,INR,MOCK_FEED
POS00700120250614,PORT007,INS0020,2025-06-14,4297,9.9923,42936.91,-213.75,USD,MOCK_FEED
POS00700220250614,PORT007,INS0021,2025-06-14,4309,47.7266,205653.92,-478.45,USD,MOCK_FEED
POS00700320250614,PORT007,INS0022,2025-06-14,4806,41.9207,201470.88,-2875.32,EUR,MOCK_FEED
POS00700420250614,PORT007,INS0023,2025-06-14,1948,52.1766,101640.02,-1697.86,USD,MOCK_FEED
POS00700520250614,PORT007,INS0024,2025-06-14,4939,62.5902,309133.0,-3052.18,GBP,MOCK_FEED
POS00700620250614,PORT007,INS0025,2025-06-14,377,25.8842,9758.34,26.44,INR,MOCK_FEED
POS00700720250614,PORT007,INS0026,2025-06-14,920,47.117,43347.64,-446.01,EUR,MOCK_FEED
POS00700820250614,PORT007,INS0027,2025-06-14,3560,17.2881,61545.64,1501.92,INR,MOCK_FEED
POS00700920250614,PORT007,INS0028,2025-06-14,1731,42.677,73873.89,627.52,EUR,MOCK_FEED
POS00701020250614,PORT007,INS0029,2025-06-14,2717,22.6427,61520.22,1044.52,INR,MOCK_FEED
POS00700120250615,PORT007,INS0020,2025-06-15,3928,10.1583,39901.8,1288.1,USD,MOCK_FEED
POS00700220250615,PORT007,INS0021,2025-06-15,1615,47.5944,76864.96,2594.98,GBP,MOCK_FEED
POS00700320250615,PORT007,INS0022,2025-06-15,1670,42.2031,70479.18,-37.35,USD,MOCK_FEED
POS00700420250615,PORT007,INS0023,2025-06-15,1007,52.4383,52805.37,1877.09,USD,MOCK_FEED
POS00700520250615,PORT007,INS0024,2025-06-15,4222,63.2388,266994.21,-3430.86,USD,MOCK_FEED
POS00700620250615,PORT007,INS0025,2025-06-15,4736,25.7473,121939.21,3159.48,EUR,MOCK_FEED
POS00700720250615,PORT007,INS0026,2025-06-15,3510,47.0082,164998.78,-1517.02,EUR,MOCK_FEED
POS00700820250615,PORT007,INS0027,2025-06-15,4777,17.2118,82220.77,2029.72,EUR,MOCK_FEED
POS00700920250615,PORT007,INS0028,2025-06-15,254,42.6109,10823.17,27.56,USD,MOCK_FEED
POS00701020250615,PORT007,INS0029,2025-06-15,4401,22.5846,99394.82,1331.23,EUR,MOCK_FEED
POS00700120250616,PORT007,INS0020,2025-06-16,3663,9.8431,36055.28,-954.94,EUR,MOCK_FEED
POS00700220250616,PORT007,INS0021,2025-06-16,3098,47.1506,146072.56,1973.44,GBP,MOCK_FEED
POS00700320250616,PORT007,INS0022,2025-06-16,812,42.3578,34394.53,-170.42,EUR,MOCK_FEED
POS00700420250616,PORT007,INS0023,2025-06-16,2165,51.8412,112236.2,2063.81,USD,MOCK_FEED
POS00700520250616,PORT007,INS0024,2025-06-16,571,64.0077,36548.4,-683.58,INR,MOCK_FEED
POS00700620250616,PORT007,INS0025,2025-06-16,258,25.79,6653.82,186.72,GBP,MOCK_FEED
POS00700720250616,PORT007,INS0026,2025-06-16,958,46.9802,45007.03,80.94,USD,MOCK_FEED
POS00700820250616,PORT007,INS0027,2025-06-16,2456,17.2455,42354.95,-1250.97,GBP,MOCK_FEED
POS00700920250616,PORT007,INS0028,2025-06-16,4450,42.7812,190376.34,6634.82,EUR,MOCK_FEED
POS00701020250616,PORT007,INS0029,2025-06-16,993,22.8862,22726.0,653.81,GBP,MOCK_FEED
POS00700120250617,PORT007,INS0020,2025-06-17,4570,9.7731,44663.07,1037.91,GBP,MOCK_FEED
POS00700220250617,PORT007,INS0021,2025-06-17,337,47.9928,16173.57,-288.81,GBP,MOCK_FEED
POS00700320250617,PORT007,INS0022,2025-06-17,749,42.4061,31762.17,-668.17,INR,MOCK_FEED
POS00700420250617,PORT007,INS0023,2025-06-17,1421,52.4524,74534.86,245.62,USD,MOCK_FEED
POS00700520250617,PORT007,INS0024,2025-06-17,4069,64.5251,262552.63,7261.16,EUR,MOCK_FEED
POS00700620250617,PORT007,INS0025,2025-06-17,4817,25.6983,123788.71,-2635.23,EUR,MOCK_FEED
POS00700720250617,PORT007,INS0026,2025-06-17,2154,45.8878,98842.32,-1535.97,EUR,MOCK_FEED
POS00700820250617,PORT007,INS0027,2025-06-17,1634,17.361,28367.87,700.75,GBP,MOCK_FEED
POS00700920250617,PORT007,INS0028,2025-06-17,4446,42.8644,190575.12,555.64,EUR,MOCK_FEED
POS00701020250617,PORT007,INS0029,2025-06-17,3999,22.7706,91059.63,-1285.54,EUR,MOCK_FEED
POS00700120250618,PORT007,INS0020,2025-06-18,2355,9.9066,23330.04,743.58,INR,MOCK_FEED
POS00700220250618,PORT007,INS0021,2025-06-18,3845,48.7499,187443.37,-2947.99,INR,MOCK_FEED
POS00700320250618,PORT007,INS0022,2025-06-18,3927,42.557,167121.34,225.13,GBP,MOCK_FEED
POS00700420250618,PORT007,INS0023,2025-06-18,4091,51.2061,209484.16,5634.96,EUR,MOCK_FEED
POS00700520250618,PORT007,INS0024,2025-06-18,3306,63.6507,210429.21,6549.9,INR,MOCK_FEED
POS00700620250618,PORT007,INS0025,2025-06-18,253,25.9381,6562.34,-43.86,GBP,MOCK_FEED
POS00700720250618,PORT007,INS0026,2025-06-18,3335,45.5418,151881.9,-2035.34,EUR,MOCK_FEED
POS00700820250618,PORT007,INS0027,2025-06-18,1981,17.204,34081.12,640.89,GBP,MOCK_FEED
POS00700920250618,PORT007,INS0028,2025-06-18,423,43.3276,18327.57,491.01,GBP,MOCK_FEED
POS00701020250618,PORT007,INS0029,2025-06-18,4932,22.8829,112858.46,-3278.0,GBP,MOCK_FEED
POS00700120250619,PORT007,INS0020,2025-06-19,2240,9.7526,21845.82,799.13,INR,MOCK_FEED
POS00700220250619,PORT007,INS0021,2025-06-19,2247,48.2082,108323.83,-1003.74,EUR,MOCK_FEED
POS00700320250619,PORT007,INS0022,2025-06-19,1951,42.5128,82942.47,-71.45,EUR,MOCK_FEED
POS00700420250619,PORT007,INS0023,2025-06-19,2229,51.1079,113919.51,3269.4,USD,MOCK_FEED
POS00700520250619,PORT007,INS0024,2025-06-19,2340,63.8137,149324.06,-2868.5,GBP,MOCK_FEED
POS00700620250619,PORT007,INS0025,2025-06-19,1811,25.8926,46891.5,-1253.27,EUR,MOCK_FEED
POS00700720250619,PORT007,INS0026,2025-06-19,1415,45.4929,64372.45,1049.35,USD,MOCK_FEED
POS00700820250619,PORT007,INS0027,2025-06-19,3585,17.7208,63529.07,404.12,GBP,MOCK_FEED
POS00700920250619,PORT007,INS0028,2025-06-19,532,42.8846,22814.61,-51.65,INR,MOCK_FEED
POS00701020250619,PORT007,INS0029,2025-06-19,4285,22.5613,96675.17,-2808.59,USD,MOCK_FEED
POS00700120250620,PORT007,INS0020,2025-06-20,1393,9.6051,13379.9,385.5,INR,MOCK_FEED
POS00700220250620,PORT007,INS0021,2025-06-20,1026,47.7396,48980.83,-587.67,USD,MOCK_FEED
POS00700320250620,PORT007,INS0022,2025-06-20,4705,42.4344,199653.85,3405.34,INR,MOCK_FEED
POS00700420250620,PORT007,INS0023,2025-06-20,3151,50.7875,160031.41,-3444.99,INR,MOCK_FEED
POS00700520250620,PORT007,INS0024,2025-06-20,1131,63.0518,71311.59,2729.62,INR,MOCK_FEED
POS00700620250620,PORT007,INS0025,2025-06-20,4424,25.3571,112179.81,-1585.74,USD,MOCK_FEED
POS00700720250620,PORT007,INS0026,2025-06-20,3461,44.6626,154577.26,-1758.65,INR,MOCK_FEED
POS00700820250620,PORT007,INS0027,2025-06-20,4332,17.3918,75341.28,335.73,GBP,MOCK_FEED
POS00700920250620,PORT007,INS0028,2025-06-20,1447,42.8293,61974.0,1512.39,GBP,MOCK_FEED
POS00701020250620,PORT007,INS0029,2025-06-20,2748,22.4702,61748.11,1791.1,USD,MOCK_FEED
POS00700120250621,PORT007,INS0020,2025-06-21,4739,9.5266,45146.56,1463.09,EUR,MOCK_FEED
POS00700220250621,PORT007,INS0021,2025-06-21,3734,47.8208,178562.87,-899.01,USD,MOCK_FEED
POS00700320250621,PORT007,INS0022,2025-06-21,775,43.4259,33655.07,-162.4,USD,MOCK_FEED
POS00700420250621,PORT007,INS0023,2025-06-21,1203,50.6324,60910.78,57.8,INR,MOCK_FEED
POS00700520250621,PORT007,INS0024,2025-06-21,911,62.6251,57051.47,-1673.91,USD,MOCK_FEED
POS00700620250621,PORT007,INS0025,2025-06-21,3558,25.5709,90981.26,-662.83,GBP,MOCK_FEED
POS00700720250621,PORT007,INS0026,2025-06-21,1918,46.3351,88870.72,-2329.19,EUR,MOCK_FEED
POS00700820250621,PORT007,INS0027,2025-06-21,3214,17.7547,57063.61,2039.03,INR,MOCK_FEED
POS00700920250621,PORT007,INS0028,2025-06-21,3084,42.2395,130266.62,-2340.02,INR,MOCK_FEED
POS00701020250621,PORT007,INS0029,2025-06-21,1509,22.6976,34250.68,1021.61,EUR,MOCK_FEED
POS00700120250622,PORT007,INS0020,2025-06-22,4156,9.6547,40124.93,168.49,GBP,MOCK_FEED
POS00700220250622,PORT007,INS0021,2025-06-22,1666,46.625,77677.25,-1904.3,GBP,MOCK_FEED
POS00700320250622,PORT007,INS0022,2025-06-22,4220,42.2037,178099.61,3718.15,GBP,MOCK_FEED
POS00700420250622,PORT007,INS0023,2025-06-22,4874,50.0134,243765.31,3353.23,GBP,MOCK_FEED
POS00700520250622,PORT007,INS0024,2025-06-22,3469,62.9108,218237.57,4958.26,INR,MOCK_FEED
POS00700620250622,PORT007,INS0025,2025-06-22,3182,25.6051,81475.43,-1548.06,EUR,MOCK_FEED
POS00700720250622,PORT007,INS0026,2025-06-22,1418,46.3221,65684.74,2076.48,EUR,MOCK_FEED
POS00700820250622,PORT007,INS0027,2025-06-22,4916,17.9014,88003.28,458.24,INR,MOCK_FEED
POS00700920250622,PORT007,INS0028,2025-06-22,4527,42.1552,190836.59,661.83,INR,MOCK_FEED
POS00701020250622,PORT007,INS0029,2025-06-22,2651,22.7033,60186.45,469.06,GBP,MOCK_FEED
POS00700120250623,PORT007,INS0020,2025-06-23,963,9.6345,9278.02,-73.56,GBP,MOCK_FEED
POS00700220250623,PORT007,INS0021,2025-06-23,3900,47.0813,183617.07,-2617.4,EUR,MOCK_FEED
POS00700320250623,PORT007,INS0022,2025-06-23,2247,42.6809,95903.98,-1444.4,INR,MOCK_FEED
POS00700420250623,PORT007,INS0023,2025-06-23,1080,49.6262,53596.3,546.84,INR,MOCK_FEED
POS00700520250623,PORT007,INS0024,2025-06-23,788,63.0307,49668.19,1664.76,GBP,MOCK_FEED
POS00700620250623,PORT007,INS0025,2025-06-23,3771,25.2373,95169.86,2682.86,GBP,MOCK_FEED
POS00700720250623,PORT007,INS0026,2025-06-23,4636,46.4397,215294.45,-4405.27,GBP,MOCK_FEED
POS00700820250623,PORT007,INS0027,2025-06-23,2199,18.0743,39745.39,-989.1,INR,MOCK_FEED
POS00700920250623,PORT007,INS0028,2025-06-23,2693,41.7998,112566.86,2163.87,INR,MOCK_FEED
POS00701020250623,PORT007,INS0029,2025-06-23,4747,22.8891,108654.56,596.36,EUR,MOCK_FEED
POS00700120250624,PORT007,INS0020,2025-06-24,4725,9.5398,45075.56,-53.74,EUR,MOCK_FEED
POS00700220250624,PORT007,INS0021,2025-06-24,1681,46.9819,78976.57,838.52,EUR,MOCK_FEED
POS00700320250624,PORT007,INS0022,2025-06-24,3037,43.5579,132285.34,-3772.23,GBP,MOCK_FEED
POS00700420250624,PORT007,INS0023,2025-06-24,4371,48.9506,213963.07,3778.56,USD,MOCK_FEED
POS00700520250624,PORT007,INS0024,2025-06-24,4170,62.781,261796.77,8305.74,USD,MOCK_FEED
POS00700620250624,PORT007,INS0025,2025-06-24,1055,25.4154,26813.25,666.9,EUR,MOCK_FEED
POS00700720250624,PORT007,INS0026,2025-06-24,538,45.7976,24639.11,-54.43,GBP,MOCK_FEED
POS00700820250624,PORT007,INS0027,2025-06-24,4393,18.0219,79170.21,-2005.28,USD,MOCK_FEED
POS00700920250624,PORT007,INS0028,2025-06-24,4045,41.4847,167805.61,-1107.4,USD,MOCK_FEED
POS00701020250624,PORT007,INS0029,2025-06-24,1910,22.5186,43010.53,-900.07,INR,MOCK_FEED
POS00700120250625,PORT007,INS0020,2025-06-25,3155,9.6691,30506.01,945.54,GBP,MOCK_FEED
POS00700220250625,PORT007,INS0021,2025-06-25,4021,47.903,192617.96,-5725.51,INR,MOCK_FEED
POS00700320250625,PORT007,INS0022,2025-06-25,656,44.2249,29011.53,616.24,GBP,MOCK_FEED
POS00700420250625,PORT007,INS0023,2025-06-25,2570,49.1311,126266.93,1.88,EUR,MOCK_FEED
POS00700520250625,PORT007,INS0024,2025-06-25,4461,62.6145,279323.28,9673.36,USD,MOCK_FEED
POS00700620250625,PORT007,INS0025,2025-06-25,4145,25.1819,104378.98,4005.93,USD,MOCK_FEED
POS00700720250625,PORT007,INS0026,2025-06-25,829,45.5511,37761.86,-234.0,USD,MOCK_FEED
POS00700820250625,PORT007,INS0027,2025-06-25,2275,18.175,41348.12,211.34,EUR,MOCK_FEED
POS00700920250625,PORT007,INS0028,2025-06-25,1168,41.808,48831.74,579.21,INR,MOCK_FEED
POS00701020250625,PORT007,INS0029,2025-06-25,2341,22.546,52780.19,426.54,USD,MOCK_FEED
POS00700120250626,PORT007,INS0020,2025-06-26,3274,9.7926,32060.97,884.53,GBP,MOCK_FEED
POS00700220250626,PORT007,INS0021,2025-06-26,4463,48.2737,215445.52,2499.44,USD,MOCK_FEED
POS00700320250626,PORT007,INS0022,2025-06-26,1410,44.0548,62117.27,1152.5,GBP,MOCK_FEED
POS00700420250626,PORT007,INS0023,2025-06-26,1580,50.0395,79062.41,1973.94,INR,MOCK_FEED
POS00700520250626,PORT007,INS0024,2025-06-26,489,62.583,30603.09,1014.9,GBP,MOCK_FEED
POS00700620250626,PORT007,INS0025,2025-06-26,441,24.5378,10821.17,-210.35,EUR,MOCK_FEED
POS00700720250626,PORT007,INS0026,2025-06-26,1203,45.7516,55039.17,631.66,GBP,MOCK_FEED
POS00700820250626,PORT007,INS0027,2025-06-26,3296,18.2018,59993.13,-1199.24,USD,MOCK_FEED
POS00700920250626,PORT007,INS0028,2025-06-26,1449,42.2236,61182.0,1543.7,INR,MOCK_FEED
POS00701020250626,PORT007,INS0029,2025-06-26,4672,22.887,106928.06,-1189.67,EUR,MOCK_FEED
POS00700120250627,PORT007,INS0020,2025-06-27,179,9.7951,1753.32,42.95,GBP,MOCK_FEED
POS00700220250627,PORT007,INS0021,2025-06-27,4560,48.5498,221387.09,-2801.58,GBP,MOCK_FEED
POS00700320250627,PORT007,INS0022,2025-06-27,249,44.0421,10966.48,137.99,EUR,MOCK_FEED
POS00700420250627,PORT007,INS0023,2025-06-27,1514,50.4111,76322.41,-219.41,USD,MOCK_FEED
POS00700520250627,PORT007,INS0024,2025-06-27,2302,61.7955,142253.24,-1795.24,GBP,MOCK_FEED
POS00700620250627,PORT007,INS0025,2025-06-27,2108,24.2383,51094.34,-431.79,GBP,MOCK_FEED
POS00700720250627,PORT007,INS0026,2025-06-27,2115,45.3431,95900.66,-2480.75,EUR,MOCK_FEED
POS00700820250627,PORT007,INS0027,2025-06-27,643,17.961,11548.92,139.24,INR,MOCK_FEED
POS00700920250627,PORT007,INS0028,2025-06-27,4901,41.5215,203496.87,2396.25,GBP,MOCK_FEED
POS00701020250627,PORT007,INS0029,2025-06-27,782,22.9291,17930.56,-404.9,INR,MOCK_FEED
POS00700120250628,PORT007,INS0020,2025-06-28,410,9.8684,4046.04,33.13,USD,MOCK_FEED
POS00700220250628,PORT007,INS0021,2025-06-28,2905,49.5252,143870.71,-3922.35,USD,MOCK_FEED
POS00700320250628,PORT007,INS0022,2025-06-28,4008,43.9629,176203.3,2128.63,GBP,MOCK_FEED
POS00700420250628,PORT007,INS0023,2025-06-28,2338,51.2538,119831.38,3835.97,INR,MOCK_FEED
POS00700520250628,PORT007,INS0024,2025-06-28,1167,63.3831,73968.08,-835.86,USD,MOCK_FEED
POS00700620250628,PORT007,INS0025,2025-06-28,1769,24.4214,43201.46,1459.09,USD,MOCK_FEED
POS00700720250628,PORT007,INS0026,2025-06-28,4276,45.1552,193083.64,-31.26,GBP,MOCK_FEED
POS00700820250628,PORT007,INS0027,2025-06-28,626,17.868,11185.37,-21.85,EUR,MOCK_FEED
POS00700920250628,PORT007,INS0028,2025-06-28,2143,42.5375,91157.86,-140.55,USD,MOCK_FEED
POS00701020250628,PORT007,INS0029,2025-06-28,3343,22.9844,76836.85,-1770.23,EUR,MOCK_FEED
POS00700120250629,PORT007,INS0020,2025-06-29,287,9.9008,2841.53,103.79,USD,MOCK_FEED
POS00700220250629,PORT007,INS0021,2025-06-29,2092,50.4205,105479.69,2830.43,USD,MOCK_FEED
POS00700320250629,PORT007,INS0022,2025-06-29,2852,44.2858,126303.1,233.14,INR,MOCK_FEED
POS00700420250629,PORT007,INS0023,2025-06-29,2238,51.2333,114660.13,-2596.24,GBP,MOCK_FEED
POS00700520250629,PORT007,INS0024,2025-06-29,4267,63.0962,269231.49,8847.53,USD,MOCK_FEED
POS00700620250629,PORT007,INS0025,2025-06-29,517,24.3379,12582.69,36.65,INR,MOCK_FEED
POS00700720250629,PORT007,INS0026,2025-06-29,4617,44.9046,207324.54,1941.0,EUR,MOCK_FEED
POS00700820250629,PORT007,INS0027,2025-06-29,1895,17.4867,33137.3,-699.7,USD,MOCK_FEED
POS00700920250629,PORT007,INS0028,2025-06-29,3975,42.5099,168976.85,516.69,INR,MOCK_FEED
POS00701020250629,PORT007,INS0029,2025-06-29,3101,22.9465,71157.1,-1683.68,GBP,MOCK_FEED
POS00700120250630,PORT007,INS0020,2025-06-30,4535,9.889,44846.61,770.86,EUR,MOCK_FEED
POS00700220250630,PORT007,INS0021,2025-06-30,4180,50.7545,212153.81,-4988.42,INR,MOCK_FEED
POS00700320250630,PORT007,INS0022,2025-06-30,3233,44.1805,142835.56,1548.56,EUR,MOCK_FEED
POS00700420250630,PORT007,INS0023,2025-06-30,4259,50.9172,216856.35,7247.04,EUR,MOCK_FEED
POS00700520250630,PORT007,INS0024,2025-06-30,1065,63.7583,67902.59,1747.36,GBP,MOCK_FEED
POS00700620250630,PORT007,INS0025,2025-06-30,1350,24.494,33066.9,-798.65,EUR,MOCK_FEED
POS00700720250630,PORT007,INS0026,2025-06-30,4314,45.3213,195516.09,-2738.22,EUR,MOCK_FEED
POS00700820250630,PORT007,INS0027,2025-06-30,342,17.1249,5856.72,27.58,GBP,MOCK_FEED
POS00700920250630,PORT007,INS0028,2025-06-30,205,42.7865,8771.23,96.02,INR,MOCK_FEED
POS00701020250630,PORT007,INS0029,2025-06-30,1341,22.7649,30527.73,-862.19,GBP,MOCK_FEED
POS00700120250701,PORT007,INS0020,2025-07-01,567,9.9933,5666.2,220.88,USD,MOCK_FEED
POS00700220250701,PORT007,INS0021,2025-07-01,3065,50.4795,154719.67,4675.0,EUR,MOCK_FEED
POS00700320250701,PORT007,INS0022,2025-07-01,4269,44.9289,191801.47,-5745.54,GBP,MOCK_FEED
POS00700420250701,PORT007,INS0023,2025-07-01,162,50.7419,8220.19,-137.87,GBP,MOCK_FEED
POS00700520250701,PORT007,INS0024,2025-07-01,3298,63.7152,210132.73,-2268.43,USD,MOCK_FEED
POS00700620250701,PORT007,INS0025,2025-07-01,3575,24.4771,87505.63,-878.64,EUR,MOCK_FEED
POS00700720250701,PORT007,INS0026,2025-07-01,1010,46.0303,46490.6,870.65,GBP,MOCK_FEED
POS00700820250701,PORT007,INS0027,2025-07-01,1665,17.0461,28381.76,-836.06,EUR,MOCK_FEED
POS00700920250701,PORT007,INS0028,2025-07-01,2968,42.2005,125251.08,171.05,GBP,MOCK_FEED
POS00701020250701,PORT007,INS0029,2025-07-01,1014,22.1794,22489.91,-4.31,INR,MOCK_FEED
POS00700120250702,PORT007,INS0020,2025-07-02,3208,10.0477,32233.02,-99.73,GBP,MOCK_FEED
POS00700220250702,PORT007,INS0021,2025-07-02,2922,49.7103,145253.5,3290.72,EUR,MOCK_FEED
POS00700320250702,PORT007,INS0022,2025-07-02,3658,43.88,160513.04,-2423.41,EUR,MOCK_FEED
POS00700420250702,PORT007,INS0023,2025-07-02,4427,51.1045,226239.62,-2577.51,GBP,MOCK_FEED
POS00700520250702,PORT007,INS0024,2025-07-02,3999,63.2312,252861.57,-6591.38,GBP,MOCK_FEED
POS00700620250702,PORT007,INS0025,2025-07-02,247,24.4717,6044.51,0.62,EUR,MOCK_FEED
POS00700720250702,PORT007,INS0026,2025-07-02,2302,47.259,108790.22,-3012.11,GBP,MOCK_FEED
POS00700820250702,PORT007,INS0027,2025-07-02,224,16.5876,3715.62,-9.62,GBP,MOCK_FEED
POS00700920250702,PORT007,INS0028,2025-07-02,468,42.3183,19804.96,259.8,EUR,MOCK_FEED
POS00701020250702,PORT007,INS0029,2025-07-02,3901,22.3747,87283.7,2668.44,EUR,MOCK_FEED
POS00700120250703,PORT007,INS0020,2025-07-03,1591,9.9796,15877.54,280.88,USD,MOCK_FEED
POS00700220250703,PORT007,INS0021,2025-07-03,3396,48.7203,165454.14,3928.96,EUR,MOCK_FEED
POS00700320250703,PORT007,INS0022,2025-07-03,554,43.5437,24123.21,453.76,GBP,MOCK_FEED
POS00700420250703,PORT007,INS0023,2025-07-03,1612,50.879,82016.95,411.68,EUR,MOCK_FEED
POS00700520250703,PORT007,INS0024,2025-07-03,941,64.2964,60502.91,-1585.65,GBP,MOCK_FEED
POS00700620250703,PORT007,INS0025,2025-07-03,2186,24.8377,54295.21,331.12,EUR,MOCK_FEED
POS00700720250703,PORT007,INS0026,2025-07-03,833,46.9931,39145.25,1157.78,GBP,MOCK_FEED
POS00700820250703,PORT007,INS0027,2025-07-03,4897,16.7783,82163.34,1978.51,GBP,MOCK_FEED
POS00700920250703,PORT007,INS0028,2025-07-03,3676,42.5126,156276.32,-2584.89,USD,MOCK_FEED
POS00701020250703,PORT007,INS0029,2025-07-03,587,22.4778,13194.47,90.33,EUR,MOCK_FEED
POS00700120250704,PORT007,INS0020,2025-07-04,1816,10.0426,18237.36,43.11,INR,MOCK_FEED
POS00700220250704,PORT007,INS0021,2025-07-04,1829,48.4488,88612.86,-466.36,INR,MOCK_FEED
POS00700320250704,PORT007,INS0022,2025-07-04,1476,43.9755,64907.84,1020.04,INR,MOCK_FEED
POS00700420250704,PORT007,INS0023,2025-07-04,4363,51.2956,223802.7,7827.22,INR,MOCK_FEED
POS00700520250704,PORT007,INS0024,2025-07-04,379,65.0262,24644.93,-43.78,USD,MOCK_FEED
POS00700620250704,PORT007,INS0025,2025-07-04,2139,25.1036,53696.6,786.56,EUR,MOCK_FEED
POS00700720250704,PORT007,INS0026,2025-07-04,1711,46.8223,80112.96,499.78,EUR,MOCK_FEED
POS00700820250704,PORT007,INS0027,2025-07-04,1916,16.6813,31961.37,-106.07,GBP,MOCK_FEED
POS00700920250704,PORT007,INS0028,2025-07-04,3079,43.0276,132481.98,3470.12,GBP,MOCK_FEED
POS00701020250704,PORT007,INS0029,2025-07-04,4605,22.4022,103162.13,-2630.85,INR,MOCK_FEED
POS00700120250705,PORT007,INS0020,2025-07-05,3986,10.2185,40730.94,-550.96,USD,MOCK_FEED
POS00700220250705,PORT007,INS0021,2025-07-05,218,48.6437,10604.33,337.54,USD,MOCK_FEED
POS00700320250705,PORT007,INS0022,2025-07-05,3782,43.8139,165704.17,-1120.53,GBP,MOCK_FEED
POS00700420250705,PORT007,INS0023,2025-07-05,4693,51.2352,240446.79,6332.43,INR,MOCK_FEED
POS00700520250705,PORT007,INS0024,2025-07-05,4719,65.3136,308214.88,1348.25,GBP,MOCK_FEED
POS00700620250705,PORT007,INS0025,2025-07-05,4688,25.2616,118426.38,2216.29,USD,MOCK_FEED
POS00700720250705,PORT007,INS0026,2025-07-05,1258,47.3049,59509.56,-64.7,USD,MOCK_FEED
POS00700820250705,PORT007,INS0027,2025-07-05,1268,16.764,21256.75,196.58,INR,MOCK_FEED
POS00700920250705,PORT007,INS0028,2025-07-05,2508,42.8657,107507.18,790.33,INR,MOCK_FEED
POS00701020250705,PORT007,INS0029,2025-07-05,2629,22.1838,58321.21,1257.01,USD,MOCK_FEED
POS00700120250706,PORT007,INS0020,2025-07-06,3127,10.0353,31380.38,846.89,EUR,MOCK_FEED
POS00700220250706,PORT007,INS0021,2025-07-06,365,48.5069,17705.02,-180.84,USD,MOCK_FEED
POS00700320250706,PORT007,INS0022,2025-07-06,4821,44.0959,212586.33,1052.52,EUR,MOCK_FEED
POS00700420250706,PORT007,INS0023,2025-07-06,1212,50.6509,61388.89,815.0,EUR,MOCK_FEED
POS00700520250706,PORT007,INS0024,2025-07-06,3649,65.6882,239696.24,5468.25,EUR,MOCK_FEED
POS00700620250706,PORT007,INS0025,2025-07-06,3435,25.4002,87249.69,437.23,GBP,MOCK_FEED
POS00700720250706,PORT007,INS0026,2025-07-06,309,47.8883,14797.48,481.0,USD,MOCK_FEED
POS00700820250706,PORT007,INS0027,2025-07-06,4476,16.6123,74356.65,-772.55,USD,MOCK_FEED
POS00700920250706,PORT007,INS0028,2025-07-06,982,42.5002,41735.2,-248.36,EUR,MOCK_FEED
POS00701020250706,PORT007,INS0029,2025-07-06,1184,22.7382,26922.03,708.27,EUR,MOCK_FEED
POS00700120250707,PORT007,INS0020,2025-07-07,3090,9.8927,30568.44,45.02,EUR,MOCK_FEED
POS00700220250707,PORT007,INS0021,2025-07-07,3987,49.0139,195418.42,841.52,USD,MOCK_FEED
POS00700320250707,PORT007,INS0022,2025-07-07,2581,44.6518,115246.3,3420.68,EUR,MOCK_FEED
POS00700420250707,PORT007,INS0023,2025-07-07,3901,51.3108,200163.43,-4814.95,USD,MOCK_FEED
POS00700520250707,PORT007,INS0024,2025-07-07,2049,65.1587,133510.18,-2644.52,EUR,MOCK_FEED
POS00700620250707,PORT007,INS0025,2025-07-07,1003,25.4826,25559.05,985.16,EUR,MOCK_FEED
POS00700720250707,PORT007,INS0026,2025-07-07,3210,48.7547,156502.59,-1675.69,USD,MOCK_FEED
POS00700820250707,PORT007,INS0027,2025-07-07,436,16.586,7231.5,-130.54,USD,MOCK_FEED
POS00700920250707,PORT007,INS0028,2025-07-07,4875,42.2099,205773.26,-6099.48,INR,MOCK_FEED
POS00701020250707,PORT007,INS0029,2025-07-07,4643,22.494,104439.64,973.28,INR,MOCK_FEED
POS00700120250708,PORT007,INS0020,2025-07-08,3991,9.9418,39677.72,1509.15,GBP,MOCK_FEED
POS00700220250708,PORT007,INS0021,2025-07-08,1055,49.8706,52613.48,-656.57,INR,MOCK_FEED
POS00700320250708,PORT007,INS0022,2025-07-08,4096,44.9588,184151.24,2340.82,GBP,MOCK_FEED
POS00700420250708,PORT007,INS0023,2025-07-08,2128,51.5951,109794.37,3581.95,GBP,MOCK_FEED
POS00700520250708,PORT007,INS0024,2025-07-08,4537,65.4207,296813.72,10788.48,EUR,MOCK_FEED
POS00700620250708,PORT007,INS0025,2025-07-08,524,25.4531,13337.42,-109.33,GBP,MOCK_FEED
POS00700720250708,PORT007,INS0026,2025-07-08,4907,48.3927,237462.98,5375.96,USD,MOCK_FEED
POS00700820250708,PORT007,INS0027,2025-07-08,457,16.6549,7611.29,15.58,GBP,MOCK_FEED
POS00700920250708,PORT007,INS0028,2025-07-08,1847,41.7868,77180.22,2068.5,GBP,MOCK_FEED
POS00701020250708,PORT007,INS0029,2025-07-08,570,22.9655,13090.33,36.02,USD,MOCK_FEED
POS00700120250709,PORT007,INS0020,2025-07-09,3043,10.0782,30667.96,847.36,USD,MOCK_FEED
POS00700220250709,PORT007,INS0021,2025-07-09,2675,50.0584,133906.22,2186.65,EUR,MOCK_FEED
POS00700320250709,PORT007,INS0022,2025-07-09,406,43.9845,17857.71,489.31,GBP,MOCK_FEED
POS00700420250709,PORT007,INS0023,2025-07-09,838,51.5758,43220.52,-1229.73,GBP,MOCK_FEED
POS00700520250709,PORT007,INS0024,2025-07-09,4354,64.5973,281256.64,6891.35,GBP,MOCK_FEED
POS00700620250709,PORT007,INS0025,2025-07-09,791,25.8827,20473.22,330.75,USD,MOCK_FEED
POS00700720250709,PORT007,INS0026,2025-07-09,2130,48.2986,102876.02,-1879.35,USD,MOCK_FEED
POS00700820250709,PORT007,INS0027,2025-07-09,4060,16.7509,68008.65,-289.86,EUR,MOCK_FEED
POS00700920250709,PORT007,INS0028,2025-07-09,2606,42.6049,111028.37,4272.73,USD,MOCK_FEED
POS00701020250709,PORT007,INS0029,2025-07-09,1983,22.4854,44588.55,-732.27,INR,MOCK_FEED
POS00700120250710,PORT007,INS0020,2025-07-10,3261,10.0571,32796.2,-6.54,INR,MOCK_FEED
POS00700220250710,PORT007,INS0021,2025-07-10,2160,49.8847,107750.95,-1023.79,EUR,MOCK_FEED
POS00700320250710,PORT007,INS0022,2025-07-10,2728,43.7361,119312.08,1622.93,INR,MOCK_FEED
POS00700420250710,PORT007,INS0023,2025-07-10,3886,51.7235,200997.52,4975.17,INR,MOCK_FEED
POS00700520250710,PORT007,INS0024,2025-07-10,2992,65.3671,195578.36,5501.31,INR,MOCK_FEED
POS00700620250710,PORT007,INS0025,2025-07-10,2125,25.8013,54827.76,-1537.78,EUR,MOCK_FEED
POS00700720250710,PORT007,INS0026,2025-07-10,4576,48.7295,222986.19,8219.85,GBP,MOCK_FEED
POS00700820250710,PORT007,INS0027,2025-07-10,3391,16.7374,56756.52,623.73,USD,MOCK_FEED
POS00700920250710,PORT007,INS0028,2025-07-10,4801,42.0936,202091.37,4677.2,EUR,MOCK_FEED
POS00701020250710,PORT007,INS0029,2025-07-10,3562,22.3029,79442.93,-1459.8,GBP,MOCK_FEED
POS00700120250711,PORT007,INS0020,2025-07-11,618,9.968,6160.22,227.56,EUR,MOCK_FEED
POS00700220250711,PORT007,INS0021,2025-07-11,1914,50.0908,95873.79,-1533.7,GBP,MOCK_FEED
POS00700320250711,PORT007,INS0022,2025-07-11,3550,43.9202,155916.71,975.22,INR,MOCK_FEED
POS00700420250711,PORT007,INS0023,2025-07-11,948,51.3507,48680.46,-83.83,EUR,MOCK_FEED
POS00700520250711,PORT007,INS0024,2025-07-11,1251,65.854,82383.35,910.5,GBP,MOCK_FEED
POS00700620250711,PORT007,INS0025,2025-07-11,2737,25.9518,71030.08,2385.18,USD,MOCK_FEED
POS00700720250711,PORT007,INS0026,2025-07-11,1244,48.8525,60772.51,1758.38,USD,MOCK_FEED
POS00700820250711,PORT007,INS0027,2025-07-11,2784,16.7661,46676.82,629.26,INR,MOCK_FEED
POS00700920250711,PORT007,INS0028,2025-07-11,3667,42.8614,157172.75,-1078.58,EUR,MOCK_FEED
POS00701020250711,PORT007,INS0029,2025-07-11,1815,22.4204,40693.03,559.78,EUR,MOCK_FEED
POS00700120250712,PORT007,INS0020,2025-07-12,3159,10.0344,31698.67,-194.87,EUR,MOCK_FEED
POS00700220250712,PORT007,INS0021,2025-07-12,4501,49.0004,220550.8,4428.14,GBP,MOCK_FEED
POS00700320250712,PORT007,INS0022,2025-07-12,4200,44.6786,187650.12,1023.18,USD,MOCK_FEED
POS00700420250712,PORT007,INS0023,2025-07-12,2725,51.3343,139885.97,-2462.64,EUR,MOCK_FEED
POS00700520250712,PORT007,INS0024,2025-07-12,1287,65.5778,84398.63,-2444.73,GBP,MOCK_FEED
POS00700620250712,PORT007,INS0025,2025-07-12,1824,25.8398,47131.8,228.86,INR,MOCK_FEED
POS00700720250712,PORT007,INS0026,2025-07-12,2784,47.6594,132683.77,-3553.67,GBP,MOCK_FEED
POS00700820250712,PORT007,INS0027,2025-07-12,2774,17.0408,47271.18,1850.89,GBP,MOCK_FEED
POS00700920250712,PORT007,INS0028,2025-07-12,976,43.0892,42055.06,429.17,EUR,MOCK_FEED
POS00701020250712,PORT007,INS0029,2025-07-12,627,22.169,13899.96,312.73,GBP,MOCK_FEED
POS00700120250713,PORT007,INS0020,2025-07-13,599,10.0833,6039.9,-0.14,INR,MOCK_FEED
POS00700220250713,PORT007,INS0021,2025-07-13,2982,48.5114,144660.99,3150.49,EUR,MOCK_FEED
POS00700320250713,PORT007,INS0022,2025-07-13,1391,44.928,62494.85,1342.17,INR,MOCK_FEED
POS00700420250713,PORT007,INS0023,2025-07-13,2071,51.8202,107319.63,-1678.19,USD,MOCK_FEED
POS00700520250713,PORT007,INS0024,2025-07-13,1788,64.6373,115571.49,-686.54,EUR,MOCK_FEED
POS00700620250713,PORT007,INS0025,2025-07-13,4244,25.692,109036.85,503.8,USD,MOCK_FEED
POS00700720250713,PORT007,INS0026,2025-07-13,807,46.7951,37763.65,-599.9,EUR,MOCK_FEED
POS00700820250713,PORT007,INS0027,2025-07-13,3364,17.0439,57335.68,1604.78,INR,MOCK_FEED
POS00700920250713,PORT007,INS0028,2025-07-13,3792,42.6793,161839.91,6446.74,GBP,MOCK_FEED
POS00701020250713,PORT007,INS0029,2025-07-13,2242,22.96,51476.32,457.74,GBP,MOCK_FEED
POS00700120250714,PORT007,INS0020,2025-07-14,1128,10.1439,11442.32,-143.0,USD,MOCK_FEED
POS00700220250714,PORT007,INS0021,2025-07-14,3344,48.8011,163190.88,196.35,USD,MOCK_FEED
POS00700320250714,PORT007,INS0022,2025-07-14,1989,44.6253,88759.72,-1943.46,GBP,MOCK_FEED
POS00700420250714,PORT007,INS0023,2025-07-14,1986,51.5417,102361.82,2732.15,GBP,MOCK_FEED
POS00700520250714,PORT007,INS0024,2025-07-14,3571,64.6378,230821.58,-3450.98,INR,MOCK_FEED
POS00700620250714,PORT007,INS0025,2025-07-14,180,25.4285,4577.13,168.64,USD,MOCK_FEED
POS00700720250714,PORT007,INS0026,2025-07-14,1930,46.946,90605.78,-1085.76,INR,MOCK_FEED
POS00700820250714,PORT007,INS0027,2025-07-14,2182,16.9267,36934.06,-997.99,GBP,MOCK_FEED
POS00700920250714,PORT007,INS0028,2025-07-14,4250,42.4245,180304.12,-762.23,EUR,MOCK_FEED
POS00701020250714,PORT007,INS0029,2025-07-14,3926,23.7121,93093.7,2423.43,INR,MOCK_FEED
POS00700120250715,PORT007,INS0020,2025-07-15,3711,10.136,37614.7,1477.02,USD,MOCK_FEED
POS00700220250715,PORT007,INS0021,2025-07-15,4338,49.7788,215940.43,4431.45,GBP,MOCK_FEED
POS00700320250715,PORT007,INS0022,2025-07-15,3404,45.5138,154928.98,3814.97,EUR,MOCK_FEED
POS00700420250715,PORT007,INS0023,2025-07-15,1563,52.7824,82498.89,-1155.65,EUR,MOCK_FEED
POS00700520250715,PORT007,INS0024,2025-07-15,3626,64.5104,233914.71,-4926.48,USD,MOCK_FEED
POS00700620250715,PORT007,INS0025,2025-07-15,2195,25.1282,55156.4,-1572.52,EUR,MOCK_FEED
POS00700720250715,PORT007,INS0026,2025-07-15,3047,47.8834,145900.72,-1196.01,EUR,MOCK_FEED
POS00700820250715,PORT007,INS0027,2025-07-15,1072,16.8117,18022.14,14.06,USD,MOCK_FEED
POS00700920250715,PORT007,INS0028,2025-07-15,2387,43.6964,104303.31,-1753.94,GBP,MOCK_FEED
POS00701020250715,PORT007,INS0029,2025-07-15,1029,23.5189,24200.95,721.7,INR,MOCK_FEED
POS00700120250716,PORT007,INS0020,2025-07-16,1651,10.1929,16828.48,496.19,USD,MOCK_FEED
POS00700220250716,PORT007,INS0021,2025-07-16,811,49.476,40125.04,387.0,EUR,MOCK_FEED
POS00700320250716,PORT007,INS0022,2025-07-16,542,45.2822,24542.95,589.49,GBP,MOCK_FEED
POS00700420250716,PORT007,INS0023,2025-07-16,1646,52.9519,87158.83,272.21,EUR,MOCK_FEED
POS00700520250716,PORT007,INS0024,2025-07-16,2588,63.7202,164907.88,4610.26,INR,MOCK_FEED
POS00700620250716,PORT007,INS0025,2025-07-16,250,25.0489,6262.23,184.55,USD,MOCK_FEED
POS00700720250716,PORT007,INS0026,2025-07-16,1579,47.0329,74264.95,2397.03,GBP,MOCK_FEED
POS00700820250716,PORT007,INS0027,2025-07-16,3871,16.8909,65384.67,1765.64,INR,MOCK_FEED
POS00700920250716,PORT007,INS0028,2025-07-16,2091,43.4387,90830.32,1984.98,INR,MOCK_FEED
POS00701020250716,PORT007,INS0029,2025-07-16,105,23.2437,2440.59,88.63,USD,MOCK_FEED
POS00700120250717,PORT007,INS0020,2025-07-17,4913,10.188,50053.64,-569.12,USD,MOCK_FEED
POS00700220250717,PORT007,INS0021,2025-07-17,4199,48.6891,204445.53,4320.31,GBP,MOCK_FEED
POS00700320250717,PORT007,INS0022,2025-07-17,4058,44.933,182338.11,3244.99,USD,MOCK_FEED
POS00700420250717,PORT007,INS0023,2025-07-17,2061,53.349,109952.29,620.49,USD,MOCK_FEED
POS00700520250717,PORT007,INS0024,2025-07-17,1378,64.6375,89070.48,1780.63,INR,MOCK_FEED
POS00700620250717,PORT007,INS0025,2025-07-17,642,25.5398,16396.55,443.55,GBP,MOCK_FEED
POS00700720250717,PORT007,INS0026,2025-07-17,2403,47.4171,113943.29,-1300.88,EUR,MOCK_FEED
POS00700820250717,PORT007,INS0027,2025-07-17,3192,16.6283,53077.53,-1272.49,GBP,MOCK_FEED
POS00700920250717,PORT007,INS0028,2025-07-17,1030,42.3736,43644.81,-338.67,INR,MOCK_FEED
POS00701020250717,PORT007,INS0029,2025-07-17,2840,23.137,65709.08,-1080.63,EUR,MOCK_FEED
POS00700120250718,PORT007,INS0020,2025-07-18,3860,10.1882,39326.45,-484.39,USD,MOCK_FEED
POS00700220250718,PORT007,INS0021,2025-07-18,4872,47.8442,233096.94,-6494.37,GBP,MOCK_FEED
POS00700320250718,PORT007,INS0022,2025-07-18,2171,45.7037,99222.73,3570.21,GBP,MOCK_FEED
POS00700420250718,PORT007,INS0023,2025-07-18,2541,53.3242,135496.79,-3911.32,INR,MOCK_FEED
POS00700520250718,PORT007,INS0024,2025-07-18,1437,65.7882,94537.64,-367.99,EUR,MOCK_FEED
POS00700620250718,PORT007,INS0025,2025-07-18,2559,25.3645,64907.76,218.19,EUR,MOCK_FEED
POS00700720250718,PORT007,INS0026,2025-07-18,1079,48.1892,51996.15,-134.27,INR,MOCK_FEED
POS00700820250718,PORT007,INS0027,2025-07-18,2069,16.4779,34092.78,-735.5,USD,MOCK_FEED
POS00700920250718,PORT007,INS0028,2025-07-18,1148,41.6722,47839.69,-195.35,EUR,MOCK_FEED
POS00701020250718,PORT007,INS0029,2025-07-18,3678,23.5043,86448.82,2602.41,INR,MOCK_FEED
POS00700120250719,PORT007,INS0020,2025-07-19,1226,10.2748,12596.9,208.51,GBP,MOCK_FEED
POS00700220250719,PORT007,INS0021,2025-07-19,2194,48.4767,106357.88,1043.74,USD,MOCK_FEED
POS00700320250719,PORT007,INS0022,2025-07-19,2787,44.4292,123824.18,-2669.2,GBP,MOCK_FEED
POS00700420250719,PORT007,INS0023,2025-07-19,170,53.7779,9142.24,225.76,USD,MOCK_FEED
POS00700520250719,PORT007,INS0024,2025-07-19,3173,65.4363,207629.38,-4286.26,USD,MOCK_FEED
POS00700620250719,PORT007,INS0025,2025-07-19,2392,25.8353,61798.04,-1.61,GBP,MOCK_FEED
POS00700720250719,PORT007,INS0026,2025-07-19,1197,48.3132,57830.9,-1604.96,GBP,MOCK_FEED
POS00700820250719,PORT007,INS0027,2025-07-19,1021,16.0466,16383.58,517.82,GBP,MOCK_FEED
POS00700920250719,PORT007,INS0028,2025-07-19,2713,42.0427,114061.85,-27.72,USD,MOCK_FEED
POS00701020250719,PORT007,INS0029,2025-07-19,867,23.8104,20643.62,718.92,GBP,MOCK_FEED
POS00700120250720,PORT007,INS0020,2025-07-20,3630,10.4251,37843.11,-582.0,EUR,MOCK_FEED
POS00700220250720,PORT007,INS0021,2025-07-20,431,48.4135,20866.22,-283.76,INR,MOCK_FEED
POS00700320250720,PORT007,INS0022,2025-07-20,3640,44.2413,161038.33,4500.22,EUR,MOCK_FEED
POS00700420250720,PORT007,INS0023,2025-07-20,2832,53.3859,151188.87,5005.41,EUR,MOCK_FEED
POS00700520250720,PORT007,INS0024,2025-07-20,2888,65.6449,189582.47,-5595.7,INR,MOCK_FEED
POS00700620250720,PORT007,INS0025,2025-07-20,745,25.7745,19202.0,40.63,GBP,MOCK_FEED
POS00700720250720,PORT007,INS0026,2025-07-20,3155,48.7611,153841.27,-4275.48,GBP,MOCK_FEED
POS00700820250720,PORT007,INS0027,2025-07-20,3835,15.9598,61205.83,1467.13,EUR,MOCK_FEED
POS00700920250720,PORT007,INS0028,2025-07-20,1680,41.7749,70181.83,111.87,GBP,MOCK_FEED
POS00701020250720,PORT007,INS0029,2025-07-20,3023,23.5142,71083.43,-1091.51,INR,MOCK_FEED
POS00700120250721,PORT007,INS0020,2025-07-21,603,10.5384,6354.66,-88.2,GBP,MOCK_FEED
POS00700220250721,PORT007,INS0021,2025-07-21,3102,48.391,150108.88,-1302.21,EUR,MOCK_FEED
POS00700320250721,PORT007,INS0022,2025-07-21,1368,44.9492,61490.51,2210.04,USD,MOCK_FEED
POS00700420250721,PORT007,INS0023,2025-07-21,4450,52.2992,232731.44,-6316.92,EUR,MOCK_FEED
POS00700520250721,PORT007,INS0024,2025-07-21,141,65.7268,9267.48,-108.93,USD,MOCK_FEED
POS00700620250721,PORT007,INS0025,2025-07-21,1360,25.8433,35146.89,191.72,USD,MOCK_FEED
POS00700720250721,PORT007,INS0026,2025-07-21,2592,49.2896,127758.64,849.13,EUR,MOCK_FEED
POS00700820250721,PORT007,INS0027,2025-07-21,4973,16.3003,81061.39,-482.82,INR,MOCK_FEED
POS00700920250721,PORT007,INS0028,2025-07-21,2954,41.5426,122716.84,3864.55,GBP,MOCK_FEED
POS00701020250721,PORT007,INS0029,2025-07-21,3986,22.914,91335.2,-699.6,GBP,MOCK_FEED
POS00700120250722,PORT007,INS0020,2025-07-22,2006,10.5277,21118.57,-512.3,EUR,MOCK_FEED
POS00700220250722,PORT007,INS0021,2025-07-22,4501,49.5345,222954.78,-5648.88,USD,MOCK_FEED
POS00700320250722,PORT007,INS0022,2025-07-22,3980,43.9993,175117.21,-2827.05,USD,MOCK_FEED
POS00700420250722,PORT007,INS0023,2025-07-22,3070,53.2471,163468.6,-4535.2,USD,MOCK_FEED
POS00700520250722,PORT007,INS0024,2025-07-22,238,66.738,15883.64,-361.8,INR,MOCK_FEED
POS00700620250722,PORT007,INS0025,2025-07-22,3078,25.5659,78691.84,-128.79,GBP,MOCK_FEED
POS00700720250722,PORT007,INS0026,2025-07-22,1364,49.2953,67238.79,-226.58,USD,MOCK_FEED
POS00700820250722,PORT007,INS0027,2025-07-22,2251,16.1025,36246.73,-1002.08,USD,MOCK_FEED
POS00700920250722,PORT007,INS0028,2025-07-22,3738,41.9698,156883.11,-3528.79,USD,MOCK_FEED
POS00701020250722,PORT007,INS0029,2025-07-22,2509,23.053,57839.98,1535.84,GBP,MOCK_FEED
POS00700120250723,PORT007,INS0020,2025-07-23,3837,10.4205,39983.46,1590.69,INR,MOCK_FEED
POS00700220250723,PORT007,INS0021,2025-07-23,1684,49.7491,83777.48,-605.06,EUR,MOCK_FEED
POS00700320250723,PORT007,INS0022,2025-07-23,3619,44.0934,159574.01,-1960.16,INR,MOCK_FEED
POS00700420250723,PORT007,INS0023,2025-07-23,3253,54.9311,178690.87,-4582.45,USD,MOCK_FEED
POS00700520250723,PORT007,INS0024,2025-07-23,2273,66.2221,150522.83,4382.39,EUR,MOCK_FEED
POS00700620250723,PORT007,INS0025,2025-07-23,2538,25.9985,65984.19,1029.18,USD,MOCK_FEED
POS00700720250723,PORT007,INS0026,2025-07-23,2770,48.9279,135530.28,2880.94,USD,MOCK_FEED
POS00700820250723,PORT007,INS0027,2025-07-23,2312,16.0354,37073.84,356.64,EUR,MOCK_FEED
POS00700920250723,PORT007,INS0028,2025-07-23,476,42.2552,20113.48,127.86,INR,MOCK_FEED
POS00701020250723,PORT007,INS0029,2025-07-23,2522,22.9872,57973.72,-1592.98,USD,MOCK_FEED
POS00700120250724,PORT007,INS0020,2025-07-24,1904,10.453,19902.51,-534.71,EUR,MOCK_FEED
POS00700220250724,PORT007,INS0021,2025-07-24,2530,50.4118,127541.85,4123.13,USD,MOCK_FEED
POS00700320250724,PORT007,INS0022,2025-07-24,4979,44.2299,220220.67,405.74,EUR,MOCK_FEED
POS00700420250724,PORT007,INS0023,2025-07-24,2287,55.1016,126017.36,3146.75,INR,MOCK_FEED
POS00700520250724,PORT007,INS0024,2025-07-24,729,65.9769,48097.16,-1159.27,INR,MOCK_FEED
POS00700620250724,PORT007,INS0025,2025-07-24,4111,26.1378,107452.5,2031.97,EUR,MOCK_FEED
POS00700720250724,PORT007,INS0026,2025-07-24,687,48.1678,33091.28,757.57,GBP,MOCK_FEED
POS00700820250724,PORT007,INS0027,2025-07-24,2856,16.2003,46268.06,-210.82,EUR,MOCK_FEED
POS00700920250724,PORT007,INS0028,2025-07-24,1312,43.1382,56597.32,-999.27,GBP,MOCK_FEED
POS00701020250724,PORT007,INS0029,2025-07-24,595,23.3413,13888.07,4.77,EUR,MOCK_FEED
POS00700120250725,PORT007,INS0020,2025-07-25,4085,10.5076,42923.55,683.55,EUR,MOCK_FEED
POS00700220250725,PORT007,INS0021,2025-07-25,2163,48.6743,105282.51,2256.37,INR,MOCK_FEED
POS00700320250725,PORT007,INS0022,2025-07-25,4502,43.6594,196554.62,-866.03,EUR,MOCK_FEED
POS00700420250725,PORT007,INS0023,2025-07-25,518,55.4907,28744.18,-349.23,USD,MOCK_FEED
POS00700520250725,PORT007,INS0024,2025-07-25,674,66.2362,44643.2,-862.94,INR,MOCK_FEED
POS00700620250725,PORT007,INS0025,2025-07-25,3182,26.0083,82758.41,2181.94,USD,MOCK_FEED
POS00700720250725,PORT007,INS0026,2025-07-25,858,47.7371,40958.43,444.18,INR,MOCK_FEED
POS00700820250725,PORT007,INS0027,2025-07-25,556,15.9936,8892.44,-123.46,INR,MOCK_FEED
POS00700920250725,PORT007,INS0028,2025-07-25,1095,43.2024,47306.63,1101.05,EUR,MOCK_FEED
POS00701020250725,PORT007,INS0029,2025-07-25,4451,23.3047,103729.22,3534.86,INR,MOCK_FEED
POS00700120250726,PORT007,INS0020,2025-07-26,432,10.5954,4577.21,156.67,EUR,MOCK_FEED
POS00700220250726,PORT007,INS0021,2025-07-26,4608,48.4818,223404.13,-5088.01,GBP,MOCK_FEED
POS00700320250726,PORT007,INS0022,2025-07-26,2567,43.3937,111391.63,-2791.32,EUR,MOCK_FEED
POS00700420250726,PORT007,INS0023,2025-07-26,5000,55.6428,278214.0,-3366.26,USD,MOCK_FEED
POS00700520250726,PORT007,INS0024,2025-07-26,199,64.8272,12900.61,311.94,GBP,MOCK_FEED
POS00700620250726,PORT007,INS0025,2025-07-26,3441,26.2002,90154.89,3094.29,GBP,MOCK_FEED
POS00700720250726,PORT007,INS0026,2025-07-26,2415,49.0027,118341.52,2128.22,USD,MOCK_FEED
POS00700820250726,PORT007,INS0027,2025-07-26,1708,16.051,27415.11,425.91,INR,MOCK_FEED
POS00700920250726,PORT007,INS0028,2025-07-26,3436,43.1832,148377.48,-4108.8,GBP,MOCK_FEED
POS00701020250726,PORT007,INS0029,2025-07-26,2511,23.2664,58421.93,766.56,USD,MOCK_FEED
POS00700120250727,PORT007,INS0020,2025-07-27,669,10.906,7296.11,204.24,USD,MOCK_FEED
POS00700220250727,PORT007,INS0021,2025-07-27,3093,48.7618,150820.25,2039.28,INR,MOCK_FEED
POS00700320250727,PORT007,INS0022,2025-07-27,3637,42.6279,155037.67,-3188.43,EUR,MOCK_FEED
POS00700420250727,PORT007,INS0023,2025-07-27,4219,56.5181,238449.86,-5998.39,GBP,MOCK_FEED
POS00700520250727,PORT007,INS0024,2025-07-27,2825,64.3218,181709.08,4572.22,INR,MOCK_FEED
POS00700620250727,PORT007,INS0025,2025-07-27,342,25.7042,8790.84,-187.38,GBP,MOCK_FEED
POS00700720250727,PORT007,INS0026,2025-07-27,938,48.5235,45515.04,-1190.61,USD,MOCK_FEED
POS00700820250727,PORT007,INS0027,2025-07-27,121,16.1447,1953.51,-0.41,USD,MOCK_FEED
POS00700920250727,PORT007,INS0028,2025-07-27,746,43.9351,32775.58,62.38,EUR,MOCK_FEED
POS00701020250727,PORT007,INS0029,2025-07-27,3615,23.4009,84594.25,-212.63,INR,MOCK_FEED
POS00700120250728,PORT007,INS0020,2025-07-28,3295,10.8534,35761.95,727.56,USD,MOCK_FEED
POS00700220250728,PORT007,INS0021,2025-07-28,2400,50.0606,120145.44,3514.82,USD,MOCK_FEED
POS00700320250728,PORT007,INS0022,2025-07-28,4482,42.4637,190322.3,2256.17,EUR,MOCK_FEED
POS00700420250728,PORT007,INS0023,2025-07-28,2594,56.3232,146102.38,5113.35,GBP,MOCK_FEED
POS00700520250728,PORT007,INS0024,2025-07-28,651,64.1589,41767.44,-566.46,EUR,MOCK_FEED
POS00700620250728,PORT007,INS0025,2025-07-28,3317,25.4113,84289.28,1831.29,GBP,MOCK_FEED
POS00700720250728,PORT007,INS0026,2025-07-28,308,47.9511,14768.94,-406.52,USD,MOCK_FEED
POS00700820250728,PORT007,INS0027,2025-07-28,2292,16.3736,37528.29,-864.38,INR,MOCK_FEED
POS00700920250728,PORT007,INS0028,2025-07-28,4143,44.466,184222.64,-3063.14,USD,MOCK_FEED
POS00701020250728,PORT007,INS0029,2025-07-28,4939,23.4643,115890.18,-2746.95,GBP,MOCK_FEED
POS00700120250729,PORT007,INS0020,2025-07-29,1524,10.9827,16737.63,545.55,GBP,MOCK_FEED
POS00700220250729,PORT007,INS0021,2025-07-29,1552,49.7564,77221.93,2025.14,INR,MOCK_FEED
POS00700320250729,PORT007,INS0022,2025-07-29,1779,42.5445,75686.67,123.48,INR,MOCK_FEED
POS00700420250729,PORT007,INS0023,2025-07-29,2011,55.5175,111645.69,-3268.04,USD,MOCK_FEED
POS00700520250729,PORT007,INS0024,2025-07-29,3378,64.5846,218166.78,3057.24,USD,MOCK_FEED
POS00700620250729,PORT007,INS0025,2025-07-29,1836,25.4516,46729.14,1754.59,INR,MOCK_FEED
POS00700720250729,PORT007,INS0026,2025-07-29,1764,48.6681,85850.53,-606.15,EUR,MOCK_FEED
POS00700820250729,PORT007,INS0027,2025-07-29,4868,16.5504,80567.35,-2397.2,EUR,MOCK_FEED
POS00700920250729,PORT007,INS0028,2025-07-29,3405,42.8237,145814.7,-580.5,USD,MOCK_FEED
POS00701020250729,PORT007,INS0029,2025-07-29,1524,22.4993,34288.93,840.5,EUR,MOCK_FEED
POS00700120250730,PORT007,INS0020,2025-07-30,4358,11.0356,48093.14,-172.14,GBP,MOCK_FEED
POS00700220250730,PORT007,INS0021,2025-07-30,4489,49.4649,222047.94,6857.88,INR,MOCK_FEED
POS00700320250730,PORT007,INS0022,2025-07-30,1577,43.1903,68111.1,443.55,USD,MOCK_FEED
POS00700420250730,PORT007,INS0023,2025-07-30,479,55.5118,26590.15,531.88,EUR,MOCK_FEED
POS00700520250730,PORT007,INS0024,2025-07-30,3361,63.9852,215054.26,7181.68,GBP,MOCK_FEED
POS00700620250730,PORT007,INS0025,2025-07-30,4475,25.6427,114751.08,608.39,INR,MOCK_FEED
POS00700720250730,PORT007,INS0026,2025-07-30,1703,48.0292,81793.73,379.69,EUR,MOCK_FEED
POS00700820250730,PORT007,INS0027,2025-07-30,1067,16.4587,17561.43,396.46,GBP,MOCK_FEED
POS00700920250730,PORT007,INS0028,2025-07-30,3306,43.6107,144176.97,3186.49,INR,MOCK_FEED
POS00701020250730,PORT007,INS0029,2025-07-30,1831,22.6747,41517.38,1443.19,GBP,MOCK_FEED
POS00700120250731,PORT007,INS0020,2025-07-31,3631,11.0389,40082.25,-52.88,INR,MOCK_FEED
POS00700220250731,PORT007,INS0021,2025-07-31,1390,49.4591,68748.15,-564.07,EUR,MOCK_FEED
POS00700320250731,PORT007,INS0022,2025-07-31,2649,43.7927,116006.86,-48.26,USD,MOCK_FEED
POS00700420250731,PORT007,INS0023,2025-07-31,2156,54.7225,117981.71,1106.82,GBP,MOCK_FEED
POS00700520250731,PORT007,INS0024,2025-07-31,599,65.5754,39279.66,997.63,INR,MOCK_FEED
POS00700620250731,PORT007,INS0025,2025-07-31,4031,25.0729,101068.86,1897.02,EUR,MOCK_FEED
POS00700720250731,PORT007,INS0026,2025-07-31,3335,49.3492,164579.58,2877.47,EUR,MOCK_FEED
POS00700820250731,PORT007,INS0027,2025-07-31,4516,16.4927,74481.03,2045.22,GBP,MOCK_FEED
POS00700920250731,PORT007,INS0028,2025-07-31,2014,43.8106,88234.55,-2382.73,GBP,MOCK_FEED
POS00701020250731,PORT007,INS0029,2025-07-31,4897,22.8096,111698.61,318.81,USD,MOCK_FEED
POS00700120250801,PORT007,INS0020,2025-08-01,4795,10.7744,51663.25,360.05,GBP,MOCK_FEED
POS00700220250801,PORT007,INS0021,2025-08-01,1589,49.1888,78161.0,1334.98,INR,MOCK_FEED
POS00700320250801,PORT007,INS0022,2025-08-01,2984,42.6668,127317.73,466.52,GBP,MOCK_FEED
POS00700420250801,PORT007,INS0023,2025-08-01,509,55.3262,28161.04,103.46,EUR,MOCK_FEED
POS00700520250801,PORT007,INS0024,2025-08-01,2020,65.4474,132203.75,-713.38,GBP,MOCK_FEED
POS00700620250801,PORT007,INS0025,2025-08-01,4606,25.4611,117273.83,3673.22,USD,MOCK_FEED
POS00700720250801,PORT007,INS0026,2025-08-01,1199,49.6323,59509.13,1879.83,USD,MOCK_FEED
POS00700820250801,PORT007,INS0027,2025-08-01,4817,16.5939,79932.82,-1588.25,USD,MOCK_FEED
POS00700920250801,PORT007,INS0028,2025-08-01,1561,44.0892,68823.24,-855.05,EUR,MOCK_FEED
POS00701020250801,PORT007,INS0029,2025-08-01,4066,23.3357,94882.96,-1304.75,INR,MOCK_FEED
POS00700120250802,PORT007,INS0020,2025-08-02,3540,10.5739,37431.61,-429.24,INR,MOCK_FEED
POS00700220250802,PORT007,INS0021,2025-08-02,3328,48.6995,162071.94,4728.37,EUR,MOCK_FEED
POS00700320250802,PORT007,INS0022,2025-08-02,4454,43.4516,193533.43,7166.87,GBP,MOCK_FEED
POS00700420250802,PORT007,INS0023,2025-08-02,4874,55.2229,269156.41,5950.58,INR,MOCK_FEED
POS00700520250802,PORT007,INS0024,2025-08-02,417,66.4737,27719.53,617.39,EUR,MOCK_FEED
POS00700620250802,PORT007,INS0025,2025-08-02,4820,24.9669,120340.46,-1252.29,GBP,MOCK_FEED
POS00700720250802,PORT007,INS0026,2025-08-02,253,50.1273,12682.21,82.42,USD,MOCK_FEED
POS00700820250802,PORT007,INS0027,2025-08-02,2638,17.0354,44939.39,1266.23,EUR,MOCK_FEED
POS00700920250802,PORT007,INS0028,2025-08-02,689,43.7151,30119.7,1120.33,EUR,MOCK_FEED
POS00701020250802,PORT007,INS0029,2025-08-02,556,23.0242,12801.46,345.34,INR,MOCK_FEED
POS00700120250803,PORT007,INS0020,2025-08-03,4936,10.6066,52354.18,585.5,EUR,MOCK_FEED
POS00700220250803,PORT007,INS0021,2025-08-03,2590,47.5028,123032.25,2900.81,GBP,MOCK_FEED
POS00700320250803,PORT007,INS0022,2025-08-03,4901,43.3715,212563.72,1397.07,EUR,MOCK_FEED
POS00700420250803,PORT007,INS0023,2025-08-03,792,55.8038,44196.61,518.76,EUR,MOCK_FEED
POS00700520250803,PORT007,INS0024,2025-08-03,3508,65.3558,229268.15,-4453.03,GBP,MOCK_FEED
POS00700620250803,PORT007,INS0025,2025-08-03,4922,25.2392,124227.34,-1031.99,USD,MOCK_FEED
POS00700720250803,PORT007,INS0026,2025-08-03,3592,50.5175,181458.86,3767.62,USD,MOCK_FEED
POS00700820250803,PORT007,INS0027,2025-08-03,852,17.2438,14691.72,-271.71,USD,MOCK_FEED
POS00700920250803,PORT007,INS0028,2025-08-03,520,43.0149,22367.75,34.08,INR,MOCK_FEED
POS00701020250803,PORT007,INS0029,2025-08-03,2017,23.0411,46473.9,-545.92,GBP,MOCK_FEED
POS00700120250804,PORT007,INS0020,2025-08-04,997,10.8398,10807.28,298.44,GBP,MOCK_FEED
POS00700220250804,PORT007,INS0021,2025-08-04,2348,47.5953,111753.76,-868.36,EUR,MOCK_FEED
POS00700320250804,PORT007,INS0022,2025-08-04,127,43.1284,5477.31,159.85,GBP,MOCK_FEED
POS00700420250804,PORT007,INS0023,2025-08-04,650,55.441,36036.65,-365.89,EUR,MOCK_FEED
POS00700520250804,PORT007,INS0024,2025-08-04,1192,65.3396,77884.8,-2034.57,USD,MOCK_FEED
POS00700620250804,PORT007,INS0025,2025-08-04,1831,25.2781,46284.2,500.62,INR,MOCK_FEED
POS00700720250804,PORT007,INS0026,2025-08-04,4651,50.7782,236169.41,-2410.27,EUR,MOCK_FEED
POS00700820250804,PORT007,INS0027,2025-08-04,1641,17.1235,28099.66,424.99,EUR,MOCK_FEED
POS00700920250804,PORT007,INS0028,2025-08-04,3657,43.8631,160407.36,519.1,GBP,MOCK_FEED
POS00701020250804,PORT007,INS0029,2025-08-04,1849,22.7881,42135.2,234.43,EUR,MOCK_FEED
POS00700120250805,PORT007,INS0020,2025-08-05,118,10.7923,1273.49,-12.15,EUR,MOCK_FEED
POS00700220250805,PORT007,INS0021,2025-08-05,357,47.6547,17012.73,-322.87,INR,MOCK_FEED
POS00700320250805,PORT007,INS0022,2025-08-05,2527,43.2197,109216.18,-1129.94,USD,MOCK_FEED
POS00700420250805,PORT007,INS0023,2025-08-05,2360,56.3627,133015.97,3022.19,USD,MOCK_FEED
POS00700520250805,PORT007,INS0024,2025-08-05,1017,63.6405,64722.39,-1389.73,EUR,MOCK_FEED
POS00700620250805,PORT007,INS0025,2025-08-05,4749,25.4567,120893.87,1569.36,INR,MOCK_FEED
POS00700720250805,PORT007,INS0026,2025-08-05,1807,51.5508,93152.3,-2735.96,INR,MOCK_FEED
POS00700820250805,PORT007,INS0027,2025-08-05,4386,16.914,74184.8,-4.65,GBP,MOCK_FEED
POS00700920250805,PORT007,INS0028,2025-08-05,171,44.2205,7561.71,-103.24,EUR,MOCK_FEED
POS00701020250805,PORT007,INS0029,2025-08-05,3249,22.7164,73805.58,-712.79,GBP,MOCK_FEED
POS00700120250806,PORT007,INS0020,2025-08-06,3268,10.8147,35342.44,-928.67,GBP,MOCK_FEED
POS00700220250806,PORT007,INS0021,2025-08-06,514,47.5538,24442.65,372.99,INR,MOCK_FEED
POS00700320250806,PORT007,INS0022,2025-08-06,925,43.3296,40079.88,296.93,EUR,MOCK_FEED
POS00700420250806,PORT007,INS0023,2025-08-06,4143,57.6762,238952.5,3721.74,INR,MOCK_FEED
POS00700520250806,PORT007,INS0024,2025-08-06,3892,63.9351,248835.41,-1355.29,EUR,MOCK_FEED
POS00700620250806,PORT007,INS0025,2025-08-06,3140,25.162,79008.68,-467.81,EUR,MOCK_FEED
POS00700720250806,PORT007,INS0026,2025-08-06,2722,52.594,143160.87,5285.1,EUR,MOCK_FEED
POS00700820250806,PORT007,INS0027,2025-08-06,1104,16.986,18752.54,628.41,USD,MOCK_FEED
POS00700920250806,PORT007,INS0028,2025-08-06,1822,44.2267,80581.05,-1079.02,EUR,MOCK_FEED
POS00701020250806,PORT007,INS0029,2025-08-06,2547,22.9111,58354.57,775.55,EUR,MOCK_FEED
POS00700120250807,PORT007,INS0020,2025-08-07,1373,10.8783,14935.91,52.61,GBP,MOCK_FEED
POS00700220250807,PORT007,INS0021,2025-08-07,4676,48.1713,225249.0,-4776.93,USD,MOCK_FEED
POS00700320250807,PORT007,INS0022,2025-08-07,1927,43.2666,83374.74,2888.28,GBP,MOCK_FEED
POS00700420250807,PORT007,INS0023,2025-08-07,1527,57.2568,87431.13,968.59,EUR,MOCK_FEED
POS00700520250807,PORT007,INS0024,2025-08-07,2745,64.417,176824.67,207.07,INR,MOCK_FEED
POS00700620250807,PORT007,INS0025,2025-08-07,771,24.8486,19158.27,-284.45,EUR,MOCK_FEED
POS00700720250807,PORT007,INS0026,2025-08-07,1619,52.7105,85338.3,3131.05,INR,MOCK_FEED
POS00700820250807,PORT007,INS0027,2025-08-07,801,17.0179,13631.34,-125.53,USD,MOCK_FEED
POS00700920250807,PORT007,INS0028,2025-08-07,627,43.2732,27132.3,687.82,GBP,MOCK_FEED
POS00701020250807,PORT007,INS0029,2025-08-07,4370,22.9043,100091.79,-29.09,INR,MOCK_FEED
POS00700120250808,PORT007,INS0020,2025-08-08,2917,10.8154,31548.52,463.85,EUR,MOCK_FEED
POS00700220250808,PORT007,INS0021,2025-08-08,3126,48.5652,151814.82,3070.12,EUR,MOCK_FEED
POS00700320250808,PORT007,INS0022,2025-08-08,1606,43.3655,69644.99,-846.06,INR,MOCK_FEED
POS00700420250808,PORT007,INS0023,2025-08-08,2752,58.0398,159725.53,-2743.12,INR,MOCK_FEED
POS00700520250808,PORT007,INS0024,2025-08-08,609,63.2211,38501.65,-659.75,INR,MOCK_FEED
POS00700620250808,PORT007,INS0025,2025-08-08,3184,24.9699,79504.16,241.18,EUR,MOCK_FEED
POS00700720250808,PORT007,INS0026,2025-08-08,720,53.7573,38705.26,1534.11,GBP,MOCK_FEED
POS00700820250808,PORT007,INS0027,2025-08-08,2167,17.1383,37138.7,955.13,USD,MOCK_FEED
POS00700920250808,PORT007,INS0028,2025-08-08,405,43.8441,17756.86,-278.95,GBP,MOCK_FEED
POS00701020250808,PORT007,INS0029,2025-08-08,2815,23.3882,65837.78,-675.87,GBP,MOCK_FEED
POS00700120250809,PORT007,INS0020,2025-08-09,4040,10.7711,43515.24,527.67,USD,MOCK_FEED
POS00700220250809,PORT007,INS0021,2025-08-09,2561,48.0099,122953.35,119.24,EUR,MOCK_FEED
POS00700320250809,PORT007,INS0022,2025-08-09,2446,43.3226,105967.08,-509.9,EUR,MOCK_FEED
POS00700420250809,PORT007,INS0023,2025-08-09,2454,56.6397,138993.82,2421.58,USD,MOCK_FEED
POS00700520250809,PORT007,INS0024,2025-08-09,3257,64.0974,208765.23,1127.95,INR,MOCK_FEED
POS00700620250809,PORT007,INS0025,2025-08-09,4621,24.832,114748.67,3483.05,EUR,MOCK_FEED
POS00700720250809,PORT007,INS0026,2025-08-09,1306,53.6085,70012.7,348.37,EUR,MOCK_FEED
POS00700820250809,PORT007,INS0027,2025-08-09,678,17.2848,11719.09,219.34,EUR,MOCK_FEED
POS00700920250809,PORT007,INS0028,2025-08-09,582,44.1566,25699.14,-476.72,EUR,MOCK_FEED
POS00701020250809,PORT007,INS0029,2025-08-09,3474,23.7601,82542.59,1364.7,GBP,MOCK_FEED
POS00700120250810,PORT007,INS0020,2025-08-10,1126,10.9162,12291.64,45.75,INR,MOCK_FEED
POS00700220250810,PORT007,INS0021,2025-08-10,2621,47.3438,124088.1,1171.38,EUR,MOCK_FEED
POS00700320250810,PORT007,INS0022,2025-08-10,2460,43.5342,107094.13,2717.54,INR,MOCK_FEED
POS00700420250810,PORT007,INS0023,2025-08-10,287,57.6251,16538.4,-235.55,USD,MOCK_FEED
POS00700520250810,PORT007,INS0024,2025-08-10,2441,62.7577,153191.55,1128.72,EUR,MOCK_FEED
POS00700620250810,PORT007,INS0025,2025-08-10,4127,25.2979,104404.43,-1455.65,GBP,MOCK_FEED
POS00700720250810,PORT007,INS0026,2025-08-10,4777,53.8707,257340.33,-5083.38,USD,MOCK_FEED
POS00700820250810,PORT007,INS0027,2025-08-10,4270,17.3188,73951.28,-2203.37,USD,MOCK_FEED
POS00700920250810,PORT007,INS0028,2025-08-10,4416,43.6701,192847.16,662.67,INR,MOCK_FEED
POS00701020250810,PORT007,INS0029,2025-08-10,1370,24.2685,33247.85,-822.24,USD,MOCK_FEED
POS00700120250811,PORT007,INS0020,2025-08-11,1128,10.8931,12287.42,-82.67,EUR,MOCK_FEED
POS00700220250811,PORT007,INS0021,2025-08-11,3791,47.3254,179410.59,3894.86,GBP,MOCK_FEED
POS00700320250811,PORT007,INS0022,2025-08-11,1382,43.487,60099.03,-397.35,USD,MOCK_FEED
POS00700420250811,PORT007,INS0023,2025-08-11,857,57.7586,49499.12,-145.36,GBP,MOCK_FEED
POS00700520250811,PORT007,INS0024,2025-08-11,2642,62.5907,165364.63,423.85,INR,MOCK_FEED
POS00700620250811,PORT007,INS0025,2025-08-11,4930,25.3886,125165.8,3548.98,EUR,MOCK_FEED
POS00700720250811,PORT007,INS0026,2025-08-11,4354,54.7431,238351.46,8325.15,EUR,MOCK_FEED
POS00700820250811,PORT007,INS0027,2025-08-11,1045,17.2636,18040.46,-513.32,USD,MOCK_FEED
POS00700920250811,PORT007,INS0028,2025-08-11,3341,43.4549,145182.82,826.69,GBP,MOCK_FEED
POS00701020250811,PORT007,INS0029,2025-08-11,4437,24.6925,109560.62,-2352.08,EUR,MOCK_FEED
POS00700120250812,PORT007,INS0020,2025-08-12,1986,10.829,21506.39,-235.84,USD,MOCK_FEED
POS00700220250812,PORT007,INS0021,2025-08-12,3462,46.9522,162548.52,4235.78,INR,MOCK_FEED
POS00700320250812,PORT007,INS0022,2025-08-12,2961,43.3674,128410.87,2534.92,USD,MOCK_FEED
POS00700420250812,PORT007,INS0023,2025-08-12,2032,57.3742,116584.37,2650.36,GBP,MOCK_FEED
POS00700520250812,PORT007,INS0024,2025-08-12,995,62.9568,62642.02,384.06,USD,MOCK_FEED
POS00700620250812,PORT007,INS0025,2025-08-12,1198,25.4713,30514.62,171.34,USD,MOCK_FEED
POS00700720250812,PORT007,INS0026,2025-08-12,1948,55.2256,107579.47,2675.78,EUR,MOCK_FEED
POS00700820250812,PORT007,INS0027,2025-08-12,3202,17.5462,56182.93,-712.33,USD,MOCK_FEED
POS00700920250812,PORT007,INS0028,2025-08-12,3617,43.3459,156782.12,4672.68,EUR,MOCK_FEED
POS00701020250812,PORT007,INS0029,2025-08-12,1136,24.6311,27980.93,-254.83,GBP,MOCK_FEED
POS00700120250813,PORT007,INS0020,2025-08-13,1243,10.6639,13255.23,306.59,USD,MOCK_FEED
POS00700220250813,PORT007,INS0021,2025-08-13,159,47.5089,7553.92,-12.19,GBP,MOCK_FEED
POS00700320250813,PORT007,INS0022,2025-08-13,2950,43.869,129413.55,2967.26,USD,MOCK_FEED
POS00700420250813,PORT007,INS0023,2025-08-13,1206,55.989,67522.73,1809.18,INR,MOCK_FEED
POS00700520250813,PORT007,INS0024,2025-08-13,4691,63.6181,298432.51,-4966.76,GBP,MOCK_FEED
POS00700620250813,PORT007,INS0025,2025-08-13,2111,25.5886,54017.53,1637.28,INR,MOCK_FEED
POS00700720250813,PORT007,INS0026,2025-08-13,4377,55.5358,243080.2,7317.51,USD,MOCK_FEED
POS00700820250813,PORT007,INS0027,2025-08-13,4871,17.4508,85002.85,-367.95,GBP,MOCK_FEED
POS00700920250813,PORT007,INS0028,2025-08-13,1761,42.6274,75066.85,1367.09,INR,MOCK_FEED
POS00701020250813,PORT007,INS0029,2025-08-13,780,24.2601,18922.88,321.46,USD,MOCK_FEED
POS00700120250814,PORT007,INS0020,2025-08-14,4769,10.5902,50504.66,-809.7,EUR,MOCK_FEED
POS00700220250814,PORT007,INS0021,2025-08-14,1749,46.7939,81842.53,376.91,USD,MOCK_FEED
POS00700320250814,PORT007,INS0022,2025-08-14,3998,43.5113,173958.18,4184.64,GBP,MOCK_FEED
POS00700420250814,PORT007,INS0023,2025-08-14,598,56.9314,34044.98,713.89,USD,MOCK_FEED
POS00700520250814,PORT007,INS0024,2025-08-14,866,64.7368,56062.07,-1357.88,GBP,MOCK_FEED
POS00700620250814,PORT007,INS0025,2025-08-14,4781,25.9008,123831.72,-2851.53,USD,MOCK_FEED
POS00700720250814,PORT007,INS0026,2025-08-14,1966,55.9068,109912.77,2576.57,GBP,MOCK_FEED
POS00700820250814,PORT007,INS0027,2025-08-14,545,17.2848,9420.22,-110.3,GBP,MOCK_FEED
POS00700920250814,PORT007,INS0028,2025-08-14,2798,42.1427,117915.27,-736.01,USD,MOCK_FEED
POS00701020250814,PORT007,INS0029,2025-08-14,2949,24.5117,72285.0,956.5,EUR,MOCK_FEED
POS00700120250815,PORT007,INS0020,2025-08-15,4297,10.6217,45641.44,1785.53,USD,MOCK_FEED
POS00700220250815,PORT007,INS0021,2025-08-15,2050,46.973,96294.65,-146.2,INR,MOCK_FEED
POS00700320250815,PORT007,INS0022,2025-08-15,878,43.8921,38537.26,-184.18,INR,MOCK_FEED
POS00700420250815,PORT007,INS0023,2025-08-15,846,57.2773,48456.6,1454.16,EUR,MOCK_FEED
POS00700520250815,PORT007,INS0024,2025-08-15,2713,65.1832,176842.02,1640.86,GBP,MOCK_FEED
POS00700620250815,PORT007,INS0025,2025-08-15,2953,25.6902,75863.16,-1645.08,GBP,MOCK_FEED
POS00700720250815,PORT007,INS0026,2025-08-15,943,55.7368,52559.8,-1281.19,USD,MOCK_FEED
POS00700820250815,PORT007,INS0027,2025-08-15,2517,17.403,43803.35,638.24,GBP,MOCK_FEED
POS00700920250815,PORT007,INS0028,2025-08-15,2259,41.4545,93645.72,3533.01,GBP,MOCK_FEED
POS00701020250815,PORT007,INS0029,2025-08-15,3174,24.4732,77677.94,75.4,GBP,MOCK_FEED
POS00700120250816,PORT007,INS0020,2025-08-16,3756,10.4334,39187.85,922.91,GBP,MOCK_FEED
POS00700220250816,PORT007,INS0021,2025-08-16,1007,46.7919,47119.44,-903.1,EUR,MOCK_FEED
POS00700320250816,PORT007,INS0022,2025-08-16,2504,42.8269,107238.56,4220.52,GBP,MOCK_FEED
POS00700420250816,PORT007,INS0023,2025-08-16,2517,57.8624,145639.66,-169.31,USD,MOCK_FEED
POS00700520250816,PORT007,INS0024,2025-08-16,4439,65.5857,291134.92,8106.46,USD,MOCK_FEED
POS00700620250816,PORT007,INS0025,2025-08-16,1824,26.1324,47665.5,-1073.77,INR,MOCK_FEED
POS00700720250816,PORT007,INS0026,2025-08-16,263,54.8481,14425.05,569.25,INR,MOCK_FEED
POS00700820250816,PORT007,INS0027,2025-08-16,4924,17.1759,84574.13,-1270.89,INR,MOCK_FEED
POS00700920250816,PORT007,INS0028,2025-08-16,889,42.1551,37475.88,76.87,EUR,MOCK_FEED
POS00701020250816,PORT007,INS0029,2025-08-16,586,24.189,14174.75,552.22,USD,MOCK_FEED
POS00700120250817,PORT007,INS0020,2025-08-17,752,10.4017,7822.08,135.43,GBP,MOCK_FEED
POS00700220250817,PORT007,INS0021,2025-08-17,2527,47.5428,120140.66,3289.0,GBP,MOCK_FEED
POS00700320250817,PORT007,INS0022,2025-08-17,2171,43.1342,93644.35,450.76,INR,MOCK_FEED
POS00700420250817,PORT007,INS0023,2025-08-17,2063,57.3945,118404.85,-2501.17,GBP,MOCK_FEED
POS00700520250817,PORT007,INS0024,2025-08-17,2533,65.3624,165562.96,-1672.01,USD,MOCK_FEED
POS00700620250817,PORT007,INS0025,2025-08-17,2555,26.1382,66783.1,1486.82,GBP,MOCK_FEED
POS00700720250817,PORT007,INS0026,2025-08-17,4608,55.8889,257536.05,-1034.9,USD,MOCK_FEED
POS00700820250817,PORT007,INS0027,2025-08-17,3948,17.5775,69395.97,-1401.06,USD,MOCK_FEED
POS00700920250817,PORT007,INS0028,2025-08-17,162,42.6893,6915.67,109.93,INR,MOCK_FEED
POS00701020250817,PORT007,INS0029,2025-08-17,1373,24.3811,33475.25,-500.1,USD,MOCK_FEED
POS00700120250818,PORT007,INS0020,2025-08-18,4325,10.4574,45228.25,1647.65,USD,MOCK_FEED
POS00700220250818,PORT007,INS0021,2025-08-18,4158,46.8484,194795.65,2612.48,USD,MOCK_FEED
POS00700320250818,PORT007,INS0022,2025-08-18,1441,43.6372,62881.21,34.21,GBP,MOCK_FEED
POS00700420250818,PORT007,INS0023,2025-08-18,3893,56.5459,220133.19,2463.66,USD,MOCK_FEED
POS00700520250818,PORT007,INS0024,2025-08-18,1617,65.3043,105597.05,-1745.04,INR,MOCK_FEED
POS00700620250818,PORT007,INS0025,2025-08-18,2372,26.0694,61836.62,-1097.96,EUR,MOCK_FEED
POS00700720250818,PORT007,INS0026,2025-08-18,512,55.5393,28436.12,-144.42,EUR,MOCK_FEED
POS00700820250818,PORT007,INS0027,2025-08-18,459,17.5361,8049.07,316.03,INR,MOCK_FEED
POS00700920250818,PORT007,INS0028,2025-08-18,583,41.8785,24415.17,928.54,GBP,MOCK_FEED
POS00701020250818,PORT007,INS0029,2025-08-18,2623,24.8471,65173.94,-510.62,GBP,MOCK_FEED
POS00700120250819,PORT007,INS0020,2025-08-19,2340,10.4692,24497.93,578.66,GBP,MOCK_FEED
POS00700220250819,PORT007,INS0021,2025-08-19,1680,47.2726,79417.97,-204.16,INR,MOCK_FEED
POS00700320250819,PORT007,INS0022,2025-08-19,3797,43.5534,165372.26,-3972.68,USD,MOCK_FEED
POS00700420250819,PORT007,INS0023,2025-08-19,1087,56.7118,61645.73,-462.67,EUR,MOCK_FEED
POS00700520250819,PORT007,INS0024,2025-08-19,429,66.1649,28384.74,-49.37,EUR,MOCK_FEED
POS00700620250819,PORT007,INS0025,2025-08-19,3328,25.7859,85815.48,-1271.41,INR,MOCK_FEED
POS00700720250819,PORT007,INS0026,2025-08-19,2111,55.5376,117239.87,929.19,USD,MOCK_FEED
POS00700820250819,PORT007,INS0027,2025-08-19,4618,17.5379,80990.02,-1762.88,INR,MOCK_FEED
POS00700920250819,PORT007,INS0028,2025-08-19,3834,41.8775,160558.33,5814.65,INR,MOCK_FEED
POS00701020250819,PORT007,INS0029,2025-08-19,2552,24.5727,62709.53,1958.33,EUR,MOCK_FEED
POS00700120250820,PORT007,INS0020,2025-08-20,2395,10.288,24639.76,-528.31,INR,MOCK_FEED
POS00700220250820,PORT007,INS0021,2025-08-20,3256,46.2409,150560.37,-2800.87,EUR,MOCK_FEED
POS00700320250820,PORT007,INS0022,2025-08-20,1410,43.5275,61373.78,628.23,EUR,MOCK_FEED
POS00700420250820,PORT007,INS0023,2025-08-20,2395,57.4699,137640.41,945.44,INR,MOCK_FEED
POS00700520250820,PORT007,INS0024,2025-08-20,4463,66.5237,296895.27,-5691.82,INR,MOCK_FEED
POS00700620250820,PORT007,INS0025,2025-08-20,1733,26.0282,45106.87,-590.6,EUR,MOCK_FEED
POS00700720250820,PORT007,INS0026,2025-08-20,3172,55.1781,175024.93,747.84,INR,MOCK_FEED
POS00700820250820,PORT007,INS0027,2025-08-20,4885,17.5255,85612.07,-682.99,INR,MOCK_FEED
POS00700920250820,PORT007,INS0028,2025-08-20,1127,41.7266,47025.88,-687.95,EUR,MOCK_FEED
POS00701020250820,PORT007,INS0029,2025-08-20,2343,23.867,55920.38,641.5,INR,MOCK_FEED
POS00700120250821,PORT007,INS0020,2025-08-21,271,10.2873,2787.86,24.32,INR,MOCK_FEED
POS00700220250821,PORT007,INS0021,2025-08-21,1082,45.6171,49357.7,-940.42,EUR,MOCK_FEED
POS00700320250821,PORT007,INS0022,2025-08-21,3302,44.393,146585.69,5817.46,GBP,MOCK_FEED
POS00700420250821,PORT007,INS0023,2025-08-21,1166,57.1482,66634.8,1096.65,INR,MOCK_FEED
POS00700520250821,PORT007,INS0024,2025-08-21,2471,67.1307,165879.96,-3296.13,USD,MOCK_FEED
POS00700620250821,PORT007,INS0025,2025-08-21,132,26.0913,3444.05,135.15,INR,MOCK_FEED
POS00700720250821,PORT007,INS0026,2025-08-21,3323,55.8987,185751.38,-523.5,USD,MOCK_FEED
POS00700820250821,PORT007,INS0027,2025-08-21,4077,17.1907,70086.48,-1335.34,USD,MOCK_FEED
POS00700920250821,PORT007,INS0028,2025-08-21,1435,41.8114,59999.36,112.7,GBP,MOCK_FEED
POS00701020250821,PORT007,INS0029,2025-08-21,2487,24.1002,59937.2,-929.5,EUR,MOCK_FEED
POS00700120250822,PORT007,INS0020,2025-08-22,3847,10.1731,39135.92,1386.53,USD,MOCK_FEED
POS00700220250822,PORT007,INS0021,2025-08-22,2332,45.1766,105351.83,3267.29,USD,MOCK_FEED
POS00700320250822,PORT007,INS0022,2025-08-22,3658,44.5714,163042.18,4276.29,GBP,MOCK_FEED
POS00700420250822,PORT007,INS0023,2025-08-22,1217,57.1924,69603.15,1538.7,EUR,MOCK_FEED
POS00700520250822,PORT007,INS0024,2025-08-22,3524,67.262,237031.29,3147.68,GBP,MOCK_FEED
POS00700620250822,PORT007,INS0025,2025-08-22,2981,26.4653,78893.06,1216.08,USD,MOCK_FEED
POS00700720250822,PORT007,INS0026,2025-08-22,1411,56.4618,79667.6,-1710.83,GBP,MOCK_FEED
POS00700820250822,PORT007,INS0027,2025-08-22,3904,16.942,66141.57,-1797.74,EUR,MOCK_FEED
POS00700920250822,PORT007,INS0028,2025-08-22,1303,41.7375,54383.96,826.79,EUR,MOCK_FEED
POS00701020250822,PORT007,INS0029,2025-08-22,2696,23.6114,63656.33,-781.87,GBP,MOCK_FEED
POS00700120250823,PORT007,INS0020,2025-08-23,236,10.2583,2420.96,66.51,GBP,MOCK_FEED
POS00700220250823,PORT007,INS0021,2025-08-23,3129,44.6551,139725.81,-4020.94,EUR,MOCK_FEED
POS00700320250823,PORT007,INS0022,2025-08-23,1143,44.5511,50921.91,-514.44,INR,MOCK_FEED
POS00700420250823,PORT007,INS0023,2025-08-23,806,57.0632,45992.94,215.05,GBP,MOCK_FEED
POS00700520250823,PORT007,INS0024,2025-08-23,751,66.7715,50145.4,449.07,EUR,MOCK_FEED
POS00700620250823,PORT007,INS0025,2025-08-23,857,26.354,22585.38,697.92,EUR,MOCK_FEED
POS00700720250823,PORT007,INS0026,2025-08-23,1566,55.5871,87049.4,437.58,USD,MOCK_FEED
POS00700820250823,PORT007,INS0027,2025-08-23,4306,17.0134,73259.7,2075.28,EUR,MOCK_FEED
POS00700920250823,PORT007,INS0028,2025-08-23,3693,41.7556,154203.43,-4551.98,INR,MOCK_FEED
POS00701020250823,PORT007,INS0029,2025-08-23,1866,23.1548,43206.86,720.93,INR,MOCK_FEED
POS00700120250824,PORT007,INS0020,2025-08-24,3825,10.3273,39501.92,-613.67,USD,MOCK_FEED
POS00700220250824,PORT007,INS0021,2025-08-24,2526,45.7272,115506.91,3193.83,GBP,MOCK_FEED
POS00700320250824,PORT007,INS0022,2025-08-24,1511,44.4453,67156.85,472.89,USD,MOCK_FEED
POS00700420250824,PORT007,INS0023,2025-08-24,3587,57.6966,206957.7,5314.64,INR,MOCK_FEED
POS00700520250824,PORT007,INS0024,2025-08-24,2315,66.657,154310.95,3776.53,EUR,MOCK_FEED
POS00700620250824,PORT007,INS0025,2025-08-24,3708,26.3328,97642.02,-2242.2,USD,MOCK_FEED
POS00700720250824,PORT007,INS0026,2025-08-24,4761,55.5684,264561.15,9625.44,EUR,MOCK_FEED
POS00700820250824,PORT007,INS0027,2025-08-24,1629,16.9338,27585.16,880.1,EUR,MOCK_FEED
POS00700920250824,PORT007,INS0028,2025-08-24,2602,41.792,108742.78,2745.27,GBP,MOCK_FEED
POS00701020250824,PORT007,INS0029,2025-08-24,1356,23.1985,31457.17,98.31,EUR,MOCK_FEED
POS00700120250825,PORT007,INS0020,2025-08-25,2442,10.2876,25122.32,0.99,INR,MOCK_FEED
POS00700220250825,PORT007,INS0021,2025-08-25,3362,45.887,154272.09,4262.69,GBP,MOCK_FEED
POS00700320250825,PORT007,INS0022,2025-08-25,1578,45.4724,71755.45,-1666.18,EUR,MOCK_FEED
POS00700420250825,PORT007,INS0023,2025-08-25,225,58.8536,13242.06,-45.4,EUR,MOCK_FEED
POS00700520250825,PORT007,INS0024,2025-08-25,4438,67.0007,297349.11,6632.1,USD,MOCK_FEED
POS00700620250825,PORT007,INS0025,2025-08-25,3625,26.7959,97135.14,-553.04,GBP,MOCK_FEED
POS00700720250825,PORT007,INS0026,2025-08-25,1109,55.834,61919.91,-1824.35,EUR,MOCK_FEED
POS00700820250825,PORT007,INS0027,2025-08-25,2123,16.8071,35681.47,828.45,GBP,MOCK_FEED
POS00700920250825,PORT007,INS0028,2025-08-25,587,40.8443,23975.6,850.51,INR,MOCK_FEED
POS00701020250825,PORT007,INS0029,2025-08-25,776,23.9726,18602.74,235.21,USD,MOCK_FEED
POS00700120250826,PORT007,INS0020,2025-08-26,4202,10.3618,43540.28,590.82,INR,MOCK_FEED
POS00700220250826,PORT007,INS0021,2025-08-26,2210,45.9668,101586.63,451.05,USD,MOCK_FEED
POS00700320250826,PORT007,INS0022,2025-08-26,4873,45.5218,221827.73,2495.68,EUR,MOCK_FEED
POS00700420250826,PORT007,INS0023,2025-08-26,3307,58.4704,193361.61,47.2,USD,MOCK_FEED
POS00700520250826,PORT007,INS0024,2025-08-26,435,67.6428,29424.62,47.81,INR,MOCK_FEED
POS00700620250826,PORT007,INS0025,2025-08-26,2166,26.3654,57107.46,-178.56,GBP,MOCK_FEED
POS00700720250826,PORT007,INS0026,2025-08-26,2099,56.7312,119078.79,-3147.87,INR,MOCK_FEED
POS00700820250826,PORT007,INS0027,2025-08-26,3353,16.8876,56624.12,-563.72,INR,MOCK_FEED
POS00700920250826,PORT007,INS0028,2025-08-26,1034,41.4564,42865.92,1282.33,EUR,MOCK_FEED
POS00701020250826,PORT007,INS0029,2025-08-26,3285,23.9513,78680.02,-1388.1,INR,MOCK_FEED
POS00700120250827,PORT007,INS0020,2025-08-27,3911,10.3953,40656.02,-1104.45,USD,MOCK_FEED
POS00700220250827,PORT007,INS0021,2025-08-27,1570,45.1654,70909.68,2676.06,USD,MOCK_FEED
POS00700320250827,PORT007,INS0022,2025-08-27,3597,44.7982,161139.13,5682.38,USD,MOCK_FEED
POS00700420250827,PORT007,INS0023,2025-08-27,472,58.047,27398.18,859.8,EUR,MOCK_FEED
POS00700520250827,PORT007,INS0024,2025-08-27,1969,67.4049,132720.25,2373.33,USD,MOCK_FEED
POS00700620250827,PORT007,INS0025,2025-08-27,4133,26.3596,108944.23,-1261.35,USD,MOCK_FEED
POS00700720250827,PORT007,INS0026,2025-08-27,2036,55.7737,113555.25,1843.12,GBP,MOCK_FEED
POS00700820250827,PORT007,INS0027,2025-08-27,1352,17.0363,23033.08,-131.44,INR,MOCK_FEED
POS00700920250827,PORT007,INS0028,2025-08-27,2649,40.8757,108279.73,4150.97,GBP,MOCK_FEED
POS00701020250827,PORT007,INS0029,2025-08-27,3309,23.9842,79363.72,1309.29,EUR,MOCK_FEED
POS00700120250828,PORT007,INS0020,2025-08-28,4513,10.2739,46366.11,-500.36,EUR,MOCK_FEED
POS00700220250828,PORT007,INS0021,2025-08-28,2121,44.6173,94633.29,-1087.83,USD,MOCK_FEED
POS00700320250828,PORT007,INS0022,2025-08-28,2484,44.7266,111100.87,3440.98,INR,MOCK_FEED
POS00700420250828,PORT007,INS0023,2025-08-28,1073,58.6,62877.8,2111.17,EUR,MOCK_FEED
POS00700520250828,PORT007,INS0024,2025-08-28,521,67.4765,35155.26,-10.78,GBP,MOCK_FEED
POS00700620250828,PORT007,INS0025,2025-08-28,3643,26.8089,97664.82,-1040.68,GBP,MOCK_FEED
POS00700720250828,PORT007,INS0026,2025-08-28,376,55.6971,20942.11,-244.35,USD,MOCK_FEED
POS00700820250828,PORT007,INS0027,2025-08-28,4040,17.3899,70255.2,1251.0,INR,MOCK_FEED
POS00700920250828,PORT007,INS0028,2025-08-28,2626,40.6855,106840.12,2353.42,INR,MOCK_FEED
POS00701020250828,PORT007,INS0029,2025-08-28,4659,23.5179,109569.9,-241.44,EUR,MOCK_FEED
POS00700120250829,PORT007,INS0020,2025-08-29,1405,10.3274,14510.0,453.54,USD,MOCK_FEED
POS00700220250829,PORT007,INS0021,2025-08-29,4148,44.5637,184850.23,-5105.8,USD,MOCK_FEED
POS00700320250829,PORT007,INS0022,2025-08-29,2233,44.0689,98405.85,-1503.43,GBP,MOCK_FEED
POS00700420250829,PORT007,INS0023,2025-08-29,2314,58.5139,135401.16,3945.57,INR,MOCK_FEED
POS00700520250829,PORT007,INS0024,2025-08-29,2746,66.6951,183144.74,-4289.5,GBP,MOCK_FEED
POS00700620250829,PORT007,INS0025,2025-08-29,3915,26.1116,102226.91,282.53,INR,MOCK_FEED
POS00700720250829,PORT007,INS0026,2025-08-29,3247,55.7795,181116.04,2333.84,EUR,MOCK_FEED
POS00700820250829,PORT007,INS0027,2025-08-29,2373,17.3246,41111.28,907.41,GBP,MOCK_FEED
POS00700920250829,PORT007,INS0028,2025-08-29,4726,40.3391,190642.59,3027.67,GBP,MOCK_FEED
POS00701020250829,PORT007,INS0029,2025-08-29,3846,23.0494,88647.99,1180.5,GBP,MOCK_FEED
POS00700120250830,PORT007,INS0020,2025-08-30,772,10.3596,7997.61,206.6,USD,MOCK_FEED
POS00700220250830,PORT007,INS0021,2025-08-30,4584,44.9648,206118.64,-4975.16,INR,MOCK_FEED
POS00700320250830,PORT007,INS0022,2025-08-30,632,43.1935,27298.29,-319.1,GBP,MOCK_FEED
POS00700420250830,PORT007,INS0023,2025-08-30,2416,59.0066,142559.95,188.89,EUR,MOCK_FEED
POS00700520250830,PORT007,INS0024,2025-08-30,1489,66.684,99292.48,560.41,INR,MOCK_FEED
POS00700620250830,PORT007,INS0025,2025-08-30,1570,26.1299,41023.94,1146.98,INR,MOCK_FEED
POS00700720250830,PORT007,INS0026,2025-08-30,2612,55.6778,145430.41,521.86,USD,MOCK_FEED
POS00700820250830,PORT007,INS0027,2025-08-30,3580,17.2248,61664.78,2039.76,GBP,MOCK_FEED
POS00700920250830,PORT007,INS0028,2025-08-30,3700,40.5387,149993.19,-389.58,GBP,MOCK_FEED
POS00701020250830,PORT007,INS0029,2025-08-30,3048,23.5677,71834.35,-942.1,GBP,MOCK_FEED
POS00700120250831,PORT007,INS0020,2025-08-31,2821,10.351,29200.17,467.32,EUR,MOCK_FEED
POS00700220250831,PORT007,INS0021,2025-08-31,4602,45.0261,207210.11,-1617.52,EUR,MOCK_FEED
POS00700320250831,PORT007,INS0022,2025-08-31,4362,42.6937,186229.92,-2456.47,GBP,MOCK_FEED
POS00700420250831,PORT007,INS0023,2025-08-31,2752,57.9328,159431.07,-502.05,INR,MOCK_FEED
POS00700520250831,PORT007,INS0024,2025-08-31,777,67.0134,52069.41,-1293.55,GBP,MOCK_FEED
POS00700620250831,PORT007,INS0025,2025-08-31,2756,26.8779,74075.49,1626.48,GBP,MOCK_FEED
POS00700720250831,PORT007,INS0026,2025-08-31,2795,55.068,153915.06,-2743.97,INR,MOCK_FEED
POS00700820250831,PORT007,INS0027,2025-08-31,2704,17.2678,46692.13,1468.14,USD,MOCK_FEED
POS00700920250831,PORT007,INS0028,2025-08-31,1553,41.2306,64031.12,2397.0,USD,MOCK_FEED
POS00701020250831,PORT007,INS0029,2025-08-31,4906,24.0023,117755.28,-1556.1,USD,MOCK_FEED
POS00700120250901,PORT007,INS0020,2025-09-01,2823,10.4433,29481.44,-537.59,EUR,MOCK_FEED
POS00700220250901,PORT007,INS0021,2025-09-01,809,45.4053,36732.89,-439.41,USD,MOCK_FEED
POS00700320250901,PORT007,INS0022,2025-09-01,3862,42.9899,166026.99,5149.56,INR,MOCK_FEED
POS00700420250901,PORT007,INS0023,2025-09-01,227,57.7307,13104.87,263.65,EUR,MOCK_FEED
POS00700520250901,PORT007,INS0024,2025-09-01,1090,67.249,73301.41,865.75,INR,MOCK_FEED
POS00700620250901,PORT007,INS0025,2025-09-01,4149,26.854,111417.25,116.37,EUR,MOCK_FEED
POS00700720250901,PORT007,INS0026,2025-09-01,1897,54.8339,104019.91,1062.73,GBP,MOCK_FEED
POS00700820250901,PORT007,INS0027,2025-09-01,4215,17.2785,72828.88,-1873.53,EUR,MOCK_FEED
POS00700920250901,PORT007,INS0028,2025-09-01,2023,41.1759,83298.85,-2321.58,GBP,MOCK_FEED
POS00701020250901,PORT007,INS0029,2025-09-01,2432,24.4149,59377.04,2127.48,EUR,MOCK_FEED
POS00700120250902,PORT007,INS0020,2025-09-02,2169,10.4507,22667.57,355.59,INR,MOCK_FEED
POS00700220250902,PORT007,INS0021,2025-09-02,3179,45.569,144863.85,-1405.02,INR,MOCK_FEED
POS00700320250902,PORT007,INS0022,2025-09-02,4280,42.5134,181957.35,-4736.63,EUR,MOCK_FEED
POS00700420250902,PORT007,INS0023,2025-09-02,984,57.0898,56176.36,2195.8,INR,MOCK_FEED
POS00700520250902,PORT007,INS0024,2025-09-02,1206,67.5783,81499.43,451.1,EUR,MOCK_FEED
POS00700620250902,PORT007,INS0025,2025-09-02,1390,26.6101,36988.04,265.65,USD,MOCK_FEED
POS00700720250902,PORT007,INS0026,2025-09-02,3535,54.8113,193757.95,-2758.31,GBP,MOCK_FEED
POS00700820250902,PORT007,INS0027,2025-09-02,696,17.2325,11993.82,-64.25,GBP,MOCK_FEED
POS00700920250902,PORT007,INS0028,2025-09-02,1411,40.9097,57723.59,1456.06,GBP,MOCK_FEED
POS00701020250902,PORT007,INS0029,2025-09-02,1600,24.4331,39092.96,687.67,EUR,MOCK_FEED
POS00700120250903,PORT007,INS0020,2025-09-03,2815,10.2323,28803.92,-155.85,EUR,MOCK_FEED
POS00700220250903,PORT007,INS0021,2025-09-03,1765,45.9549,81110.4,-2132.14,USD,MOCK_FEED
POS00700320250903,PORT007,INS0022,2025-09-03,2813,42.9449,120804.0,2697.17,GBP,MOCK_FEED
POS00700420250903,PORT007,INS0023,2025-09-03,616,55.7685,34353.4,-394.55,INR,MOCK_FEED
POS00700520250903,PORT007,INS0024,2025-09-03,3002,67.1214,201498.44,-3646.43,EUR,MOCK_FEED
POS00700620250903,PORT007,INS0025,2025-09-03,4119,26.3318,108460.68,819.18,USD,MOCK_FEED
POS00700720250903,PORT007,INS0026,2025-09-03,4319,55.2752,238733.59,940.94,GBP,MOCK_FEED
POS00700820250903,PORT007,INS0027,2025-09-03,4218,17.5451,74005.23,-544.15,GBP,MOCK_FEED
POS00700920250903,PORT007,INS0028,2025-09-03,1804,40.9799,73927.74,-1414.85,USD,MOCK_FEED
POS00701020250903,PORT007,INS0029,2025-09-03,891,23.9725,21359.5,765.01,GBP,MOCK_FEED
POS00700120250904,PORT007,INS0020,2025-09-04,1602,10.1735,16297.95,-356.43,GBP,MOCK_FEED
POS00700220250904,PORT007,INS0021,2025-09-04,761,45.7567,34820.85,943.69,GBP,MOCK_FEED
POS00700320250904,PORT007,INS0022,2025-09-04,4325,42.7318,184815.04,-4597.3,INR,MOCK_FEED
POS00700420250904,PORT007,INS0023,2025-09-04,1517,54.9397,83343.52,2817.56,USD,MOCK_FEED
POS00700520250904,PORT007,INS0024,2025-09-04,1587,66.8956,106163.32,-354.21,INR,MOCK_FEED
POS00700620250904,PORT007,INS0025,2025-09-04,1959,25.8401,50620.76,1886.37,USD,MOCK_FEED
POS00700720250904,PORT007,INS0026,2025-09-04,4477,55.654,249162.96,-3648.45,USD,MOCK_FEED
POS00700820250904,PORT007,INS0027,2025-09-04,2280,17.3278,39507.38,1109.76,INR,MOCK_FEED
POS00700920250904,PORT007,INS0028,2025-09-04,1043,41.1874,42958.46,254.78,EUR,MOCK_FEED
POS00701020250904,PORT007,INS0029,2025-09-04,4587,24.3388,111642.08,2159.82,EUR,MOCK_FEED
POS00700120250905,PORT007,INS0020,2025-09-05,4328,10.1897,44101.02,324.53,GBP,MOCK_FEED
POS00700220250905,PORT007,INS0021,2025-09-05,2148,45.7798,98335.01,3517.94,EUR,MOCK_FEED
POS00700320250905,PORT007,INS0022,2025-09-05,3242,44.0723,142882.4,-1613.64,GBP,MOCK_FEED
POS00700420250905,PORT007,INS0023,2025-09-05,342,54.3729,18595.53,332.67,GBP,MOCK_FEED
POS00700520250905,PORT007,INS0024,2025-09-05,4095,65.7902,269410.87,3388.59,GBP,MOCK_FEED
POS00700620250905,PORT007,INS0025,2025-09-05,1255,25.7537,32320.89,1242.66,USD,MOCK_FEED
POS00700720250905,PORT007,INS0026,2025-09-05,3766,56.4301,212515.76,943.04,EUR,MOCK_FEED
POS00700820250905,PORT007,INS0027,2025-09-05,1823,17.5423,31979.61,822.1,GBP,MOCK_FEED
POS00700920250905,PORT007,INS0028,2025-09-05,2990,41.5591,124261.71,3326.08,EUR,MOCK_FEED
POS00701020250905,PORT007,INS0029,2025-09-05,1519,24.8547,37754.29,-468.66,INR,MOCK_FEED
POS00700120250906,PORT007,INS0020,2025-09-06,2238,10.3604,23186.58,-145.8,USD,MOCK_FEED
POS00700220250906,PORT007,INS0021,2025-09-06,1174,45.6425,53584.29,-490.82,GBP,MOCK_FEED
POS00700320250906,PORT007,INS0022,2025-09-06,3475,44.5156,154691.71,-745.46,EUR,MOCK_FEED
POS00700420250906,PORT007,INS0023,2025-09-06,1658,53.7592,89132.75,-811.19,GBP,MOCK_FEED
POS00700520250906,PORT007,INS0024,2025-09-06,2446,66.344,162277.42,648.46,GBP,MOCK_FEED
POS00700620250906,PORT007,INS0025,2025-09-06,1264,26.2027,33120.21,513.6,INR,MOCK_FEED
POS00700720250906,PORT007,INS0026,2025-09-06,3952,55.9031,220929.05,-120.92,EUR,MOCK_FEED
POS00700820250906,PORT007,INS0027,2025-09-06,294,17.7366,5214.56,123.78,EUR,MOCK_FEED
POS00700920250906,PORT007,INS0028,2025-09-06,4082,42.2953,172649.41,-2731.08,USD,MOCK_FEED
POS00701020250906,PORT007,INS0029,2025-09-06,971,25.2492,24516.97,67.83,INR,MOCK_FEED
POS00700120250907,PORT007,INS0020,2025-09-07,4726,10.3689,49003.42,1008.1,USD,MOCK_FEED
POS00700220250907,PORT007,INS0021,2025-09-07,1946,45.4888,88521.2,980.26,USD,MOCK_FEED
POS00700320250907,PORT007,INS0022,2025-09-07,4422,45.1764,199770.04,1295.05,USD,MOCK_FEED
POS00700420250907,PORT007,INS0023,2025-09-07,392,53.2863,20888.23,586.55,GBP,MOCK_FEED
POS00700520250907,PORT007,INS0024,2025-09-07,2730,65.3214,178327.42,-1987.65,USD,MOCK_FEED
POS00700620250907,PORT007,INS0025,2025-09-07,1162,26.1941,30437.54,-716.9,GBP,MOCK_FEED
POS00700720250907,PORT007,INS0026,2025-09-07,454,56.5642,25680.15,827.12,USD,MOCK_FEED
POS00700820250907,PORT007,INS0027,2025-09-07,4986,17.894,89219.48,-2498.6,INR,MOCK_FEED
POS00700920250907,PORT007,INS0028,2025-09-07,3709,42.9615,159344.2,2862.7,GBP,MOCK_FEED
POS00701020250907,PORT007,INS0029,2025-09-07,368,25.4248,9356.33,-250.37,USD,MOCK_FEED
POS00700120250908,PORT007,INS0020,2025-09-08,3750,10.3989,38995.88,1451.88,EUR,MOCK_FEED
POS00700220250908,PORT007,INS0021,2025-09-08,3613,45.6808,165044.73,4651.5,INR,MOCK_FEED
POS00700320250908,PORT007,INS0022,2025-09-08,2916,44.6194,130110.17,-95.86,GBP,MOCK_FEED
POS00700420250908,PORT007,INS0023,2025-09-08,2239,53.1323,118963.22,3413.1,GBP,MOCK_FEED
POS00700520250908,PORT007,INS0024,2025-09-08,844,64.7066,54612.37,325.34,USD,MOCK_FEED
POS00700620250908,PORT007,INS0025,2025-09-08,264,25.612,6761.57,248.79,EUR,MOCK_FEED
POS00700720250908,PORT007,INS0026,2025-09-08,2275,55.9064,127187.06,-588.24,INR,MOCK_FEED
POS00700820250908,PORT007,INS0027,2025-09-08,4212,17.6867,74496.38,894.61,INR,MOCK_FEED
POS00700920250908,PORT007,INS0028,2025-09-08,3379,43.3479,146472.55,1939.9,INR,MOCK_FEED
POS00701020250908,PORT007,INS0029,2025-09-08,513,25.199,12927.09,371.16,USD,MOCK_FEED
POS00700120250909,PORT007,INS0020,2025-09-09,4017,10.3304,41497.22,2.99,EUR,MOCK_FEED
POS00700220250909,PORT007,INS0021,2025-09-09,2643,45.1526,119338.32,-1507.72,INR,MOCK_FEED
POS00700320250909,PORT007,INS0022,2025-09-09,2956,44.8568,132596.7,1861.74,INR,MOCK_FEED
POS00700420250909,PORT007,INS0023,2025-09-09,2928,52.7629,154489.77,513.91,GBP,MOCK_FEED
POS00700520250909,PORT007,INS0024,2025-09-09,3255,63.8473,207822.96,5782.48,INR,MOCK_FEED
POS00700620250909,PORT007,INS0025,2025-09-09,141,25.2492,3560.14,96.31,EUR,MOCK_FEED
POS00700720250909,PORT007,INS0026,2025-09-09,340,54.8836,18660.42,-72.92,USD,MOCK_FEED
POS00700820250909,PORT007,INS0027,2025-09-09,3670,17.5383,64365.56,1261.38,USD,MOCK_FEED
POS00700920250909,PORT007,INS0028,2025-09-09,4406,43.214,190400.88,6114.68,INR,MOCK_FEED
POS00701020250909,PORT007,INS0029,2025-09-09,3440,25.272,86935.68,-2291.8,EUR,MOCK_FEED
POS00700120250910,PORT007,INS0020,2025-09-10,3449,10.4478,36034.46,1325.77,USD,MOCK_FEED
POS00700220250910,PORT007,INS0021,2025-09-10,2990,46.0545,137702.95,-2709.79,USD,MOCK_FEED
POS00700320250910,PORT007,INS0022,2025-09-10,2585,45.0518,116458.9,3784.06,GBP,MOCK_FEED
POS00700420250910,PORT007,INS0023,2025-09-10,1914,51.6206,98801.83,700.86,USD,MOCK_FEED
POS00700520250910,PORT007,INS0024,2025-09-10,767,64.1335,49190.39,1583.46,INR,MOCK_FEED
POS00700620250910,PORT007,INS0025,2025-09-10,2986,24.8503,74203.0,2320.68,GBP,MOCK_FEED
POS00700720250910,PORT007,INS0026,2025-09-10,3813,54.0958,206267.29,10.38,EUR,MOCK_FEED
POS00700820250910,PORT007,INS0027,2025-09-10,4833,17.5974,85048.23,-1632.0,GBP,MOCK_FEED
POS00700920250910,PORT007,INS0028,2025-09-10,3748,42.238,158308.02,1883.47,INR,MOCK_FEED
POS00701020250910,PORT007,INS0029,2025-09-10,1922,25.1773,48390.77,-246.97,INR,MOCK_FEED
POS00700120250911,PORT007,INS0020,2025-09-11,1010,10.3067,10409.77,380.63,EUR,MOCK_FEED
POS00700220250911,PORT007,INS0021,2025-09-11,2883,45.8924,132307.79,4843.41,EUR,MOCK_FEED
POS00700320250911,PORT007,INS0022,2025-09-11,4881,44.4301,216863.32,-6269.11,USD,MOCK_FEED
POS00700420250911,PORT007,INS0023,2025-09-11,4470,52.5043,234694.22,4273.9,USD,MOCK_FEED
POS00700520250911,PORT007,INS0024,2025-09-11,3000,64.1419,192425.7,4157.75,INR,MOCK_FEED
POS00700620250911,PORT007,INS0025,2025-09-11,3923,24.8866,97630.13,1805.98,GBP,MOCK_FEED
POS00700720250911,PORT007,INS0026,2025-09-11,3388,54.337,184093.76,-2452.38,EUR,MOCK_FEED
POS00700820250911,PORT007,INS0027,2025-09-11,4290,17.7413,76110.18,-125.76,EUR,MOCK_FEED
POS00700920250911,PORT007,INS0028,2025-09-11,959,42.6458,40897.32,1469.69,GBP,MOCK_FEED
POS00701020250911,PORT007,INS0029,2025-09-11,2133,25.2207,53795.75,1547.55,INR,MOCK_FEED
POS00700120250912,PORT007,INS0020,2025-09-12,1541,10.4164,16051.67,-370.1,EUR,MOCK_FEED
POS00700220250912,PORT007,INS0021,2025-09-12,3605,45.9376,165605.05,-2024.99,USD,MOCK_FEED
POS00700320250912,PORT007,INS0022,2025-09-12,1406,44.0935,61995.46,-1667.07,INR,MOCK_FEED
POS00700420250912,PORT007,INS0023,2025-09-12,3692,52.5887,194157.48,-642.46,INR,MOCK_FEED
POS00700520250912,PORT007,INS0024,2025-09-12,1162,64.3549,74780.39,-883.78,USD,MOCK_FEED
POS00700620250912,PORT007,INS0025,2025-09-12,3655,24.8985,91004.02,-1281.92,EUR,MOCK_FEED
POS00700720250912,PORT007,INS0026,2025-09-12,4897,54.2337,265582.43,1133.44,EUR,MOCK_FEED
POS00700820250912,PORT007,INS0027,2025-09-12,1321,17.7892,23499.53,216.42,GBP,MOCK_FEED
POS00700920250912,PORT007,INS0028,2025-09-12,1120,42.7383,47866.9,-640.05,EUR,MOCK_FEED
POS00701020250912,PORT007,INS0029,2025-09-12,424,25.5834,10847.36,-175.29,GBP,MOCK_FEED
POS00700120250913,PORT007,INS0020,2025-09-13,2540,10.5502,26797.51,-451.16,EUR,MOCK_FEED
POS00700220250913,PORT007,INS0021,2025-09-13,3661,46.6424,170757.83,3360.11,INR,MOCK_FEED
POS00700320250913,PORT007,INS0022,2025-09-13,1485,44.3858,65912.91,2578.53,INR,MOCK_FEED
POS00700420250913,PORT007,INS0023,2025-09-13,3062,52.7399,161489.57,841.22,GBP,MOCK_FEED
POS00700520250913,PORT007,INS0024,2025-09-13,354,64.2448,22742.66,418.97,EUR,MOCK_FEED
POS00700620250913,PORT007,INS0025,2025-09-13,3569,24.7718,88410.55,2843.94,GBP,MOCK_FEED
POS00700720250913,PORT007,INS0026,2025-09-13,3546,54.9217,194752.35,-940.4,USD,MOCK_FEED
POS00700820250913,PORT007,INS0027,2025-09-13,3561,18.1478,64624.32,1842.76,EUR,MOCK_FEED
POS00700920250913,PORT007,INS0028,2025-09-13,4747,43.4714,206358.74,-5598.43,USD,MOCK_FEED
POS00701020250913,PORT007,INS0029,2025-09-13,167,25.8631,4319.14,-4.68,USD,MOCK_FEED
POS00700120250914,PORT007,INS0020,2025-09-14,671,10.6158,7123.2,49.66,GBP,MOCK_FEED
POS00700220250914,PORT007,INS0021,2025-09-14,1101,46.634,51344.03,180.28,EUR,MOCK_FEED
POS00700320250914,PORT007,INS0022,2025-09-14,3342,44.3053,148068.31,-1132.48,USD,MOCK_FEED
POS00700420250914,PORT007,INS0023,2025-09-14,2559,51.9185,132859.44,4361.05,EUR,MOCK_FEED
POS00700520250914,PORT007,INS0024,2025-09-14,2030,63.5418,128989.85,100.88,INR,MOCK_FEED
POS00700620250914,PORT007,INS0025,2025-09-14,4763,24.6982,117637.53,1584.42,EUR,MOCK_FEED
POS00700720250914,PORT007,INS0026,2025-09-14,268,55.8099,14957.05,108.72,USD,MOCK_FEED
POS00700820250914,PORT007,INS0027,2025-09-14,937,18.0872,16947.71,368.73,GBP,MOCK_FEED
POS00700920250914,PORT007,INS0028,2025-09-14,2464,43.6356,107518.12,3445.82,GBP,MOCK_FEED
POS00701020250914,PORT007,INS0029,2025-09-14,3820,24.9351,95252.08,3228.55,GBP,MOCK_FEED
POS00700120250915,PORT007,INS0020,2025-09-15,2197,10.5394,23155.06,310.93,INR,MOCK_FEED
POS00700220250915,PORT007,INS0021,2025-09-15,4304,47.5617,204705.56,-5985.83,GBP,MOCK_FEED
POS00700320250915,PORT007,INS0022,2025-09-15,194,44.8947,8709.57,-77.56,INR,MOCK_FEED
POS00700420250915,PORT007,INS0023,2025-09-15,2416,52.6866,127290.83,1255.96,GBP,MOCK_FEED
POS00700520250915,PORT007,INS0024,2025-09-15,2955,63.5632,187829.26,79.85,GBP,MOCK_FEED
POS00700620250915,PORT007,INS0025,2025-09-15,3016,24.2377,73100.9,-1200.75,INR,MOCK_FEED
POS00700720250915,PORT007,INS0026,2025-09-15,4081,55.405,226107.8,3388.95,INR,MOCK_FEED
POS00700820250915,PORT007,INS0027,2025-09-15,3650,18.1526,66256.99,1265.5,USD,MOCK_FEED
POS00700920250915,PORT007,INS0028,2025-09-15,689,43.6198,30054.04,249.24,INR,MOCK_FEED
POS00701020250915,PORT007,INS0029,2025-09-15,205,24.815,5087.07,-128.3,GBP,MOCK_FEED
POS00700120250916,PORT007,INS0020,2025-09-16,4362,10.5083,45837.2,-59.31,USD,MOCK_FEED
POS00700220250916,PORT007,INS0021,2025-09-16,2716,47.9062,130113.24,-1162.2,USD,MOCK_FEED
POS00700320250916,PORT007,INS0022,2025-09-16,1562,44.2983,69193.94,2704.47,GBP,MOCK_FEED
POS00700420250916,PORT007,INS0023,2025-09-16,2187,52.1837,114125.75,-2740.83,EUR,MOCK_FEED
POS00700520250916,PORT007,INS0024,2025-09-16,1406,62.7608,88241.68,-2387.78,INR,MOCK_FEED
POS00700620250916,PORT007,INS0025,2025-09-16,3374,24.1431,81458.82,-363.04,INR,MOCK_FEED
POS00700720250916,PORT007,INS0026,2025-09-16,3258,55.2686,180065.1,2368.71,USD,MOCK_FEED
POS00700820250916,PORT007,INS0027,2025-09-16,3926,18.0663,70928.29,-1421.14,GBP,MOCK_FEED
POS00700920250916,PORT007,INS0028,2025-09-16,762,44.374,33812.99,-719.46,EUR,MOCK_FEED
POS00701020250916,PORT007,INS0029,2025-09-16,3315,24.791,82182.17,-1699.28,EUR,MOCK_FEED
POS00700120250917,PORT007,INS0020,2025-09-17,1387,10.4824,14539.09,-376.38,USD,MOCK_FEED
POS00700220250917,PORT007,INS0021,2025-09-17,882,47.3665,41777.25,-952.52,GBP,MOCK_FEED
POS00700320250917,PORT007,INS0022,2025-09-17,3909,44.8442,175295.98,-3301.38,EUR,MOCK_FEED
POS00700420250917,PORT007,INS0023,2025-09-17,4930,53.0344,261459.59,4853.42,EUR,MOCK_FEED
POS00700520250917,PORT007,INS0024,2025-09-17,435,64.0186,27848.09,-126.19,EUR,MOCK_FEED
POS00700620250917,PORT007,INS0025,2025-09-17,2187,24.0646,52629.28,-589.9,USD,MOCK_FEED
POS00700720250917,PORT007,INS0026,2025-09-17,866,55.2765,47869.45,815.46,INR,MOCK_FEED
POS00700820250917,PORT007,INS0027,2025-09-17,663,17.9779,11919.35,-173.75,USD,MOCK_FEED
POS00700920250917,PORT007,INS0028,2025-09-17,1682,44.2187,74375.85,2933.91,USD,MOCK_FEED
POS00701020250917,PORT007,INS0029,2025-09-17,3211,24.8092,79662.34,-2066.29,GBP,MOCK_FEED
POS00700120250918,PORT007,INS0020,2025-09-18,2699,10.6087,28632.88,1132.46,EUR,MOCK_FEED
POS00700220250918,PORT007,INS0021,2025-09-18,3502,47.2334,165411.37,698.76,USD,MOCK_FEED
POS00700320250918,PORT007,INS0022,2025-09-18,1793,44.6207,80004.92,239.48,INR,MOCK_FEED
POS00700420250918,PORT007,INS0023,2025-09-18,1723,54.0568,93139.87,-399.13,USD,MOCK_FEED
POS00700520250918,PORT007,INS0024,2025-09-18,1085,63.4626,68856.92,-1791.88,INR,MOCK_FEED
POS00700620250918,PORT007,INS0025,2025-09-18,4790,24.3264,116523.46,-385.83,INR,MOCK_FEED
POS00700720250918,PORT007,INS0026,2025-09-18,3947,55.6639,219705.41,4863.54,USD,MOCK_FEED
POS00700820250918,PORT007,INS0027,2025-09-18,2365,18.1029,42813.36,-7.84,USD,MOCK_FEED
POS00700920250918,PORT007,INS0028,2025-09-18,1591,44.2583,70414.96,1606.26,INR,MOCK_FEED
POS00701020250918,PORT007,INS0029,2025-09-18,1583,24.5042,38790.15,1010.51,INR,MOCK_FEED
POS00700120250919,PORT007,INS0020,2025-09-19,374,10.5092,3930.44,-28.3,INR,MOCK_FEED
POS00700220250919,PORT007,INS0021,2025-09-19,2173,46.7848,101663.37,-209.67,INR,MOCK_FEED
POS00700320250919,PORT007,INS0022,2025-09-19,3444,44.8166,154348.37,5443.88,GBP,MOCK_FEED
POS00700420250919,PORT007,INS0023,2025-09-19,4452,54.3893,242141.16,-1564.53,INR,MOCK_FEED
POS00700520250919,PORT007,INS0024,2025-09-19,591,63.0562,37266.21,-870.79,USD,MOCK_FEED
POS00700620250919,PORT007,INS0025,2025-09-19,3133,24.0119,75229.28,2071.61,INR,MOCK_FEED
POS00700720250919,PORT007,INS0026,2025-09-19,3853,55.7546,214822.47,4663.74,GBP,MOCK_FEED
POS00700820250919,PORT007,INS0027,2025-09-19,3832,17.952,68792.06,-765.59,INR,MOCK_FEED
POS00700920250919,PORT007,INS0028,2025-09-19,4444,44.8899,199490.72,3039.33,GBP,MOCK_FEED
POS00701020250919,PORT007,INS0029,2025-09-19,721,24.2939,17515.9,77.95,INR,MOCK_FEED
POS00700120250920,PORT007,INS0020,2025-09-20,4022,10.5011,42235.42,1478.42,USD,MOCK_FEED
POS00700220250920,PORT007,INS0021,2025-09-20,3555,47.0926,167414.19,86.18,USD,MOCK_FEED
POS00700320250920,PORT007,INS0022,2025-09-20,2239,44.7291,100148.45,-1765.35,USD,MOCK_FEED
POS00700420250920,PORT007,INS0023,2025-09-20,831,53.7614,44675.72,-92.64,INR,MOCK_FEED
POS00700520250920,PORT007,INS0024,2025-09-20,3260,61.5889,200779.81,-3104.29,GBP,MOCK_FEED
POS00700620250920,PORT007,INS0025,2025-09-20,4127,24.1242,99560.57,1163.89,INR,MOCK_FEED
POS00700720250920,PORT007,INS0026,2025-09-20,4505,56.2062,253208.93,-2254.53,INR,MOCK_FEED
POS00700820250920,PORT007,INS0027,2025-09-20,2800,18.2743,51168.04,1154.34,EUR,MOCK_FEED
POS00700920250920,PORT007,INS0028,2025-09-20,4333,45.251,196072.58,5159.26,GBP,MOCK_FEED
POS00701020250920,PORT007,INS0029,2025-09-20,2903,24.1935,70233.73,-790.36,EUR,MOCK_FEED
POS00700120250921,PORT007,INS0020,2025-09-21,1378,10.2101,14069.52,2.73,INR,MOCK_FEED
POS00700220250921,PORT007,INS0021,2025-09-21,1697,46.704,79256.69,147.09,INR,MOCK_FEED
POS00700320250921,PORT007,INS0022,2025-09-21,441,44.9496,19822.77,730.49,GBP,MOCK_FEED
POS00700420250921,PORT007,INS0023,2025-09-21,577,53.2058,30699.75,-320.71,USD,MOCK_FEED
POS00700520250921,PORT007,INS0024,2025-09-21,3463,60.3724,209069.62,-5928.64,GBP,MOCK_FEED
POS00700620250921,PORT007,INS0025,2025-09-21,2690,23.9248,64357.71,797.83,GBP,MOCK_FEED
POS00700720250921,PORT007,INS0026,2025-09-21,1748,55.9434,97789.06,3481.98,EUR,MOCK_FEED
POS00700820250921,PORT007,INS0027,2025-09-21,4633,18.0041,83413.0,2682.7,GBP,MOCK_FEED
POS00700920250921,PORT007,INS0028,2025-09-21,2581,45.4032,117185.66,-2529.15,INR,MOCK_FEED
POS00701020250921,PORT007,INS0029,2025-09-21,4294,24.3187,104424.5,-932.42,USD,MOCK_FEED
POS00700120250922,PORT007,INS0020,2025-09-22,1173,10.1196,11870.29,312.59,INR,MOCK_FEED
POS00700220250922,PORT007,INS0021,2025-09-22,1292,47.4032,61244.93,865.45,INR,MOCK_FEED
POS00700320250922,PORT007,INS0022,2025-09-22,2602,44.5747,115983.37,2541.99,EUR,MOCK_FEED
POS00700420250922,PORT007,INS0023,2025-09-22,4275,54.1775,231608.81,571.93,GBP,MOCK_FEED
POS00700520250922,PORT007,INS0024,2025-09-22,2554,59.9484,153108.21,4164.19,EUR,MOCK_FEED
POS00700620250922,PORT007,INS0025,2025-09-22,3278,23.683,77632.87,622.72,USD,MOCK_FEED
POS00700720250922,PORT007,INS0026,2025-09-22,1549,56.8254,88022.54,2795.4,USD,MOCK_FEED
POS00700820250922,PORT007,INS0027,2025-09-22,4493,18.0385,81046.98,-2242.53,EUR,MOCK_FEED
POS00700920250922,PORT007,INS0028,2025-09-22,188,44.4279,8352.45,9.87,GBP,MOCK_FEED
POS00701020250922,PORT007,INS0029,2025-09-22,791,24.796,19613.64,143.41,GBP,MOCK_FEED
POS00700120250923,PORT007,INS0020,2025-09-23,4447,10.1287,45042.33,-1280.02,GBP,MOCK_FEED
POS00700220250923,PORT007,INS0021,2025-09-23,3864,48.3306,186749.44,-5365.2,EUR,MOCK_FEED
POS00700320250923,PORT007,INS0022,2025-09-23,4214,44.5174,187596.32,-803.68,INR,MOCK_FEED
POS00700420250923,PORT007,INS0023,2025-09-23,794,54.0952,42951.59,-922.54,INR,MOCK_FEED
POS00700520250923,PORT007,INS0024,2025-09-23,1510,60.1382,90808.68,2017.34,EUR,MOCK_FEED
POS00700620250923,PORT007,INS0025,2025-09-23,1616,23.8745,38581.19,1498.35,INR,MOCK_FEED
POS00700720250923,PORT007,INS0026,2025-09-23,2381,56.4137,134321.02,3166.21,USD,MOCK_FEED
POS00700820250923,PORT007,INS0027,2025-09-23,1945,17.9343,34882.21,-994.24,GBP,MOCK_FEED
POS00700920250923,PORT007,INS0028,2025-09-23,4398,44.0332,193658.01,7600.47,INR,MOCK_FEED
POS00701020250923,PORT007,INS0029,2025-09-23,1676,24.8571,41660.5,1246.54,INR,MOCK_FEED
POS00700120250924,PORT007,INS0020,2025-09-24,4133,10.0606,41580.46,1564.31,GBP,MOCK_FEED
POS00700220250924,PORT007,INS0021,2025-09-24,1640,48.3092,79227.09,656.57,GBP,MOCK_FEED
POS00700320250924,PORT007,INS0022,2025-09-24,1322,44.2864,58546.62,2255.49,EUR,MOCK_FEED
POS00700420250924,PORT007,INS0023,2025-09-24,2194,53.0197,116325.22,2829.36,INR,MOCK_FEED
POS00700520250924,PORT007,INS0024,2025-09-24,2077,61.1355,126978.43,-2587.68,INR,MOCK_FEED
POS00700620250924,PORT007,INS0025,2025-09-24,2336,23.9866,56032.7,9.59,USD,MOCK_FEED
POS00700720250924,PORT007,INS0026,2025-09-24,517,56.2247,29068.17,514.58,EUR,MOCK_FEED
POS00700820250924,PORT007,INS0027,2025-09-24,258,17.9884,4641.01,145.58,GBP,MOCK_FEED
POS00700920250924,PORT007,INS0028,2025-09-24,1987,43.9599,87348.32,-242.77,INR,MOCK_FEED
POS00701020250924,PORT007,INS0029,2025-09-24,2785,24.6835,68743.55,-985.41,USD,MOCK_FEED
POS00700120250925,PORT007,INS0020,2025-09-25,4328,9.9799,43193.01,-1014.0,USD,MOCK_FEED
POS00700220250925,PORT007,INS0021,2025-09-25,4158,48.2523,200633.06,-3526.17,INR,MOCK_FEED
POS00700320250925,PORT007,INS0022,2025-09-25,4944,45.4232,224572.3,3984.51,EUR,MOCK_FEED
POS00700420250925,PORT007,INS0023,2025-09-25,1630,53.2426,86785.44,2250.57,EUR,MOCK_FEED
POS00700520250925,PORT007,INS0024,2025-09-25,210,63.1375,13258.88,458.47,EUR,MOCK_FEED
POS00700620250925,PORT007,INS0025,2025-09-25,3083,23.8623,73567.47,-1404.52,USD,MOCK_FEED
POS00700720250925,PORT007,INS0026,2025-09-25,4342,56.8803,246974.26,1668.51,USD,MOCK_FEED
POS00700820250925,PORT007,INS0027,2025-09-25,2476,18.0706,44742.81,-473.96,USD,MOCK_FEED
POS00700920250925,PORT007,INS0028,2025-09-25,566,43.4734,24605.94,-458.84,INR,MOCK_FEED
POS00701020250925,PORT007,INS0029,2025-09-25,1627,23.9985,39045.56,-569.03,GBP,MOCK_FEED
POS00700120250926,PORT007,INS0020,2025-09-26,2561,10.089,25837.93,-567.17,EUR,MOCK_FEED
POS00700220250926,PORT007,INS0021,2025-09-26,2618,46.9218,122841.27,-46.83,EUR,MOCK_FEED
POS00700320250926,PORT007,INS0022,2025-09-26,4808,45.0364,216535.01,3985.01,EUR,MOCK_FEED
POS00700420250926,PORT007,INS0023,2025-09-26,3387,52.8802,179105.24,3520.92,GBP,MOCK_FEED
POS00700520250926,PORT007,INS0024,2025-09-26,218,63.0795,13751.33,110.72,GBP,MOCK_FEED
POS00700620250926,PORT007,INS0025,2025-09-26,2003,24.0515,48175.15,286.01,INR,MOCK_FEED
POS00700720250926,PORT007,INS0026,2025-09-26,1692,57.2775,96913.53,-723.02,INR,MOCK_FEED
POS00700820250926,PORT007,INS0027,2025-09-26,647,18.1727,11757.74,-63.72,GBP,MOCK_FEED
POS00700920250926,PORT007,INS0028,2025-09-26,1399,43.7025,61139.8,-677.15,INR,MOCK_FEED
POS00701020250926,PORT007,INS0029,2025-09-26,1581,23.7501,37548.91,1299.7,EUR,MOCK_FEED
POS00700120250927,PORT007,INS0020,2025-09-27,4130,10.0758,41613.05,-157.82,GBP,MOCK_FEED
POS00700220250927,PORT007,INS0021,2025-09-27,4073,45.9431,187126.25,-1119.41,EUR,MOCK_FEED
POS00700320250927,PORT007,INS0022,2025-09-27,3060,46.275,141601.5,-2192.68,EUR,MOCK_FEED
POS00700420250927,PORT007,INS0023,2025-09-27,3707,52.5657,194861.05,-4116.12,INR,MOCK_FEED
POS00700520250927,PORT007,INS0024,2025-09-27,1301,61.6165,80163.07,2488.48,GBP,MOCK_FEED
POS00700620250927,PORT007,INS0025,2025-09-27,3036,24.2669,73674.31,-140.33,EUR,MOCK_FEED
POS00700720250927,PORT007,INS0026,2025-09-27,793,58.2566,46197.48,835.19,USD,MOCK_FEED
POS00700820250927,PORT007,INS0027,2025-09-27,3059,18.2579,55850.92,717.05,EUR,MOCK_FEED
POS00700920250927,PORT007,INS0028,2025-09-27,2045,43.6967,89359.75,1786.18,EUR,MOCK_FEED
POS00701020250927,PORT007,INS0029,2025-09-27,3451,23.5422,81244.13,-1221.82,EUR,MOCK_FEED
POS00700120250928,PORT007,INS0020,2025-09-28,3613,10.0362,36260.79,303.61,INR,MOCK_FEED
POS00700220250928,PORT007,INS0021,2025-09-28,329,45.5856,14997.66,-215.53,USD,MOCK_FEED
POS00700320250928,PORT007,INS0022,2025-09-28,4857,46.1729,224261.78,2045.22,USD,MOCK_FEED
POS00700420250928,PORT007,INS0023,2025-09-28,4110,52.9084,217453.52,7224.32,EUR,MOCK_FEED
POS00700520250928,PORT007,INS0024,2025-09-28,674,61.7499,41619.43,55.17,GBP,MOCK_FEED
POS00700620250928,PORT007,INS0025,2025-09-28,2188,24.5714,53762.22,-1126.81,USD,MOCK_FEED
POS00700720250928,PORT007,INS0026,2025-09-28,1444,58.8321,84953.55,3104.15,INR,MOCK_FEED
POS00700820250928,PORT007,INS0027,2025-09-28,4605,18.0564,83149.72,1499.19,GBP,MOCK_FEED
POS00700920250928,PORT007,INS0028,2025-09-28,2780,44.0703,122515.43,3589.14,EUR,MOCK_FEED
POS00701020250928,PORT007,INS0029,2025-09-28,4189,22.9649,96199.97,-1933.67,USD,MOCK_FEED
POS00700120250929,PORT007,INS0020,2025-09-29,187,10.0757,1884.16,-28.0,GBP,MOCK_FEED
POS00700220250929,PORT007,INS0021,2025-09-29,3000,45.805,137415.0,1769.86,GBP,MOCK_FEED
POS00700320250929,PORT007,INS0022,2025-09-29,3024,46.0044,139117.31,2917.02,GBP,MOCK_FEED
POS00700420250929,PORT007,INS0023,2025-09-29,1820,53.4659,97307.94,-1878.44,INR,MOCK_FEED
POS00700520250929,PORT007,INS0024,2025-09-29,3547,61.1066,216745.11,-8.05,GBP,MOCK_FEED
POS00700620250929,PORT007,INS0025,2025-09-29,873,24.6056,21480.69,397.75,USD,MOCK_FEED
POS00700720250929,PORT007,INS0026,2025-09-29,2452,58.4262,143261.04,3053.51,GBP,MOCK_FEED
POS00700820250929,PORT007,INS0027,2025-09-29,1612,17.5759,28332.35,73.22,USD,MOCK_FEED
POS00700920250929,PORT007,INS0028,2025-09-29,1359,44.5055,60482.97,203.23,EUR,MOCK_FEED
POS00701020250929,PORT007,INS0029,2025-09-29,569,23.0142,13095.08,217.4,EUR,MOCK_FEED
POS00700120250930,PORT007,INS0020,2025-09-30,635,10.0385,6374.45,191.87,INR,MOCK_FEED
POS00700220250930,PORT007,INS0021,2025-09-30,2504,45.7976,114677.19,-2148.9,EUR,MOCK_FEED
POS00700320250930,PORT007,INS0022,2025-09-30,4021,46.6474,187569.2,-4793.72,INR,MOCK_FEED
POS00700420250930,PORT007,INS0023,2025-09-30,4016,53.8526,216272.04,6295.45,GBP,MOCK_FEED
POS00700520250930,PORT007,INS0024,2025-09-30,1546,61.2108,94631.9,-1704.33,INR,MOCK_FEED
POS00700620250930,PORT007,INS0025,2025-09-30,1859,24.3158,45203.07,-249.47,INR,MOCK_FEED
POS00700720250930,PORT007,INS0026,2025-09-30,1716,57.9549,99450.61,-2074.6,GBP,MOCK_FEED
POS00700820250930,PORT007,INS0027,2025-09-30,3672,17.6315,64742.87,1617.02,EUR,MOCK_FEED
POS00700920250930,PORT007,INS0028,2025-09-30,1024,44.4203,45486.39,-1155.0,USD,MOCK_FEED
POS00701020250930,PORT007,INS0029,2025-09-30,1498,22.6017,33857.35,-575.69,GBP,MOCK_FEED
POS00700120251001,PORT007,INS0020,2025-10-01,4950,9.8978,48994.11,-987.45,INR,MOCK_FEED
POS00700220251001,PORT007,INS0021,2025-10-01,956,45.3263,43331.94,1308.7,GBP,MOCK_FEED
POS00700320251001,PORT007,INS0022,2025-10-01,4405,46.9512,206820.04,-561.23,USD,MOCK_FEED
POS00700420251001,PORT007,INS0023,2025-10-01,4798,54.226,260176.35,-890.99,INR,MOCK_FEED
POS00700520251001,PORT007,INS0024,2025-10-01,2978,61.1704,182165.45,25.54,EUR,MOCK_FEED
POS00700620251001,PORT007,INS0025,2025-10-01,3891,24.1344,93906.95,-2519.15,EUR,MOCK_FEED
POS00700720251001,PORT007,INS0026,2025-10-01,2627,56.9821,149691.98,2639.55,EUR,MOCK_FEED
POS00700820251001,PORT007,INS0027,2025-10-01,2299,17.3387,39861.67,-1061.76,GBP,MOCK_FEED
POS00700920251001,PORT007,INS0028,2025-10-01,152,44.5727,6775.05,59.31,USD,MOCK_FEED
POS00701020251001,PORT007,INS0029,2025-10-01,4447,22.4642,99898.3,-1005.07,EUR,MOCK_FEED
POS00700120251002,PORT007,INS0020,2025-10-02,3798,9.937,37740.73,19.21,USD,MOCK_FEED
POS00700220251002,PORT007,INS0021,2025-10-02,135,45.2838,6113.31,-139.66,GBP,MOCK_FEED
POS00700320251002,PORT007,INS0022,2025-10-02,4647,46.2421,214887.04,-6329.41,GBP,MOCK_FEED
POS00700420251002,PORT007,INS0023,2025-10-02,3166,54.2267,171681.73,5296.48,EUR,MOCK_FEED
POS00700520251002,PORT007,INS0024,2025-10-02,2552,61.6182,157249.65,3743.61,USD,MOCK_FEED
POS00700620251002,PORT007,INS0025,2025-10-02,4599,23.9844,110304.26,-946.32,INR,MOCK_FEED
POS00700720251002,PORT007,INS0026,2025-10-02,1589,57.4899,91351.45,610.43,GBP,MOCK_FEED
POS00700820251002,PORT007,INS0027,2025-10-02,3989,17.201,68614.79,336.77,EUR,MOCK_FEED
POS00700920251002,PORT007,INS0028,2025-10-02,4287,44.3144,189975.83,5047.88,INR,MOCK_FEED
POS00701020251002,PORT007,INS0029,2025-10-02,3187,22.4557,71566.32,-5.42,USD,MOCK_FEED
POS00700120251003,PORT007,INS0020,2025-10-03,1745,10.1806,17765.15,276.18,EUR,MOCK_FEED
POS00700220251003,PORT007,INS0021,2025-10-03,4799,46.2036,221731.08,6371.57,EUR,MOCK_FEED
POS00700320251003,PORT007,INS0022,2025-10-03,1379,46.3218,63877.76,-1174.53,USD,MOCK_FEED
POS00700420251003,PORT007,INS0023,2025-10-03,3053,54.8327,167404.23,4350.42,INR,MOCK_FEED
POS00700520251003,PORT007,INS0024,2025-10-03,4213,62.7196,264237.67,-6632.02,USD,MOCK_FEED
POS00700620251003,PORT007,INS0025,2025-10-03,4733,23.8233,112755.68,1857.5,USD,MOCK_FEED
POS00700720251003,PORT007,INS0026,2025-10-03,1677,57.6858,96739.09,295.87,EUR,MOCK_FEED
POS00700820251003,PORT007,INS0027,2025-10-03,4035,17.1664,69266.42,-621.81,INR,MOCK_FEED
POS00700920251003,PORT007,INS0028,2025-10-03,980,43.366,42498.68,154.43,INR,MOCK_FEED
POS00701020251003,PORT007,INS0029,2025-10-03,2220,22.5426,50044.57,-1425.67,EUR,MOCK_FEED
POS00700120251004,PORT007,INS0020,2025-10-04,1171,10.0864,11811.17,217.8,INR,MOCK_FEED
POS00700220251004,PORT007,INS0021,2025-10-04,4653,46.5066,216395.21,-4527.51,EUR,MOCK_FEED
POS00700320251004,PORT007,INS0022,2025-10-04,1629,46.9231,76437.73,-797.39,EUR,MOCK_FEED
POS00700420251004,PORT007,INS0023,2025-10-04,3497,55.3935,193711.07,-3337.95,USD,MOCK_FEED
POS00700520251004,PORT007,INS0024,2025-10-04,4082,62.0572,253317.49,-3936.18,GBP,MOCK_FEED
POS00700620251004,PORT007,INS0025,2025-10-04,4993,23.6102,117885.73,3392.93,GBP,MOCK_FEED
POS00700720251004,PORT007,INS0026,2025-10-04,4727,59.0619,279185.6,2319.9,INR,MOCK_FEED
POS00700820251004,PORT007,INS0027,2025-10-04,808,17.0861,13805.57,-373.81,USD,MOCK_FEED
POS00700920251004,PORT007,INS0028,2025-10-04,4594,43.1414,198191.59,5038.0,INR,MOCK_FEED
POS00701020251004,PORT007,INS0029,2025-10-04,4528,22.4575,101687.56,-2049.26,EUR,MOCK_FEED
POS00700120251005,PORT007,INS0020,2025-10-05,4944,10.1048,49958.13,39.07,EUR,MOCK_FEED
POS00700220251005,PORT007,INS0021,2025-10-05,1720,47.1917,81169.72,-2079.57,EUR,MOCK_FEED
POS00700320251005,PORT007,INS0022,2025-10-05,1535,46.3506,71148.17,-1650.18,INR,MOCK_FEED
POS00700420251005,PORT007,INS0023,2025-10-05,3530,54.8637,193668.86,-3278.42,USD,MOCK_FEED
POS00700520251005,PORT007,INS0024,2025-10-05,3297,62.3034,205414.31,6122.79,USD,MOCK_FEED
POS00700620251005,PORT007,INS0025,2025-10-05,4998,23.3639,116772.77,4588.58,INR,MOCK_FEED
POS00700720251005,PORT007,INS0026,2025-10-05,2140,57.9031,123912.63,3535.56,INR,MOCK_FEED
POS00700820251005,PORT007,INS0027,2025-10-05,2867,17.116,49071.57,994.05,INR,MOCK_FEED
POS00700920251005,PORT007,INS0028,2025-10-05,4849,43.988,213297.81,6823.97,USD,MOCK_FEED
POS00701020251005,PORT007,INS0029,2025-10-05,3485,22.3859,78014.86,2809.75,USD,MOCK_FEED
POS00700120251006,PORT007,INS0020,2025-10-06,3778,10.1804,38461.55,1145.88,GBP,MOCK_FEED
POS00700220251006,PORT007,INS0021,2025-10-06,4619,47.7284,220457.48,-1142.94,USD,MOCK_FEED
POS00700320251006,PORT007,INS0022,2025-10-06,2841,45.8883,130368.66,816.41,GBP,MOCK_FEED
POS00700420251006,PORT007,INS0023,2025-10-06,4125,54.7169,225707.21,-1106.57,EUR,MOCK_FEED
POS00700520251006,PORT007,INS0024,2025-10-06,3102,63.5132,197017.95,4135.81,INR,MOCK_FEED
POS00700620251006,PORT007,INS0025,2025-10-06,4358,23.2823,101464.26,2294.29,GBP,MOCK_FEED
POS00700720251006,PORT007,INS0026,2025-10-06,1642,57.135,93815.67,2014.23,EUR,MOCK_FEED
POS00700820251006,PORT007,INS0027,2025-10-06,707,17.1511,12125.83,231.7,USD,MOCK_FEED
POS00700920251006,PORT007,INS0028,2025-10-06,2042,43.7157,89267.46,2509.82,EUR,MOCK_FEED
POS00701020251006,PORT007,INS0029,2025-10-06,3699,22.2631,82351.21,-441.23,GBP,MOCK_FEED
POS00700120251007,PORT007,INS0020,2025-10-07,4255,10.0275,42667.01,546.37,GBP,MOCK_FEED
POS00700220251007,PORT007,INS0021,2025-10-07,1188,47.3878,56296.71,-1614.75,GBP,MOCK_FEED
POS00700320251007,PORT007,INS0022,2025-10-07,1885,45.0705,84957.89,-1432.66,INR,MOCK_FEED
POS00700420251007,PORT007,INS0023,2025-10-07,4642,54.689,253866.34,10018.52,GBP,MOCK_FEED
POS00700520251007,PORT007,INS0024,2025-10-07,1410,63.1927,89101.71,240.28,USD,MOCK_FEED
POS00700620251007,PORT007,INS0025,2025-10-07,4406,22.7505,100238.7,-722.13,EUR,MOCK_FEED
POS00700720251007,PORT007,INS0026,2025-10-07,3088,57.5783,177801.79,-3884.15,INR,MOCK_FEED
POS00700820251007,PORT007,INS0027,2025-10-07,2245,17.293,38822.78,-757.15,USD,MOCK_FEED
POS00700920251007,PORT007,INS0028,2025-10-07,1747,44.0409,76939.45,1315.97,EUR,MOCK_FEED
POS00701020251007,PORT007,INS0029,2025-10-07,3494,22.4107,78302.99,-779.89,GBP,MOCK_FEED
POS00700120251008,PORT007,INS0020,2025-10-08,842,10.0258,8441.72,256.53,EUR,MOCK_FEED
POS00700220251008,PORT007,INS0021,2025-10-08,4526,47.6513,215669.78,4004.69,GBP,MOCK_FEED
POS00700320251008,PORT007,INS0022,2025-10-08,4024,44.6802,179793.12,4283.27,EUR,MOCK_FEED
POS00700420251008,PORT007,INS0023,2025-10-08,4985,54.2703,270537.45,4093.87,GBP,MOCK_FEED
POS00700520251008,PORT007,INS0024,2025-10-08,3890,63.6537,247612.89,-5878.44,USD,MOCK_FEED
POS00700620251008,PORT007,INS0025,2025-10-08,1980,22.6093,44766.41,1291.87,INR,MOCK_FEED
POS00700720251008,PORT007,INS0026,2025-10-08,1958,57.9757,113516.42,3153.0,USD,MOCK_FEED
POS00700820251008,PORT007,INS0027,2025-10-08,3618,17.1113,61908.68,1488.94,GBP,MOCK_FEED
POS00700920251008,PORT007,INS0028,2025-10-08,3662,44.4722,162857.2,-3464.71,EUR,MOCK_FEED
POS00701020251008,PORT007,INS0029,2025-10-08,1795,22.4299,40261.67,-1021.7,INR,MOCK_FEED
POS00700120251009,PORT007,INS0020,2025-10-09,3598,10.1425,36492.72,-856.75,GBP,MOCK_FEED
POS00700220251009,PORT007,INS0021,2025-10-09,2677,47.6023,127431.36,421.01,GBP,MOCK_FEED
POS00700320251009,PORT007,INS0022,2025-10-09,4080,45.4288,185349.5,1222.65,EUR,MOCK_FEED
POS00700420251009,PORT007,INS0023,2025-10-09,2104,55.5626,116903.71,-2549.33,USD,MOCK_FEED
POS00700520251009,PORT007,INS0024,2025-10-09,1696,63.9063,108385.08,-1251.07,INR,MOCK_FEED
POS00700620251009,PORT007,INS0025,2025-10-09,4427,23.2471,102914.91,-576.35,EUR,MOCK_FEED
POS00700720251009,PORT007,INS0026,2025-10-09,4971,57.7499,287074.75,6751.41,EUR,MOCK_FEED
POS00700820251009,PORT007,INS0027,2025-10-09,298,17.3467,5169.32,78.57,INR,MOCK_FEED
POS00700920251009,PORT007,INS0028,2025-10-09,3578,43.9509,157256.32,3613.8,GBP,MOCK_FEED
POS00701020251009,PORT007,INS0029,2025-10-09,3867,22.5855,87338.13,-1371.54,GBP,MOCK_FEED
POS00700120251010,PORT007,INS0020,2025-10-10,2330,10.0493,23414.87,912.9,INR,MOCK_FEED
POS00700220251010,PORT007,INS0021,2025-10-10,3403,47.2268,160712.8,-121.06,GBP,MOCK_FEED
POS00700320251010,PORT007,INS0022,2025-10-10,377,45.0012,16965.45,-496.67,EUR,MOCK_FEED
POS00700420251010,PORT007,INS0023,2025-10-10,295,55.6672,16421.82,-337.22,USD,MOCK_FEED
POS00700520251010,PORT007,INS0024,2025-10-10,1226,63.92,78365.92,-302.77,EUR,MOCK_FEED
POS00700620251010,PORT007,INS0025,2025-10-10,1955,23.5015,45945.43,685.59,GBP,MOCK_FEED
POS00700720251010,PORT007,INS0026,2025-10-10,3429,57.674,197764.15,-1646.72,EUR,MOCK_FEED
POS00700820251010,PORT007,INS0027,2025-10-10,241,17.2588,4159.37,-33.78,EUR,MOCK_FEED
POS00700920251010,PORT007,INS0028,2025-10-10,2058,43.494,89510.65,3304.66,EUR,MOCK_FEED
POS00701020251010,PORT007,INS0029,2025-10-10,3035,22.8329,69297.85,-318.58,USD,MOCK_FEED
POS00700120251011,PORT007,INS0020,2025-10-11,4476,10.1307,45345.01,-386.38,USD,MOCK_FEED
POS00700220251011,PORT007,INS0021,2025-10-11,2229,47.3778,105605.12,-2508.71,USD,MOCK_FEED
POS00700320251011,PORT007,INS0022,2025-10-11,2491,44.9205,111896.97,2194.86,GBP,MOCK_FEED
POS00700420251011,PORT007,INS0023,2025-10-11,266,55.0308,14638.19,238.09,USD,MOCK_FEED
POS00700520251011,PORT007,INS0024,2025-10-11,1369,64.3216,88056.27,759.87,USD,MOCK_FEED
POS00700620251011,PORT007,INS0025,2025-10-11,1901,23.1832,44071.26,1654.97,EUR,MOCK_FEED
POS00700720251011,PORT007,INS0026,2025-10-11,2979,57.4787,171229.05,-2617.21,INR,MOCK_FEED
POS00700820251011,PORT007,INS0027,2025-10-11,3582,17.4467,62494.08,-1055.45,USD,MOCK_FEED
POS00700920251011,PORT007,INS0028,2025-10-11,502,44.2615,22219.27,135.86,USD,MOCK_FEED
POS00701020251011,PORT007,INS0029,2025-10-11,4782,22.293,106605.13,-1767.59,GBP,MOCK_FEED
POS00700120251012,PORT007,INS0020,2025-10-12,642,9.9598,6394.19,53.47,USD,MOCK_FEED
POS00700220251012,PORT007,INS0021,2025-10-12,2431,47.1021,114505.21,1914.83,INR,MOCK_FEED
POS00700320251012,PORT007,INS0022,2025-10-12,630,45.1815,28464.35,-3.95,EUR,MOCK_FEED
POS00700420251012,PORT007,INS0023,2025-10-12,1621,54.0545,87622.34,-939.5,GBP,MOCK_FEED
POS00700520251012,PORT007,INS0024,2025-10-12,3419,64.8037,221563.85,-4036.9,INR,MOCK_FEED
POS00700620251012,PORT007,INS0025,2025-10-12,2357,23.333,54995.88,-1601.57,INR,MOCK_FEED
POS00700720251012,PORT007,INS0026,2025-10-12,4612,58.075,267841.9,1685.23,INR,MOCK_FEED
POS00700820251012,PORT007,INS0027,2025-10-12,4773,17.2071,82129.49,-2223.92,EUR,MOCK_FEED
POS00700920251012,PORT007,INS0028,2025-10-12,984,44.9613,44241.92,1306.94,USD,MOCK_FEED
POS00701020251012,PORT007,INS0029,2025-10-12,3131,22.1522,69358.54,-16.58,INR,MOCK_FEED
POS00700120251013,PORT007,INS0020,2025-10-13,2770,9.9535,27571.19,205.28,GBP,MOCK_FEED
POS00700220251013,PORT007,INS0021,2025-10-13,3282,47.5759,156144.1,-1228.82,GBP,MOCK_FEED
POS00700320251013,PORT007,INS0022,2025-10-13,1426,44.7039,63747.76,-499.62,EUR,MOCK_FEED
POS00700420251013,PORT007,INS0023,2025-10-13,1362,54.26,73902.12,395.63,INR,MOCK_FEED
POS00700520251013,PORT007,INS0024,2025-10-13,1105,65.2316,72080.92,1782.05,USD,MOCK_FEED
POS00700620251013,PORT007,INS0025,2025-10-13,2913,23.3132,67911.35,-1485.96,USD,MOCK_FEED
POS00700720251013,PORT007,INS0026,2025-10-13,1970,57.7866,113839.6,-1856.99,INR,MOCK_FEED
POS00700820251013,PORT007,INS0027,2025-10-13,251,17.2343,4325.81,164.89,USD,MOCK_FEED
POS00700920251013,PORT007,INS0028,2025-10-13,808,45.1429,36475.46,-105.32,EUR,MOCK_FEED
POS00701020251013,PORT007,INS0029,2025-10-13,3693,21.8824,80811.7,2346.39,GBP,MOCK_FEED
POS00700120251014,PORT007,INS0020,2025-10-14,4097,10.0623,41225.24,748.99,USD,MOCK_FEED
POS00700220251014,PORT007,INS0021,2025-10-14,3115,47.1869,146987.19,2876.78,EUR,MOCK_FEED
POS00700320251014,PORT007,INS0022,2025-10-14,2850,44.402,126545.7,432.34,INR,MOCK_FEED
POS00700420251014,PORT007,INS0023,2025-10-14,825,53.4543,44099.8,477.24,USD,MOCK_FEED
POS00700520251014,PORT007,INS0024,2025-10-14,4578,65.245,298691.61,6226.45,USD,MOCK_FEED
POS00700620251014,PORT007,INS0025,2025-10-14,2632,23.5436,61966.76,2009.75,USD,MOCK_FEED
POS00700720251014,PORT007,INS0026,2025-10-14,3769,58.3913,220076.81,8069.56,USD,MOCK_FEED
POS00700820251014,PORT007,INS0027,2025-10-14,442,17.2577,7627.9,172.05,USD,MOCK_FEED
POS00700920251014,PORT007,INS0028,2025-10-14,3213,44.9945,144567.33,-683.32,EUR,MOCK_FEED
POS00701020251014,PORT007,INS0029,2025-10-14,2267,22.1591,50234.68,-163.16,INR,MOCK_FEED
POS00700120251015,PORT007,INS0020,2025-10-15,2172,10.3329,22443.06,479.42,USD,MOCK_FEED
POS00700220251015,PORT007,INS0021,2025-10-15,2110,47.3225,99850.47,942.95,INR,MOCK_FEED
POS00700320251015,PORT007,INS0022,2025-10-15,1374,44.9936,61821.21,-1728.12,USD,MOCK_FEED
POS00700420251015,PORT007,INS0023,2025-10-15,1472,53.7151,79068.63,1232.78,GBP,MOCK_FEED
POS00700520251015,PORT007,INS0024,2025-10-15,2463,65.3526,160963.45,-589.52,EUR,MOCK_FEED
POS00700620251015,PORT007,INS0025,2025-10-15,2764,23.5311,65039.96,-43.9,USD,MOCK_FEED
POS00700720251015,PORT007,INS0026,2025-10-15,1799,56.7889,102163.23,-154.87,INR,MOCK_FEED
POS00700820251015,PORT007,INS0027,2025-10-15,1449,17.1812,24895.56,482.31,INR,MOCK_FEED
POS00700920251015,PORT007,INS0028,2025-10-15,4172,45.9294,191617.46,-1967.72,GBP,MOCK_FEED
POS00701020251015,PORT007,INS0029,2025-10-15,2437,21.9066,53386.38,-1246.15,USD,MOCK_FEED
POS00700120251016,PORT007,INS0020,2025-10-16,2177,10.2508,22315.99,-487.5,USD,MOCK_FEED
POS00700220251016,PORT007,INS0021,2025-10-16,1564,47.5324,74340.67,-272.17,INR,MOCK_FEED
POS00700320251016,PORT007,INS0022,2025-10-16,2364,45.0799,106568.88,-2704.06,INR,MOCK_FEED
POS00700420251016,PORT007,INS0023,2025-10-16,318,53.8622,17128.18,583.51,GBP,MOCK_FEED
POS00700520251016,PORT007,INS0024,2025-10-16,2402,65.7416,157911.32,-784.89,GBP,MOCK_FEED
POS00700620251016,PORT007,INS0025,2025-10-16,1218,22.9282,27926.55,-354.22,USD,MOCK_FEED
POS00700720251016,PORT007,INS0026,2025-10-16,3177,56.4489,179338.16,-4250.47,EUR,MOCK_FEED
POS00700820251016,PORT007,INS0027,2025-10-16,3368,17.1815,57867.29,1022.26,EUR,MOCK_FEED
POS00700920251016,PORT007,INS0028,2025-10-16,1925,45.4273,87447.55,3186.52,GBP,MOCK_FEED
POS00701020251016,PORT007,INS0029,2025-10-16,1746,21.5586,37641.32,581.59,USD,MOCK_FEED
POS00700120251017,PORT007,INS0020,2025-10-17,3724,10.2624,38217.18,762.92,INR,MOCK_FEED
POS00700220251017,PORT007,INS0021,2025-10-17,2735,46.5229,127240.13,-2965.41,GBP,MOCK_FEED
POS00700320251017,PORT007,INS0022,2025-10-17,497,44.604,22168.19,-263.71,USD,MOCK_FEED
POS00700420251017,PORT007,INS0023,2025-10-17,974,54.2086,52799.18,-392.48,EUR,MOCK_FEED
POS00700520251017,PORT007,INS0024,2025-10-17,3470,64.6813,224444.11,6211.58,EUR,MOCK_FEED
POS00700620251017,PORT007,INS0025,2025-10-17,1989,22.7511,45251.94,1541.31,USD,MOCK_FEED
POS00700720251017,PORT007,INS0026,2025-10-17,3476,55.9039,194321.96,5536.4,INR,MOCK_FEED
POS00700820251017,PORT007,INS0027,2025-10-17,1457,17.2332,25108.77,359.99,GBP,MOCK_FEED
POS00700920251017,PORT007,INS0028,2025-10-17,3562,45.5313,162182.49,-3293.18,GBP,MOCK_FEED
POS00701020251017,PORT007,INS0029,2025-10-17,3159,21.6853,68503.86,264.55,EUR,MOCK_FEED
POS00700120251018,PORT007,INS0020,2025-10-18,1084,10.4059,11280.0,104.92,GBP,MOCK_FEED
POS00700220251018,PORT007,INS0021,2025-10-18,4978,45.755,227768.39,493.49,USD,MOCK_FEED
POS00700320251018,PORT007,INS0022,2025-10-18,2163,45.6623,98767.55,-2709.13,USD,MOCK_FEED
POS00700420251018,PORT007,INS0023,2025-10-18,4624,53.3504,246692.25,4973.22,GBP,MOCK_FEED
POS00700520251018,PORT007,INS0024,2025-10-18,1482,64.6195,95766.1,-1045.23,INR,MOCK_FEED
POS00700620251018,PORT007,INS0025,2025-10-18,4180,22.9821,96065.18,3085.3,EUR,MOCK_FEED
POS00700720251018,PORT007,INS0026,2025-10-18,1701,55.0209,93590.55,2027.98,USD,MOCK_FEED
POS00700820251018,PORT007,INS0027,2025-10-18,3558,17.1747,61107.58,359.33,INR,MOCK_FEED
POS00700920251018,PORT007,INS0028,2025-10-18,1390,45.9272,63838.81,1599.34,INR,MOCK_FEED
POS00701020251018,PORT007,INS0029,2025-10-18,513,21.7475,11156.47,417.75,EUR,MOCK_FEED
POS00700120251019,PORT007,INS0020,2025-10-19,611,10.3473,6322.2,-39.79,GBP,MOCK_FEED
POS00700220251019,PORT007,INS0021,2025-10-19,1803,46.5376,83907.29,-2269.14,GBP,MOCK_FEED
POS00700320251019,PORT007,INS0022,2025-10-19,3852,46.131,177696.61,93.88,EUR,MOCK_FEED
POS00700420251019,PORT007,INS0023,2025-10-19,525,53.3294,27997.94,574.16,GBP,MOCK_FEED
POS00700520251019,PORT007,INS0024,2025-10-19,2222,63.6533,141437.63,-2048.19,EUR,MOCK_FEED
POS00700620251019,PORT007,INS0025,2025-10-19,2849,22.9926,65505.92,-1671.8,GBP,MOCK_FEED
POS00700720251019,PORT007,INS0026,2025-10-19,2461,54.9039,135118.5,88.9,INR,MOCK_FEED
POS00700820251019,PORT007,INS0027,2025-10-19,874,17.1067,14951.26,55.21,GBP,MOCK_FEED
POS00700920251019,PORT007,INS0028,2025-10-19,4897,45.793,224248.32,-3832.35,INR,MOCK_FEED
POS00701020251019,PORT007,INS0029,2025-10-19,2192,21.447,47011.82,1211.29,USD,MOCK_FEED
POS00700120251020,PORT007,INS0020,2025-10-20,3963,10.4472,41402.25,-755.07,INR,MOCK_FEED
POS00700220251020,PORT007,INS0021,2025-10-20,4201,46.3661,194783.99,-2409.86,EUR,MOCK_FEED
POS00700320251020,PORT007,INS0022,2025-10-20,1060,45.698,48439.88,-480.39,EUR,MOCK_FEED
POS00700420251020,PORT007,INS0023,2025-10-20,2013,54.1698,109043.81,-3171.85,USD,MOCK_FEED
POS00700520251020,PORT007,INS0024,2025-10-20,4800,64.1817,308072.16,1323.0,USD,MOCK_FEED
POS00700620251020,PORT007,INS0025,2025-10-20,3152,23.0533,72664.0,2013.0,INR,MOCK_FEED
POS00700720251020,PORT007,INS0026,2025-10-20,4873,55.4684,270297.51,7929.4,GBP,MOCK_FEED
POS00700820251020,PORT007,INS0027,2025-10-20,2059,16.9163,34830.66,610.85,INR,MOCK_FEED
POS00700920251020,PORT007,INS0028,2025-10-20,948,46.7204,44290.94,-1228.67,INR,MOCK_FEED
POS00701020251020,PORT007,INS0029,2025-10-20,1766,21.5352,38031.16,921.33,USD,MOCK_FEED
POS00700120251021,PORT007,INS0020,2025-10-21,2969,10.3503,30730.04,807.8,USD,MOCK_FEED
POS00700220251021,PORT007,INS0021,2025-10-21,1254,46.6386,58484.8,176.64,USD,MOCK_FEED
POS00700320251021,PORT007,INS0022,2025-10-21,3251,45.2482,147101.9,5121.39,EUR,MOCK_FEED
POS00700420251021,PORT007,INS0023,2025-10-21,1825,53.9255,98414.04,-2096.14,INR,MOCK_FEED
POS00700520251021,PORT007,INS0024,2025-10-21,1905,63.549,121060.85,-632.82,EUR,MOCK_FEED
POS00700620251021,PORT007,INS0025,2025-10-21,363,23.317,8464.07,-113.3,EUR,MOCK_FEED
POS00700720251021,PORT007,INS0026,2025-10-21,1163,56.0243,65156.26,11.67,GBP,MOCK_FEED
POS00700820251021,PORT007,INS0027,2025-10-21,1322,17.1142,22624.97,819.17,USD,MOCK_FEED
POS00700920251021,PORT007,INS0028,2025-10-21,4740,46.4108,219987.19,-5038.27,GBP,MOCK_FEED
POS00701020251021,PORT007,INS0029,2025-10-21,2021,21.3865,43222.12,1327.46,GBP,MOCK_FEED
POS00700120251022,PORT007,INS0020,2025-10-22,4291,10.3565,44439.74,1287.99,USD,MOCK_FEED
POS00700220251022,PORT007,INS0021,2025-10-22,1868,46.7144,87262.5,2122.68,USD,MOCK_FEED
POS00700320251022,PORT007,INS0022,2025-10-22,169,44.2629,7480.43,69.98,USD,MOCK_FEED
POS00700420251022,PORT007,INS0023,2025-10-22,1506,53.8252,81060.75,-2186.08,EUR,MOCK_FEED
POS00700520251022,PORT007,INS0024,2025-10-22,1951,64.1817,125218.5,2069.65,INR,MOCK_FEED
POS00700620251022,PORT007,INS0025,2025-10-22,1600,23.6129,37780.64,-115.4,USD,MOCK_FEED
POS00700720251022,PORT007,INS0026,2025-10-22,2694,57.1631,153997.39,-3597.19,INR,MOCK_FEED
POS00700820251022,PORT007,INS0027,2025-10-22,1064,17.1026,18197.17,188.8,EUR,MOCK_FEED
POS00700920251022,PORT007,INS0028,2025-10-22,136,47.0696,6401.47,214.99,INR,MOCK_FEED
POS00701020251022,PORT007,INS0029,2025-10-22,4633,21.1921,98183.0,-619.57,EUR,MOCK_FEED
POS00700120251023,PORT007,INS0020,2025-10-23,3506,10.4784,36737.27,1171.95,INR,MOCK_FEED
POS00700220251023,PORT007,INS0021,2025-10-23,3462,47.2794,163681.28,6147.92,USD,MOCK_FEED
POS00700320251023,PORT007,INS0022,2025-10-23,2840,44.0828,125195.15,4720.03,EUR,MOCK_FEED
POS00700420251023,PORT007,INS0023,2025-10-23,3758,54.1322,203428.81,3316.72,USD,MOCK_FEED
POS00700520251023,PORT007,INS0024,2025-10-23,2247,63.13,141853.11,5422.95,INR,MOCK_FEED
POS00700620251023,PORT007,INS0025,2025-10-23,2079,23.4386,48728.85,-918.8,GBP,MOCK_FEED
POS00700720251023,PORT007,INS0026,2025-10-23,3101,57.9696,179763.73,-1799.21,GBP,MOCK_FEED
POS00700820251023,PORT007,INS0027,2025-10-23,265,17.2377,4567.99,173.33,USD,MOCK_FEED
POS00700920251023,PORT007,INS0028,2025-10-23,1022,47.7992,48850.78,1627.43,GBP,MOCK_FEED
POS00701020251023,PORT007,INS0029,2025-10-23,2227,21.1388,47076.11,-1059.26,EUR,MOCK_FEED
POS00700120251024,PORT007,INS0020,2025-10-24,4157,10.6075,44095.38,1065.27,GBP,MOCK_FEED
POS00700220251024,PORT007,INS0021,2025-10-24,1612,46.8545,75529.45,528.77,GBP,MOCK_FEED
POS00700320251024,PORT007,INS0022,2025-10-24,4623,44.0001,203412.46,-5528.43,USD,MOCK_FEED
POS00700420251024,PORT007,INS0023,2025-10-24,3484,54.8635,191144.43,2541.71,INR,MOCK_FEED
POS00700520251024,PORT007,INS0024,2025-10-24,2794,63.4843,177375.13,741.85,INR,MOCK_FEED
POS00700620251024,PORT007,INS0025,2025-10-24,1216,23.2565,28279.9,-776.08,USD,MOCK_FEED
POS00700720251024,PORT007,INS0026,2025-10-24,4933,57.2865,282594.3,-6927.87,GBP,MOCK_FEED
POS00700820251024,PORT007,INS0027,2025-10-24,4669,16.8744,78786.57,136.48,EUR,MOCK_FEED
POS00700920251024,PORT007,INS0028,2025-10-24,508,47.7866,24275.59,-360.08,GBP,MOCK_FEED
POS00701020251024,PORT007,INS0029,2025-10-24,287,21.6741,6220.47,-21.47,EUR,MOCK_FEED
POS00700120251025,PORT007,INS0020,2025-10-25,151,10.768,1625.97,31.56,EUR,MOCK_FEED
POS00700220251025,PORT007,INS0021,2025-10-25,1528,46.5668,71154.07,-2022.07,GBP,MOCK_FEED
POS00700320251025,PORT007,INS0022,2025-10-25,3041,44.2495,134562.73,679.84,INR,MOCK_FEED
POS00700420251025,PORT007,INS0023,2025-10-25,4044,55.1561,223051.27,-4595.73,GBP,MOCK_FEED
POS00700520251025,PORT007,INS0024,2025-10-25,3430,64.1603,220069.83,-1698.94,EUR,MOCK_FEED
POS00700620251025,PORT007,INS0025,2025-10-25,564,23.4919,13249.43,432.63,USD,MOCK_FEED
POS00700720251025,PORT007,INS0026,2025-10-25,1531,56.2291,86086.75,-949.28,GBP,MOCK_FEED
POS00700820251025,PORT007,INS0027,2025-10-25,4107,17.1684,70510.62,-1147.15,USD,MOCK_FEED
POS00700920251025,PORT007,INS0028,2025-10-25,4611,46.6126,214930.7,3136.4,EUR,MOCK_FEED
POS00701020251025,PORT007,INS0029,2025-10-25,108,22.0495,2381.35,73.92,EUR,MOCK_FEED
POS00700120251026,PORT007,INS0020,2025-10-26,805,10.6406,8565.68,-72.21,INR,MOCK_FEED
POS00700220251026,PORT007,INS0021,2025-10-26,3607,45.4429,163912.54,4908.53,EUR,MOCK_FEED
POS00700320251026,PORT007,INS0022,2025-10-26,1144,44.7742,51221.68,605.08,GBP,MOCK_FEED
POS00700420251026,PORT007,INS0023,2025-10-26,3574,55.6945,199052.14,7688.59,GBP,MOCK_FEED
POS00700520251026,PORT007,INS0024,2025-10-26,4914,64.9793,319308.28,-6728.45,INR,MOCK_FEED
POS00700620251026,PORT007,INS0025,2025-10-26,2955,23.8875,70587.56,-429.52,EUR,MOCK_FEED
POS00700720251026,PORT007,INS0026,2025-10-26,2807,57.7706,162162.07,-282.51,USD,MOCK_FEED
POS00700820251026,PORT007,INS0027,2025-10-26,1053,17.3076,18224.9,669.37,EUR,MOCK_FEED
POS00700920251026,PORT007,INS0028,2025-10-26,2923,46.0537,134614.97,-2904.98,GBP,MOCK_FEED
POS00701020251026,PORT007,INS0029,2025-10-26,2368,21.695,51373.76,-163.41,GBP,MOCK_FEED
POS00700120251027,PORT007,INS0020,2025-10-27,2880,10.6549,30686.11,-382.57,USD,MOCK_FEED
POS00700220251027,PORT007,INS0021,2025-10-27,1153,46.3419,53432.21,1056.36,GBP,MOCK_FEED
POS00700320251027,PORT007,INS0022,2025-10-27,2746,43.9621,120719.93,1816.14,GBP,MOCK_FEED
POS00700420251027,PORT007,INS0023,2025-10-27,1202,56.1869,67536.65,-1280.95,INR,MOCK_FEED
POS00700520251027,PORT007,INS0024,2025-10-27,1213,63.8963,77506.21,1055.52,USD,MOCK_FEED
POS00700620251027,PORT007,INS0025,2025-10-27,1978,24.0574,47585.54,-1353.71,USD,MOCK_FEED
POS00700720251027,PORT007,INS0026,2025-10-27,1080,57.9067,62539.24,40.88,USD,MOCK_FEED
POS00700820251027,PORT007,INS0027,2025-10-27,708,17.4958,12387.03,296.53,USD,MOCK_FEED
POS00700920251027,PORT007,INS0028,2025-10-27,4987,45.7687,228248.51,4103.75,USD,MOCK_FEED
POS00701020251027,PORT007,INS0029,2025-10-27,423,21.9629,9290.31,-53.84,INR,MOCK_FEED
POS00700120251028,PORT007,INS0020,2025-10-28,1889,10.7259,20261.23,-575.83,GBP,MOCK_FEED
POS00700220251028,PORT007,INS0021,2025-10-28,2045,46.2731,94628.49,1718.01,EUR,MOCK_FEED
POS00700320251028,PORT007,INS0022,2025-10-28,4664,44.8757,209300.26,1371.05,EUR,MOCK_FEED
POS00700420251028,PORT007,INS0023,2025-10-28,315,55.6045,17515.42,318.75,GBP,MOCK_FEED
POS00700520251028,PORT007,INS0024,2025-10-28,4706,65.6669,309028.43,-98.35,INR,MOCK_FEED
POS00700620251028,PORT007,INS0025,2025-10-28,481,24.0908,11587.67,309.18,EUR,MOCK_FEED
POS00700720251028,PORT007,INS0026,2025-10-28,1496,58.6015,87667.84,1198.97,INR,MOCK_FEED
POS00700820251028,PORT007,INS0027,2025-10-28,636,17.4459,11095.59,-126.64,INR,MOCK_FEED
POS00700920251028,PORT007,INS0028,2025-10-28,3618,46.2938,167490.97,1400.15,GBP,MOCK_FEED
POS00701020251028,PORT007,INS0029,2025-10-28,3816,21.9263,83670.76,2744.92,EUR,MOCK_FEED
POS00700120251029,PORT007,INS0020,2025-10-29,449,10.8654,4878.56,72.58,GBP,MOCK_FEED
POS00700220251029,PORT007,INS0021,2025-10-29,295,46.3265,13666.32,344.77,USD,MOCK_FEED
POS00700320251029,PORT007,INS0022,2025-10-29,1260,44.9747,56668.12,-1327.08,USD,MOCK_FEED
POS00700420251029,PORT007,INS0023,2025-10-29,2427,55.6261,135004.54,3344.0,USD,MOCK_FEED
POS00700520251029,PORT007,INS0024,2025-10-29,292,67.0262,19571.65,267.74,INR,MOCK_FEED
POS00700620251029,PORT007,INS0025,2025-10-29,2129,24.2214,51567.36,1904.34,GBP,MOCK_FEED
POS00700720251029,PORT007,INS0026,2025-10-29,2482,59.9309,148748.49,273.17,USD,MOCK_FEED
POS00700820251029,PORT007,INS0027,2025-10-29,3885,17.3611,67447.87,643.32,GBP,MOCK_FEED
POS00700920251029,PORT007,INS0028,2025-10-29,512,45.7339,23415.76,-629.65,INR,MOCK_FEED
POS00701020251029,PORT007,INS0029,2025-10-29,2290,21.5315,49307.14,351.32,EUR,MOCK_FEED
POS00700120251030,PORT007,INS0020,2025-10-30,325,10.9987,3574.58,60.04,EUR,MOCK_FEED
POS00700220251030,PORT007,INS0021,2025-10-30,2773,46.7404,129611.13,5163.81,GBP,MOCK_FEED
POS00700320251030,PORT007,INS0022,2025-10-30,516,44.5389,22982.07,577.75,INR,MOCK_FEED
POS00700420251030,PORT007,INS0023,2025-10-30,4918,55.4499,272702.61,-7099.38,EUR,MOCK_FEED
POS00700520251030,PORT007,INS0024,2025-10-30,2787,67.469,188036.1,2099.61,INR,MOCK_FEED
POS00700620251030,PORT007,INS0025,2025-10-30,1797,24.372,43796.48,920.4,INR,MOCK_FEED
POS00700720251030,PORT007,INS0026,2025-10-30,861,59.4528,51188.86,-1205.31,INR,MOCK_FEED
POS00700820251030,PORT007,INS0027,2025-10-30,2010,17.5039,35182.84,883.15,GBP,MOCK_FEED
POS00700920251030,PORT007,INS0028,2025-10-30,3116,45.7653,142604.67,5069.97,USD,MOCK_FEED
POS00701020251030,PORT007,INS0029,2025-10-30,4632,21.3599,98939.06,-2687.98,GBP,MOCK_FEED
POS00700120251031,PORT007,INS0020,2025-10-31,409,10.6872,4371.06,-15.94,GBP,MOCK_FEED
POS00700220251031,PORT007,INS0021,2025-10-31,1208,46.2868,55914.45,-915.26,USD,MOCK_FEED
POS00700320251031,PORT007,INS0022,2025-10-31,4705,44.1651,207796.8,-602.65,USD,MOCK_FEED
POS00700420251031,PORT007,INS0023,2025-10-31,1040,54.3098,56482.19,620.01,EUR,MOCK_FEED
POS00700520251031,PORT007,INS0024,2025-10-31,4196,67.8005,284490.9,-4514.03,EUR,MOCK_FEED
POS00700620251031,PORT007,INS0025,2025-10-31,1013,24.375,24691.88,269.21,EUR,MOCK_FEED
POS00700720251031,PORT007,INS0026,2025-10-31,903,59.1355,53399.36,1857.63,GBP,MOCK_FEED
POS00700820251031,PORT007,INS0027,2025-10-31,3639,17.5889,64006.01,2406.57,GBP,MOCK_FEED
POS00700920251031,PORT007,INS0028,2025-10-31,1402,45.9027,64355.59,-1659.14,EUR,MOCK_FEED
POS00701020251031,PORT007,INS0029,2025-10-31,3284,21.1644,69503.89,-168.45,EUR,MOCK_FEED
POS00700120251101,PORT007,INS0020,2025-11-01,4123,10.9053,44962.55,1746.96,GBP,MOCK_FEED
POS00700220251101,PORT007,INS0021,2025-11-01,1360,45.5428,61938.21,1301.39,EUR,MOCK_FEED
POS00700320251101,PORT007,INS0022,2025-11-01,4351,43.4559,189076.62,-1847.89,USD,MOCK_FEED
POS00700420251101,PORT007,INS0023,2025-11-01,4378,54.2066,237316.49,8657.09,GBP,MOCK_FEED
POS00700520251101,PORT007,INS0024,2025-11-01,3710,69.5646,258084.67,5027.44,INR,MOCK_FEED
POS00700620251101,PORT007,INS0025,2025-11-01,1608,24.5731,39513.54,-775.53,EUR,MOCK_FEED
POS00700720251101,PORT007,INS0026,2025-11-01,4486,60.3078,270540.79,-3057.76,GBP,MOCK_FEED
POS00700820251101,PORT007,INS0027,2025-11-01,3637,17.3682,63168.14,732.53,INR,MOCK_FEED
POS00700920251101,PORT007,INS0028,2025-11-01,2486,46.0042,114366.44,-2682.55,GBP,MOCK_FEED
POS00701020251101,PORT007,INS0029,2025-11-01,754,21.0375,15862.28,28.49,INR,MOCK_FEED
POS00700120251102,PORT007,INS0020,2025-11-02,710,10.65,7561.5,204.11,INR,MOCK_FEED
POS00700220251102,PORT007,INS0021,2025-11-02,3931,45.8704,180316.54,-1673.4,INR,MOCK_FEED
POS00700320251102,PORT007,INS0022,2025-11-02,3821,44.2388,169036.45,-920.07,USD,MOCK_FEED
POS00700420251102,PORT007,INS0023,2025-11-02,2183,54.1539,118217.96,3593.32,USD,MOCK_FEED
POS00700520251102,PORT007,INS0024,2025-11-02,4661,69.5832,324327.3,-5116.28,USD,MOCK_FEED
POS00700620251102,PORT007,INS0025,2025-11-02,3374,25.5591,86236.4,-1115.72,USD,MOCK_FEED
POS00700720251102,PORT007,INS0026,2025-11-02,1818,60.4693,109933.19,-1023.33,GBP,MOCK_FEED
POS00700820251102,PORT007,INS0027,2025-11-02,3174,17.3679,55125.71,-866.13,EUR,MOCK_FEED
POS00700920251102,PORT007,INS0028,2025-11-02,2754,45.3586,124917.58,1376.75,USD,MOCK_FEED
POS00701020251102,PORT007,INS0029,2025-11-02,3261,20.847,67982.07,-949.33,INR,MOCK_FEED
POS00700120251103,PORT007,INS0020,2025-11-03,3816,10.606,40472.5,1064.62,GBP,MOCK_FEED
POS00700220251103,PORT007,INS0021,2025-11-03,115,45.1866,5196.46,68.7,USD,MOCK_FEED
POS00700320251103,PORT007,INS0022,2025-11-03,3404,43.9456,149590.82,2460.52,INR,MOCK_FEED
POS00700420251103,PORT007,INS0023,2025-11-03,4612,53.5125,246799.65,-4273.63,GBP,MOCK_FEED
POS00700520251103,PORT007,INS0024,2025-11-03,714,70.3337,50218.26,1540.93,GBP,MOCK_FEED
POS00700620251103,PORT007,INS0025,2025-11-03,4405,25.342,111631.51,4163.08,GBP,MOCK_FEED
POS00700720251103,PORT007,INS0026,2025-11-03,2728,60.443,164888.5,-1076.01,EUR,MOCK_FEED
POS00700820251103,PORT007,INS0027,2025-11-03,378,17.4467,6594.85,198.08,EUR,MOCK_FEED
POS00700920251103,PORT007,INS0028,2025-11-03,1355,45.1503,61178.66,-1335.31,GBP,MOCK_FEED
POS00701020251103,PORT007,INS0029,2025-11-03,1870,20.4333,38210.27,641.69,INR,MOCK_FEED
POS00700120251104,PORT007,INS0020,2025-11-04,4650,10.679,49657.35,1796.09,GBP,MOCK_FEED
POS00700220251104,PORT007,INS0021,2025-11-04,4823,45.6609,220222.52,-5632.03,INR,MOCK_FEED
POS00700320251104,PORT007,INS0022,2025-11-04,1696,44.7691,75928.39,-2234.96,GBP,MOCK_FEED
POS00700420251104,PORT007,INS0023,2025-11-04,3105,53.3398,165620.08,-3267.97,GBP,MOCK_FEED
POS00700520251104,PORT007,INS0024,2025-11-04,3498,71.1874,249013.53,9626.19,EUR,MOCK_FEED
POS00700620251104,PORT007,INS0025,2025-11-04,1722,25.002,43053.44,1501.61,EUR,MOCK_FEED
POS00700720251104,PORT007,INS0026,2025-11-04,179,60.2032,10776.37,-295.63,EUR,MOCK_FEED
POS00700820251104,PORT007,INS0027,2025-11-04,2758,17.6055,48555.97,-621.3,EUR,MOCK_FEED
POS00700920251104,PORT007,INS0028,2025-11-04,3705,45.5612,168804.25,174.88,INR,MOCK_FEED
POS00701020251104,PORT007,INS0029,2025-11-04,4022,20.2771,81554.5,611.37,GBP,MOCK_FEED
POS00700120251105,PORT007,INS0020,2025-11-05,2405,10.7304,25806.61,417.32,INR,MOCK_FEED
POS00700220251105,PORT007,INS0021,2025-11-05,1665,45.9802,76557.03,-761.89,GBP,MOCK_FEED
POS00700320251105,PORT007,INS0022,2025-11-05,2331,45.288,105566.33,-3153.97,EUR,MOCK_FEED
POS00700420251105,PORT007,INS0023,2025-11-05,937,53.7127,50328.8,1006.47,GBP,MOCK_FEED
POS00700520251105,PORT007,INS0024,2025-11-05,232,71.4375,16573.5,24.22,INR,MOCK_FEED
POS00700620251105,PORT007,INS0025,2025-11-05,4312,25.111,108278.63,1896.73,GBP,MOCK_FEED
POS00700720251105,PORT007,INS0026,2025-11-05,4987,60.0614,299526.2,2539.31,INR,MOCK_FEED
POS00700820251105,PORT007,INS0027,2025-11-05,3941,17.5417,69131.84,-404.12,EUR,MOCK_FEED
POS00700920251105,PORT007,INS0028,2025-11-05,593,46.5526,27605.69,863.84,INR,MOCK_FEED
POS00701020251105,PORT007,INS0029,2025-11-05,2775,20.8528,57866.52,1325.45,INR,MOCK_FEED
POS00700120251106,PORT007,INS0020,2025-11-06,4762,10.6077,50513.87,983.16,INR,MOCK_FEED
POS00700220251106,PORT007,INS0021,2025-11-06,3324,46.4284,154328.0,-4602.66,GBP,MOCK_FEED
POS00700320251106,PORT007,INS0022,2025-11-06,1892,45.1651,85452.37,-51.36,INR,MOCK_FEED
POS00700420251106,PORT007,INS0023,2025-11-06,2517,54.102,136174.73,-16.43,GBP,MOCK_FEED
POS00700520251106,PORT007,INS0024,2025-11-06,2340,71.1852,166573.37,-3789.66,EUR,MOCK_FEED
POS00700620251106,PORT007,INS0025,2025-11-06,1366,25.4883,34817.02,479.15,EUR,MOCK_FEED
POS00700720251106,PORT007,INS0026,2025-11-06,2050,60.8433,124728.76,929.15,USD,MOCK_FEED
POS00700820251106,PORT007,INS0027,2025-11-06,3376,17.9555,60617.77,-691.91,GBP,MOCK_FEED
POS00700920251106,PORT007,INS0028,2025-11-06,2402,46.6311,112007.9,-3283.9,USD,MOCK_FEED
POS00701020251106,PORT007,INS0029,2025-11-06,377,20.7541,7824.3,108.15,GBP,MOCK_FEED
POS00700120251107,PORT007,INS0020,2025-11-07,3501,10.4881,36718.84,1453.84,GBP,MOCK_FEED
POS00700220251107,PORT007,INS0021,2025-11-07,3074,46.7297,143647.1,3606.33,EUR,MOCK_FEED
POS00700320251107,PORT007,INS0022,2025-11-07,3555,45.0454,160136.4,4288.91,GBP,MOCK_FEED
POS00700420251107,PORT007,INS0023,2025-11-07,2976,54.2723,161514.36,-4312.3,INR,MOCK_FEED
POS00700520251107,PORT007,INS0024,2025-11-07,1661,71.4657,118704.53,-3241.77,INR,MOCK_FEED
POS00700620251107,PORT007,INS0025,2025-11-07,4004,25.8084,103336.83,-1401.61,INR,MOCK_FEED
POS00700720251107,PORT007,INS0026,2025-11-07,2937,59.3921,174434.6,-3012.07,INR,MOCK_FEED
POS00700820251107,PORT007,INS0027,2025-11-07,2851,18.1319,51694.05,816.67,EUR,MOCK_FEED
POS00700920251107,PORT007,INS0028,2025-11-07,781,46.6752,36453.33,-1091.92,INR,MOCK_FEED
POS00701020251107,PORT007,INS0029,2025-11-07,1172,20.8857,24478.04,109.44,EUR,MOCK_FEED
POS00700120251108,PORT007,INS0020,2025-11-08,3657,10.395,38014.51,1357.89,INR,MOCK_FEED
POS00700220251108,PORT007,INS0021,2025-11-08,2520,46.4005,116929.26,-1203.58,USD,MOCK_FEED
POS00700320251108,PORT007,INS0022,2025-11-08,2857,44.3833,126803.09,995.43,INR,MOCK_FEED
POS00700420251108,PORT007,INS0023,2025-11-08,254,54.7233,13899.72,88.98,GBP,MOCK_FEED
POS00700520251108,PORT007,INS0024,2025-11-08,382,71.5564,27334.54,208.0,INR,MOCK_FEED
POS00700620251108,PORT007,INS0025,2025-11-08,2408,25.9474,62481.34,-1607.92,INR,MOCK_FEED
POS00700720251108,PORT007,INS0026,2025-11-08,1476,60.426,89188.78,128.93,GBP,MOCK_FEED
POS00700820251108,PORT007,INS0027,2025-11-08,3805,17.6798,67271.64,-68.64,EUR,MOCK_FEED
POS00700920251108,PORT007,INS0028,2025-11-08,3671,46.2199,169673.25,-3434.15,INR,MOCK_FEED
POS00701020251108,PORT007,INS0029,2025-11-08,4037,20.8447,84150.05,1105.27,INR,MOCK_FEED
POS00700120251109,PORT007,INS0020,2025-11-09,2994,10.2407,30660.66,740.9,USD,MOCK_FEED
POS00700220251109,PORT007,INS0021,2025-11-09,297,47.1982,14017.87,456.62,GBP,MOCK_FEED
POS00700320251109,PORT007,INS0022,2025-11-09,2973,44.9017,133492.75,-2048.85,GBP,MOCK_FEED
POS00700420251109,PORT007,INS0023,2025-11-09,407,53.8809,21929.53,-183.29,USD,MOCK_FEED
POS00700520251109,PORT007,INS0024,2025-11-09,1230,72.2332,88846.84,-2493.52,GBP,MOCK_FEED
POS00700620251109,PORT007,INS0025,2025-11-09,4801,26.4357,126917.8,3276.17,USD,MOCK_FEED
POS00700720251109,PORT007,INS0026,2025-11-09,2547,60.7287,154676.0,-687.44,INR,MOCK_FEED
POS00700820251109,PORT007,INS0027,2025-11-09,3852,17.3882,66979.35,-368.44,USD,MOCK_FEED
POS00700920251109,PORT007,INS0028,2025-11-09,2720,46.848,127426.56,-2906.26,GBP,MOCK_FEED
POS00701020251109,PORT007,INS0029,2025-11-09,3848,20.9363,80562.88,-76.27,USD,MOCK_FEED
POS00700120251110,PORT007,INS0020,2025-11-10,3480,10.1211,35221.43,-775.64,EUR,MOCK_FEED
POS00700220251110,PORT007,INS0021,2025-11-10,2270,47.7225,108330.07,3285.18,INR,MOCK_FEED
POS00700320251110,PORT007,INS0022,2025-11-10,1261,45.3648,57205.01,-337.77,GBP,MOCK_FEED
POS00700420251110,PORT007,INS0023,2025-11-10,3238,53.0673,171831.92,4929.13,USD,MOCK_FEED
POS00700520251110,PORT007,INS0024,2025-11-10,1170,72.0636,84314.41,939.81,USD,MOCK_FEED
POS00700620251110,PORT007,INS0025,2025-11-10,3862,26.3883,101911.61,-742.82,INR,MOCK_FEED
POS00700720251110,PORT007,INS0026,2025-11-10,3930,59.8092,235050.16,-5485.71,INR,MOCK_FEED
POS00700820251110,PORT007,INS0027,2025-11-10,3475,17.1642,59645.6,-233.02,USD,MOCK_FEED
POS00700920251110,PORT007,INS0028,2025-11-10,1029,46.6591,48012.21,589.89,GBP,MOCK_FEED
POS00701020251110,PORT007,INS0029,2025-11-10,3394,21.1004,71614.76,1806.97,USD,MOCK_FEED
POS00700120251111,PORT007,INS0020,2025-11-11,3418,10.0473,34341.67,-509.71,INR,MOCK_FEED
POS00700220251111,PORT007,INS0021,2025-11-11,999,48.5802,48531.62,-826.43,INR,MOCK_FEED
POS00700320251111,PORT007,INS0022,2025-11-11,287,45.7023,13116.56,-335.32,USD,MOCK_FEED
POS00700420251111,PORT007,INS0023,2025-11-11,1798,53.436,96077.93,1666.83,EUR,MOCK_FEED
POS00700520251111,PORT007,INS0024,2025-11-11,2999,73.0863,219185.81,471.13,USD,MOCK_FEED
POS00700620251111,PORT007,INS0025,2025-11-11,3929,26.5318,104243.44,137.25,GBP,MOCK_FEED
POS00700720251111,PORT007,INS0026,2025-11-11,646,60.6366,39171.24,-971.33,USD,MOCK_FEED
POS00700820251111,PORT007,INS0027,2025-11-11,3070,17.2412,52930.48,573.29,USD,MOCK_FEED
POS00700920251111,PORT007,INS0028,2025-11-11,939,46.9813,44115.44,1139.7,EUR,MOCK_FEED
POS00701020251111,PORT007,INS0029,2025-11-11,2739,21.0153,57560.91,663.78,USD,MOCK_FEED
POS00700120251112,PORT007,INS0020,2025-11-12,3776,10.2023,38523.88,646.07,USD,MOCK_FEED
POS00700220251112,PORT007,INS0021,2025-11-12,4432,47.702,211415.26,7894.88,USD,MOCK_FEED
POS00700320251112,PORT007,INS0022,2025-11-12,3017,45.5948,137559.51,-2329.11,USD,MOCK_FEED
POS00700420251112,PORT007,INS0023,2025-11-12,3289,53.5197,176026.29,-647.6,INR,MOCK_FEED
POS00700520251112,PORT007,INS0024,2025-11-12,586,72.9938,42774.37,866.4,INR,MOCK_FEED
POS00700620251112,PORT007,INS0025,2025-11-12,3402,26.5083,90181.24,2371.54,USD,MOCK_FEED
POS00700720251112,PORT007,INS0026,2025-11-12,2362,60.1533,142082.09,2715.96,INR,MOCK_FEED
POS00700820251112,PORT007,INS0027,2025-11-12,530,17.2264,9129.99,294.11,INR,MOCK_FEED
POS00700920251112,PORT007,INS0028,2025-11-12,3814,46.9916,179225.96,100.45,USD,MOCK_FEED
POS00701020251112,PORT007,INS0029,2025-11-12,2382,20.8824,49741.88,-397.35,USD,MOCK_FEED
POS00700120251113,PORT007,INS0020,2025-11-13,2042,10.0399,20501.48,-82.81,USD,MOCK_FEED
POS00700220251113,PORT007,INS0021,2025-11-13,4797,47.6572,228611.59,-5463.07,INR,MOCK_FEED
POS00700320251113,PORT007,INS0022,2025-11-13,2489,46.3039,115250.41,3648.73,INR,MOCK_FEED
POS00700420251113,PORT007,INS0023,2025-11-13,178,53.1487,9460.47,-84.2,USD,MOCK_FEED
POS00700520251113,PORT007,INS0024,2025-11-13,1017,73.7191,74972.32,1838.3,GBP,MOCK_FEED
POS00700620251113,PORT007,INS0025,2025-11-13,460,26.1453,12026.84,129.89,GBP,MOCK_FEED
POS00700720251113,PORT007,INS0026,2025-11-13,1223,60.0435,73433.2,-517.07,EUR,MOCK_FEED
POS00700820251113,PORT007,INS0027,2025-11-13,3434,17.0791,58649.63,1115.79,GBP,MOCK_FEED
POS00700920251113,PORT007,INS0028,2025-11-13,1370,46.4747,63670.34,1237.53,GBP,MOCK_FEED
POS00701020251113,PORT007,INS0029,2025-11-13,1879,20.4616,38447.35,-706.22,USD,MOCK_FEED
POS00700120251114,PORT007,INS0020,2025-11-14,4478,9.9534,44571.33,899.63,INR,MOCK_FEED
POS00700220251114,PORT007,INS0021,2025-11-14,1767,48.6521,85968.26,967.35,GBP,MOCK_FEED
POS00700320251114,PORT007,INS0022,2025-11-14,506,46.7229,23641.79,550.39,EUR,MOCK_FEED
POS00700420251114,PORT007,INS0023,2025-11-14,4796,53.8934,258472.75,8838.84,EUR,MOCK_FEED
POS00700520251114,PORT007,INS0024,2025-11-14,1389,73.3345,101861.62,1363.92,INR,MOCK_FEED
POS00700620251114,PORT007,INS0025,2025-11-14,1381,25.823,35661.56,461.23,USD,MOCK_FEED
POS00700720251114,PORT007,INS0026,2025-11-14,1727,59.8875,103425.71,1124.79,USD,MOCK_FEED
POS00700820251114,PORT007,INS0027,2025-11-14,2451,17.2975,42396.17,1591.5,USD,MOCK_FEED
POS00700920251114,PORT007,INS0028,2025-11-14,1271,46.4658,59058.03,1959.99,USD,MOCK_FEED
POS00701020251114,PORT007,INS0029,2025-11-14,2318,20.5225,47571.15,1589.14,USD,MOCK_FEED
POS00700120251115,PORT007,INS0020,2025-11-15,2562,10.1765,26072.19,49.8,GBP,MOCK_FEED
POS00700220251115,PORT007,INS0021,2025-11-15,4751,49.3626,234521.71,-5436.45,INR,MOCK_FEED
POS00700320251115,PORT007,INS0022,2025-11-15,209,47.3197,9889.82,322.9,INR,MOCK_FEED
POS00700420251115,PORT007,INS0023,2025-11-15,4626,54.7115,253095.4,-5252.28,USD,MOCK_FEED
POS00700520251115,PORT007,INS0024,2025-11-15,4314,73.6191,317592.8,-707.13,INR,MOCK_FEED
POS00700620251115,PORT007,INS0025,2025-11-15,2335,25.6584,59912.36,-606.03,EUR,MOCK_FEED
POS00700720251115,PORT007,INS0026,2025-11-15,128,61.0013,7808.17,265.74,GBP,MOCK_FEED
POS00700820251115,PORT007,INS0027,2025-11-15,1030,16.9792,17488.58,324.46,GBP,MOCK_FEED
POS00700920251115,PORT007,INS0028,2025-11-15,4254,46.7415,198838.34,-399.05,EUR,MOCK_FEED
POS00701020251115,PORT007,INS0029,2025-11-15,4123,20.4282,84225.47,1160.45,GBP,MOCK_FEED
POS00700120251116,PORT007,INS0020,2025-11-16,3339,10.3133,34436.11,898.12,INR,MOCK_FEED
POS00700220251116,PORT007,INS0021,2025-11-16,2235,49.7215,111127.55,-1675.45,INR,MOCK_FEED
POS00700320251116,PORT007,INS0022,2025-11-16,4066,48.0754,195474.58,-2648.29,USD,MOCK_FEED
POS00700420251116,PORT007,INS0023,2025-11-16,4418,54.5845,241154.32,9413.94,EUR,MOCK_FEED
POS00700520251116,PORT007,INS0024,2025-11-16,4389,72.9307,320092.84,11639.15,EUR,MOCK_FEED
POS00700620251116,PORT007,INS0025,2025-11-16,3608,25.6456,92529.32,-1938.35,USD,MOCK_FEED
POS00700720251116,PORT007,INS0026,2025-11-16,4244,60.786,257975.78,-6593.3,INR,MOCK_FEED
POS00700820251116,PORT007,INS0027,2025-11-16,2006,16.9952,34092.37,244.58,INR,MOCK_FEED
POS00700920251116,PORT007,INS0028,2025-11-16,4488,46.6824,209510.61,1375.19,INR,MOCK_FEED
POS00701020251116,PORT007,INS0029,2025-11-16,933,20.4551,19084.61,378.48,EUR,MOCK_FEED
POS00700120251117,PORT007,INS0020,2025-11-17,2138,10.3432,22113.76,-660.22,EUR,MOCK_FEED
POS00700220251117,PORT007,INS0021,2025-11-17,3168,50.4435,159805.01,1041.18,INR,MOCK_FEED
POS00700320251117,PORT007,INS0022,2025-11-17,1889,47.7985,90291.37,1663.94,GBP,MOCK_FEED
POS00700420251117,PORT007,INS0023,2025-11-17,2244,53.8231,120779.04,-747.55,GBP,MOCK_FEED
POS00700520251117,PORT007,INS0024,2025-11-17,2056,71.4358,146872.0,-3167.13,USD,MOCK_FEED
POS00700620251117,PORT007,INS0025,2025-11-17,1086,25.0354,27188.44,-11.37,INR,MOCK_FEED
POS00700720251117,PORT007,INS0026,2025-11-17,4076,60.0594,244802.11,1350.88,EUR,MOCK_FEED
POS00700820251117,PORT007,INS0027,2025-11-17,2116,16.8653,35686.97,111.27,EUR,MOCK_FEED
POS00700920251117,PORT007,INS0028,2025-11-17,4952,46.609,230807.77,-1045.35,EUR,MOCK_FEED
POS00701020251117,PORT007,INS0029,2025-11-17,3031,20.4316,61928.18,-1601.24,INR,MOCK_FEED
POS00700120251118,PORT007,INS0020,2025-11-18,761,10.3875,7904.89,169.95,EUR,MOCK_FEED
POS00700220251118,PORT007,INS0021,2025-11-18,4631,49.497,229220.61,5317.85,INR,MOCK_FEED
POS00700320251118,PORT007,INS0022,2025-11-18,2220,46.2837,102749.81,1681.56,GBP,MOCK_FEED
POS00700420251118,PORT007,INS0023,2025-11-18,4279,53.1819,227565.35,1973.53,INR,MOCK_FEED
POS00700520251118,PORT007,INS0024,2025-11-18,3109,70.5763,219421.72,-284.65,USD,MOCK_FEED
POS00700620251118,PORT007,INS0025,2025-11-18,3354,24.9319,83621.59,207.09,GBP,MOCK_FEED
POS00700720251118,PORT007,INS0026,2025-11-18,4602,60.2327,277190.89,2324.44,INR,MOCK_FEED
POS00700820251118,PORT007,INS0027,2025-11-18,3199,16.551,52946.65,-597.11,USD,MOCK_FEED
POS00700920251118,PORT007,INS0028,2025-11-18,4591,46.9112,215369.32,3473.01,INR,MOCK_FEED
POS00701020251118,PORT007,INS0029,2025-11-18,4594,20.5006,94179.76,-1187.41,INR,MOCK_FEED
POS00700120251119,PORT007,INS0020,2025-11-19,2780,10.3315,28721.57,-31.4,USD,MOCK_FEED
POS00700220251119,PORT007,INS0021,2025-11-19,3641,49.5606,180450.14,1496.76,EUR,MOCK_FEED
POS00700320251119,PORT007,INS0022,2025-11-19,1808,46.7788,84576.07,-2482.38,EUR,MOCK_FEED
POS00700420251119,PORT007,INS0023,2025-11-19,1680,53.167,89320.56,1633.7,USD,MOCK_FEED
POS00700520251119,PORT007,INS0024,2025-11-19,3336,70.1356,233972.36,5448.6,EUR,MOCK_FEED
POS00700620251119,PORT007,INS0025,2025-11-19,1439,25.1784,36231.72,-157.88,GBP,MOCK_FEED
POS00700720251119,PORT007,INS0026,2025-11-19,2750,60.8245,167267.38,3700.56,EUR,MOCK_FEED
POS00700820251119,PORT007,INS0027,2025-11-19,4964,16.6225,82514.09,2300.41,EUR,MOCK_FEED
POS00700920251119,PORT007,INS0028,2025-11-19,1946,46.5221,90532.01,-941.48,INR,MOCK_FEED
POS00701020251119,PORT007,INS0029,2025-11-19,611,20.5721,12569.55,198.0,GBP,MOCK_FEED
POS00700120251120,PORT007,INS0020,2025-11-20,4207,9.9967,42056.12,-888.65,INR,MOCK_FEED
POS00700220251120,PORT007,INS0021,2025-11-20,4872,49.0794,239114.84,168.65,GBP,MOCK_FEED
POS00700320251120,PORT007,INS0022,2025-11-20,2773,46.7174,129547.35,-1337.77,EUR,MOCK_FEED
POS00700420251120,PORT007,INS0023,2025-11-20,2560,53.4425,136812.8,2806.1,GBP,MOCK_FEED
POS00700520251120,PORT007,INS0024,2025-11-20,984,70.5609,69431.93,-1398.23,EUR,MOCK_FEED
POS00700620251120,PORT007,INS0025,2025-11-20,1285,24.9682,32084.14,-728.34,INR,MOCK_FEED
POS00700720251120,PORT007,INS0026,2025-11-20,3667,62.4466,228991.68,-582.42,GBP,MOCK_FEED
POS00700820251120,PORT007,INS0027,2025-11-20,2562,16.74,42887.88,-615.43,USD,MOCK_FEED
POS00700920251120,PORT007,INS0028,2025-11-20,3495,47.5319,166123.99,3651.85,INR,MOCK_FEED
POS00701020251120,PORT007,INS0029,2025-11-20,3022,21.0369,63573.51,-1705.54,USD,MOCK_FEED
POS00700120251121,PORT007,INS0020,2025-11-21,1530,9.8848,15123.74,368.57,EUR,MOCK_FEED
POS00700220251121,PORT007,INS0021,2025-11-21,1760,48.2497,84919.47,1329.12,INR,MOCK_FEED
POS00700320251121,PORT007,INS0022,2025-11-21,2309,46.1254,106503.55,3206.44,INR,MOCK_FEED
POS00700420251121,PORT007,INS0023,2025-11-21,3284,52.9832,173996.83,3220.83,USD,MOCK_FEED
POS00700520251121,PORT007,INS0024,2025-11-21,4230,69.3641,293410.14,2973.79,USD,MOCK_FEED
POS00700620251121,PORT007,INS0025,2025-11-21,4551,25.4163,115669.58,2607.19,USD,MOCK_FEED
POS00700720251121,PORT007,INS0026,2025-11-21,2447,62.1803,152155.19,6025.78,USD,MOCK_FEED
POS00700820251121,PORT007,INS0027,2025-11-21,370,16.652,6161.24,-162.94,GBP,MOCK_FEED
POS00700920251121,PORT007,INS0028,2025-11-21,2639,48.1353,127029.06,-2052.15,USD,MOCK_FEED
POS00701020251121,PORT007,INS0029,2025-11-21,128,21.2678,2722.28,-78.71,GBP,MOCK_FEED
POS00700120251122,PORT007,INS0020,2025-11-22,2482,9.9162,24612.01,-714.61,INR,MOCK_FEED
POS00700220251122,PORT007,INS0021,2025-11-22,2602,48.6239,126519.39,-1823.64,USD,MOCK_FEED
POS00700320251122,PORT007,INS0022,2025-11-22,4366,46.3539,202381.13,7710.25,INR,MOCK_FEED
POS00700420251122,PORT007,INS0023,2025-11-22,4096,53.0876,217446.81,6838.17,EUR,MOCK_FEED
POS00700520251122,PORT007,INS0024,2025-11-22,788,69.4585,54733.3,1755.08,GBP,MOCK_FEED
POS00700620251122,PORT007,INS0025,2025-11-22,3247,25.3694,82374.44,-619.09,EUR,MOCK_FEED
POS00700720251122,PORT007,INS0026,2025-11-22,1401,62.8167,88006.2,3046.27,EUR,MOCK_FEED
POS00700820251122,PORT007,INS0027,2025-11-22,1382,17.0289,23533.94,-619.73,USD,MOCK_FEED
POS00700920251122,PORT007,INS0028,2025-11-22,4195,48.852,204934.14,-1179.12,INR,MOCK_FEED
POS00701020251122,PORT007,INS0029,2025-11-22,1416,21.1063,29886.52,311.16,EUR,MOCK_FEED
POS00700120251123,PORT007,INS0020,2025-11-23,2077,9.6413,20024.98,287.62,GBP,MOCK_FEED
POS00700220251123,PORT007,INS0021,2025-11-23,3356,48.6466,163257.99,-4087.95,INR,MOCK_FEED
POS00700320251123,PORT007,INS0022,2025-11-23,4734,46.5793,220506.41,-5586.67,USD,MOCK_FEED
POS00700420251123,PORT007,INS0023,2025-11-23,2906,53.7892,156311.42,4716.32,EUR,MOCK_FEED
POS00700520251123,PORT007,INS0024,2025-11-23,441,68.946,30405.19,-377.95,INR,MOCK_FEED
POS00700620251123,PORT007,INS0025,2025-11-23,1422,25.5114,36277.21,602.26,GBP,MOCK_FEED
POS00700720251123,PORT007,INS0026,2025-11-23,677,62.4602,42285.56,1491.11,USD,MOCK_FEED
POS00700820251123,PORT007,INS0027,2025-11-23,3019,17.4028,52539.05,426.51,EUR,MOCK_FEED
POS00700920251123,PORT007,INS0028,2025-11-23,3391,48.8578,165676.8,5197.55,GBP,MOCK_FEED
POS00701020251123,PORT007,INS0029,2025-11-23,3183,20.9086,66552.07,-1361.51,EUR,MOCK_FEED
POS00700120251124,PORT007,INS0020,2025-11-24,4967,9.5566,47467.63,74.25,EUR,MOCK_FEED
POS00700220251124,PORT007,INS0021,2025-11-24,1010,48.8144,49302.54,-391.29,INR,MOCK_FEED
POS00700320251124,PORT007,INS0022,2025-11-24,412,46.8828,19315.71,-172.83,EUR,MOCK_FEED
POS00700420251124,PORT007,INS0023,2025-11-24,4646,53.0119,246293.29,328.76,GBP,MOCK_FEED
POS00700520251124,PORT007,INS0024,2025-11-24,4643,68.3036,317133.61,-5634.44,USD,MOCK_FEED
POS00700620251124,PORT007,INS0025,2025-11-24,552,25.4319,14038.41,296.76,EUR,MOCK_FEED
POS00700720251124,PORT007,INS0026,2025-11-24,1143,61.4321,70216.89,-1780.79,GBP,MOCK_FEED
POS00700820251124,PORT007,INS0027,2025-11-24,957,17.343,16597.25,-440.35,GBP,MOCK_FEED
POS00700920251124,PORT007,INS0028,2025-11-24,3479,49.3231,171595.06,-2111.63,GBP,MOCK_FEED
POS00701020251124,PORT007,INS0029,2025-11-24,4453,20.6962,92160.18,1784.57,USD,MOCK_FEED
POS00700120251125,PORT007,INS0020,2025-11-25,4037,9.5844,38692.22,1280.7,GBP,MOCK_FEED
POS00700220251125,PORT007,INS0021,2025-11-25,3248,47.8888,155542.82,1969.44,EUR,MOCK_FEED
POS00700320251125,PORT007,INS0022,2025-11-25,2277,47.479,108109.68,40.7,GBP,MOCK_FEED
POS00700420251125,PORT007,INS0023,2025-11-25,4073,52.7832,214985.97,-1289.07,GBP,MOCK_FEED
POS00700520251125,PORT007,INS0024,2025-11-25,3204,69.1165,221449.27,7321.56,INR,MOCK_FEED
POS00700620251125,PORT007,INS0025,2025-11-25,711,25.4905,18123.75,489.36,INR,MOCK_FEED
POS00700720251125,PORT007,INS0026,2025-11-25,3188,62.1353,198087.34,1796.42,INR,MOCK_FEED
POS00700820251125,PORT007,INS0027,2025-11-25,3797,17.2606,65538.5,-615.85,GBP,MOCK_FEED
POS00700920251125,PORT007,INS0028,2025-11-25,3077,49.1213,151146.24,-3810.0,USD,MOCK_FEED
POS00701020251125,PORT007,INS0029,2025-11-25,1188,21.066,25026.41,287.95,USD,MOCK_FEED
POS00700120251126,PORT007,INS0020,2025-11-26,4764,9.5933,45702.48,-597.91,EUR,MOCK_FEED
POS00700220251126,PORT007,INS0021,2025-11-26,2046,48.1866,98589.78,-481.95,EUR,MOCK_FEED
POS00700320251126,PORT007,INS0022,2025-11-26,1603,48.1006,77105.26,793.36,USD,MOCK_FEED
POS00700420251126,PORT007,INS0023,2025-11-26,1775,53.7728,95446.72,-218.37,USD,MOCK_FEED
POS00700520251126,PORT007,INS0024,2025-11-26,2616,69.1728,180956.04,1247.83,EUR,MOCK_FEED
POS00700620251126,PORT007,INS0025,2025-11-26,3604,25.6762,92537.02,135.57,INR,MOCK_FEED
POS00700720251126,PORT007,INS0026,2025-11-26,3564,64.055,228292.02,3985.91,INR,MOCK_FEED
POS00700820251126,PORT007,INS0027,2025-11-26,4209,17.5077,73689.91,348.8,GBP,MOCK_FEED
POS00700920251126,PORT007,INS0028,2025-11-26,1074,49.3765,53030.36,1384.58,INR,MOCK_FEED
POS00701020251126,PORT007,INS0029,2025-11-26,535,20.8424,11150.68,120.58,GBP,MOCK_FEED
POS00700120251127,PORT007,INS0020,2025-11-27,1976,9.5912,18952.21,-330.12,USD,MOCK_FEED
POS00700220251127,PORT007,INS0021,2025-11-27,1540,48.8326,75202.2,-1671.86,INR,MOCK_FEED
POS00700320251127,PORT007,INS0022,2025-11-27,2481,47.4631,117755.95,2157.42,GBP,MOCK_FEED
POS00700420251127,PORT007,INS0023,2025-11-27,710,53.5037,37987.63,31.09,EUR,MOCK_FEED
POS00700520251127,PORT007,INS0024,2025-11-27,1241,69.1468,85811.18,2761.03,USD,MOCK_FEED
POS00700620251127,PORT007,INS0025,2025-11-27,278,25.868,7191.3,64.57,GBP,MOCK_FEED
POS00700720251127,PORT007,INS0026,2025-11-27,1570,64.0306,100528.04,-2000.66,EUR,MOCK_FEED
POS00700820251127,PORT007,INS0027,2025-11-27,1372,17.6695,24242.55,492.32,INR,MOCK_FEED
POS00700920251127,PORT007,INS0028,2025-11-27,3563,50.1368,178637.42,4198.17,EUR,MOCK_FEED
POS00701020251127,PORT007,INS0029,2025-11-27,4950,21.1794,104838.03,-1542.58,EUR,MOCK_FEED
POS00700120251128,PORT007,INS0020,2025-11-28,2747,9.4185,25872.62,1029.2,USD,MOCK_FEED
POS00700220251128,PORT007,INS0021,2025-11-28,4588,50.3992,231231.53,2151.01,GBP,MOCK_FEED
POS00700320251128,PORT007,INS0022,2025-11-28,4905,47.8604,234755.26,3678.79,USD,MOCK_FEED
POS00700420251128,PORT007,INS0023,2025-11-28,4009,53.2606,213521.75,4802.95,USD,MOCK_FEED
POS00700520251128,PORT007,INS0024,2025-11-28,138,68.2475,9418.16,-215.19,EUR,MOCK_FEED
POS00700620251128,PORT007,INS0025,2025-11-28,861,25.5834,22027.31,-169.31,INR,MOCK_FEED
POS00700720251128,PORT007,INS0026,2025-11-28,4203,61.883,260094.25,10040.39,EUR,MOCK_FEED
POS00700820251128,PORT007,INS0027,2025-11-28,4804,17.7761,85396.38,-187.21,INR,MOCK_FEED
POS00700920251128,PORT007,INS0028,2025-11-28,1880,50.534,95003.92,-2082.46,EUR,MOCK_FEED
POS00701020251128,PORT007,INS0029,2025-11-28,2822,21.6306,61041.55,1060.42,USD,MOCK_FEED
POS00700120251129,PORT007,INS0020,2025-11-29,2319,9.4483,21910.61,340.13,USD,MOCK_FEED
POS00700220251129,PORT007,INS0021,2025-11-29,1030,50.4201,51932.7,1933.65,USD,MOCK_FEED
POS00700320251129,PORT007,INS0022,2025-11-29,4017,47.446,190590.58,-5196.59,USD,MOCK_FEED
POS00700420251129,PORT007,INS0023,2025-11-29,2017,52.4637,105819.28,1646.74,GBP,MOCK_FEED
POS00700520251129,PORT007,INS0024,2025-11-29,904,68.6312,62042.6,-417.54,USD,MOCK_FEED
POS00700620251129,PORT007,INS0025,2025-11-29,3459,25.4815,88140.51,114.39,GBP,MOCK_FEED
POS00700720251129,PORT007,INS0026,2025-11-29,4179,62.7551,262253.56,-4567.67,EUR,MOCK_FEED
POS00700820251129,PORT007,INS0027,2025-11-29,4562,17.5551,80086.37,1361.24,INR,MOCK_FEED
POS00700920251129,PORT007,INS0028,2025-11-29,4056,50.4747,204725.38,5275.35,GBP,MOCK_FEED
POS00701020251129,PORT007,INS0029,2025-11-29,1254,21.6191,27110.35,218.84,EUR,MOCK_FEED
POS00700120251130,PORT007,INS0020,2025-11-30,1176,9.5344,11212.45,442.95,USD,MOCK_FEED
POS00700220251130,PORT007,INS0021,2025-11-30,1372,49.426,67812.47,-98.36,INR,MOCK_FEED
POS00700320251130,PORT007,INS0022,2025-11-30,316,47.9958,15166.67,497.85,EUR,MOCK_FEED
POS00700420251130,PORT007,INS0023,2025-11-30,3474,52.0084,180677.18,2697.64,INR,MOCK_FEED
POS00700520251130,PORT007,INS0024,2025-11-30,266,68.2646,18158.38,521.53,EUR,MOCK_FEED
POS00700620251130,PORT007,INS0025,2025-11-30,4038,25.7547,103997.48,3459.95,INR,MOCK_FEED
POS00700720251130,PORT007,INS0026,2025-11-30,873,62.6448,54688.91,-1136.69,EUR,MOCK_FEED
POS00700820251130,PORT007,INS0027,2025-11-30,3762,17.6423,66370.33,710.94,EUR,MOCK_FEED
POS00700920251130,PORT007,INS0028,2025-11-30,1032,50.7261,52349.34,1107.38,EUR,MOCK_FEED
POS00701020251130,PORT007,INS0029,2025-11-30,1678,21.7752,36538.79,-403.28,GBP,MOCK_FEED
POS00700120251201,PORT007,INS0020,2025-12-01,1328,9.385,12463.28,126.41,EUR,MOCK_FEED
POS00700220251201,PORT007,INS0021,2025-12-01,2690,49.4413,132997.1,415.52,GBP,MOCK_FEED
POS00700320251201,PORT007,INS0022,2025-12-01,1479,47.4803,70223.36,1600.78,USD,MOCK_FEED
POS00700420251201,PORT007,INS0023,2025-12-01,1080,51.8521,56000.27,330.94,EUR,MOCK_FEED
POS00700520251201,PORT007,INS0024,2025-12-01,1756,68.1394,119652.79,-1709.22,USD,MOCK_FEED
POS00700620251201,PORT007,INS0025,2025-12-01,490,25.4044,12448.16,-218.27,INR,MOCK_FEED
POS00700720251201,PORT007,INS0026,2025-12-01,2854,62.556,178534.82,1501.63,USD,MOCK_FEED
POS00700820251201,PORT007,INS0027,2025-12-01,4154,17.7054,73548.23,-1083.85,GBP,MOCK_FEED
POS00700920251201,PORT007,INS0028,2025-12-01,2074,50.4709,104676.65,-1230.59,USD,MOCK_FEED
POS00701020251201,PORT007,INS0029,2025-12-01,1994,21.2511,42374.69,-21.42,USD,MOCK_FEED
POS00700120251202,PORT007,INS0020,2025-12-02,3942,9.5297,37566.08,1228.95,GBP,MOCK_FEED
POS00700220251202,PORT007,INS0021,2025-12-02,3952,48.1664,190353.61,1797.87,USD,MOCK_FEED
POS00700320251202,PORT007,INS0022,2025-12-02,160,47.9366,7669.86,-62.17,GBP,MOCK_FEED
POS00700420251202,PORT007,INS0023,2025-12-02,2214,51.2274,113417.46,1847.84,USD,MOCK_FEED
POS00700520251202,PORT007,INS0024,2025-12-02,280,68.7682,19255.1,-93.0,USD,MOCK_FEED
POS00700620251202,PORT007,INS0025,2025-12-02,1898,25.393,48195.91,-1362.74,INR,MOCK_FEED
POS00700720251202,PORT007,INS0026,2025-12-02,3470,62.2623,216050.18,-842.1,EUR,MOCK_FEED
POS00700820251202,PORT007,INS0027,2025-12-02,439,17.7027,7771.49,258.35,USD,MOCK_FEED
POS00700920251202,PORT007,INS0028,2025-12-02,3146,49.9607,157176.36,-2565.94,GBP,MOCK_FEED
POS00701020251202,PORT007,INS0029,2025-12-02,4151,21.5991,89657.86,-848.23,INR,MOCK_FEED
POS00700120251203,PORT007,INS0020,2025-12-03,4143,9.7304,40313.05,1017.78,GBP,MOCK_FEED
POS00700220251203,PORT007,INS0021,2025-12-03,1780,48.842,86938.76,2286.17,INR,MOCK_FEED
POS00700320251203,PORT007,INS0022,2025-12-03,4165,48.9987,204079.59,5621.61,USD,MOCK_FEED
POS00700420251203,PORT007,INS0023,2025-12-03,1544,51.1773,79017.75,109.7,INR,MOCK_FEED
POS00700520251203,PORT007,INS0024,2025-12-03,1071,68.1064,72941.95,1182.23,USD,MOCK_FEED
POS00700620251203,PORT007,INS0025,2025-12-03,1191,25.1147,29911.61,535.66,USD,MOCK_FEED
POS00700720251203,PORT007,INS0026,2025-12-03,3935,62.2825,245081.64,-6956.08,GBP,MOCK_FEED
POS00700820251203,PORT007,INS0027,2025-12-03,131,17.8502,2338.38,-54.51,GBP,MOCK_FEED
POS00700920251203,PORT007,INS0028,2025-12-03,4894,50.8303,248763.49,-2402.79,EUR,MOCK_FEED
POS00701020251203,PORT007,INS0029,2025-12-03,1417,21.0978,29895.58,523.8,INR,MOCK_FEED
POS00700120251204,PORT007,INS0020,2025-12-04,3303,9.689,32002.77,-434.43,GBP,MOCK_FEED
POS00700220251204,PORT007,INS0021,2025-12-04,2609,48.236,125847.72,700.43,INR,MOCK_FEED
POS00700320251204,PORT007,INS0022,2025-12-04,1242,50.2776,62444.78,2126.47,GBP,MOCK_FEED
POS00700420251204,PORT007,INS0023,2025-12-04,1542,49.9288,76990.21,2300.5,INR,MOCK_FEED
POS00700520251204,PORT007,INS0024,2025-12-04,128,68.9414,8824.5,161.97,GBP,MOCK_FEED
POS00700620251204,PORT007,INS0025,2025-12-04,2714,24.9245,67645.09,1184.33,GBP,MOCK_FEED
POS00700720251204,PORT007,INS0026,2025-12-04,1033,62.1563,64207.46,912.55,EUR,MOCK_FEED
POS00700820251204,PORT007,INS0027,2025-12-04,952,17.8602,17002.91,-118.93,USD,MOCK_FEED
POS00700920251204,PORT007,INS0028,2025-12-04,1856,50.7616,94213.53,2926.23,USD,MOCK_FEED
POS00701020251204,PORT007,INS0029,2025-12-04,4006,21.2339,85063.0,-2398.17,USD,MOCK_FEED
POS00700120251205,PORT007,INS0020,2025-12-05,559,9.619,5377.02,119.17,GBP,MOCK_FEED
POS00700220251205,PORT007,INS0021,2025-12-05,2175,47.2993,102875.98,330.81,INR,MOCK_FEED
POS00700320251205,PORT007,INS0022,2025-12-05,1227,49.2852,60472.94,1819.08,INR,MOCK_FEED
POS00700420251205,PORT007,INS0023,2025-12-05,3917,49.5276,193999.61,3712.76,INR,MOCK_FEED
POS00700520251205,PORT007,INS0024,2025-12-05,3095,68.2842,211339.6,-3208.33,USD,MOCK_FEED
POS00700620251205,PORT007,INS0025,2025-12-05,2588,24.8269,64252.02,-1035.52,INR,MOCK_FEED
POS00700720251205,PORT007,INS0026,2025-12-05,1761,63.2803,111436.61,1904.03,INR,MOCK_FEED
POS00700820251205,PORT007,INS0027,2025-12-05,4527,17.7658,80425.78,-912.22,USD,MOCK_FEED
POS00700920251205,PORT007,INS0028,2025-12-05,4753,50.8887,241873.99,-6606.83,EUR,MOCK_FEED
POS00701020251205,PORT007,INS0029,2025-12-05,1439,20.9237,30109.2,402.07,INR,MOCK_FEED
POS00700120251206,PORT007,INS0020,2025-12-06,4166,9.7775,40733.07,595.12,GBP,MOCK_FEED
POS00700220251206,PORT007,INS0021,2025-12-06,683,46.7715,31944.93,-496.96,INR,MOCK_FEED
POS00700320251206,PORT007,INS0022,2025-12-06,3736,49.2395,183958.77,6362.42,GBP,MOCK_FEED
POS00700420251206,PORT007,INS0023,2025-12-06,1171,50.4879,59121.33,1876.68,GBP,MOCK_FEED
POS00700520251206,PORT007,INS0024,2025-12-06,4842,68.2409,330422.44,8388.79,USD,MOCK_FEED
POS00700620251206,PORT007,INS0025,2025-12-06,3515,24.7155,86874.98,1348.23,EUR,MOCK_FEED
POS00700720251206,PORT007,INS0026,2025-12-06,767,62.4303,47884.04,-900.54,GBP,MOCK_FEED
POS00700820251206,PORT007,INS0027,2025-12-06,3250,17.7041,57538.33,1303.37,USD,MOCK_FEED
POS00700920251206,PORT007,INS0028,2025-12-06,904,51.1919,46277.48,1707.16,EUR,MOCK_FEED
POS00701020251206,PORT007,INS0029,2025-12-06,1905,20.7455,39520.18,-278.89,INR,MOCK_FEED
POS00700120251207,PORT007,INS0020,2025-12-07,3309,9.6459,31918.28,86.42,INR,MOCK_FEED
POS00700220251207,PORT007,INS0021,2025-12-07,4431,46.3919,205562.51,484.92,GBP,MOCK_FEED
POS00700320251207,PORT007,INS0022,2025-12-07,271,48.0059,13009.6,130.7,GBP,MOCK_FEED
POS00700420251207,PORT007,INS0023,2025-12-07,3948,51.2889,202488.58,-5421.87,USD,MOCK_FEED
POS00700520251207,PORT007,INS0024,2025-12-07,2147,67.4392,144791.96,4414.96,GBP,MOCK_FEED
POS00700620251207,PORT007,INS0025,2025-12-07,2598,24.3572,63280.01,476.61,INR,MOCK_FEED
POS00700720251207,PORT007,INS0026,2025-12-07,3876,62.0091,240347.27,-5956.92,USD,MOCK_FEED
POS00700820251207,PORT007,INS0027,2025-12-07,136,17.8262,2424.36,70.89,USD,MOCK_FEED
POS00700920251207,PORT007,INS0028,2025-12-07,1705,51.7566,88245.0,464.86,GBP,MOCK_FEED
POS00701020251207,PORT007,INS0029,2025-12-07,3315,20.7247,68702.38,-928.97,INR,MOCK_FEED
POS00700120251208,PORT007,INS0020,2025-12-08,3060,9.7532,29844.79,-616.58,GBP,MOCK_FEED
POS00700220251208,PORT007,INS0021,2025-12-08,2565,46.3885,118986.5,-2756.92,INR,MOCK_FEED
POS00700320251208,PORT007,INS0022,2025-12-08,953,48.225,45958.43,-99.81,EUR,MOCK_FEED
POS00700420251208,PORT007,INS0023,2025-12-08,2323,50.9187,118284.14,-316.84,INR,MOCK_FEED
POS00700520251208,PORT007,INS0024,2025-12-08,2839,65.9063,187107.99,-1584.28,USD,MOCK_FEED
POS00700620251208,PORT007,INS0025,2025-12-08,2585,24.2405,62661.69,1835.82,GBP,MOCK_FEED
POS00700720251208,PORT007,INS0026,2025-12-08,4873,62.8201,306122.35,11808.5,USD,MOCK_FEED
POS00700820251208,PORT007,INS0027,2025-12-08,778,17.7558,13814.01,-260.1,USD,MOCK_FEED
POS00700920251208,PORT007,INS0028,2025-12-08,2003,51.408,102970.22,-2502.48,EUR,MOCK_FEED
POS00701020251208,PORT007,INS0029,2025-12-08,3079,20.7959,64030.58,-1198.8,EUR,MOCK_FEED
POS00700120251209,PORT007,INS0020,2025-12-09,4927,9.8277,48421.08,1814.63,GBP,MOCK_FEED
POS00700220251209,PORT007,INS0021,2025-12-09,3081,46.3414,142777.85,-3049.07,EUR,MOCK_FEED
POS00700320251209,PORT007,INS0022,2025-12-09,4975,48.5487,241529.78,-4107.77,EUR,MOCK_FEED
POS00700420251209,PORT007,INS0023,2025-12-09,469,50.6591,23759.12,172.51,USD,MOCK_FEED
POS00700520251209,PORT007,INS0024,2025-12-09,3443,67.0348,230800.82,6683.53,GBP,MOCK_FEED
POS00700620251209,PORT007,INS0025,2025-12-09,3619,24.492,88636.55,1644.03,EUR,MOCK_FEED
POS00700720251209,PORT007,INS0026,2025-12-09,3892,61.6508,239944.91,385.29,USD,MOCK_FEED
POS00700820251209,PORT007,INS0027,2025-12-09,1597,17.5609,28044.76,-840.53,USD,MOCK_FEED
POS00700920251209,PORT007,INS0028,2025-12-09,272,50.9941,13870.4,41.48,USD,MOCK_FEED
POS00701020251209,PORT007,INS0029,2025-12-09,1260,20.5936,25947.94,815.92,INR,MOCK_FEED
POS00700120251210,PORT007,INS0020,2025-12-10,3850,9.842,37891.7,49.83,USD,MOCK_FEED
POS00700220251210,PORT007,INS0021,2025-12-10,1207,45.5666,54998.89,1498.07,USD,MOCK_FEED
POS00700320251210,PORT007,INS0022,2025-12-10,4183,48.6748,203606.69,5093.75,GBP,MOCK_FEED
POS00700420251210,PORT007,INS0023,2025-12-10,1397,51.0661,71339.34,2240.53,EUR,MOCK_FEED
POS00700520251210,PORT007,INS0024,2025-12-10,869,66.8816,58120.11,-856.75,EUR,MOCK_FEED
POS00700620251210,PORT007,INS0025,2025-12-10,868,24.6351,21383.27,242.11,EUR,MOCK_FEED
POS00700720251210,PORT007,INS0026,2025-12-10,456,62.7609,28618.97,1011.78,EUR,MOCK_FEED
POS00700820251210,PORT007,INS0027,2025-12-10,4190,17.1936,72041.18,1092.25,USD,MOCK_FEED
POS00700920251210,PORT007,INS0028,2025-12-10,1475,49.7821,73428.6,2497.75,INR,MOCK_FEED
POS00701020251210,PORT007,INS0029,2025-12-10,3294,20.3038,66880.72,1043.95,EUR,MOCK_FEED
POS00700120251211,PORT007,INS0020,2025-12-11,1251,9.9611,12461.34,-73.96,USD,MOCK_FEED
POS00700220251211,PORT007,INS0021,2025-12-11,503,46.3352,23306.61,163.67,GBP,MOCK_FEED
POS00700320251211,PORT007,INS0022,2025-12-11,2235,49.1108,109762.64,-3261.59,GBP,MOCK_FEED
POS00700420251211,PORT007,INS0023,2025-12-11,3982,51.3071,204304.87,2421.37,GBP,MOCK_FEED
POS00700520251211,PORT007,INS0024,2025-12-11,1327,66.4627,88196.0,-1006.69,INR,MOCK_FEED
POS00700620251211,PORT007,INS0025,2025-12-11,1335,24.4984,32705.36,-542.84,EUR,MOCK_FEED
POS00700720251211,PORT007,INS0026,2025-12-11,4895,63.9104,312841.41,414.34,USD,MOCK_FEED
POS00700820251211,PORT007,INS0027,2025-12-11,2944,17.3926,51203.81,-209.97,GBP,MOCK_FEED
POS00700920251211,PORT007,INS0028,2025-12-11,3308,49.7306,164508.82,4565.9,EUR,MOCK_FEED
POS00701020251211,PORT007,INS0029,2025-12-11,1391,20.0295,27861.03,-272.04,EUR,MOCK_FEED
POS00700120251212,PORT007,INS0020,2025-12-12,4200,9.9277,41696.34,511.4,USD,MOCK_FEED
POS00700220251212,PORT007,INS0021,2025-12-12,236,47.188,11136.37,134.08,EUR,MOCK_FEED
POS00700320251212,PORT007,INS0022,2025-12-12,1919,48.5467,93161.12,1264.85,GBP,MOCK_FEED
POS00700420251212,PORT007,INS0023,2025-12-12,4712,50.615,238497.88,7736.32,INR,MOCK_FEED
POS00700520251212,PORT007,INS0024,2025-12-12,3624,66.1261,239640.99,4532.34,USD,MOCK_FEED
POS00700620251212,PORT007,INS0025,2025-12-12,4784,24.3739,116604.74,2903.68,GBP,MOCK_FEED
POS00700720251212,PORT007,INS0026,2025-12-12,2718,64.2764,174703.26,1730.62,EUR,MOCK_FEED
POS00700820251212,PORT007,INS0027,2025-12-12,4111,17.5256,72047.74,-643.52,USD,MOCK_FEED
POS00700920251212,PORT007,INS0028,2025-12-12,3224,49.0081,158002.11,1100.34,GBP,MOCK_FEED
POS00701020251212,PORT007,INS0029,2025-12-12,1777,20.2301,35948.89,-610.37,GBP,MOCK_FEED
POS00700120251213,PORT007,INS0020,2025-12-13,1895,9.9059,18771.68,-268.48,EUR,MOCK_FEED
POS00700220251213,PORT007,INS0021,2025-12-13,449,47.3449,21257.86,554.65,INR,MOCK_FEED
POS00700320251213,PORT007,INS0022,2025-12-13,2863,48.1096,137737.78,3920.3,USD,MOCK_FEED
POS00700420251213,PORT007,INS0023,2025-12-13,934,51.1407,47765.41,-891.24,USD,MOCK_FEED
POS00700520251213,PORT007,INS0024,2025-12-13,933,64.8042,60462.32,383.69,EUR,MOCK_FEED
POS00700620251213,PORT007,INS0025,2025-12-13,686,24.6185,16888.29,383.41,USD,MOCK_FEED
POS00700720251213,PORT007,INS0026,2025-12-13,4499,63.1415,284073.61,4817.88,GBP,MOCK_FEED
POS00700820251213,PORT007,INS0027,2025-12-13,3324,17.3769,57760.82,1241.81,GBP,MOCK_FEED
POS00700920251213,PORT007,INS0028,2025-12-13,705,49.3286,34776.66,1047.73,USD,MOCK_FEED
POS00701020251213,PORT007,INS0029,2025-12-13,1409,20.1233,28353.73,-616.62,USD,MOCK_FEED
POS00700120251214,PORT007,INS0020,2025-12-14,3270,10.0957,33012.94,1022.04,EUR,MOCK_FEED
POS00700220251214,PORT007,INS0021,2025-12-14,978,46.1872,45171.08,711.71,EUR,MOCK_FEED
POS00700320251214,PORT007,INS0022,2025-12-14,1255,47.7919,59978.83,1663.73,USD,MOCK_FEED
POS00700420251214,PORT007,INS0023,2025-12-14,4385,51.9964,228004.21,7115.59,INR,MOCK_FEED
POS00700520251214,PORT007,INS0024,2025-12-14,4017,64.4466,258881.99,10070.85,EUR,MOCK_FEED
POS00700620251214,PORT007,INS0025,2025-12-14,889,25.0223,22244.82,867.25,USD,MOCK_FEED
POS00700720251214,PORT007,INS0026,2025-12-14,240,63.3565,15205.56,196.63,INR,MOCK_FEED
POS00700820251214,PORT007,INS0027,2025-12-14,4470,17.322,77429.34,3064.29,EUR,MOCK_FEED
POS00700920251214,PORT007,INS0028,2025-12-14,3624,49.4823,179323.86,-2862.48,GBP,MOCK_FEED
POS00701020251214,PORT007,INS0029,2025-12-14,768,20.1162,15449.24,270.88,USD,MOCK_FEED
POS00700120251215,PORT007,INS0020,2025-12-15,4163,10.1661,42321.47,1302.15,INR,MOCK_FEED
POS00700220251215,PORT007,INS0021,2025-12-15,1064,47.3953,50428.6,1533.65,EUR,MOCK_FEED
POS00700320251215,PORT007,INS0022,2025-12-15,4559,47.4375,216267.56,-1847.71,EUR,MOCK_FEED
POS00700420251215,PORT007,INS0023,2025-12-15,3037,51.3661,155998.85,-1878.31,USD,MOCK_FEED
POS00700520251215,PORT007,INS0024,2025-12-15,3636,64.2417,233582.82,4748.5,EUR,MOCK_FEED
POS00700620251215,PORT007,INS0025,2025-12-15,1312,24.9533,32738.73,983.05,EUR,MOCK_FEED
POS00700720251215,PORT007,INS0026,2025-12-15,552,63.5045,35054.48,1118.44,INR,MOCK_FEED
POS00700820251215,PORT007,INS0027,2025-12-15,2422,17.6181,42671.04,439.95,USD,MOCK_FEED
POS00700920251215,PORT007,INS0028,2025-12-15,4643,49.0469,227724.76,3546.86,GBP,MOCK_FEED
POS00701020251215,PORT007,INS0029,2025-12-15,3289,20.5489,67585.33,841.68,USD,MOCK_FEED
POS00700120251216,PORT007,INS0020,2025-12-16,1336,10.1918,13616.24,465.02,GBP,MOCK_FEED
POS00700220251216,PORT007,INS0021,2025-12-16,3961,47.5195,188224.74,-3733.33,INR,MOCK_FEED
POS00700320251216,PORT007,INS0022,2025-12-16,3449,47.5336,163943.39,-4601.7,GBP,MOCK_FEED
POS00700420251216,PORT007,INS0023,2025-12-16,3234,51.2457,165728.59,-14.92,EUR,MOCK_FEED
POS00700520251216,PORT007,INS0024,2025-12-16,4349,64.0839,278700.88,9826.48,EUR,MOCK_FEED
POS00700620251216,PORT007,INS0025,2025-12-16,754,24.3872,18387.95,728.4,INR,MOCK_FEED
POS00700720251216,PORT007,INS0026,2025-12-16,2987,63.6804,190213.35,3773.73,INR,MOCK_FEED
POS00700820251216,PORT007,INS0027,2025-12-16,3341,17.6749,59051.84,1586.21,EUR,MOCK_FEED
POS00700920251216,PORT007,INS0028,2025-12-16,4531,48.9712,221888.51,8204.61,USD,MOCK_FEED
POS00701020251216,PORT007,INS0029,2025-12-16,3282,20.4558,67135.94,1713.77,EUR,MOCK_FEED
POS00700120251217,PORT007,INS0020,2025-12-17,2740,10.2603,28113.22,687.66,INR,MOCK_FEED
POS00700220251217,PORT007,INS0021,2025-12-17,889,47.0816,41855.54,215.23,USD,MOCK_FEED
POS00700320251217,PORT007,INS0022,2025-12-17,2401,48.216,115766.62,-1787.92,EUR,MOCK_FEED
POS00700420251217,PORT007,INS0023,2025-12-17,574,50.9498,29245.19,614.64,INR,MOCK_FEED
POS00700520251217,PORT007,INS0024,2025-12-17,2191,63.3666,138836.22,832.26,USD,MOCK_FEED
POS00700620251217,PORT007,INS0025,2025-12-17,1629,24.4586,39843.06,40.73,EUR,MOCK_FEED
POS00700720251217,PORT007,INS0026,2025-12-17,2543,64.8788,164986.79,-1070.32,INR,MOCK_FEED
POS00700820251217,PORT007,INS0027,2025-12-17,4775,17.9058,85500.19,-2432.12,USD,MOCK_FEED
POS00700920251217,PORT007,INS0028,2025-12-17,3636,48.9811,178095.28,6416.82,INR,MOCK_FEED
POS00701020251217,PORT007,INS0029,2025-12-17,1942,20.4325,39679.92,-512.17,GBP,MOCK_FEED
POS00700120251218,PORT007,INS0020,2025-12-18,1854,10.2867,19071.54,360.92,USD,MOCK_FEED
POS00700220251218,PORT007,INS0021,2025-12-18,2489,47.3978,117973.12,3598.63,INR,MOCK_FEED
POS00700320251218,PORT007,INS0022,2025-12-18,123,49.1261,6042.51,48.6,USD,MOCK_FEED
POS00700420251218,PORT007,INS0023,2025-12-18,4422,50.8143,224700.83,5960.08,EUR,MOCK_FEED
POS00700520251218,PORT007,INS0024,2025-12-18,3993,63.4309,253279.58,6037.81,EUR,MOCK_FEED
POS00700620251218,PORT007,INS0025,2025-12-18,1744,24.1745,42160.33,-188.34,EUR,MOCK_FEED
POS00700720251218,PORT007,INS0026,2025-12-18,1051,65.0443,68361.56,2312.12,USD,MOCK_FEED
POS00700820251218,PORT007,INS0027,2025-12-18,2337,17.7315,41438.52,29.06,USD,MOCK_FEED
POS00700920251218,PORT007,INS0028,2025-12-18,2254,49.172,110833.69,2530.3,USD,MOCK_FEED
POS00701020251218,PORT007,INS0029,2025-12-18,2252,20.2911,45695.56,1131.5,USD,MOCK_FEED
POS00700120251219,PORT007,INS0020,2025-12-19,1365,10.2945,14051.99,339.86,USD,MOCK_FEED
POS00700220251219,PORT007,INS0021,2025-12-19,2042,47.1589,96298.47,-339.6,GBP,MOCK_FEED
POS00700320251219,PORT007,INS0022,2025-12-19,4353,49.0482,213506.81,-2381.68,USD,MOCK_FEED
POS00700420251219,PORT007,INS0023,2025-12-19,3850,50.4934,194399.59,7336.86,INR,MOCK_FEED
POS00700520251219,PORT007,INS0024,2025-12-19,828,64.1874,53147.17,-1467.03,EUR,MOCK_FEED
POS00700620251219,PORT007,INS0025,2025-12-19,3271,24.3662,79701.84,1121.29,GBP,MOCK_FEED
POS00700720251219,PORT007,INS0026,2025-12-19,1016,64.3418,65371.27,721.33,EUR,MOCK_FEED
POS00700820251219,PORT007,INS0027,2025-12-19,3502,17.8311,62444.51,937.2,EUR,MOCK_FEED
POS00700920251219,PORT007,INS0028,2025-12-19,3102,49.1548,152478.19,2054.46,EUR,MOCK_FEED
POS00701020251219,PORT007,INS0029,2025-12-19,2398,20.411,48945.58,-452.75,GBP,MOCK_FEED
POS00700120251220,PORT007,INS0020,2025-12-20,892,10.2138,9110.71,310.46,EUR,MOCK_FEED
POS00700220251220,PORT007,INS0021,2025-12-20,4973,47.1675,234563.98,1175.8,INR,MOCK_FEED
POS00700320251220,PORT007,INS0022,2025-12-20,2791,48.5486,135499.14,-414.23,EUR,MOCK_FEED
POS00700420251220,PORT007,INS0023,2025-12-20,2567,49.9022,128098.95,-2562.56,USD,MOCK_FEED
POS00700520251220,PORT007,INS0024,2025-12-20,4348,65.524,284898.35,-1574.57,GBP,MOCK_FEED
POS00700620251220,PORT007,INS0025,2025-12-20,701,24.6537,17282.24,414.84,GBP,MOCK_FEED
POS00700720251220,PORT007,INS0026,2025-12-20,176,64.9445,11430.23,322.26,USD,MOCK_FEED
POS00700820251220,PORT007,INS0027,2025-12-20,1188,17.8849,21247.26,-370.46,INR,MOCK_FEED
POS00700920251220,PORT007,INS0028,2025-12-20,1698,50.8235,86298.3,-1395.37,GBP,MOCK_FEED
POS00701020251220,PORT007,INS0029,2025-12-20,2264,19.9535,45174.72,-1283.9,INR,MOCK_FEED
POS00700120251221,PORT007,INS0020,2025-12-21,2431,10.2983,25035.17,18.58,USD,MOCK_FEED
POS00700220251221,PORT007,INS0021,2025-12-21,1795,46.597,83641.62,-1658.3,EUR,MOCK_FEED
POS00700320251221,PORT007,INS0022,2025-12-21,1888,49.0263,92561.65,-7.83,INR,MOCK_FEED
POS00700420251221,PORT007,INS0023,2025-12-21,4018,50.2482,201897.27,-3803.35,EUR,MOCK_FEED
POS00700520251221,PORT007,INS0024,2025-12-21,4574,64.2615,293932.1,-4697.29,USD,MOCK_FEED
POS00700620251221,PORT007,INS0025,2025-12-21,249,24.5667,6117.11,91.46,GBP,MOCK_FEED
POS00700720251221,PORT007,INS0026,2025-12-21,718,63.9344,45904.9,1480.79,EUR,MOCK_FEED
POS00700820251221,PORT007,INS0027,2025-12-21,2548,17.9653,45775.58,-1195.15,USD,MOCK_FEED
POS00700920251221,PORT007,INS0028,2025-12-21,611,51.5161,31476.34,-741.18,GBP,MOCK_FEED
POS00701020251221,PORT007,INS0029,2025-12-21,4978,20.1675,100393.82,-1137.84,USD,MOCK_FEED
POS00700120251222,PORT007,INS0020,2025-12-22,3557,10.4728,37251.75,-147.01,GBP,MOCK_FEED
POS00700220251222,PORT007,INS0021,2025-12-22,4620,46.8463,216429.91,7895.57,INR,MOCK_FEED
POS00700320251222,PORT007,INS0022,2025-12-22,1746,49.005,85562.73,-766.16,USD,MOCK_FEED
POS00700420251222,PORT007,INS0023,2025-12-22,3774,49.5167,186876.03,-428.1,EUR,MOCK_FEED
POS00700520251222,PORT007,INS0024,2025-12-22,2708,64.2399,173961.65,-3838.64,INR,MOCK_FEED
POS00700620251222,PORT007,INS0025,2025-12-22,3995,24.7026,98686.89,-1920.09,INR,MOCK_FEED
POS00700720251222,PORT007,INS0026,2025-12-22,2034,64.708,131616.07,541.84,GBP,MOCK_FEED
POS00700820251222,PORT007,INS0027,2025-12-22,2491,17.7016,44094.69,1084.58,EUR,MOCK_FEED
POS00700920251222,PORT007,INS0028,2025-12-22,4145,52.2359,216517.81,-4985.9,GBP,MOCK_FEED
POS00701020251222,PORT007,INS0029,2025-12-22,724,20.0161,14491.66,-199.16,GBP,MOCK_FEED
POS00700120251223,PORT007,INS0020,2025-12-23,1916,10.4884,20095.77,-237.5,GBP,MOCK_FEED
POS00700220251223,PORT007,INS0021,2025-12-23,1404,46.72,65594.88,-462.35,GBP,MOCK_FEED
POS00700320251223,PORT007,INS0022,2025-12-23,3059,50.3276,153952.13,225.88,USD,MOCK_FEED
POS00700420251223,PORT007,INS0023,2025-12-23,729,49.9321,36400.5,1060.29,EUR,MOCK_FEED
POS00700520251223,PORT007,INS0024,2025-12-23,1419,64.9098,92107.01,-2562.76,GBP,MOCK_FEED
POS00700620251223,PORT007,INS0025,2025-12-23,3853,24.7573,95389.88,1871.01,INR,MOCK_FEED
POS00700720251223,PORT007,INS0026,2025-12-23,2011,64.9195,130553.11,4756.41,INR,MOCK_FEED
POS00700820251223,PORT007,INS0027,2025-12-23,801,17.493,14011.89,-368.86,USD,MOCK_FEED
POS00700920251223,PORT007,INS0028,2025-12-23,4342,51.9085,225386.71,2621.07,USD,MOCK_FEED
POS00701020251223,PORT007,INS0029,2025-12-23,4821,20.4241,98464.59,115.02,GBP,MOCK_FEED
POS00700120251224,PORT007,INS0020,2025-12-24,4335,10.438,45248.73,396.6,USD,MOCK_FEED
POS00700220251224,PORT007,INS0021,2025-12-24,102,47.4585,4840.77,-9.55,EUR,MOCK_FEED
POS00700320251224,PORT007,INS0022,2025-12-24,3012,49.4738,149015.09,-3106.01,INR,MOCK_FEED
POS00700420251224,PORT007,INS0023,2025-12-24,3606,49.689,179178.53,-3773.01,GBP,MOCK_FEED
POS00700520251224,PORT007,INS0024,2025-12-24,4993,64.6737,322915.78,4042.59,EUR,MOCK_FEED
POS00700620251224,PORT007,INS0025,2025-12-24,216,24.7411,5344.08,164.47,INR,MOCK_FEED
POS00700720251224,PORT007,INS0026,2025-12-24,2927,63.9847,187283.22,5102.83,USD,MOCK_FEED
POS00700820251224,PORT007,INS0027,2025-12-24,3605,17.3867,62679.05,1967.3,USD,MOCK_FEED
POS00700920251224,PORT007,INS0028,2025-12-24,4995,51.7301,258391.85,662.28,EUR,MOCK_FEED
POS00701020251224,PORT007,INS0029,2025-12-24,405,20.2163,8187.6,237.43,EUR,MOCK_FEED
POS00700120251225,PORT007,INS0020,2025-12-25,3381,10.6351,35957.27,975.49,GBP,MOCK_FEED
POS00700220251225,PORT007,INS0021,2025-12-25,4841,48.8757,236607.26,-3186.67,USD,MOCK_FEED
POS00700320251225,PORT007,INS0022,2025-12-25,4216,49.3686,208138.02,-5411.36,EUR,MOCK_FEED
POS00700420251225,PORT007,INS0023,2025-12-25,1549,49.4935,76665.43,2764.08,USD,MOCK_FEED
POS00700520251225,PORT007,INS0024,2025-12-25,929,65.6991,61034.46,1057.93,EUR,MOCK_FEED
POS00700620251225,PORT007,INS0025,2025-12-25,3297,24.8196,81830.22,1312.46,EUR,MOCK_FEED
POS00700720251225,PORT007,INS0026,2025-12-25,3115,64.3171,200347.77,7363.51,USD,MOCK_FEED
POS00700820251225,PORT007,INS0027,2025-12-25,791,17.2577,13650.84,-299.09,GBP,MOCK_FEED
POS00700920251225,PORT007,INS0028,2025-12-25,1248,52.1978,65142.85,1541.64,INR,MOCK_FEED
POS00701020251225,PORT007,INS0029,2025-12-25,496,20.2618,10049.85,119.03,EUR,MOCK_FEED
POS00700120251226,PORT007,INS0020,2025-12-26,4832,10.5019,50745.18,-342.87,GBP,MOCK_FEED
POS00700220251226,PORT007,INS0021,2025-12-26,2200,48.8778,107531.16,3360.74,EUR,MOCK_FEED
POS00700320251226,PORT007,INS0022,2025-12-26,4465,48.4974,216540.89,-2926.37,GBP,MOCK_FEED
POS00700420251226,PORT007,INS0023,2025-12-26,2567,50.0329,128434.45,-1184.68,INR,MOCK_FEED
POS00700520251226,PORT007,INS0024,2025-12-26,2087,65.2574,136192.19,-603.44,EUR,MOCK_FEED
POS00700620251226,PORT007,INS0025,2025-12-26,3206,24.5545,78721.73,-891.89,GBP,MOCK_FEED
POS00700720251226,PORT007,INS0026,2025-12-26,1006,63.5712,63952.63,164.06,INR,MOCK_FEED
POS00700820251226,PORT007,INS0027,2025-12-26,1418,16.8541,23899.11,-430.66,EUR,MOCK_FEED
POS00700920251226,PORT007,INS0028,2025-12-26,507,52.9841,26862.94,-467.03,EUR,MOCK_FEED
POS00701020251226,PORT007,INS0029,2025-12-26,3339,20.3216,67853.82,2699.59,USD,MOCK_FEED
POS00700120251227,PORT007,INS0020,2025-12-27,987,10.4747,10338.53,-273.84,GBP,MOCK_FEED
POS00700220251227,PORT007,INS0021,2025-12-27,2044,49.2167,100598.93,726.57,EUR,MOCK_FEED
POS00700320251227,PORT007,INS0022,2025-12-27,904,48.2019,43574.52,-1080.53,GBP,MOCK_FEED
POS00700420251227,PORT007,INS0023,2025-12-27,3214,50.5969,162618.44,1226.48,USD,MOCK_FEED
POS00700520251227,PORT007,INS0024,2025-12-27,3009,65.4096,196817.49,6696.86,GBP,MOCK_FEED
POS00700620251227,PORT007,INS0025,2025-12-27,329,24.8817,8186.08,294.9,USD,MOCK_FEED
POS00700720251227,PORT007,INS0026,2025-12-27,824,63.3109,52168.18,1334.17,EUR,MOCK_FEED
POS00700820251227,PORT007,INS0027,2025-12-27,3810,16.9264,64489.58,-94.97,GBP,MOCK_FEED
POS00700920251227,PORT007,INS0028,2025-12-27,941,53.3318,50185.22,1898.65,INR,MOCK_FEED
POS00701020251227,PORT007,INS0029,2025-12-27,2837,20.2503,57450.1,-1306.72,INR,MOCK_FEED
POS00700120251228,PORT007,INS0020,2025-12-28,3413,10.4506,35667.9,1283.44,GBP,MOCK_FEED
POS00700220251228,PORT007,INS0021,2025-12-28,1411,49.0863,69260.77,-1347.48,EUR,MOCK_FEED
POS00700320251228,PORT007,INS0022,2025-12-28,2726,48.0511,130987.3,-986.3,EUR,MOCK_FEED
POS00700420251228,PORT007,INS0023,2025-12-28,1631,51.0355,83238.9,-614.14,EUR,MOCK_FEED
POS00700520251228,PORT007,INS0024,2025-12-28,4453,65.3345,290934.53,2812.77,GBP,MOCK_FEED
POS00700620251228,PORT007,INS0025,2025-12-28,2920,25.0504,73147.17,2660.07,USD,MOCK_FEED
POS00700720251228,PORT007,INS0026,2025-12-28,1204,63.2443,76146.14,317.52,USD,MOCK_FEED
POS00700820251228,PORT007,INS0027,2025-12-28,3056,16.7111,51069.12,741.47,INR,MOCK_FEED
POS00700920251228,PORT007,INS0028,2025-12-28,1332,53.0411,70650.75,441.36,INR,MOCK_FEED
POS00701020251228,PORT007,INS0029,2025-12-28,3023,20.2518,61221.19,489.63,INR,MOCK_FEED
POS00700120251229,PORT007,INS0020,2025-12-29,1890,10.4141,19682.65,145.55,EUR,MOCK_FEED
POS00700220251229,PORT007,INS0021,2025-12-29,4003,49.5143,198205.74,-1764.57,INR,MOCK_FEED
POS00700320251229,PORT007,INS0022,2025-12-29,1638,47.6441,78041.04,1085.49,GBP,MOCK_FEED
POS00700420251229,PORT007,INS0023,2025-12-29,3005,52.5014,157766.71,-4112.04,EUR,MOCK_FEED
POS00700520251229,PORT007,INS0024,2025-12-29,3595,64.4556,231717.88,1679.68,GBP,MOCK_FEED
POS00700620251229,PORT007,INS0025,2025-12-29,2791,24.9615,69667.55,1236.43,GBP,MOCK_FEED
POS00700720251229,PORT007,INS0026,2025-12-29,2715,63.8942,173472.75,-2923.4,EUR,MOCK_FEED
POS00700820251229,PORT007,INS0027,2025-12-29,3744,16.2633,60889.8,-1800.17,GBP,MOCK_FEED
POS00700920251229,PORT007,INS0028,2025-12-29,4887,52.1417,254816.49,151.54,GBP,MOCK_FEED
POS00701020251229,PORT007,INS0029,2025-12-29,4537,20.007,90771.76,3574.81,GBP,MOCK_FEED
POS00700120251230,PORT007,INS0020,2025-12-30,2903,10.5017,30486.44,320.3,USD,MOCK_FEED
POS00700220251230,PORT007,INS0021,2025-12-30,1846,48.5139,89556.66,3202.57,GBP,MOCK_FEED
POS00700320251230,PORT007,INS0022,2025-12-30,4432,46.6787,206880.0,2588.21,EUR,MOCK_FEED
POS00700420251230,PORT007,INS0023,2025-12-30,4004,52.4484,210003.39,6816.05,INR,MOCK_FEED
POS00700520251230,PORT007,INS0024,2025-12-30,779,64.1624,49982.51,-640.55,EUR,MOCK_FEED
POS00700620251230,PORT007,INS0025,2025-12-30,423,24.9837,10568.11,205.49,GBP,MOCK_FEED
POS00700720251230,PORT007,INS0026,2025-12-30,4293,64.2645,275887.5,6258.28,EUR,MOCK_FEED
POS00700820251230,PORT007,INS0027,2025-12-30,576,16.2783,9376.3,-84.1,EUR,MOCK_FEED
POS00700920251230,PORT007,INS0028,2025-12-30,294,52.2692,15367.14,-106.24,EUR,MOCK_FEED
POS00701020251230,PORT007,INS0029,2025-12-30,1492,19.6797,29362.11,953.22,EUR,MOCK_FEED
POS00700120251231,PORT007,INS0020,2025-12-31,2271,10.5009,23847.54,-480.65,USD,MOCK_FEED
POS00700220251231,PORT007,INS0021,2025-12-31,2935,48.0476,141019.71,-3109.98,USD,MOCK_FEED
POS00700320251231,PORT007,INS0022,2025-12-31,1973,46.7944,92325.35,2441.92,USD,MOCK_FEED
POS00700420251231,PORT007,INS0023,2025-12-31,3265,52.1189,170168.21,-2917.14,GBP,MOCK_FEED
POS00700520251231,PORT007,INS0024,2025-12-31,3003,65.8253,197673.38,-4103.2,INR,MOCK_FEED
POS00700620251231,PORT007,INS0025,2025-12-31,3749,25.1943,94453.43,-1758.5,INR,MOCK_FEED
POS00700720251231,PORT007,INS0026,2025-12-31,3311,64.2906,212866.18,6420.25,USD,MOCK_FEED
POS00700820251231,PORT007,INS0027,2025-12-31,3711,16.8389,62489.16,1420.83,USD,MOCK_FEED
POS00700920251231,PORT007,INS0028,2025-12-31,3206,52.1898,167320.5,2748.98,EUR,MOCK_FEED
POS00701020251231,PORT007,INS0029,2025-12-31,2438,19.2,46809.6,563.49,USD,MOCK_FEED
POS00700120260101,PORT007,INS0020,2026-01-01,483,10.825,5228.47,206.45,EUR,MOCK_FEED
POS00700220260101,PORT007,INS0021,2026-01-01,4084,48.8816,199632.45,-570.04,GBP,MOCK_FEED
POS00700320260101,PORT007,INS0022,2026-01-01,498,46.9356,23373.93,-633.49,GBP,MOCK_FEED
POS00700420260101,PORT007,INS0023,2026-01-01,3340,52.4704,175251.14,5170.27,GBP,MOCK_FEED
POS00700520260101,PORT007,INS0024,2026-01-01,3646,66.7775,243470.77,3658.33,GBP,MOCK_FEED
POS00700620260101,PORT007,INS0025,2026-01-01,4106,24.9591,102482.06,-669.1,GBP,MOCK_FEED
POS00700720260101,PORT007,INS0026,2026-01-01,3200,63.2862,202515.84,2041.28,USD,MOCK_FEED
POS00700820260101,PORT007,INS0027,2026-01-01,808,17.0225,13754.18,1.85,INR,MOCK_FEED
POS00700920260101,PORT007,INS0028,2026-01-01,646,51.8196,33475.46,923.81,EUR,MOCK_FEED
POS00701020260101,PORT007,INS0029,2026-01-01,4589,19.0408,87378.23,1226.41,INR,MOCK_FEED
POS00700120260102,PORT007,INS0020,2026-01-02,4613,10.6084,48936.55,125.21,USD,MOCK_FEED
POS00700220260102,PORT007,INS0021,2026-01-02,4945,48.7306,240972.82,1630.25,EUR,MOCK_FEED
POS00700320260102,PORT007,INS0022,2026-01-02,2629,46.0224,120992.89,-1525.48,USD,MOCK_FEED
POS00700420260102,PORT007,INS0023,2026-01-02,3351,52.9129,177311.13,2547.98,EUR,MOCK_FEED
POS00700520260102,PORT007,INS0024,2026-01-02,3263,66.4052,216680.17,-4969.52,INR,MOCK_FEED
POS00700620260102,PORT007,INS0025,2026-01-02,3999,24.9003,99576.3,1723.46,USD,MOCK_FEED
POS00700720260102,PORT007,INS0026,2026-01-02,2949,62.1607,183311.9,-5214.58,INR,MOCK_FEED
POS00700820260102,PORT007,INS0027,2026-01-02,684,17.3488,11866.58,287.0,INR,MOCK_FEED
POS00700920260102,PORT007,INS0028,2026-01-02,1576,51.7433,81547.44,-49.54,USD,MOCK_FEED
POS00701020260102,PORT007,INS0029,2026-01-02,539,18.6615,10058.55,-173.22,GBP,MOCK_FEED
POS00700120260103,PORT007,INS0020,2026-01-03,2342,10.6399,24918.65,-11.21,GBP,MOCK_FEED
POS00700220260103,PORT007,INS0021,2026-01-03,4742,49.5685,235053.83,-702.88,EUR,MOCK_FEED
POS00700320260103,PORT007,INS0022,2026-01-03,4480,44.6811,200171.33,48.54,INR,MOCK_FEED
POS00700420260103,PORT007,INS0023,2026-01-03,2128,53.9139,114728.78,-2564.34,INR,MOCK_FEED
POS00700520260103,PORT007,INS0024,2026-01-03,4728,65.5284,309818.28,-6814.98,GBP,MOCK_FEED
POS00700620260103,PORT007,INS0025,2026-01-03,2982,25.0793,74786.47,-1443.81,INR,MOCK_FEED
POS00700720260103,PORT007,INS0026,2026-01-03,807,62.4242,50376.33,-204.57,INR,MOCK_FEED
POS00700820260103,PORT007,INS0027,2026-01-03,549,17.0504,9360.67,-145.13,INR,MOCK_FEED
POS00700920260103,PORT007,INS0028,2026-01-03,3626,51.0654,185163.14,-368.66,INR,MOCK_FEED
POS00701020260103,PORT007,INS0029,2026-01-03,1781,18.3592,32697.74,639.89,INR,MOCK_FEED
POS00700120260104,PORT007,INS0020,2026-01-04,2516,10.7379,27016.56,-508.77,GBP,MOCK_FEED
POS00700220260104,PORT007,INS0021,2026-01-04,2073,50.1776,104018.16,-219.53,INR,MOCK_FEED
POS00700320260104,PORT007,INS0022,2026-01-04,2486,44.8573,111515.25,3002.92,INR,MOCK_FEED
POS00700420260104,PORT007,INS0023,2026-01-04,2694,54.4161,146596.97,-1547.29,GBP,MOCK_FEED
POS00700520260104,PORT007,INS0024,2026-01-04,4175,65.7796,274629.83,614.78,EUR,MOCK_FEED
POS00700620260104,PORT007,INS0025,2026-01-04,1090,25.2558,27528.82,353.21,USD,MOCK_FEED
POS00700720260104,PORT007,INS0026,2026-01-04,3404,62.6139,213137.72,-2444.55,GBP,MOCK_FEED
POS00700820260104,PORT007,INS0027,2026-01-04,2711,17.1915,46606.16,-140.8,EUR,MOCK_FEED
POS00700920260104,PORT007,INS0028,2026-01-04,2541,51.4316,130687.7,3845.28,EUR,MOCK_FEED
POS00701020260104,PORT007,INS0029,2026-01-04,4656,18.0942,84246.6,-1859.88,EUR,MOCK_FEED
POS00700120260105,PORT007,INS0020,2026-01-05,2652,10.6964,28366.85,-662.17,USD,MOCK_FEED
POS00700220260105,PORT007,INS0021,2026-01-05,3650,49.8999,182134.64,4451.97,INR,MOCK_FEED
POS00700320260105,PORT007,INS0022,2026-01-05,1985,45.4979,90313.33,2790.29,EUR,MOCK_FEED
POS00700420260105,PORT007,INS0023,2026-01-05,3495,53.6096,187365.55,-3834.73,GBP,MOCK_FEED
POS00700520260105,PORT007,INS0024,2026-01-05,3064,67.2754,206131.83,4822.59,EUR,MOCK_FEED
POS00700620260105,PORT007,INS0025,2026-01-05,3300,24.8678,82063.74,-1521.43,INR,MOCK_FEED
POS00700720260105,PORT007,INS0026,2026-01-05,1608,62.0755,99817.4,989.41,GBP,MOCK_FEED
POS00700820260105,PORT007,INS0027,2026-01-05,2084,16.6881,34778.0,-140.34,USD,MOCK_FEED
POS00700920260105,PORT007,INS0028,2026-01-05,2055,51.9835,106826.09,351.85,INR,MOCK_FEED
POS00701020260105,PORT007,INS0029,2026-01-05,3226,17.5817,56718.56,-1626.27,INR,MOCK_FEED
POS00700120260106,PORT007,INS0020,2026-01-06,3159,10.7107,33835.1,606.11,USD,MOCK_FEED
POS00700220260106,PORT007,INS0021,2026-01-06,4072,50.0781,203918.02,5638.04,USD,MOCK_FEED
POS00700320260106,PORT007,INS0022,2026-01-06,2951,45.4501,134123.25,3746.09,INR,MOCK_FEED
POS00700420260106,PORT007,INS0023,2026-01-06,1929,53.55,103297.95,-1809.81,GBP,MOCK_FEED
POS00700520260106,PORT007,INS0024,2026-01-06,4027,67.8715,273318.53,-6953.19,INR,MOCK_FEED
POS00700620260106,PORT007,INS0025,2026-01-06,3468,24.4704,84863.35,2708.6,EUR,MOCK_FEED
POS00700720260106,PORT007,INS0026,2026-01-06,892,61.7699,55098.75,823.95,INR,MOCK_FEED
POS00700820260106,PORT007,INS0027,2026-01-06,683,16.7093,11412.45,148.39,INR,MOCK_FEED
POS00700920260106,PORT007,INS0028,2026-01-06,2327,51.4297,119676.91,-3254.8,GBP,MOCK_FEED
POS00701020260106,PORT007,INS0029,2026-01-06,3115,17.7013,55139.55,-225.85,USD,MOCK_FEED
POS00700120260107,PORT007,INS0020,2026-01-07,416,10.8029,4494.01,122.44,EUR,MOCK_FEED
POS00700220260107,PORT007,INS0021,2026-01-07,4280,50.0592,214253.38,5539.16,INR,MOCK_FEED
POS00700320260107,PORT007,INS0022,2026-01-07,4400,45.7208,201171.52,4930.36,USD,MOCK_FEED
POS00700420260107,PORT007,INS0023,2026-01-07,1944,53.6112,104220.17,-1871.79,EUR,MOCK_FEED
POS00700520260107,PORT007,INS0024,2026-01-07,3251,68.452,222537.45,-2786.37,USD,MOCK_FEED
POS00700620260107,PORT007,INS0025,2026-01-07,2280,24.7535,56437.98,199.93,EUR,MOCK_FEED
POS00700720260107,PORT007,INS0026,2026-01-07,3725,61.909,230611.02,-4266.94,INR,MOCK_FEED
POS00700820260107,PORT007,INS0027,2026-01-07,1339,16.7608,22442.71,765.82,INR,MOCK_FEED
POS00700920260107,PORT007,INS0028,2026-01-07,3949,51.9817,205275.73,-2280.2,EUR,MOCK_FEED
POS00701020260107,PORT007,INS0029,2026-01-07,1600,17.6379,28220.64,963.33,USD,MOCK_FEED
POS00700120260108,PORT007,INS0020,2026-01-08,4253,11.0016,46789.8,-705.73,EUR,MOCK_FEED
POS00700220260108,PORT007,INS0021,2026-01-08,2243,50.0951,112363.31,292.25,INR,MOCK_FEED
POS00700320260108,PORT007,INS0022,2026-01-08,2748,45.9406,126244.77,1254.44,EUR,MOCK_FEED
POS00700420260108,PORT007,INS0023,2026-01-08,1774,52.7814,93634.2,-608.81,GBP,MOCK_FEED
POS00700520260108,PORT007,INS0024,2026-01-08,4302,68.201,293400.7,-7080.63,GBP,MOCK_FEED
POS00700620260108,PORT007,INS0025,2026-01-08,2018,24.8096,50065.77,943.91,INR,MOCK_FEED
POS00700720260108,PORT007,INS0026,2026-01-08,4605,61.6865,284066.33,5350.47,INR,MOCK_FEED
POS00700820260108,PORT007,INS0027,2026-01-08,1462,16.7519,24491.28,-725.11,GBP,MOCK_FEED
POS00700920260108,PORT007,INS0028,2026-01-08,1238,52.427,64904.63,281.07,INR,MOCK_FEED
POS00701020260108,PORT007,INS0029,2026-01-08,3333,17.818,59387.39,-1335.6,USD,MOCK_FEED
POS00700120260109,PORT007,INS0020,2026-01-09,4878,10.8299,52828.25,1484.28,USD,MOCK_FEED
POS00700220260109,PORT007,INS0021,2026-01-09,4519,49.8873,225440.71,-1114.69,GBP,MOCK_FEED
POS00700320260109,PORT007,INS0022,2026-01-09,2468,46.3022,114273.83,-2476.8,GBP,MOCK_FEED
POS00700420260109,PORT007,INS0023,2026-01-09,3132,53.1811,166563.21,-1729.06,EUR,MOCK_FEED
POS00700520260109,PORT007,INS0024,2026-01-09,1344,69.2009,93006.01,2727.96,EUR,MOCK_FEED
POS00700620260109,PORT007,INS0025,2026-01-09,2896,25.1291,72773.87,-1268.63,GBP,MOCK_FEED
POS00700720260109,PORT007,INS0026,2026-01-09,1828,62.2584,113808.36,3214.98,EUR,MOCK_FEED
POS00700820260109,PORT007,INS0027,2026-01-09,2081,16.5558,34452.62,-314.47,GBP,MOCK_FEED
POS00700920260109,PORT007,INS0028,2026-01-09,1479,52.8593,78178.9,2985.43,EUR,MOCK_FEED
POS00701020260109,PORT007,INS0029,2026-01-09,567,17.5955,9976.65,283.98,USD,MOCK_FEED
POS00700120260110,PORT007,INS0020,2026-01-10,1255,10.7999,13553.87,238.59,EUR,MOCK_FEED
POS00700220260110,PORT007,INS0021,2026-01-10,3615,49.934,180511.41,-4236.55,EUR,MOCK_FEED
POS00700320260110,PORT007,INS0022,2026-01-10,4280,46.434,198737.52,-2798.34,EUR,MOCK_FEED
POS00700420260110,PORT007,INS0023,2026-01-10,4791,53.1803,254786.82,-4157.89,USD,MOCK_FEED
POS00700520260110,PORT007,INS0024,2026-01-10,4035,69.6312,280961.89,9062.64,USD,MOCK_FEED
POS00700620260110,PORT007,INS0025,2026-01-10,4851,25.18,122148.18,-1135.46,USD,MOCK_FEED
POS00700720260110,PORT007,INS0026,2026-01-10,1938,62.0993,120348.44,2046.3,INR,MOCK_FEED
POS00700820260110,PORT007,INS0027,2026-01-10,2023,16.6953,33774.59,487.68,USD,MOCK_FEED
POS00700920260110,PORT007,INS0028,2026-01-10,518,53.0008,27454.41,-173.17,USD,MOCK_FEED
POS00701020260110,PORT007,INS0029,2026-01-10,4493,17.4388,78352.53,-1175.17,EUR,MOCK_FEED
POS00700120260111,PORT007,INS0020,2026-01-11,2583,10.7878,27864.89,836.34,GBP,MOCK_FEED
POS00700220260111,PORT007,INS0021,2026-01-11,4902,49.9307,244760.29,-72.82,EUR,MOCK_FEED
POS00700320260111,PORT007,INS0022,2026-01-11,2691,45.3542,122048.15,-1176.08,GBP,MOCK_FEED
POS00700420260111,PORT007,INS0023,2026-01-11,2454,53.8753,132209.99,-981.42,INR,MOCK_FEED
POS00700520260111,PORT007,INS0024,2026-01-11,3570,71.4558,255097.21,-1212.26,USD,MOCK_FEED
POS00700620260111,PORT007,INS0025,2026-01-11,2496,25.1328,62731.47,-1607.0,INR,MOCK_FEED
POS00700720260111,PORT007,INS0026,2026-01-11,3183,62.9319,200312.24,5241.87,GBP,MOCK_FEED
POS00700820260111,PORT007,INS0027,2026-01-11,2654,16.5169,43835.85,195.92,EUR,MOCK_FEED
POS00700920260111,PORT007,INS0028,2026-01-11,660,53.1578,35084.15,-60.8,INR,MOCK_FEED
POS00701020260111,PORT007,INS0029,2026-01-11,4483,17.7128,79406.48,2900.5,INR,MOCK_FEED
POS00700120260112,PORT007,INS0020,2026-01-12,3010,10.8354,32614.55,1013.17,GBP,MOCK_FEED
POS00700220260112,PORT007,INS0021,2026-01-12,831,50.6821,42116.83,55.28,INR,MOCK_FEED
POS00700320260112,PORT007,INS0022,2026-01-12,1310,45.1565,59155.01,774.33,INR,MOCK_FEED
POS00700420260112,PORT007,INS0023,2026-01-12,2318,55.2673,128109.6,4315.12,EUR,MOCK_FEED
POS00700520260112,PORT007,INS0024,2026-01-12,1454,73.5215,106900.26,2216.82,INR,MOCK_FEED
POS00700620260112,PORT007,INS0025,2026-01-12,4300,25.2874,108735.82,-1495.43,GBP,MOCK_FEED
POS00700720260112,PORT007,INS0026,2026-01-12,791,63.1917,49984.63,-257.13,USD,MOCK_FEED
POS00700820260112,PORT007,INS0027,2026-01-12,2278,16.3818,37317.74,91.05,USD,MOCK_FEED
POS00700920260112,PORT007,INS0028,2026-01-12,2176,52.5731,114399.07,2194.4,USD,MOCK_FEED
POS00701020260112,PORT007,INS0029,2026-01-12,1565,17.842,27922.73,714.66,USD,MOCK_FEED
POS00700120260113,PORT007,INS0020,2026-01-13,2352,10.679,25117.01,-25.68,INR,MOCK_FEED
POS00700220260113,PORT007,INS0021,2026-01-13,1076,51.2136,55105.83,1448.6,USD,MOCK_FEED
POS00700320260113,PORT007,INS0022,2026-01-13,4146,45.2071,187428.64,4458.71,GBP,MOCK_FEED
POS00700420260113,PORT007,INS0023,2026-01-13,680,55.3422,37632.7,-952.52,USD,MOCK_FEED
POS00700520260113,PORT007,INS0024,2026-01-13,908,74.2696,67436.8,1258.89,INR,MOCK_FEED
POS00700620260113,PORT007,INS0025,2026-01-13,4135,25.1093,103826.96,-296.95,USD,MOCK_FEED
POS00700720260113,PORT007,INS0026,2026-01-13,2175,63.7622,138682.79,989.14,INR,MOCK_FEED
POS00700820260113,PORT007,INS0027,2026-01-13,2193,16.2312,35595.02,858.63,EUR,MOCK_FEED
POS00700920260113,PORT007,INS0028,2026-01-13,3239,52.5819,170312.77,-3002.5,INR,MOCK_FEED
POS00701020260113,PORT007,INS0029,2026-01-13,3687,17.8055,65648.88,301.28,USD,MOCK_FEED
POS00700120260114,PORT007,INS0020,2026-01-14,1083,10.6998,11587.88,419.11,GBP,MOCK_FEED
POS00700220260114,PORT007,INS0021,2026-01-14,1180,51.6794,60981.69,2260.38,INR,MOCK_FEED
POS00700320260114,PORT007,INS0022,2026-01-14,797,45.3128,36114.3,1092.06,EUR,MOCK_FEED
POS00700420260114,PORT007,INS0023,2026-01-14,1374,53.4165,73394.27,539.22,GBP,MOCK_FEED
POS00700520260114,PORT007,INS0024,2026-01-14,2630,72.8031,191472.15,2165.87,GBP,MOCK_FEED
POS00700620260114,PORT007,INS0025,2026-01-14,2855,25.3091,72257.48,-1529.0,USD,MOCK_FEED
POS00700720260114,PORT007,INS0026,2026-01-14,3003,64.619,194050.86,-3747.44,USD,MOCK_FEED
POS00700820260114,PORT007,INS0027,2026-01-14,1539,16.2617,25026.76,-454.5,USD,MOCK_FEED
POS00700920260114,PORT007,INS0028,2026-01-14,404,52.049,21027.8,-573.47,EUR,MOCK_FEED
POS00701020260114,PORT007,INS0029,2026-01-14,2147,17.602,37791.49,1381.37,USD,MOCK_FEED
POS00700120260115,PORT007,INS0020,2026-01-15,4161,10.7662,44798.16,-1250.83,EUR,MOCK_FEED
POS00700220260115,PORT007,INS0021,2026-01-15,4808,51.0594,245493.6,-4740.15,EUR,MOCK_FEED
POS00700320260115,PORT007,INS0022,2026-01-15,1903,45.638,86849.11,-1402.12,USD,MOCK_FEED
POS00700420260115,PORT007,INS0023,2026-01-15,4045,54.1047,218853.51,-3137.41,INR,MOCK_FEED
POS00700520260115,PORT007,INS0024,2026-01-15,2688,72.5974,195141.81,2417.84,USD,MOCK_FEED
POS00700620260115,PORT007,INS0025,2026-01-15,718,25.5523,18346.55,-355.83,INR,MOCK_FEED
POS00700720260115,PORT007,INS0026,2026-01-15,3454,65.4761,226154.45,4887.96,USD,MOCK_FEED
POS00700820260115,PORT007,INS0027,2026-01-15,4611,16.3467,75374.63,-1024.97,USD,MOCK_FEED
POS00700920260115,PORT007,INS0028,2026-01-15,1478,51.9237,76743.23,1119.05,INR,MOCK_FEED
POS00701020260115,PORT007,INS0029,2026-01-15,2409,18.2108,43869.82,23.98,GBP,MOCK_FEED
POS00700120260116,PORT007,INS0020,2026-01-16,1098,10.6504,11694.14,402.95,INR,MOCK_FEED
POS00700220260116,PORT007,INS0021,2026-01-16,1267,50.5385,64032.28,1950.33,USD,MOCK_FEED
POS00700320260116,PORT007,INS0022,2026-01-16,2527,45.211,114248.2,-107.0,INR,MOCK_FEED
POS00700420260116,PORT007,INS0023,2026-01-16,151,54.5036,8230.04,-59.07,INR,MOCK_FEED
POS00700520260116,PORT007,INS0024,2026-01-16,943,73.7358,69532.86,731.65,GBP,MOCK_FEED
POS00700620260116,PORT007,INS0025,2026-01-16,699,25.2377,17641.15,472.07,GBP,MOCK_FEED
POS00700720260116,PORT007,INS0026,2026-01-16,1688,66.0321,111462.18,-2243.01,EUR,MOCK_FEED
POS00700820260116,PORT007,INS0027,2026-01-16,2195,16.4951,36206.74,-190.17,USD,MOCK_FEED
POS00700920260116,PORT007,INS0028,2026-01-16,243,52.0375,12645.11,-244.44,INR,MOCK_FEED
POS00701020260116,PORT007,INS0029,2026-01-16,1206,18.2072,21957.88,95.57,GBP,MOCK_FEED
POS00700120260117,PORT007,INS0020,2026-01-17,1680,10.4627,17577.34,222.72,EUR,MOCK_FEED
POS00700220260117,PORT007,INS0021,2026-01-17,4213,50.5693,213048.46,2884.01,EUR,MOCK_FEED
POS00700320260117,PORT007,INS0022,2026-01-17,3043,45.2967,137837.86,4260.85,EUR,MOCK_FEED
POS00700420260117,PORT007,INS0023,2026-01-17,4387,55.0294,241413.98,-7110.29,USD,MOCK_FEED
POS00700520260117,PORT007,INS0024,2026-01-17,2067,74.2159,153404.27,-3157.58,INR,MOCK_FEED
POS00700620260117,PORT007,INS0025,2026-01-17,3919,25.1167,98432.35,3699.68,USD,MOCK_FEED
POS00700720260117,PORT007,INS0026,2026-01-17,4649,66.327,308354.22,-7859.21,GBP,MOCK_FEED
POS00700820260117,PORT007,INS0027,2026-01-17,3668,16.7474,61429.46,2204.3,USD,MOCK_FEED
POS00700920260117,PORT007,INS0028,2026-01-17,415,52.5424,21805.1,297.48,USD,MOCK_FEED
POS00701020260117,PORT007,INS0029,2026-01-17,4079,18.0067,73449.33,175.55,GBP,MOCK_FEED
POS00700120260118,PORT007,INS0020,2026-01-18,791,10.5208,8321.95,171.7,GBP,MOCK_FEED
POS00700220260118,PORT007,INS0021,2026-01-18,303,50.9899,15449.94,71.43,GBP,MOCK_FEED
POS00700320260118,PORT007,INS0022,2026-01-18,1337,45.3514,60634.82,2232.01,USD,MOCK_FEED
POS00700420260118,PORT007,INS0023,2026-01-18,1105,56.517,62451.29,140.32,GBP,MOCK_FEED
POS00700520260118,PORT007,INS0024,2026-01-18,1956,72.8887,142570.3,4719.4,INR,MOCK_FEED
POS00700620260118,PORT007,INS0025,2026-01-18,1225,25.3428,31044.93,-27.05,USD,MOCK_FEED
POS00700720260118,PORT007,INS0026,2026-01-18,4790,65.1498,312067.54,10425.58,GBP,MOCK_FEED
POS00700820260118,PORT007,INS0027,2026-01-18,3562,16.6744,59394.21,621.43,GBP,MOCK_FEED
POS00700920260118,PORT007,INS0028,2026-01-18,4212,52.4349,220855.8,-5373.96,GBP,MOCK_FEED
POS00701020260118,PORT007,INS0029,2026-01-18,2780,18.0234,50105.05,-1501.9,INR,MOCK_FEED
POS00700120260119,PORT007,INS0020,2026-01-19,501,10.6968,5359.1,62.76,EUR,MOCK_FEED
POS00700220260119,PORT007,INS0021,2026-01-19,3063,51.3366,157244.01,4901.28,USD,MOCK_FEED
POS00700320260119,PORT007,INS0022,2026-01-19,1128,45.9419,51822.46,579.93,GBP,MOCK_FEED
POS00700420260119,PORT007,INS0023,2026-01-19,2347,56.0811,131622.34,109.2,EUR,MOCK_FEED
POS00700520260119,PORT007,INS0024,2026-01-19,654,73.1125,47815.57,-1117.84,EUR,MOCK_FEED
POS00700620260119,PORT007,INS0025,2026-01-19,253,25.4209,6431.49,-50.32,USD,MOCK_FEED
POS00700720260119,PORT007,INS0026,2026-01-19,1315,65.0808,85581.25,2524.0,USD,MOCK_FEED
POS00700820260119,PORT007,INS0027,2026-01-19,1064,16.6359,17700.6,580.31,INR,MOCK_FEED
POS00700920260119,PORT007,INS0028,2026-01-19,3174,53.318,169231.33,-3476.34,USD,MOCK_FEED
POS00701020260119,PORT007,INS0029,2026-01-19,4073,17.984,73248.83,2807.78,USD,MOCK_FEED
POS00700120260120,PORT007,INS0020,2026-01-20,2108,10.759,22679.97,-350.38,INR,MOCK_FEED
POS00700220260120,PORT007,INS0021,2026-01-20,2149,50.6467,108839.76,3498.29,GBP,MOCK_FEED
POS00700320260120,PORT007,INS0022,2026-01-20,1724,44.3216,76410.44,-702.87,GBP,MOCK_FEED
POS00700420260120,PORT007,INS0023,2026-01-20,2187,55.5307,121445.64,-538.23,GBP,MOCK_FEED
POS00700520260120,PORT007,INS0024,2026-01-20,3135,72.5566,227464.94,-2899.07,EUR,MOCK_FEED
POS00700620260120,PORT007,INS0025,2026-01-20,2029,25.2434,51218.86,-329.04,INR,MOCK_FEED
POS00700720260120,PORT007,INS0026,2026-01-20,4139,63.9845,264831.85,5031.62,EUR,MOCK_FEED
POS00700820260120,PORT007,INS0027,2026-01-20,319,16.977,5415.66,-84.44,EUR,MOCK_FEED
POS00700920260120,PORT007,INS0028,2026-01-20,2319,53.5485,124178.97,1078.41,USD,MOCK_FEED
POS00701020260120,PORT007,INS0029,2026-01-20,4124,17.9197,73900.84,1924.02,INR,MOCK_FEED
POS00700120260121,PORT007,INS0020,2026-01-21,2042,10.7347,21920.26,-401.04,GBP,MOCK_FEED
POS00700220260121,PORT007,INS0021,2026-01-21,3675,49.6019,182286.98,-5385.31,EUR,MOCK_FEED
POS00700320260121,PORT007,INS0022,2026-01-21,203,45.1801,9171.56,352.12,INR,MOCK_FEED
POS00700420260121,PORT007,INS0023,2026-01-21,442,56.005,24754.21,382.85,INR,MOCK_FEED
POS00700520260121,PORT007,INS0024,2026-01-21,2488,73.1327,181954.16,4919.1,GBP,MOCK_FEED
POS00700620260121,PORT007,INS0025,2026-01-21,4945,25.1056,124147.19,-2246.26,INR,MOCK_FEED
POS00700720260121,PORT007,INS0026,2026-01-21,1095,65.4402,71657.02,365.72,GBP,MOCK_FEED
POS00700820260121,PORT007,INS0027,2026-01-21,2087,16.3638,34151.25,325.44,USD,MOCK_FEED
POS00700920260121,PORT007,INS0028,2026-01-21,4602,54.4235,250456.95,3167.93,USD,MOCK_FEED
POS00701020260121,PORT007,INS0029,2026-01-21,1087,17.8302,19381.43,202.5,INR,MOCK_FEED
POS00700120260122,PORT007,INS0020,2026-01-22,3005,10.7268,32234.03,-50.88,GBP,MOCK_FEED
POS00700220260122,PORT007,INS0021,2026-01-22,3437,49.4766,170051.07,5349.2,EUR,MOCK_FEED
POS00700320260122,PORT007,INS0022,2026-01-22,2124,45.3634,96351.86,1577.87,EUR,MOCK_FEED
POS00700420260122,PORT007,INS0023,2026-01-22,1933,56.2806,108790.4,1535.03,USD,MOCK_FEED
POS00700520260122,PORT007,INS0024,2026-01-22,330,73.0751,24114.78,-507.4,GBP,MOCK_FEED
POS00700620260122,PORT007,INS0025,2026-01-22,125,24.6813,3085.16,106.13,EUR,MOCK_FEED
POS00700720260122,PORT007,INS0026,2026-01-22,1504,64.4952,97000.78,28.13,USD,MOCK_FEED
POS00700820260122,PORT007,INS0027,2026-01-22,4414,16.4626,72665.92,1749.39,INR,MOCK_FEED
POS00700920260122,PORT007,INS0028,2026-01-22,4937,54.4703,268919.87,-5636.77,USD,MOCK_FEED
POS00701020260122,PORT007,INS0029,2026-01-22,1187,18.0167,21385.82,197.96,INR,MOCK_FEED
POS00700120260123,PORT007,INS0020,2026-01-23,4050,10.5512,42732.36,999.99,EUR,MOCK_FEED
POS00700220260123,PORT007,INS0021,2026-01-23,1345,47.9972,64556.23,910.02,INR,MOCK_FEED
POS00700320260123,PORT007,INS0022,2026-01-23,1677,44.3921,74445.55,525.93,USD,MOCK_FEED
POS00700420260123,PORT007,INS0023,2026-01-23,1300,56.2865,73172.45,2867.22,INR,MOCK_FEED
POS00700520260123,PORT007,INS0024,2026-01-23,2121,74.2242,157429.53,-1470.91,INR,MOCK_FEED
POS00700620260123,PORT007,INS0025,2026-01-23,4757,25.2564,120144.69,2847.64,INR,MOCK_FEED
POS00700720260123,PORT007,INS0026,2026-01-23,951,64.9074,61726.94,-1049.2,EUR,MOCK_FEED
POS00700820260123,PORT007,INS0027,2026-01-23,3222,16.4399,52969.36,-386.73,INR,MOCK_FEED
POS00700920260123,PORT007,INS0028,2026-01-23,2064,53.3253,110063.42,71.35,GBP,MOCK_FEED
POS00701020260123,PORT007,INS0029,2026-01-23,2228,17.9866,40074.14,-730.49,GBP,MOCK_FEED
POS00700120260124,PORT007,INS0020,2026-01-24,374,10.5136,3932.09,10.14,USD,MOCK_FEED
POS00700220260124,PORT007,INS0021,2026-01-24,4480,47.8998,214591.1,6959.63,INR,MOCK_FEED
POS00700320260124,PORT007,INS0022,2026-01-24,1940,44.4865,86303.81,-1893.2,USD,MOCK_FEED
POS00700420260124,PORT007,INS0023,2026-01-24,2206,56.6669,125007.18,2037.45,INR,MOCK_FEED
POS00700520260124,PORT007,INS0024,2026-01-24,3112,74.3832,231480.52,-3144.43,EUR,MOCK_FEED
POS00700620260124,PORT007,INS0025,2026-01-24,917,25.7931,23652.27,375.05,INR,MOCK_FEED
POS00700720260124,PORT007,INS0026,2026-01-24,2865,63.9827,183310.44,2198.81,EUR,MOCK_FEED
POS00700820260124,PORT007,INS0027,2026-01-24,2180,16.8886,36817.15,-207.74,EUR,MOCK_FEED
POS00700920260124,PORT007,INS0028,2026-01-24,3500,54.1729,189605.15,-5002.36,EUR,MOCK_FEED
POS00701020260124,PORT007,INS0029,2026-01-24,1328,18.4339,24480.22,-408.84,USD,MOCK_FEED
POS00700120260125,PORT007,INS0020,2026-01-25,292,10.7057,3126.06,109.33,GBP,MOCK_FEED
POS00700220260125,PORT007,INS0021,2026-01-25,1086,48.1805,52324.02,446.58,INR,MOCK_FEED
POS00700320260125,PORT007,INS0022,2026-01-25,3849,44.8844,172760.06,-1123.99,INR,MOCK_FEED
POS00700420260125,PORT007,INS0023,2026-01-25,282,56.3832,15900.06,-414.71,INR,MOCK_FEED
POS00700520260125,PORT007,INS0024,2026-01-25,2960,75.8446,224500.02,5691.67,USD,MOCK_FEED
POS00700620260125,PORT007,INS0025,2026-01-25,3681,25.4664,93741.82,2816.2,USD,MOCK_FEED
POS00700720260125,PORT007,INS0026,2026-01-25,147,62.4488,9179.97,234.81,USD,MOCK_FEED
POS00700820260125,PORT007,INS0027,2026-01-25,1718,16.7983,28859.48,164.31,GBP,MOCK_FEED
POS00700920260125,PORT007,INS0028,2026-01-25,1525,53.3716,81391.69,-1564.55,EUR,MOCK_FEED
POS00701020260125,PORT007,INS0029,2026-01-25,3462,18.4797,63976.72,1475.07,EUR,MOCK_FEED
POS00700120260126,PORT007,INS0020,2026-01-26,531,10.903,5789.49,29.58,INR,MOCK_FEED
POS00700220260126,PORT007,INS0021,2026-01-26,144,48.144,6932.74,77.41,EUR,MOCK_FEED
POS00700320260126,PORT007,INS0022,2026-01-26,3468,44.9415,155857.12,1148.77,USD,MOCK_FEED
POS00700420260126,PORT007,INS0023,2026-01-26,4119,55.0646,226811.09,-5321.01,GBP,MOCK_FEED
POS00700520260126,PORT007,INS0024,2026-01-26,2832,74.7979,211827.65,7597.02,USD,MOCK_FEED
POS00700620260126,PORT007,INS0025,2026-01-26,3872,25.3852,98291.49,-1636.89,EUR,MOCK_FEED
POS00700720260126,PORT007,INS0026,2026-01-26,2494,62.4702,155800.68,-477.62,INR,MOCK_FEED
POS00700820260126,PORT007,INS0027,2026-01-26,3410,16.8183,57350.4,-1015.15,GBP,MOCK_FEED
POS00700920260126,PORT007,INS0028,2026-01-26,2044,53.2712,108886.33,3748.82,EUR,MOCK_FEED
POS00701020260126,PORT007,INS0029,2026-01-26,4993,18.4024,91883.18,3447.96,USD,MOCK_FEED
POS00700120260127,PORT007,INS0020,2026-01-27,584,10.8531,6338.21,-167.25,INR,MOCK_FEED
POS00700220260127,PORT007,INS0021,2026-01-27,4596,48.2985,221979.91,-3686.72,GBP,MOCK_FEED
POS00700320260127,PORT007,INS0022,2026-01-27,1091,45.8134,49982.42,-425.19,GBP,MOCK_FEED
POS00700420260127,PORT007,INS0023,2026-01-27,4257,55.1421,234739.92,6606.4,INR,MOCK_FEED
POS00700520260127,PORT007,INS0024,2026-01-27,1496,74.7762,111865.2,517.76,EUR,MOCK_FEED
POS00700620260127,PORT007,INS0025,2026-01-27,4751,25.8685,122901.24,-3259.03,GBP,MOCK_FEED
POS00700720260127,PORT007,INS0026,2026-01-27,2052,63.6597,130629.7,2258.71,INR,MOCK_FEED
POS00700820260127,PORT007,INS0027,2026-01-27,4043,17.0928,69106.19,-1667.21,GBP,MOCK_FEED
POS00700920260127,PORT007,INS0028,2026-01-27,770,51.8623,39933.97,1075.88,GBP,MOCK_FEED
POS00701020260127,PORT007,INS0029,2026-01-27,2933,18.4683,54167.52,1789.34,GBP,MOCK_FEED
POS00700120260128,PORT007,INS0020,2026-01-28,805,10.6275,8555.14,90.92,EUR,MOCK_FEED
POS00700220260128,PORT007,INS0021,2026-01-28,1102,48.6086,53566.68,1792.08,EUR,MOCK_FEED
POS00700320260128,PORT007,INS0022,2026-01-28,2749,46.3164,127323.78,3468.88,EUR,MOCK_FEED
POS00700420260128,PORT007,INS0023,2026-01-28,4495,54.7702,246192.05,708.8,USD,MOCK_FEED
POS00700520260128,PORT007,INS0024,2026-01-28,4322,75.4198,325964.38,-3412.27,INR,MOCK_FEED
POS00700620260128,PORT007,INS0025,2026-01-28,179,25.7126,4602.56,-0.93,INR,MOCK_FEED
POS00700720260128,PORT007,INS0026,2026-01-28,1873,63.8115,119518.94,-2908.48,EUR,MOCK_FEED
POS00700820260128,PORT007,INS0027,2026-01-28,4250,17.0684,72540.7,-1232.59,INR,MOCK_FEED
POS00700920260128,PORT007,INS0028,2026-01-28,439,52.5371,23063.79,891.16,EUR,MOCK_FEED
POS00701020260128,PORT007,INS0029,2026-01-28,1426,18.3678,26192.48,871.44,GBP,MOCK_FEED
POS00700120260129,PORT007,INS0020,2026-01-29,244,10.5632,2577.42,-27.93,USD,MOCK_FEED
POS00700220260129,PORT007,INS0021,2026-01-29,758,47.5353,36031.76,274.43,INR,MOCK_FEED
POS00700320260129,PORT007,INS0022,2026-01-29,2029,46.5118,94372.44,1842.24,GBP,MOCK_FEED
POS00700420260129,PORT007,INS0023,2026-01-29,4307,53.8049,231737.7,-6171.62,INR,MOCK_FEED
POS00700520260129,PORT007,INS0024,2026-01-29,3719,74.0849,275521.74,4868.12,USD,MOCK_FEED
POS00700620260129,PORT007,INS0025,2026-01-29,2105,25.0599,52751.09,-625.82,USD,MOCK_FEED
POS00700720260129,PORT007,INS0026,2026-01-29,3495,64.4312,225187.04,-2889.43,EUR,MOCK_FEED
POS00700820260129,PORT007,INS0027,2026-01-29,3391,16.9665,57533.4,1738.26,USD,MOCK_FEED
POS00700920260129,PORT007,INS0028,2026-01-29,316,51.705,16338.78,31.78,USD,MOCK_FEED
POS00701020260129,PORT007,INS0029,2026-01-29,1526,18.4612,28171.79,-161.68,EUR,MOCK_FEED
POS00700120260130,PORT007,INS0020,2026-01-30,1133,10.6717,12091.04,196.78,INR,MOCK_FEED
POS00700220260130,PORT007,INS0021,2026-01-30,4592,47.6138,218642.57,5254.06,GBP,MOCK_FEED
POS00700320260130,PORT007,INS0022,2026-01-30,4164,47.0481,195908.29,-3991.3,GBP,MOCK_FEED
POS00700420260130,PORT007,INS0023,2026-01-30,3450,52.9895,182813.77,-636.2,INR,MOCK_FEED
POS00700520260130,PORT007,INS0024,2026-01-30,4714,74.211,349830.65,4623.03,INR,MOCK_FEED
POS00700620260130,PORT007,INS0025,2026-01-30,2117,24.851,52609.57,-1081.69,INR,MOCK_FEED
POS00700720260130,PORT007,INS0026,2026-01-30,3486,63.5857,221659.75,7906.96,INR,MOCK_FEED
POS00700820260130,PORT007,INS0027,2026-01-30,2523,17.2462,43512.16,858.01,GBP,MOCK_FEED
POS00700920260130,PORT007,INS0028,2026-01-30,4707,51.2159,241073.24,4383.86,USD,MOCK_FEED
POS00701020260130,PORT007,INS0029,2026-01-30,690,18.292,12621.48,348.43,GBP,MOCK_FEED
POS00700120260131,PORT007,INS0020,2026-01-31,3275,10.7448,35189.22,258.52,USD,MOCK_FEED
POS00700220260131,PORT007,INS0021,2026-01-31,4527,46.9939,212741.39,3928.25,GBP,MOCK_FEED
POS00700320260131,PORT007,INS0022,2026-01-31,4773,47.3428,225967.18,-6723.78,GBP,MOCK_FEED
POS00700420260131,PORT007,INS0023,2026-01-31,255,53.1066,13542.18,183.65,INR,MOCK_FEED
POS00700520260131,PORT007,INS0024,2026-01-31,2517,75.3095,189554.01,-1533.2,INR,MOCK_FEED
POS00700620260131,PORT007,INS0025,2026-01-31,146,25.3214,3696.92,-100.39,GBP,MOCK_FEED
POS00700720260131,PORT007,INS0026,2026-01-31,4167,64.5516,268986.52,7091.92,GBP,MOCK_FEED
POS00700820260131,PORT007,INS0027,2026-01-31,3383,17.3426,58670.02,-549.36,USD,MOCK_FEED
POS00700920260131,PORT007,INS0028,2026-01-31,4892,51.5157,252014.8,3832.84,GBP,MOCK_FEED
POS00701020260131,PORT007,INS0029,2026-01-31,3355,18.495,62050.73,-193.39,USD,MOCK_FEED
POS00700120260201,PORT007,INS0020,2026-02-01,844,10.6641,9000.5,95.99,INR,MOCK_FEED
POS00700220260201,PORT007,INS0021,2026-02-01,3689,46.8362,172778.74,20.92,USD,MOCK_FEED
POS00700320260201,PORT007,INS0022,2026-02-01,2786,46.736,130206.5,-2295.37,USD,MOCK_FEED
POS00700420260201,PORT007,INS0023,2026-02-01,424,53.6051,22728.56,161.56,USD,MOCK_FEED
POS00700520260201,PORT007,INS0024,2026-02-01,2969,75.5371,224269.65,-4361.63,EUR,MOCK_FEED
POS00700620260201,PORT007,INS0025,2026-02-01,1871,24.7802,46363.75,674.17,INR,MOCK_FEED
POS00700720260201,PORT007,INS0026,2026-02-01,1948,64.6559,125949.69,-2976.61,INR,MOCK_FEED
POS00700820260201,PORT007,INS0027,2026-02-01,393,17.7318,6968.6,-62.61,INR,MOCK_FEED
POS00700920260201,PORT007,INS0028,2026-02-01,3719,51.7855,192590.27,-3623.22,EUR,MOCK_FEED
POS00701020260201,PORT007,INS0029,2026-02-01,1783,18.7274,33390.95,1216.66,EUR,MOCK_FEED
POS00700120260202,PORT007,INS0020,2026-02-02,749,10.5253,7883.45,139.88,EUR,MOCK_FEED
POS00700220260202,PORT007,INS0021,2026-02-02,1033,47.4316,48996.84,1582.24,USD,MOCK_FEED
POS00700320260202,PORT007,INS0022,2026-02-02,1259,46.2908,58280.12,2068.93,USD,MOCK_FEED
POS00700420260202,PORT007,INS0023,2026-02-02,4607,52.515,241936.61,9352.06,INR,MOCK_FEED
POS00700520260202,PORT007,INS0024,2026-02-02,1283,76.8403,98586.1,3721.86,EUR,MOCK_FEED
POS00700620260202,PORT007,INS0025,2026-02-02,3409,25.1001,85566.24,-898.94,GBP,MOCK_FEED
POS00700720260202,PORT007,INS0026,2026-02-02,2307,66.3094,152975.79,4637.21,GBP,MOCK_FEED
POS00700820260202,PORT007,INS0027,2026-02-02,4299,17.7697,76391.94,1905.97,GBP,MOCK_FEED
POS00700920260202,PORT007,INS0028,2026-02-02,1509,52.7087,79537.43,940.51,USD,MOCK_FEED
POS00701020260202,PORT007,INS0029,2026-02-02,4127,18.964,78264.43,-1167.99,USD,MOCK_FEED
POS00700120260203,PORT007,INS0020,2026-02-03,2334,10.4087,24293.91,-681.85,GBP,MOCK_FEED
POS00700220260203,PORT007,INS0021,2026-02-03,1391,47.9591,66711.11,-712.51,USD,MOCK_FEED
POS00700320260203,PORT007,INS0022,2026-02-03,4899,46.2763,226707.59,5971.41,GBP,MOCK_FEED
POS00700420260203,PORT007,INS0023,2026-02-03,2381,52.366,124683.45,-1433.11,GBP,MOCK_FEED
POS00700520260203,PORT007,INS0024,2026-02-03,364,76.2591,27758.31,70.08,EUR,MOCK_FEED
POS00700620260203,PORT007,INS0025,2026-02-03,2941,24.4727,71974.21,1546.51,GBP,MOCK_FEED
POS00700720260203,PORT007,INS0026,2026-02-03,1579,66.0247,104253.0,1363.34,USD,MOCK_FEED
POS00700820260203,PORT007,INS0027,2026-02-03,4390,17.7847,78074.83,281.39,INR,MOCK_FEED
POS00700920260203,PORT007,INS0028,2026-02-03,1044,52.9815,55312.69,-39.69,GBP,MOCK_FEED
POS00701020260203,PORT007,INS0029,2026-02-03,695,18.963,13179.28,-336.58,EUR,MOCK_FEED
POS00700120260204,PORT007,INS0020,2026-02-04,1545,10.3916,16055.02,-227.75,GBP,MOCK_FEED
POS00700220260204,PORT007,INS0021,2026-02-04,4799,48.3914,232230.33,-1996.04,EUR,MOCK_FEED
POS00700320260204,PORT007,INS0022,2026-02-04,504,46.5382,23455.25,-417.55,USD,MOCK_FEED
POS00700420260204,PORT007,INS0023,2026-02-04,4309,52.5876,226599.97,-6576.84,EUR,MOCK_FEED
POS00700520260204,PORT007,INS0024,2026-02-04,2246,75.9239,170525.08,-2201.66,INR,MOCK_FEED
POS00700620260204,PORT007,INS0025,2026-02-04,4052,24.8423,100661.0,-529.66,USD,MOCK_FEED
POS00700720260204,PORT007,INS0026,2026-02-04,3352,66.7025,223586.78,7325.29,GBP,MOCK_FEED
POS00700820260204,PORT007,INS0027,2026-02-04,2209,18.2877,40397.53,-132.1,INR,MOCK_FEED
POS00700920260204,PORT007,INS0028,2026-02-04,1539,52.1007,80182.98,-1005.56,USD,MOCK_FEED
POS00701020260204,PORT007,INS0029,2026-02-04,3215,18.9441,60905.28,-810.42,INR,MOCK_FEED
POS00700120260205,PORT007,INS0020,2026-02-05,1739,10.273,17864.75,-251.11,GBP,MOCK_FEED
POS00700220260205,PORT007,INS0021,2026-02-05,566,48.2517,27310.46,-595.5,GBP,MOCK_FEED
POS00700320260205,PORT007,INS0022,2026-02-05,732,47.3728,34676.89,-679.01,USD,MOCK_FEED
POS00700420260205,PORT007,INS0023,2026-02-05,1871,52.3184,97887.73,2628.39,INR,MOCK_FEED
POS00700520260205,PORT007,INS0024,2026-02-05,4049,77.0791,312093.28,10142.84,INR,MOCK_FEED
POS00700620260205,PORT007,INS0025,2026-02-05,2081,24.9279,51874.96,-1524.53,GBP,MOCK_FEED
POS00700720260205,PORT007,INS0026,2026-02-05,2215,66.8671,148110.63,3483.87,USD,MOCK_FEED
POS00700820260205,PORT007,INS0027,2026-02-05,1639,18.1932,29818.65,54.49,USD,MOCK_FEED
POS00700920260205,PORT007,INS0028,2026-02-05,636,52.4677,33369.46,964.47,EUR,MOCK_FEED
POS00701020260205,PORT007,INS0029,2026-02-05,3392,18.8769,64030.44,-1169.36,INR,MOCK_FEED
POS00700120260206,PORT007,INS0020,2026-02-06,4192,10.082,42263.74,1618.26,GBP,MOCK_FEED
POS00700220260206,PORT007,INS0021,2026-02-06,3121,47.6058,148577.7,2947.17,EUR,MOCK_FEED
POS00700320260206,PORT007,INS0022,2026-02-06,2013,48.5238,97678.41,2718.11,USD,MOCK_FEED
POS00700420260206,PORT007,INS0023,2026-02-06,992,52.2915,51873.17,292.83,EUR,MOCK_FEED
POS00700520260206,PORT007,INS0024,2026-02-06,1129,77.0553,86995.43,-2044.53,GBP,MOCK_FEED
POS00700620260206,PORT007,INS0025,2026-02-06,4078,24.7588,100966.39,-428.06,GBP,MOCK_FEED
POS00700720260206,PORT007,INS0026,2026-02-06,2319,66.927,155203.71,3080.8,USD,MOCK_FEED
POS00700820260206,PORT007,INS0027,2026-02-06,1331,18.3253,24390.97,616.43,GBP,MOCK_FEED
POS00700920260206,PORT007,INS0028,2026-02-06,4104,52.4527,215265.88,3994.74,GBP,MOCK_FEED
POS00701020260206,PORT007,INS0029,2026-02-06,3945,19.0606,75194.07,-1281.88,GBP,MOCK_FEED
POS00700120260207,PORT007,INS0020,2026-02-07,1839,10.1651,18693.62,-414.02,EUR,MOCK_FEED
POS00700220260207,PORT007,INS0021,2026-02-07,2542,46.4843,118163.09,3696.56,USD,MOCK_FEED
POS00700320260207,PORT007,INS0022,2026-02-07,3526,48.5109,171049.43,-1291.26,GBP,MOCK_FEED
POS00700420260207,PORT007,INS0023,2026-02-07,1603,52.3471,83912.4,1467.39,EUR,MOCK_FEED
POS00700520260207,PORT007,INS0024,2026-02-07,3641,77.3256,281542.51,6858.27,INR,MOCK_FEED
POS00700620260207,PORT007,INS0025,2026-02-07,3718,24.4731,90990.99,3429.37,USD,MOCK_FEED
POS00700720260207,PORT007,INS0026,2026-02-07,4778,67.7034,323486.85,2307.69,GBP,MOCK_FEED
POS00700820260207,PORT007,INS0027,2026-02-07,1134,18.2917,20742.79,316.41,GBP,MOCK_FEED
POS00700920260207,PORT007,INS0028,2026-02-07,4703,52.3123,246024.75,-617.41,USD,MOCK_FEED
POS00701020260207,PORT007,INS0029,2026-02-07,3277,19.2335,63028.18,2210.62,EUR,MOCK_FEED
POS00700120260208,PORT007,INS0020,2026-02-08,4634,10.1288,46936.86,-1146.0,USD,MOCK_FEED
POS00700220260208,PORT007,INS0021,2026-02-08,1007,45.6203,45939.64,1007.74,GBP,MOCK_FEED
POS00700320260208,PORT007,INS0022,2026-02-08,615,48.1782,29629.59,79.55,USD,MOCK_FEED
POS00700420260208,PORT007,INS0023,2026-02-08,898,51.924,46627.75,1156.31,GBP,MOCK_FEED
POS00700520260208,PORT007,INS0024,2026-02-08,913,76.8977,70207.6,2211.41,EUR,MOCK_FEED
POS00700620260208,PORT007,INS0025,2026-02-08,566,24.9876,14142.98,-179.61,GBP,MOCK_FEED
POS00700720260208,PORT007,INS0026,2026-02-08,3262,65.6382,214111.81,5914.33,EUR,MOCK_FEED
POS00700820260208,PORT007,INS0027,2026-02-08,3679,18.3626,67556.01,1402.81,GBP,MOCK_FEED
POS00700920260208,PORT007,INS0028,2026-02-08,3043,52.1026,158548.21,5715.27,USD,MOCK_FEED
POS00701020260208,PORT007,INS0029,2026-02-08,1657,19.4109,32163.86,1181.63,GBP,MOCK_FEED
POS00700120260209,PORT007,INS0020,2026-02-09,474,10.3163,4889.93,-14.5,EUR,MOCK_FEED
POS00700220260209,PORT007,INS0021,2026-02-09,4519,45.0557,203606.71,3544.34,INR,MOCK_FEED
POS00700320260209,PORT007,INS0022,2026-02-09,1235,47.9088,59167.37,551.4,GBP,MOCK_FEED
POS00700420260209,PORT007,INS0023,2026-02-09,854,51.4187,43911.57,-835.69,EUR,MOCK_FEED
POS00700520260209,PORT007,INS0024,2026-02-09,1497,77.1381,115475.74,3611.27,INR,MOCK_FEED
POS00700620260209,PORT007,INS0025,2026-02-09,3219,25.4135,81806.06,138.65,INR,MOCK_FEED
POS00700720260209,PORT007,INS0026,2026-02-09,1597,64.4658,102951.88,3361.5,EUR,MOCK_FEED
POS00700820260209,PORT007,INS0027,2026-02-09,4446,18.9299,84162.34,2567.29,GBP,MOCK_FEED
POS00700920260209,PORT007,INS0028,2026-02-09,1330,51.868,68984.44,2374.86,INR,MOCK_FEED
POS00701020260209,PORT007,INS0029,2026-02-09,3587,19.5996,70303.77,533.44,EUR,MOCK_FEED
POS00700120260210,PORT007,INS0020,2026-02-10,3144,10.3172,32437.28,-73.58,USD,MOCK_FEED
POS00700220260210,PORT007,INS0021,2026-02-10,794,44.4903,35325.3,131.16,INR,MOCK_FEED
POS00700320260210,PORT007,INS0022,2026-02-10,1832,47.9694,87879.94,-1948.52,INR,MOCK_FEED
POS00700420260210,PORT007,INS0023,2026-02-10,1450,51.4266,74568.57,901.39,USD,MOCK_FEED
POS00700520260210,PORT007,INS0024,2026-02-10,4270,77.4575,330743.52,270.85,USD,MOCK_FEED
POS00700620260210,PORT007,INS0025,2026-02-10,3017,25.0828,75674.81,1191.02,EUR,MOCK_FEED
POS00700720260210,PORT007,INS0026,2026-02-10,3131,64.8009,202891.62,2818.18,USD,MOCK_FEED
POS00700820260210,PORT007,INS0027,2026-02-10,4806,18.721,89973.13,-1745.29,EUR,MOCK_FEED
POS00700920260210,PORT007,INS0028,2026-02-10,4686,53.0814,248739.44,9123.03,INR,MOCK_FEED
POS00701020260210,PORT007,INS0029,2026-02-10,4429,19.1862,84975.68,848.93,USD,MOCK_FEED
POS00700120260211,PORT007,INS0020,2026-02-11,2188,10.3758,22702.25,689.34,GBP,MOCK_FEED
POS00700220260211,PORT007,INS0021,2026-02-11,2376,44.3556,105388.91,-1980.48,INR,MOCK_FEED
POS00700320260211,PORT007,INS0022,2026-02-11,4426,48.8605,216256.57,6694.14,GBP,MOCK_FEED
POS00700420260211,PORT007,INS0023,2026-02-11,2630,50.842,133714.46,302.56,INR,MOCK_FEED
POS00700520260211,PORT007,INS0024,2026-02-11,2396,78.0258,186949.82,5793.68,EUR,MOCK_FEED
POS00700620260211,PORT007,INS0025,2026-02-11,2190,26.0295,57004.6,-138.28,EUR,MOCK_FEED
POS00700720260211,PORT007,INS0026,2026-02-11,2211,64.4672,142536.98,1258.42,INR,MOCK_FEED
POS00700820260211,PORT007,INS0027,2026-02-11,2718,18.6781,50767.08,1046.36,INR,MOCK_FEED
POS00700920260211,PORT007,INS0028,2026-02-11,3163,53.5857,169491.57,-4417.09,EUR,MOCK_FEED
POS00701020260211,PORT007,INS0029,2026-02-11,3827,19.2761,73769.63,1212.03,GBP,MOCK_FEED
POS00700120260212,PORT007,INS0020,2026-02-12,3702,10.2028,37770.77,6.1,USD,MOCK_FEED
POS00700220260212,PORT007,INS0021,2026-02-12,4820,44.0772,212452.1,-5962.96,INR,MOCK_FEED
POS00700320260212,PORT007,INS0022,2026-02-12,2921,48.4144,141418.46,2169.11,GBP,MOCK_FEED
POS00700420260212,PORT007,INS0023,2026-02-12,443,50.2882,22277.67,-533.98,GBP,MOCK_FEED
POS00700520260212,PORT007,INS0024,2026-02-12,2886,78.4245,226333.11,-6591.83,GBP,MOCK_FEED
POS00700620260212,PORT007,INS0025,2026-02-12,3303,25.7289,84982.56,3246.51,INR,MOCK_FEED
POS00700720260212,PORT007,INS0026,2026-02-12,4874,62.8178,306173.96,11159.67,GBP,MOCK_FEED
POS00700820260212,PORT007,INS0027,2026-02-12,3870,18.8825,73075.27,654.14,GBP,MOCK_FEED
POS00700920260212,PORT007,INS0028,2026-02-12,4582,53.2515,243998.37,6866.27,EUR,MOCK_FEED
POS00701020260212,PORT007,INS0029,2026-02-12,2073,19.2061,39814.25,233.0,GBP,MOCK_FEED
POS00700120260213,PORT007,INS0020,2026-02-13,4845,10.1238,49049.81,1280.67,EUR,MOCK_FEED
POS00700220260213,PORT007,INS0021,2026-02-13,426,43.6134,18579.31,-168.29,INR,MOCK_FEED
POS00700320260213,PORT007,INS0022,2026-02-13,2359,48.1032,113475.45,2568.95,GBP,MOCK_FEED
POS00700420260213,PORT007,INS0023,2026-02-13,3728,49.9888,186358.25,-5213.98,GBP,MOCK_FEED
POS00700520260213,PORT007,INS0024,2026-02-13,2794,79.0193,220779.92,-4251.52,USD,MOCK_FEED
POS00700620260213,PORT007,INS0025,2026-02-13,4317,26.0405,112416.84,-20.8,INR,MOCK_FEED
POS00700720260213,PORT007,INS0026,2026-02-13,3379,61.5831,208089.29,-2587.42,GBP,MOCK_FEED
POS00700820260213,PORT007,INS0027,2026-02-13,4536,19.1337,86790.46,-1164.43,GBP,MOCK_FEED
POS00700920260213,PORT007,INS0028,2026-02-13,1057,53.2008,56233.25,903.66,INR,MOCK_FEED
POS00701020260213,PORT007,INS0029,2026-02-13,656,19.3274,12678.77,-193.87,GBP,MOCK_FEED
POS00700120260214,PORT007,INS0020,2026-02-14,4633,10.0612,46613.54,-506.11,EUR,MOCK_FEED
POS00700220260214,PORT007,INS0021,2026-02-14,803,43.0951,34605.37,46.9,EUR,MOCK_FEED
POS00700320260214,PORT007,INS0022,2026-02-14,2986,47.5828,142082.24,2462.21,GBP,MOCK_FEED
POS00700420260214,PORT007,INS0023,2026-02-14,3544,49.82,176562.08,-2480.94,USD,MOCK_FEED
POS00700520260214,PORT007,INS0024,2026-02-14,227,80.4622,18264.92,302.61,INR,MOCK_FEED
POS00700620260214,PORT007,INS0025,2026-02-14,2881,25.8423,74451.67,-681.28,USD,MOCK_FEED
POS00700720260214,PORT007,INS0026,2026-02-14,428,61.0045,26109.93,14.71,INR,MOCK_FEED
POS00700820260214,PORT007,INS0027,2026-02-14,3389,18.9367,64176.48,-307.79,GBP,MOCK_FEED
POS00700920260214,PORT007,INS0028,2026-02-14,4741,53.6963,254574.16,1564.06,GBP,MOCK_FEED
POS00701020260214,PORT007,INS0029,2026-02-14,2513,19.3011,48503.66,131.61,INR,MOCK_FEED
POS00700120260215,PORT007,INS0020,2026-02-15,2336,10.0004,23360.93,148.94,GBP,MOCK_FEED
POS00700220260215,PORT007,INS0021,2026-02-15,1371,43.2861,59345.24,854.48,GBP,MOCK_FEED
POS00700320260215,PORT007,INS0022,2026-02-15,3500,46.8078,163827.3,-1225.14,EUR,MOCK_FEED
POS00700420260215,PORT007,INS0023,2026-02-15,3201,48.5363,155364.7,-3452.28,INR,MOCK_FEED
POS00700520260215,PORT007,INS0024,2026-02-15,1654,81.3002,134470.53,5151.93,EUR,MOCK_FEED
POS00700620260215,PORT007,INS0025,2026-02-15,3813,25.5421,97392.03,3093.5,EUR,MOCK_FEED
POS00700720260215,PORT007,INS0026,2026-02-15,3836,61.9998,237831.23,-2628.41,EUR,MOCK_FEED
POS00700820260215,PORT007,INS0027,2026-02-15,2114,19.1081,40394.52,1251.02,USD,MOCK_FEED
POS00700920260215,PORT007,INS0028,2026-02-15,1518,53.1088,80619.16,508.21,USD,MOCK_FEED
POS00701020260215,PORT007,INS0029,2026-02-15,1863,19.3052,35965.59,441.56,USD,MOCK_FEED
POS00700120260216,PORT007,INS0020,2026-02-16,4739,10.1683,48187.57,328.77,INR,MOCK_FEED
POS00700220260216,PORT007,INS0021,2026-02-16,3926,44.0554,172961.5,2367.43,USD,MOCK_FEED
POS00700320260216,PORT007,INS0022,2026-02-16,3855,46.8353,180550.08,1513.05,GBP,MOCK_FEED
POS00700420260216,PORT007,INS0023,2026-02-16,3099,48.7803,151170.15,2302.68,GBP,MOCK_FEED
POS00700520260216,PORT007,INS0024,2026-02-16,3548,82.787,293728.28,11539.31,GBP,MOCK_FEED
POS00700620260216,PORT007,INS0025,2026-02-16,2385,25.0812,59818.66,1255.05,EUR,MOCK_FEED
POS00700720260216,PORT007,INS0026,2026-02-16,4298,61.5105,264372.13,-3795.67,USD,MOCK_FEED
POS00700820260216,PORT007,INS0027,2026-02-16,2545,19.3395,49219.03,-1141.32,INR,MOCK_FEED
POS00700920260216,PORT007,INS0028,2026-02-16,2985,52.9682,158110.08,871.15,USD,MOCK_FEED
POS00701020260216,PORT007,INS0029,2026-02-16,3452,19.36,66830.72,585.01,USD,MOCK_FEED
POS00700120260217,PORT007,INS0020,2026-02-17,3981,10.0169,39877.28,1112.72,GBP,MOCK_FEED
POS00700220260217,PORT007,INS0021,2026-02-17,4615,43.8859,202533.43,3598.62,INR,MOCK_FEED
POS00700320260217,PORT007,INS0022,2026-02-17,604,46.8336,28287.49,-327.0,INR,MOCK_FEED
POS00700420260217,PORT007,INS0023,2026-02-17,326,48.4465,15793.56,346.71,EUR,MOCK_FEED
POS00700520260217,PORT007,INS0024,2026-02-17,3511,82.8713,290961.13,-7248.29,GBP,MOCK_FEED
POS00700620260217,PORT007,INS0025,2026-02-17,3906,24.7872,96818.8,874.58,USD,MOCK_FEED
POS00700720260217,PORT007,INS0026,2026-02-17,4076,61.4134,250321.02,5213.02,INR,MOCK_FEED
POS00700820260217,PORT007,INS0027,2026-02-17,2769,19.5798,54216.47,-1362.94,INR,MOCK_FEED
POS00700920260217,PORT007,INS0028,2026-02-17,3999,52.0678,208219.13,1346.66,USD,MOCK_FEED
POS00701020260217,PORT007,INS0029,2026-02-17,3078,19.3094,59434.33,260.39,INR,MOCK_FEED
POS00700120260218,PORT007,INS0020,2026-02-18,3315,10.2355,33930.68,1264.27,GBP,MOCK_FEED
POS00700220260218,PORT007,INS0021,2026-02-18,264,45.4571,12000.67,113.51,EUR,MOCK_FEED
POS00700320260218,PORT007,INS0022,2026-02-18,4118,47.7399,196592.91,-1110.25,EUR,MOCK_FEED
POS00700420260218,PORT007,INS0023,2026-02-18,4047,47.7826,193376.18,-146.75,USD,MOCK_FEED
POS00700520260218,PORT007,INS0024,2026-02-18,386,81.2491,31362.15,1137.48,GBP,MOCK_FEED
POS00700620260218,PORT007,INS0025,2026-02-18,3720,25.2689,94000.31,1224.26,USD,MOCK_FEED
POS00700720260218,PORT007,INS0026,2026-02-18,4275,61.2944,262033.56,-1377.13,USD,MOCK_FEED
POS00700820260218,PORT007,INS0027,2026-02-18,3755,19.241,72249.96,-941.03,EUR,MOCK_FEED
POS00700920260218,PORT007,INS0028,2026-02-18,3370,51.9797,175171.59,-1890.83,EUR,MOCK_FEED
POS00701020260218,PORT007,INS0029,2026-02-18,2874,19.7228,56683.33,-1616.97,EUR,MOCK_FEED
POS00700120260219,PORT007,INS0020,2026-02-19,2118,10.1476,21492.62,601.09,EUR,MOCK_FEED
POS00700220260219,PORT007,INS0021,2026-02-19,308,46.2982,14259.85,481.97,EUR,MOCK_FEED
POS00700320260219,PORT007,INS0022,2026-02-19,2301,47.6372,109613.2,-371.83,GBP,MOCK_FEED
POS00700420260219,PORT007,INS0023,2026-02-19,3356,47.7952,160400.69,4984.12,EUR,MOCK_FEED
POS00700520260219,PORT007,INS0024,2026-02-19,2247,80.9695,181938.47,-1586.23,INR,MOCK_FEED
POS00700620260219,PORT007,INS0025,2026-02-19,3198,25.217,80643.97,-1354.31,EUR,MOCK_FEED
POS00700720260219,PORT007,INS0026,2026-02-19,1901,61.1088,116167.83,-759.84,USD,MOCK_FEED
POS00700820260219,PORT007,INS0027,2026-02-19,2076,19.1357,39725.71,-625.48,EUR,MOCK_FEED
POS00700920260219,PORT007,INS0028,2026-02-19,1975,50.8955,100518.61,882.22,GBP,MOCK_FEED
POS00701020260219,PORT007,INS0029,2026-02-19,2256,19.6303,44285.96,-625.63,USD,MOCK_FEED
POS00700120260220,PORT007,INS0020,2026-02-20,4845,10.1382,49119.58,1453.48,EUR,MOCK_FEED
POS00700220260220,PORT007,INS0021,2026-02-20,3620,45.9725,166420.45,5302.31,USD,MOCK_FEED
POS00700320260220,PORT007,INS0022,2026-02-20,1949,46.2644,90169.32,2658.41,GBP,MOCK_FEED
POS00700420260220,PORT007,INS0023,2026-02-20,4967,47.8337,237589.99,-281.07,GBP,MOCK_FEED
POS00700520260220,PORT007,INS0024,2026-02-20,2570,82.1887,211224.96,3743.33,INR,MOCK_FEED
POS00700620260220,PORT007,INS0025,2026-02-20,4622,25.3425,117133.04,4614.32,INR,MOCK_FEED
POS00700720260220,PORT007,INS0026,2026-02-20,3830,60.2079,230596.26,-3239.26,USD,MOCK_FEED
POS00700820260220,PORT007,INS0027,2026-02-20,1601,18.9602,30355.28,1033.53,EUR,MOCK_FEED
POS00700920260220,PORT007,INS0028,2026-02-20,2584,49.8722,128869.76,2688.68,EUR,MOCK_FEED
POS00701020260220,PORT007,INS0029,2026-02-20,2149,19.7293,42398.27,-149.36,USD,MOCK_FEED
POS00700120260221,PORT007,INS0020,2026-02-21,577,10.1346,5847.66,164.39,GBP,MOCK_FEED
POS00700220260221,PORT007,INS0021,2026-02-21,2191,45.5074,99706.71,-1298.06,USD,MOCK_FEED
POS00700320260221,PORT007,INS0022,2026-02-21,3559,46.6473,166017.74,-16.17,USD,MOCK_FEED
POS00700420260221,PORT007,INS0023,2026-02-21,4653,48.7728,226939.84,-6660.06,GBP,MOCK_FEED
POS00700520260221,PORT007,INS0024,2026-02-21,685,83.0916,56917.75,-1587.26,USD,MOCK_FEED
POS00700620260221,PORT007,INS0025,2026-02-21,4149,25.1028,104151.52,-244.32,INR,MOCK_FEED
POS00700720260221,PORT007,INS0026,2026-02-21,1927,58.6647,113046.88,3869.52,INR,MOCK_FEED
POS00700820260221,PORT007,INS0027,2026-02-21,3449,19.1801,66152.16,1582.25,EUR,MOCK_FEED
POS00700920260221,PORT007,INS0028,2026-02-21,4700,50.6354,237986.38,-6462.72,EUR,MOCK_FEED
POS00701020260221,PORT007,INS0029,2026-02-21,4415,19.5088,86131.35,-1733.44,EUR,MOCK_FEED
POS00700120260222,PORT007,INS0020,2026-02-22,4062,10.1595,41267.89,331.53,INR,MOCK_FEED
POS00700220260222,PORT007,INS0021,2026-02-22,2516,45.6315,114808.85,3514.76,GBP,MOCK_FEED
POS00700320260222,PORT007,INS0022,2026-02-22,243,46.8371,11381.42,335.81,GBP,MOCK_FEED
POS00700420260222,PORT007,INS0023,2026-02-22,2309,48.4288,111822.1,139.96,INR,MOCK_FEED
POS00700520260222,PORT007,INS0024,2026-02-22,1959,81.9871,160612.73,3364.82,EUR,MOCK_FEED
POS00700620260222,PORT007,INS0025,2026-02-22,4125,24.7244,101988.15,1829.67,GBP,MOCK_FEED
POS00700720260222,PORT007,INS0026,2026-02-22,3464,58.6894,203300.08,-4280.72,INR,MOCK_FEED
POS00700820260222,PORT007,INS0027,2026-02-22,4423,19.0035,84052.48,-1584.68,INR,MOCK_FEED
POS00700920260222,PORT007,INS0028,2026-02-22,2372,51.6412,122492.93,-1665.98,INR,MOCK_FEED
POS00701020260222,PORT007,INS0029,2026-02-22,1562,19.6715,30726.88,-250.43,GBP,MOCK_FEED
POS00700120260223,PORT007,INS0020,2026-02-23,1623,10.0685,16341.18,-8.0,GBP,MOCK_FEED
POS00700220260223,PORT007,INS0021,2026-02-23,1030,46.1575,47542.22,901.36,USD,MOCK_FEED
POS00700320260223,PORT007,INS0022,2026-02-23,4345,47.1652,204932.79,3374.86,EUR,MOCK_FEED
POS00700420260223,PORT007,INS0023,2026-02-23,3890,49.1402,191155.38,2177.18,USD,MOCK_FEED
POS00700520260223,PORT007,INS0024,2026-02-23,1290,80.3883,103700.91,-86.88,EUR,MOCK_FEED
POS00700620260223,PORT007,INS0025,2026-02-23,404,24.683,9971.93,50.32,GBP,MOCK_FEED
POS00700720260223,PORT007,INS0026,2026-02-23,3569,57.2751,204414.83,-1827.48,GBP,MOCK_FEED
POS00700820260223,PORT007,INS0027,2026-02-23,570,18.9965,10828.01,-185.27,USD,MOCK_FEED
POS00700920260223,PORT007,INS0028,2026-02-23,4772,50.8606,242706.78,8325.63,INR,MOCK_FEED
POS00701020260223,PORT007,INS0029,2026-02-23,1443,19.327,27888.86,445.93,USD,MOCK_FEED
POS00700120260224,PORT007,INS0020,2026-02-24,4184,10.0712,42137.9,101.39,USD,MOCK_FEED
POS00700220260224,PORT007,INS0021,2026-02-24,313,46.7371,14628.71,-124.71,GBP,MOCK_FEED
POS00700320260224,PORT007,INS0022,2026-02-24,3178,46.3715,147368.63,3238.0,USD,MOCK_FEED
POS00700420260224,PORT007,INS0023,2026-02-24,1820,48.9578,89103.2,3104.67,INR,MOCK_FEED
POS00700520260224,PORT007,INS0024,2026-02-24,2670,77.7479,207586.89,2501.65,GBP,MOCK_FEED
POS00700620260224,PORT007,INS0025,2026-02-24,1603,24.8763,39876.71,1409.3,GBP,MOCK_FEED
POS00700720260224,PORT007,INS0026,2026-02-24,485,57.1178,27702.13,365.65,INR,MOCK_FEED
POS00700820260224,PORT007,INS0027,2026-02-24,3086,19.2596,59435.13,-1213.84,USD,MOCK_FEED
POS00700920260224,PORT007,INS0028,2026-02-24,357,51.5769,18412.95,-510.35,GBP,MOCK_FEED
POS00701020260224,PORT007,INS0029,2026-02-24,1726,19.7354,34063.3,649.95,INR,MOCK_FEED
POS00700120260225,PORT007,INS0020,2026-02-25,4396,10.0963,44383.33,-1211.23,EUR,MOCK_FEED
POS00700220260225,PORT007,INS0021,2026-02-25,2013,46.9128,94435.47,626.33,EUR,MOCK_FEED
POS00700320260225,PORT007,INS0022,2026-02-25,4621,46.5927,215304.87,3706.65,GBP,MOCK_FEED
POS00700420260225,PORT007,INS0023,2026-02-25,1230,49.1668,60475.16,-634.12,USD,MOCK_FEED
POS00700520260225,PORT007,INS0024,2026-02-25,3134,78.8155,247007.78,7324.87,GBP,MOCK_FEED
POS00700620260225,PORT007,INS0025,2026-02-25,3147,24.9279,78448.1,-1753.58,INR,MOCK_FEED
POS00700720260225,PORT007,INS0026,2026-02-25,4156,56.8426,236237.85,1273.2,EUR,MOCK_FEED
POS00700820260225,PORT007,INS0027,2026-02-25,1010,19.3828,19576.63,104.95,INR,MOCK_FEED
POS00700920260225,PORT007,INS0028,2026-02-25,3795,51.1106,193964.73,-43.69,USD,MOCK_FEED
POS00701020260225,PORT007,INS0029,2026-02-25,1000,19.5177,19517.7,-543.5,USD,MOCK_FEED
POS00700120260226,PORT007,INS0020,2026-02-26,2150,10.2362,22007.83,413.52,EUR,MOCK_FEED
POS00700220260226,PORT007,INS0021,2026-02-26,223,46.7868,10433.46,-250.09,GBP,MOCK_FEED
POS00700320260226,PORT007,INS0022,2026-02-26,2890,47.4231,137052.76,-3620.06,INR,MOCK_FEED
POS00700420260226,PORT007,INS0023,2026-02-26,1820,50.3275,91596.05,-1130.29,GBP,MOCK_FEED
POS00700520260226,PORT007,INS0024,2026-02-26,1641,78.2278,128371.82,-2089.0,INR,MOCK_FEED
POS00700620260226,PORT007,INS0025,2026-02-26,1299,25.0141,32493.32,1070.32,GBP,MOCK_FEED
POS00700720260226,PORT007,INS0026,2026-02-26,2745,57.0702,156657.7,-2534.86,GBP,MOCK_FEED
POS00700820260226,PORT007,INS0027,2026-02-26,1749,19.3542,33850.5,-206.75,USD,MOCK_FEED
POS00700920260226,PORT007,INS0028,2026-02-26,4843,50.9135,246574.08,8067.92,GBP,MOCK_FEED
POS00701020260226,PORT007,INS0029,2026-02-26,3343,19.1976,64177.58,-209.67,GBP,MOCK_FEED
POS00700120260227,PORT007,INS0020,2026-02-27,3044,10.2391,31167.82,-242.72,EUR,MOCK_FEED
POS00700220260227,PORT007,INS0021,2026-02-27,3089,46.9282,144961.21,4753.07,EUR,MOCK_FEED
POS00700320260227,PORT007,INS0022,2026-02-27,4145,48.0074,198990.67,5087.46,INR,MOCK_FEED
POS00700420260227,PORT007,INS0023,2026-02-27,4210,49.8777,209985.12,8282.31,EUR,MOCK_FEED
POS00700520260227,PORT007,INS0024,2026-02-27,2337,77.5307,181189.25,6943.91,USD,MOCK_FEED
POS00700620260227,PORT007,INS0025,2026-02-27,1523,25.1485,38301.17,480.82,EUR,MOCK_FEED
POS00700720260227,PORT007,INS0026,2026-02-27,4530,57.6311,261068.88,10438.54,INR,MOCK_FEED
POS00700820260227,PORT007,INS0027,2026-02-27,2548,19.1295,48741.97,233.34,GBP,MOCK_FEED
POS00700920260227,PORT007,INS0028,2026-02-27,3740,51.4482,192416.27,5356.87,EUR,MOCK_FEED
POS00701020260227,PORT007,INS0029,2026-02-27,3457,19.4153,67118.69,-1342.77,USD,MOCK_FEED
POS00700120260228,PORT007,INS0020,2026-02-28,3594,10.2606,36876.6,470.31,EUR,MOCK_FEED
POS00700220260228,PORT007,INS0021,2026-02-28,1465,47.8866,70153.87,2321.83,GBP,MOCK_FEED
POS00700320260228,PORT007,INS0022,2026-02-28,2165,48.8956,105858.97,-2833.15,USD,MOCK_FEED
POS00700420260228,PORT007,INS0023,2026-02-28,356,49.8421,17743.79,334.23,EUR,MOCK_FEED
POS00700520260228,PORT007,INS0024,2026-02-28,4699,76.8921,361315.98,7791.06,GBP,MOCK_FEED
POS00700620260228,PORT007,INS0025,2026-02-28,3302,24.7341,81672.0,-1265.48,GBP,MOCK_FEED
POS00700720260228,PORT007,INS0026,2026-02-28,3186,57.9607,184662.79,-301.86,INR,MOCK_FEED
POS00700820260228,PORT007,INS0027,2026-02-28,843,18.7986,15847.22,-321.74,USD,MOCK_FEED
POS00700920260228,PORT007,INS0028,2026-02-28,265,51.5183,13652.35,515.02,EUR,MOCK_FEED
POS00701020260228,PORT007,INS0029,2026-02-28,1681,19.7176,33145.29,797.95,EUR,MOCK_FEED
POS00700120260301,PORT007,INS0020,2026-03-01,405,10.168,4118.04,83.42,USD,MOCK_FEED
POS00700220260301,PORT007,INS0021,2026-03-01,4936,49.2505,243100.47,-1908.36,EUR,MOCK_FEED
POS00700320260301,PORT007,INS0022,2026-03-01,3531,49.4918,174755.55,5004.68,EUR,MOCK_FEED
POS00700420260301,PORT007,INS0023,2026-03-01,2502,48.5755,121535.9,2170.02,GBP,MOCK_FEED
POS00700520260301,PORT007,INS0024,2026-03-01,2567,76.0608,195248.07,2129.68,GBP,MOCK_FEED
POS00700620260301,PORT007,INS0025,2026-03-01,2328,24.1179,56146.47,-39.95,USD,MOCK_FEED
POS00700720260301,PORT007,INS0026,2026-03-01,2482,57.9368,143799.14,-960.62,EUR,MOCK_FEED
POS00700820260301,PORT007,INS0027,2026-03-01,2408,18.9819,45708.42,-826.8,USD,MOCK_FEED
POS00700920260301,PORT007,INS0028,2026-03-01,4339,51.1206,221812.28,-4044.06,EUR,MOCK_FEED
POS00701020260301,PORT007,INS0029,2026-03-01,4203,19.9027,83651.05,1095.62,INR,MOCK_FEED
POS00700120260302,PORT007,INS0020,2026-03-02,3047,10.0314,30565.68,-809.99,USD,MOCK_FEED
POS00700220260302,PORT007,INS0021,2026-03-02,4310,49.4792,213255.35,2573.15,USD,MOCK_FEED
POS00700320260302,PORT007,INS0022,2026-03-02,1708,49.0038,83698.49,-97.53,GBP,MOCK_FEED
POS00700420260302,PORT007,INS0023,2026-03-02,626,49.0048,30677.0,-85.94,USD,MOCK_FEED
POS00700520260302,PORT007,INS0024,2026-03-02,4150,75.9148,315046.42,-4398.27,INR,MOCK_FEED
POS00700620260302,PORT007,INS0025,2026-03-02,2597,24.3169,63150.99,1213.85,EUR,MOCK_FEED
POS00700720260302,PORT007,INS0026,2026-03-02,4099,58.6557,240429.71,4421.6,USD,MOCK_FEED
POS00700820260302,PORT007,INS0027,2026-03-02,2590,18.7174,48478.07,-1270.28,INR,MOCK_FEED
POS00700920260302,PORT007,INS0028,2026-03-02,4940,51.227,253061.38,-1084.4,GBP,MOCK_FEED
POS00701020260302,PORT007,INS0029,2026-03-02,4835,19.9123,96275.97,-1211.15,INR,MOCK_FEED
POS00700120260303,PORT007,INS0020,2026-03-03,2532,10.2002,25826.91,589.24,EUR,MOCK_FEED
POS00700220260303,PORT007,INS0021,2026-03-03,3592,50.0088,179631.61,1059.23,EUR,MOCK_FEED
POS00700320260303,PORT007,INS0022,2026-03-03,1414,48.4659,68530.78,-1352.73,GBP,MOCK_FEED
POS00700420260303,PORT007,INS0023,2026-03-03,2623,49.6307,130181.33,-1596.82,GBP,MOCK_FEED
POS00700520260303,PORT007,INS0024,2026-03-03,3154,75.9556,239563.96,744.27,EUR,MOCK_FEED
POS00700620260303,PORT007,INS0025,2026-03-03,3748,24.0463,90125.53,-1187.02,INR,MOCK_FEED
POS00700720260303,PORT007,INS0026,2026-03-03,4158,59.327,246681.67,-4334.18,INR,MOCK_FEED
POS00700820260303,PORT007,INS0027,2026-03-03,4326,18.7411,81074.0,2442.11,EUR,MOCK_FEED
POS00700920260303,PORT007,INS0028,2026-03-03,2814,50.7404,142783.49,-1411.71,GBP,MOCK_FEED
POS00701020260303,PORT007,INS0029,2026-03-03,1155,19.9678,23062.81,112.07,USD,MOCK_FEED
POS00700120260304,PORT007,INS0020,2026-03-04,4394,10.4029,45710.34,-286.94,GBP,MOCK_FEED
POS00700220260304,PORT007,INS0021,2026-03-04,3398,49.1858,167133.35,-4600.33,INR,MOCK_FEED
POS00700320260304,PORT007,INS0022,2026-03-04,1552,48.3861,75095.23,-109.4,GBP,MOCK_FEED
POS00700420260304,PORT007,INS0023,2026-03-04,2529,50.1179,126748.17,-1410.84,EUR,MOCK_FEED
POS00700520260304,PORT007,INS0024,2026-03-04,231,75.9942,17554.66,-2.11,USD,MOCK_FEED
POS00700620260304,PORT007,INS0025,2026-03-04,2010,23.9544,48148.34,1281.11,USD,MOCK_FEED
POS00700720260304,PORT007,INS0026,2026-03-04,4496,59.023,265367.41,-3110.49,EUR,MOCK_FEED
POS00700820260304,PORT007,INS0027,2026-03-04,4750,18.7614,89116.65,2597.2,EUR,MOCK_FEED
POS00700920260304,PORT007,INS0028,2026-03-04,1404,50.39,70747.56,1770.64,EUR,MOCK_FEED
POS00701020260304,PORT007,INS0029,2026-03-04,4110,20.1698,82897.88,-2359.94,GBP,MOCK_FEED
POS00700120260305,PORT007,INS0020,2026-03-05,3739,10.4348,39015.72,794.09,EUR,MOCK_FEED
POS00700220260305,PORT007,INS0021,2026-03-05,2875,48.4827,139387.76,-1745.54,GBP,MOCK_FEED
POS00700320260305,PORT007,INS0022,2026-03-05,309,48.7736,15071.04,233.41,USD,MOCK_FEED
POS00700420260305,PORT007,INS0023,2026-03-05,3596,50.8805,182966.28,2569.22,EUR,MOCK_FEED
POS00700520260305,PORT007,INS0024,2026-03-05,1708,75.79,129449.32,4850.28,EUR,MOCK_FEED
POS00700620260305,PORT007,INS0025,2026-03-05,165,23.7101,3912.17,145.99,USD,MOCK_FEED
POS00700720260305,PORT007,INS0026,2026-03-05,4945,59.6731,295083.48,-6537.35,GBP,MOCK_FEED
POS00700820260305,PORT007,INS0027,2026-03-05,161,19.2069,3092.31,47.76,INR,MOCK_FEED
POS00700920260305,PORT007,INS0028,2026-03-05,2982,50.704,151199.33,3217.06,EUR,MOCK_FEED
POS00701020260305,PORT007,INS0029,2026-03-05,2566,20.0497,51447.53,-1338.5,GBP,MOCK_FEED
POS00700120260306,PORT007,INS0020,2026-03-06,630,10.745,6769.35,221.35,INR,MOCK_FEED
POS00700220260306,PORT007,INS0021,2026-03-06,2782,48.6859,135444.17,2297.2,INR,MOCK_FEED
POS00700320260306,PORT007,INS0022,2026-03-06,556,47.8102,26582.47,451.08,INR,MOCK_FEED
POS00700420260306,PORT007,INS0023,2026-03-06,3262,49.7958,162433.9,2521.79,EUR,MOCK_FEED
POS00700520260306,PORT007,INS0024,2026-03-06,209,77.1314,16120.46,197.47,EUR,MOCK_FEED
POS00700620260306,PORT007,INS0025,2026-03-06,2472,24.0143,59363.35,-403.65,USD,MOCK_FEED
POS00700720260306,PORT007,INS0026,2026-03-06,2967,60.5088,179529.61,1022.39,GBP,MOCK_FEED
POS00700820260306,PORT007,INS0027,2026-03-06,4515,19.4155,87660.98,-539.85,GBP,MOCK_FEED
POS00700920260306,PORT007,INS0028,2026-03-06,2447,50.5083,123593.81,498.16,GBP,MOCK_FEED
POS00701020260306,PORT007,INS0029,2026-03-06,2191,19.6742,43106.17,393.92,EUR,MOCK_FEED
POS00700120260307,PORT007,INS0020,2026-03-07,2298,10.5972,24352.37,-210.92,INR,MOCK_FEED
POS00700220260307,PORT007,INS0021,2026-03-07,701,49.4528,34666.41,385.49,GBP,MOCK_FEED
POS00700320260307,PORT007,INS0022,2026-03-07,2861,48.2835,138139.09,703.64,INR,MOCK_FEED
POS00700420260307,PORT007,INS0023,2026-03-07,1530,50.3524,77039.17,-405.76,GBP,MOCK_FEED
POS00700520260307,PORT007,INS0024,2026-03-07,1864,75.6131,140942.82,-2829.31,GBP,MOCK_FEED
POS00700620260307,PORT007,INS0025,2026-03-07,477,24.2271,11556.33,-87.15,INR,MOCK_FEED
POS00700720260307,PORT007,INS0026,2026-03-07,3182,59.8362,190398.79,398.19,INR,MOCK_FEED
POS00700820260307,PORT007,INS0027,2026-03-07,4619,19.5196,90161.03,-392.2,EUR,MOCK_FEED
POS00700920260307,PORT007,INS0028,2026-03-07,3058,51.0612,156145.15,-309.41,GBP,MOCK_FEED
POS00701020260307,PORT007,INS0029,2026-03-07,4010,19.8311,79522.71,-1664.64,INR,MOCK_FEED
POS00700120260308,PORT007,INS0020,2026-03-08,496,10.7372,5325.65,-35.31,INR,MOCK_FEED
POS00700220260308,PORT007,INS0021,2026-03-08,808,49.5144,40007.64,-726.49,EUR,MOCK_FEED
POS00700320260308,PORT007,INS0022,2026-03-08,1233,47.7258,58845.91,335.2,USD,MOCK_FEED
POS00700420260308,PORT007,INS0023,2026-03-08,2120,50.5149,107091.59,3400.31,EUR,MOCK_FEED
POS00700520260308,PORT007,INS0024,2026-03-08,958,76.5873,73370.63,2914.97,USD,MOCK_FEED
POS00700620260308,PORT007,INS0025,2026-03-08,4275,24.354,104113.35,2978.14,USD,MOCK_FEED
POS00700720260308,PORT007,INS0026,2026-03-08,271,60.6372,16432.68,-212.0,GBP,MOCK_FEED
POS00700820260308,PORT007,INS0027,2026-03-08,873,19.342,16885.57,216.61,USD,MOCK_FEED
POS00700920260308,PORT007,INS0028,2026-03-08,3096,52.357,162097.27,-1239.2,EUR,MOCK_FEED
POS00701020260308,PORT007,INS0029,2026-03-08,964,20.3255,19593.78,694.73,GBP,MOCK_FEED
POS00700120260309,PORT007,INS0020,2026-03-09,1568,10.7773,16898.81,32.73,EUR,MOCK_FEED
POS00700220260309,PORT007,INS0021,2026-03-09,2672,50.0982,133862.39,3784.26,INR,MOCK_FEED
POS00700320260309,PORT007,INS0022,2026-03-09,1274,47.9907,61140.15,139.35,GBP,MOCK_FEED
POS00700420260309,PORT007,INS0023,2026-03-09,4584,50.735,232569.24,-4090.66,EUR,MOCK_FEED
POS00700520260309,PORT007,INS0024,2026-03-09,4930,77.5854,382496.02,1833.06,GBP,MOCK_FEED
POS00700620260309,PORT007,INS0025,2026-03-09,2391,24.3133,58133.1,-954.37,EUR,MOCK_FEED
POS00700720260309,PORT007,INS0026,2026-03-09,4734,59.7345,282783.12,-6409.13,INR,MOCK_FEED
POS00700820260309,PORT007,INS0027,2026-03-09,1967,19.4954,38347.45,-20.77,USD,MOCK_FEED
POS00700920260309,PORT007,INS0028,2026-03-09,2716,51.7785,140630.41,-2176.67,EUR,MOCK_FEED
POS00701020260309,PORT007,INS0029,2026-03-09,4295,20.2093,86798.94,-875.94,INR,MOCK_FEED
POS00700120260310,PORT007,INS0020,2026-03-10,2233,10.9341,24415.85,185.34,GBP,MOCK_FEED
POS00700220260310,PORT007,INS0021,2026-03-10,2830,50.0631,141678.57,-1159.64,GBP,MOCK_FEED
POS00700320260310,PORT007,INS0022,2026-03-10,1980,48.291,95616.18,2710.82,INR,MOCK_FEED
POS00700420260310,PORT007,INS0023,2026-03-10,4153,51.1632,212480.77,-698.06,EUR,MOCK_FEED
POS00700520260310,PORT007,INS0024,2026-03-10,1038,77.7265,80680.11,-2415.42,USD,MOCK_FEED
POS00700620260310,PORT007,INS0025,2026-03-10,1676,24.364,40834.06,164.53,USD,MOCK_FEED
POS00700720260310,PORT007,INS0026,2026-03-10,2209,59.7535,131995.48,2871.5,INR,MOCK_FEED
POS00700820260310,PORT007,INS0027,2026-03-10,1852,19.3742,35881.02,-756.56,EUR,MOCK_FEED
POS00700920260310,PORT007,INS0028,2026-03-10,273,52.1354,14232.96,87.15,USD,MOCK_FEED
POS00701020260310,PORT007,INS0029,2026-03-10,3559,20.3956,72587.94,261.45,INR,MOCK_FEED
POS00700120260311,PORT007,INS0020,2026-03-11,3404,11.0517,37619.99,-228.84,INR,MOCK_FEED
POS00700220260311,PORT007,INS0021,2026-03-11,2393,50.6908,121303.08,-3626.95,EUR,MOCK_FEED
POS00700320260311,PORT007,INS0022,2026-03-11,1644,47.6601,78353.2,1467.12,USD,MOCK_FEED
POS00700420260311,PORT007,INS0023,2026-03-11,2080,51.5342,107191.14,3534.21,INR,MOCK_FEED
POS00700520260311,PORT007,INS0024,2026-03-11,4072,76.3483,310890.28,-6154.99,GBP,MOCK_FEED
POS00700620260311,PORT007,INS0025,2026-03-11,4176,24.2194,101140.21,3098.89,EUR,MOCK_FEED
POS00700720260311,PORT007,INS0026,2026-03-11,1886,59.2844,111810.38,-1910.19,INR,MOCK_FEED
POS00700820260311,PORT007,INS0027,2026-03-11,3683,19.5741,72091.41,1708.01,INR,MOCK_FEED
POS00700920260311,PORT007,INS0028,2026-03-11,2240,52.3325,117224.8,39.46,GBP,MOCK_FEED
POS00701020260311,PORT007,INS0029,2026-03-11,4988,20.3212,101362.15,-2359.37,GBP,MOCK_FEED
POS00700120260312,PORT007,INS0020,2026-03-12,1676,11.0344,18493.65,-309.75,GBP,MOCK_FEED
POS00700220260312,PORT007,INS0021,2026-03-12,2881,50.3715,145120.29,2351.5,INR,MOCK_FEED
POS00700320260312,PORT007,INS0022,2026-03-12,4569,48.5627,221882.98,-1075.99,GBP,MOCK_FEED
POS00700420260312,PORT007,INS0023,2026-03-12,1217,51.3182,62454.25,2099.83,INR,MOCK_FEED
POS00700520260312,PORT007,INS0024,2026-03-12,4102,76.5977,314203.77,-2691.15,USD,MOCK_FEED
POS00700620260312,PORT007,INS0025,2026-03-12,4205,23.9474,100698.82,1155.59,EUR,MOCK_FEED
POS00700720260312,PORT007,INS0026,2026-03-12,211,59.0466,12458.83,-207.01,GBP,MOCK_FEED
POS00700820260312,PORT007,INS0027,2026-03-12,3794,19.5908,74327.5,-843.34,INR,MOCK_FEED
POS00700920260312,PORT007,INS0028,2026-03-12,2374,51.6499,122616.86,3078.59,USD,MOCK_FEED
POS00701020260312,PORT007,INS0029,2026-03-12,436,20.5088,8941.84,274.71,GBP,MOCK_FEED
POS00700120260313,PORT007,INS0020,2026-03-13,1371,10.9967,15076.48,442.42,EUR,MOCK_FEED
POS00700220260313,PORT007,INS0021,2026-03-13,4161,50.4433,209894.57,7074.1,USD,MOCK_FEED
POS00700320260313,PORT007,INS0022,2026-03-13,3947,48.1273,189958.45,5288.63,USD,MOCK_FEED
POS00700420260313,PORT007,INS0023,2026-03-13,3372,50.7028,170969.84,-4584.76,INR,MOCK_FEED
POS00700520260313,PORT007,INS0024,2026-03-13,1975,76.2487,150591.18,1890.44,USD,MOCK_FEED
POS00700620260313,PORT007,INS0025,2026-03-13,4137,24.1291,99822.09,3825.4,USD,MOCK_FEED
POS00700720260313,PORT007,INS0026,2026-03-13,3437,59.4401,204295.62,4084.56,INR,MOCK_FEED
POS00700820260313,PORT007,INS0027,2026-03-13,4600,19.3315,88924.9,-531.27,USD,MOCK_FEED
POS00700920260313,PORT007,INS0028,2026-03-13,3497,51.6846,180741.05,4796.47,EUR,MOCK_FEED
POS00701020260313,PORT007,INS0029,2026-03-13,1563,20.7225,32389.27,-263.81,EUR,MOCK_FEED
POS00700120260314,PORT007,INS0020,2026-03-14,848,10.9903,9319.77,258.94,EUR,MOCK_FEED
POS00700220260314,PORT007,INS0021,2026-03-14,2005,51.1247,102505.02,1851.7,GBP,MOCK_FEED
POS00700320260314,PORT007,INS0022,2026-03-14,2227,47.7926,106434.12,4015.58,GBP,MOCK_FEED
POS00700420260314,PORT007,INS0023,2026-03-14,2276,50.7272,115455.11,2805.44,USD,MOCK_FEED
POS00700520260314,PORT007,INS0024,2026-03-14,1321,77.8118,102789.39,1331.73,USD,MOCK_FEED
POS00700620260314,PORT007,INS0025,2026-03-14,1742,23.8304,41512.56,-150.91,GBP,MOCK_FEED
POS00700720260314,PORT007,INS0026,2026-03-14,2466,59.4811,146680.39,-3240.41,USD,MOCK_FEED
POS00700820260314,PORT007,INS0027,2026-03-14,544,19.9556,10855.85,124.32,GBP,MOCK_FEED
POS00700920260314,PORT007,INS0028,2026-03-14,3670,51.6079,189400.99,1862.68,EUR,MOCK_FEED
POS00701020260314,PORT007,INS0029,2026-03-14,1494,20.7473,30996.47,-332.22,EUR,MOCK_FEED
POS00700120260315,PORT007,INS0020,2026-03-15,209,10.8782,2273.54,-40.53,USD,MOCK_FEED
POS00700220260315,PORT007,INS0021,2026-03-15,4910,51.2929,251848.14,-3564.51,USD,MOCK_FEED
POS00700320260315,PORT007,INS0022,2026-03-15,3269,47.8026,156266.7,-1182.94,INR,MOCK_FEED
POS00700420260315,PORT007,INS0023,2026-03-15,2173,51.044,110918.61,-2386.14,EUR,MOCK_FEED
POS00700520260315,PORT007,INS0024,2026-03-15,3204,77.2535,247520.21,1912.37,GBP,MOCK_FEED
POS00700620260315,PORT007,INS0025,2026-03-15,569,23.518,13381.74,-192.79,USD,MOCK_FEED
POS00700720260315,PORT007,INS0026,2026-03-15,3297,58.7254,193617.64,5500.19,USD,MOCK_FEED
POS00700820260315,PORT007,INS0027,2026-03-15,110,20.2212,2224.33,-31.68,INR,MOCK_FEED
POS00700920260315,PORT007,INS0028,2026-03-15,3663,50.1901,183846.34,5000.41,INR,MOCK_FEED
POS00701020260315,PORT007,INS0029,2026-03-15,4413,20.3378,89750.71,-1880.9,USD,MOCK_FEED
POS00700120260316,PORT007,INS0020,2026-03-16,3971,10.8224,42975.75,1489.23,GBP,MOCK_FEED
POS00700220260316,PORT007,INS0021,2026-03-16,2019,50.3434,101643.32,-1691.36,USD,MOCK_FEED
POS00700320260316,PORT007,INS0022,2026-03-16,1998,47.4683,94841.66,-2326.6,INR,MOCK_FEED
POS00700420260316,PORT007,INS0023,2026-03-16,1841,50.7998,93522.43,2908.33,GBP,MOCK_FEED
POS00700520260316,PORT007,INS0024,2026-03-16,1762,77.3011,136204.54,-915.8,GBP,MOCK_FEED
POS00700620260316,PORT007,INS0025,2026-03-16,475,23.4339,11131.1,282.3,INR,MOCK_FEED
POS00700720260316,PORT007,INS0026,2026-03-16,796,60.9392,48507.6,-747.87,INR,MOCK_FEED
POS00700820260316,PORT007,INS0027,2026-03-16,903,20.1932,18234.46,-270.43,USD,MOCK_FEED
POS00700920260316,PORT007,INS0028,2026-03-16,3768,50.4265,190007.05,7199.29,EUR,MOCK_FEED
POS00701020260316,PORT007,INS0029,2026-03-16,277,20.2134,5599.11,-63.11,USD,MOCK_FEED
POS00700120260317,PORT007,INS0020,2026-03-17,1106,10.9466,12106.94,62.34,GBP,MOCK_FEED
POS00700220260317,PORT007,INS0021,2026-03-17,850,50.3149,42767.67,-567.85,EUR,MOCK_FEED
POS00700320260317,PORT007,INS0022,2026-03-17,898,48.1072,43200.27,1250.13,GBP,MOCK_FEED
POS00700420260317,PORT007,INS0023,2026-03-17,2467,49.6255,122426.11,1688.46,USD,MOCK_FEED
POS00700520260317,PORT007,INS0024,2026-03-17,3501,77.3734,270884.27,-6360.74,USD,MOCK_FEED
POS00700620260317,PORT007,INS0025,2026-03-17,308,23.4426,7220.32,-159.41,USD,MOCK_FEED
POS00700720260317,PORT007,INS0026,2026-03-17,2465,62.3975,153809.84,-3215.93,USD,MOCK_FEED
POS00700820260317,PORT007,INS0027,2026-03-17,4896,20.2416,99102.87,-1373.32,USD,MOCK_FEED
POS00700920260317,PORT007,INS0028,2026-03-17,4951,50.6388,250712.7,-927.85,USD,MOCK_FEED
POS00701020260317,PORT007,INS0029,2026-03-17,4627,19.9513,92314.67,1549.18,EUR,MOCK_FEED
POS00700120260318,PORT007,INS0020,2026-03-18,4781,10.9221,52218.56,1495.43,INR,MOCK_FEED
POS00700220260318,PORT007,INS0021,2026-03-18,3395,51.165,173705.17,4423.97,EUR,MOCK_FEED
POS00700320260318,PORT007,INS0022,2026-03-18,2773,47.8277,132626.21,2242.59,GBP,MOCK_FEED
POS00700420260318,PORT007,INS0023,2026-03-18,347,49.7984,17280.04,-487.84,EUR,MOCK_FEED
POS00700520260318,PORT007,INS0024,2026-03-18,323,78.4953,25353.98,487.06,USD,MOCK_FEED
POS00700620260318,PORT007,INS0025,2026-03-18,3273,23.7581,77760.26,2588.93,EUR,MOCK_FEED
POS00700720260318,PORT007,INS0026,2026-03-18,2913,62.1297,180983.82,-3097.5,INR,MOCK_FEED
POS00700820260318,PORT007,INS0027,2026-03-18,2467,20.1354,49674.03,1493.99,EUR,MOCK_FEED
POS00700920260318,PORT007,INS0028,2026-03-18,3382,50.9102,172178.3,190.08,EUR,MOCK_FEED
POS00701020260318,PORT007,INS0029,2026-03-18,4079,19.6008,79951.66,956.09,GBP,MOCK_FEED
POS00700120260319,PORT007,INS0020,2026-03-19,1054,10.9244,11514.32,393.24,INR,MOCK_FEED
POS00700220260319,PORT007,INS0021,2026-03-19,3088,51.3302,158507.66,5225.95,GBP,MOCK_FEED
POS00700320260319,PORT007,INS0022,2026-03-19,4169,47.8525,199497.07,6330.34,GBP,MOCK_FEED
POS00700420260319,PORT007,INS0023,2026-03-19,1451,49.1411,71303.74,2739.34,GBP,MOCK_FEED
POS00700520260319,PORT007,INS0024,2026-03-19,3265,76.8525,250923.41,1968.46,EUR,MOCK_FEED
POS00700620260319,PORT007,INS0025,2026-03-19,3852,23.5223,90607.9,-927.0,USD,MOCK_FEED
POS00700720260319,PORT007,INS0026,2026-03-19,3921,61.6651,241788.86,8302.23,EUR,MOCK_FEED
POS00700820260319,PORT007,INS0027,2026-03-19,1565,20.1805,31582.48,-765.12,EUR,MOCK_FEED
POS00700920260319,PORT007,INS0028,2026-03-19,773,50.5674,39088.6,1213.77,EUR,MOCK_FEED
POS00701020260319,PORT007,INS0029,2026-03-19,1455,19.6572,28601.23,182.56,INR,MOCK_FEED
POS00700120260320,PORT007,INS0020,2026-03-20,1270,10.898,13840.46,453.19,GBP,MOCK_FEED
POS00700220260320,PORT007,INS0021,2026-03-20,4472,52.5056,234805.04,1500.13,INR,MOCK_FEED
POS00700320260320,PORT007,INS0022,2026-03-20,418,49.4388,20665.42,29.39,USD,MOCK_FEED
POS00700420260320,PORT007,INS0023,2026-03-20,4627,48.4766,224301.23,-290.37,INR,MOCK_FEED
POS00700520260320,PORT007,INS0024,2026-03-20,4469,76.5658,342172.56,5433.32,EUR,MOCK_FEED
POS00700620260320,PORT007,INS0025,2026-03-20,4470,23.3535,104390.15,367.14,INR,MOCK_FEED
POS00700720260320,PORT007,INS0026,2026-03-20,3826,60.7184,232308.6,-1646.07,GBP,MOCK_FEED
POS00700820260320,PORT007,INS0027,2026-03-20,3837,20.7455,79600.48,1056.34,GBP,MOCK_FEED
POS00700920260320,PORT007,INS0028,2026-03-20,4348,50.35,218921.8,-5380.38,EUR,MOCK_FEED
POS00701020260320,PORT007,INS0029,2026-03-20,1216,19.6322,23872.76,-414.89,EUR,MOCK_FEED
POS00700120260321,PORT007,INS0020,2026-03-21,3783,11.1038,42005.68,-528.26,INR,MOCK_FEED
POS00700220260321,PORT007,INS0021,2026-03-21,4470,51.6612,230925.56,6449.42,INR,MOCK_FEED
POS00700320260321,PORT007,INS0022,2026-03-21,2572,50.2871,129338.42,-1434.13,USD,MOCK_FEED
POS00700420260321,PORT007,INS0023,2026-03-21,1369,48.5461,66459.61,2214.7,INR,MOCK_FEED
POS00700520260321,PORT007,INS0024,2026-03-21,1232,76.8536,94683.64,-2792.71,EUR,MOCK_FEED
POS00700620260321,PORT007,INS0025,2026-03-21,1795,23.0976,41460.19,-292.89,GBP,MOCK_FEED
POS00700720260321,PORT007,INS0026,2026-03-21,354,60.7725,21513.47,833.35,USD,MOCK_FEED
POS00700820260321,PORT007,INS0027,2026-03-21,1968,20.5954,40531.75,1443.84,USD,MOCK_FEED
POS00700920260321,PORT007,INS0028,2026-03-21,1005,49.8271,50076.24,-45.0,USD,MOCK_FEED
POS00701020260321,PORT007,INS0029,2026-03-21,944,19.9,18785.6,-200.76,INR,MOCK_FEED
POS00700120260322,PORT007,INS0020,2026-03-22,1152,11.085,12769.92,229.47,EUR,MOCK_FEED
POS00700220260322,PORT007,INS0021,2026-03-22,4562,50.904,232224.05,5411.54,GBP,MOCK_FEED
POS00700320260322,PORT007,INS0022,2026-03-22,2671,50.5341,134976.58,-576.47,EUR,MOCK_FEED
POS00700420260322,PORT007,INS0023,2026-03-22,2346,48.9139,114752.01,767.04,GBP,MOCK_FEED
POS00700520260322,PORT007,INS0024,2026-03-22,219,74.9836,16421.41,227.61,INR,MOCK_FEED
POS00700620260322,PORT007,INS0025,2026-03-22,4320,23.0801,99706.03,671.83,INR,MOCK_FEED
POS00700720260322,PORT007,INS0026,2026-03-22,1216,61.9609,75344.45,768.29,USD,MOCK_FEED
POS00700820260322,PORT007,INS0027,2026-03-22,4591,20.8173,95572.22,-1912.78,INR,MOCK_FEED
POS00700920260322,PORT007,INS0028,2026-03-22,2368,49.7996,117925.45,-1577.33,GBP,MOCK_FEED
POS00701020260322,PORT007,INS0029,2026-03-22,3713,20.1395,74777.96,-2034.68,EUR,MOCK_FEED
POS00700120260323,PORT007,INS0020,2026-03-23,4941,11.0522,54608.92,1925.3,EUR,MOCK_FEED
POS00700220260323,PORT007,INS0021,2026-03-23,4771,49.9378,238253.24,-6739.89,EUR,MOCK_FEED
POS00700320260323,PORT007,INS0022,2026-03-23,1169,50.4285,58950.92,594.12,INR,MOCK_FEED
POS00700420260323,PORT007,INS0023,2026-03-23,3232,48.9737,158283.0,2742.67,USD,MOCK_FEED
POS00700520260323,PORT007,INS0024,2026-03-23,4526,75.2107,340403.63,-4882.19,GBP,MOCK_FEED
POS00700620260323,PORT007,INS0025,2026-03-23,2453,23.3551,57290.06,1869.54,GBP,MOCK_FEED
POS00700720260323,PORT007,INS0026,2026-03-23,3267,61.2673,200160.27,-890.08,EUR,MOCK_FEED
POS00700820260323,PORT007,INS0027,2026-03-23,4193,20.4823,85882.28,2289.68,USD,MOCK_FEED
POS00700920260323,PORT007,INS0028,2026-03-23,3774,49.8743,188225.61,-5041.02,EUR,MOCK_FEED
POS00701020260323,PORT007,INS0029,2026-03-23,515,20.1847,10395.12,248.74,INR,MOCK_FEED
POS00700120260324,PORT007,INS0020,2026-03-24,4320,11.1643,48229.78,232.18,USD,MOCK_FEED
POS00700220260324,PORT007,INS0021,2026-03-24,3138,50.1561,157389.84,-871.51,GBP,MOCK_FEED
POS00700320260324,PORT007,INS0022,2026-03-24,3779,49.5397,187210.53,-186.46,EUR,MOCK_FEED
POS00700420260324,PORT007,INS0023,2026-03-24,2233,49.1635,109782.1,1879.93,INR,MOCK_FEED
POS00700520260324,PORT007,INS0024,2026-03-24,2748,75.5102,207502.03,2427.49,EUR,MOCK_FEED
POS00700620260324,PORT007,INS0025,2026-03-24,1908,23.3603,44571.45,1741.14,EUR,MOCK_FEED
POS00700720260324,PORT007,INS0026,2026-03-24,1110,60.7224,67401.86,939.98,EUR,MOCK_FEED
POS00700820260324,PORT007,INS0027,2026-03-24,4791,20.7789,99551.71,-1337.42,USD,MOCK_FEED
POS00700920260324,PORT007,INS0028,2026-03-24,1519,50.0842,76077.9,2859.98,INR,MOCK_FEED
POS00701020260324,PORT007,INS0029,2026-03-24,1130,19.7572,22325.64,692.15,EUR,MOCK_FEED
POS00700120260325,PORT007,INS0020,2026-03-25,1591,11.159,17753.97,146.79,USD,MOCK_FEED
POS00700220260325,PORT007,INS0021,2026-03-25,3726,50.0821,186605.9,5694.33,GBP,MOCK_FEED
POS00700320260325,PORT007,INS0022,2026-03-25,1759,48.9898,86173.06,1220.2,GBP,MOCK_FEED
POS00700420260325,PORT007,INS0023,2026-03-25,4949,50.0528,247711.31,6354.04,GBP,MOCK_FEED
POS00700520260325,PORT007,INS0024,2026-03-25,1241,75.0373,93121.29,2051.93,INR,MOCK_FEED
POS00700620260325,PORT007,INS0025,2026-03-25,2789,23.2478,64838.11,218.98,USD,MOCK_FEED
POS00700720260325,PORT007,INS0026,2026-03-25,1018,61.009,62107.16,2.9,INR,MOCK_FEED
POS00700820260325,PORT007,INS0027,2026-03-25,912,20.7105,18887.98,500.33,GBP,MOCK_FEED
POS00700920260325,PORT007,INS0028,2026-03-25,3175,48.8257,155021.6,-3076.8,EUR,MOCK_FEED
POS00701020260325,PORT007,INS0029,2026-03-25,1408,19.6383,27650.73,-384.5,EUR,MOCK_FEED
POS00700120260326,PORT007,INS0020,2026-03-26,2323,11.1568,25917.25,-422.59,USD,MOCK_FEED
POS00700220260326,PORT007,INS0021,2026-03-26,1625,49.7281,80808.16,-2265.37,EUR,MOCK_FEED
POS00700320260326,PORT007,INS0022,2026-03-26,3172,48.0832,152519.91,4541.22,EUR,MOCK_FEED
POS00700420260326,PORT007,INS0023,2026-03-26,1271,49.6748,63136.67,-860.74,GBP,MOCK_FEED
POS00700520260326,PORT007,INS0024,2026-03-26,4610,75.6796,348882.96,12422.42,GBP,MOCK_FEED
POS00700620260326,PORT007,INS0025,2026-03-26,579,23.7394,13745.11,413.77,USD,MOCK_FEED
POS00700720260326,PORT007,INS0026,2026-03-26,4580,59.7588,273695.3,-709.8,GBP,MOCK_FEED
POS00700820260326,PORT007,INS0027,2026-03-26,3083,20.8002,64127.02,-1428.96,GBP,MOCK_FEED
POS00700920260326,PORT007,INS0028,2026-03-26,3581,48.5245,173766.23,-4172.24,EUR,MOCK_FEED
POS00701020260326,PORT007,INS0029,2026-03-26,2691,20.0285,53896.69,-693.77,GBP,MOCK_FEED
POS00700120260327,PORT007,INS0020,2026-03-27,2332,11.0011,25654.57,41.81,INR,MOCK_FEED
POS00700220260327,PORT007,INS0021,2026-03-27,679,50.6782,34410.5,-878.98,INR,MOCK_FEED
POS00700320260327,PORT007,INS0022,2026-03-27,1554,47.9211,74469.39,-1628.85,GBP,MOCK_FEED
POS00700420260327,PORT007,INS0023,2026-03-27,2032,49.5381,100661.42,2228.58,INR,MOCK_FEED
POS00700520260327,PORT007,INS0024,2026-03-27,4087,74.3476,303858.64,-2551.19,INR,MOCK_FEED
POS00700620260327,PORT007,INS0025,2026-03-27,4875,23.7695,115876.31,-3330.04,GBP,MOCK_FEED
POS00700720260327,PORT007,INS0026,2026-03-27,1146,59.576,68274.1,-1079.53,USD,MOCK_FEED
POS00700820260327,PORT007,INS0027,2026-03-27,1835,20.6809,37949.45,790.1,USD,MOCK_FEED
POS00700920260327,PORT007,INS0028,2026-03-27,2630,48.4562,127439.81,-948.17,INR,MOCK_FEED
POS00701020260327,PORT007,INS0029,2026-03-27,1180,20.3489,24011.7,-594.93,INR,MOCK_FEED
POS00700120260328,PORT007,INS0020,2026-03-28,1025,11.1814,11460.93,-77.2,GBP,MOCK_FEED
POS00700220260328,PORT007,INS0021,2026-03-28,1274,50.5702,64426.43,1614.09,GBP,MOCK_FEED
POS00700320260328,PORT007,INS0022,2026-03-28,991,48.2045,47770.66,503.2,INR,MOCK_FEED
POS00700420260328,PORT007,INS0023,2026-03-28,2144,49.6606,106472.33,476.53,INR,MOCK_FEED
POS00700520260328,PORT007,INS0024,2026-03-28,1395,74.5716,104027.38,3911.87,EUR,MOCK_FEED
POS00700620260328,PORT007,INS0025,2026-03-28,1402,24.0717,33748.52,1187.33,GBP,MOCK_FEED
POS00700720260328,PORT007,INS0026,2026-03-28,3034,60.0638,182233.57,-730.09,GBP,MOCK_FEED
POS00700820260328,PORT007,INS0027,2026-03-28,3004,20.8199,62542.98,437.73,EUR,MOCK_FEED
POS00700920260328,PORT007,INS0028,2026-03-28,3841,48.5007,186291.19,6880.14,INR,MOCK_FEED
POS00701020260328,PORT007,INS0029,2026-03-28,4290,19.9914,85763.11,-508.66,GBP,MOCK_FEED
POS00700120260329,PORT007,INS0020,2026-03-29,3918,11.3852,44607.21,701.15,USD,MOCK_FEED
POS00700220260329,PORT007,INS0021,2026-03-29,2677,49.9003,133583.1,-2725.9,INR,MOCK_FEED
POS00700320260329,PORT007,INS0022,2026-03-29,4762,48.7944,232358.93,-3903.49,EUR,MOCK_FEED
POS00700420260329,PORT007,INS0023,2026-03-29,221,49.3966,10916.65,194.04,INR,MOCK_FEED
POS00700520260329,PORT007,INS0024,2026-03-29,253,74.0968,18746.49,539.21,USD,MOCK_FEED
POS00700620260329,PORT007,INS0025,2026-03-29,4205,24.0654,101195.01,-2610.38,USD,MOCK_FEED
POS00700720260329,PORT007,INS0026,2026-03-29,2047,59.6513,122106.21,2926.25,USD,MOCK_FEED
POS00700820260329,PORT007,INS0027,2026-03-29,4607,20.5641,94738.81,3480.0,USD,MOCK_FEED
POS00700920260329,PORT007,INS0028,2026-03-29,221,49.3451,10905.27,-63.18,GBP,MOCK_FEED
POS00701020260329,PORT007,INS0029,2026-03-29,2984,20.3641,60766.47,-203.25,INR,MOCK_FEED
POS00700120260330,PORT007,INS0020,2026-03-30,4943,11.3557,56131.23,1594.34,EUR,MOCK_FEED
POS00700220260330,PORT007,INS0021,2026-03-30,4646,50.6803,235460.67,-6215.98,INR,MOCK_FEED
POS00700320260330,PORT007,INS0022,2026-03-30,4707,49.8993,234876.01,5755.28,EUR,MOCK_FEED
POS00700420260330,PORT007,INS0023,2026-03-30,2857,49.4447,141263.51,299.55,USD,MOCK_FEED
POS00700520260330,PORT007,INS0024,2026-03-30,3983,74.5232,296825.91,-2622.78,INR,MOCK_FEED
POS00700620260330,PORT007,INS0025,2026-03-30,3705,24.3415,90185.26,-1030.63,INR,MOCK_FEED
POS00700720260330,PORT007,INS0026,2026-03-30,3308,59.2285,195927.88,-3722.56,EUR,MOCK_FEED
POS00700820260330,PORT007,INS0027,2026-03-30,4819,20.2258,97468.13,1716.72,USD,MOCK_FEED
POS00700920260330,PORT007,INS0028,2026-03-30,129,48.6648,6277.76,243.25,USD,MOCK_FEED
POS00701020260330,PORT007,INS0029,2026-03-30,2289,20.1718,46173.25,-618.1,USD,MOCK_FEED
POS00700120260331,PORT007,INS0020,2026-03-31,345,11.3346,3910.44,25.03,EUR,MOCK_FEED
POS00700220260331,PORT007,INS0021,2026-03-31,2062,49.4201,101904.25,3743.1,EUR,MOCK_FEED
POS00700320260331,PORT007,INS0022,2026-03-31,1627,50.0991,81511.24,2499.58,USD,MOCK_FEED
POS00700420260331,PORT007,INS0023,2026-03-31,2937,49.3542,144953.29,4008.65,EUR,MOCK_FEED
POS00700520260331,PORT007,INS0024,2026-03-31,1410,73.6758,103882.88,-1872.24,EUR,MOCK_FEED
POS00700620260331,PORT007,INS0025,2026-03-31,2283,24.1402,55112.08,1738.93,INR,MOCK_FEED
POS00700720260331,PORT007,INS0026,2026-03-31,1018,59.3533,60421.66,2267.12,INR,MOCK_FEED
POS00700820260331,PORT007,INS0027,2026-03-31,1336,19.7262,26354.2,714.85,EUR,MOCK_FEED
POS00700920260331,PORT007,INS0028,2026-03-31,2497,49.6862,124066.44,-2980.56,USD,MOCK_FEED
POS00701020260331,PORT007,INS0029,2026-03-31,1534,20.4998,31446.69,1028.96,GBP,MOCK_FEED
POS00700120260401,PORT007,INS0020,2026-04-01,1426,11.1921,15959.93,-167.84,EUR,MOCK_FEED
POS00700220260401,PORT007,INS0021,2026-04-01,1416,50.5752,71614.48,1510.9,INR,MOCK_FEED
POS00700320260401,PORT007,INS0022,2026-04-01,2872,50.1252,143959.57,2401.32,USD,MOCK_FEED
POS00700420260401,PORT007,INS0023,2026-04-01,2776,50.4416,140025.88,-36.81,EUR,MOCK_FEED
POS00700520260401,PORT007,INS0024,2026-04-01,1285,74.3349,95520.35,757.3,GBP,MOCK_FEED
POS00700620260401,PORT007,INS0025,2026-04-01,2302,24.3606,56078.1,477.97,GBP,MOCK_FEED
POS00700720260401,PORT007,INS0026,2026-04-01,893,59.3335,52984.82,1031.78,EUR,MOCK_FEED
POS00700820260401,PORT007,INS0027,2026-04-01,1230,19.9945,24593.23,287.21,EUR,MOCK_FEED
POS00700920260401,PORT007,INS0028,2026-04-01,1213,49.2797,59776.28,-291.25,GBP,MOCK_FEED
POS00701020260401,PORT007,INS0029,2026-04-01,4752,20.297,96451.34,1520.09,USD,MOCK_FEED
POS00700120260402,PORT007,INS0020,2026-04-02,415,11.3517,4710.96,-13.75,GBP,MOCK_FEED
POS00700220260402,PORT007,INS0021,2026-04-02,3140,50.5326,158672.36,4185.5,INR,MOCK_FEED
POS00700320260402,PORT007,INS0022,2026-04-02,319,49.8241,15893.89,-195.02,GBP,MOCK_FEED
POS00700420260402,PORT007,INS0023,2026-04-02,3158,50.8528,160593.14,884.09,GBP,MOCK_FEED
POS00700520260402,PORT007,INS0024,2026-04-02,1895,75.2057,142514.8,2005.82,EUR,MOCK_FEED
POS00700620260402,PORT007,INS0025,2026-04-02,4771,24.0703,114839.4,-3016.19,INR,MOCK_FEED
POS00700720260402,PORT007,INS0026,2026-04-02,201,59.6377,11987.18,-21.96,USD,MOCK_FEED
POS00700820260402,PORT007,INS0027,2026-04-02,3380,20.0982,67931.92,2625.15,GBP,MOCK_FEED
POS00700920260402,PORT007,INS0028,2026-04-02,4026,48.2746,194353.54,6199.28,USD,MOCK_FEED
POS00701020260402,PORT007,INS0029,2026-04-02,1183,20.0354,23701.88,-78.3,GBP,MOCK_FEED
POS00700120260403,PORT007,INS0020,2026-04-03,722,11.5323,8326.32,70.25,EUR,MOCK_FEED
POS00700220260403,PORT007,INS0021,2026-04-03,4780,50.4034,240928.25,7025.51,USD,MOCK_FEED
POS00700320260403,PORT007,INS0022,2026-04-03,4629,49.7672,230372.37,4470.19,GBP,MOCK_FEED
POS00700420260403,PORT007,INS0023,2026-04-03,1339,50.8777,68125.24,1451.34,GBP,MOCK_FEED
POS00700520260403,PORT007,INS0024,2026-04-03,717,76.7165,55005.73,2025.72,USD,MOCK_FEED
POS00700620260403,PORT007,INS0025,2026-04-03,1829,24.6179,45026.14,-438.6,INR,MOCK_FEED
POS00700720260403,PORT007,INS0026,2026-04-03,1900,59.103,112295.7,-2347.31,EUR,MOCK_FEED
POS00700820260403,PORT007,INS0027,2026-04-03,4038,19.8798,80274.63,2019.45,GBP,MOCK_FEED
POS00700920260403,PORT007,INS0028,2026-04-03,1603,48.9421,78454.19,-2199.48,INR,MOCK_FEED
POS00701020260403,PORT007,INS0029,2026-04-03,469,19.8475,9308.48,-116.55,EUR,MOCK_FEED
POS00700120260404,PORT007,INS0020,2026-04-04,3508,11.9324,41858.86,81.58,GBP,MOCK_FEED
POS00700220260404,PORT007,INS0021,2026-04-04,3137,49.7405,156035.95,973.74,GBP,MOCK_FEED
POS00700320260404,PORT007,INS0022,2026-04-04,2563,49.5868,127090.97,2586.87,INR,MOCK_FEED
POS00700420260404,PORT007,INS0023,2026-04-04,3164,50.4143,159510.85,5507.89,INR,MOCK_FEED
POS00700520260404,PORT007,INS0024,2026-04-04,3023,76.9904,232741.98,7038.56,GBP,MOCK_FEED
POS00700620260404,PORT007,INS0025,2026-04-04,2494,24.7157,61640.96,-233.77,EUR,MOCK_FEED
POS00700720260404,PORT007,INS0026,2026-04-04,670,58.7957,39393.12,803.61,USD,MOCK_FEED
POS00700820260404,PORT007,INS0027,2026-04-04,1830,20.0811,36748.41,726.5,INR,MOCK_FEED
POS00700920260404,PORT007,INS0028,2026-04-04,679,48.902,33204.46,383.55,USD,MOCK_FEED
POS00701020260404,PORT007,INS0029,2026-04-04,1479,19.8087,29297.07,989.27,INR,MOCK_FEED
POS00700120260405,PORT007,INS0020,2026-04-05,833,12.0047,9999.92,164.2,USD,MOCK_FEED
POS00700220260405,PORT007,INS0021,2026-04-05,798,49.9814,39885.16,-572.38,GBP,MOCK_FEED
POS00700320260405,PORT007,INS0022,2026-04-05,4809,49.8512,239734.42,-5332.42,INR,MOCK_FEED
POS00700420260405,PORT007,INS0023,2026-04-05,3635,50.0369,181884.13,2626.72,USD,MOCK_FEED
POS00700520260405,PORT007,INS0024,2026-04-05,3293,75.7635,249489.21,-73.88,INR,MOCK_FEED
POS00700620260405,PORT007,INS0025,2026-04-05,1544,24.8163,38316.37,538.67,EUR,MOCK_FEED
POS00700720260405,PORT007,INS0026,2026-04-05,2148,59.1123,126973.22,-2602.71,USD,MOCK_FEED
POS00700820260405,PORT007,INS0027,2026-04-05,904,20.1744,18237.66,-161.05,EUR,MOCK_FEED
POS00700920260405,PORT007,INS0028,2026-04-05,475,47.8259,22717.3,221.74,USD,MOCK_FEED
POS00701020260405,PORT007,INS0029,2026-04-05,2901,20.1,58310.1,-606.31,EUR,MOCK_FEED
POS00700120260406,PORT007,INS0020,2026-04-06,3628,11.9849,43481.22,934.22,USD,MOCK_FEED
POS00700220260406,PORT007,INS0021,2026-04-06,1528,50.2784,76825.4,902.5,USD,MOCK_FEED
POS00700320260406,PORT007,INS0022,2026-04-06,4274,49.4482,211341.61,-3448.45,GBP,MOCK_FEED
POS00700420260406,PORT007,INS0023,2026-04-06,2557,50.2102,128387.48,-776.95,INR,MOCK_FEED
POS00700520260406,PORT007,INS0024,2026-04-06,516,76.8507,39654.96,-157.53,EUR,MOCK_FEED
POS00700620260406,PORT007,INS0025,2026-04-06,4700,24.9882,117444.54,-3319.96,USD,MOCK_FEED
POS00700720260406,PORT007,INS0026,2026-04-06,2460,59.0127,145171.24,-2921.7,EUR,MOCK_FEED
POS00700820260406,PORT007,INS0027,2026-04-06,3429,20.332,69718.43,2207.05,EUR,MOCK_FEED
POS00700920260406,PORT007,INS0028,2026-04-06,2948,48.0267,141582.71,3443.55,INR,MOCK_FEED
POS00701020260406,PORT007,INS0029,2026-04-06,2638,20.472,54005.14,1989.39,GBP,MOCK_FEED
POS00700120260407,PORT007,INS0020,2026-04-07,2731,11.9263,32570.73,-102.7,EUR,MOCK_FEED
POS00700220260407,PORT007,INS0021,2026-04-07,3147,50.7022,159559.82,-1298.36,GBP,MOCK_FEED
POS00700320260407,PORT007,INS0022,2026-04-07,3540,49.3552,174717.41,-4543.15,INR,MOCK_FEED
POS00700420260407,PORT007,INS0023,2026-04-07,3450,50.2718,173437.71,3440.77,EUR,MOCK_FEED
POS00700520260407,PORT007,INS0024,2026-04-07,2389,76.1991,182039.65,-4530.56,USD,MOCK_FEED
POS00700620260407,PORT007,INS0025,2026-04-07,3705,24.7219,91594.64,-1025.97,EUR,MOCK_FEED
POS00700720260407,PORT007,INS0026,2026-04-07,700,60.0578,42040.46,745.73,USD,MOCK_FEED
POS00700820260407,PORT007,INS0027,2026-04-07,3366,20.7198,69742.85,-1034.93,USD,MOCK_FEED
POS00700920260407,PORT007,INS0028,2026-04-07,4602,48.5351,223358.53,-25.31,USD,MOCK_FEED
POS00701020260407,PORT007,INS0029,2026-04-07,1872,21.1283,39552.18,-1134.92,INR,MOCK_FEED
POS00700120260408,PORT007,INS0020,2026-04-08,3645,11.8826,43312.08,1607.82,GBP,MOCK_FEED
POS00700220260408,PORT007,INS0021,2026-04-08,4465,50.2903,224546.19,6690.84,USD,MOCK_FEED
POS00700320260408,PORT007,INS0022,2026-04-08,3402,49.5626,168611.97,788.18,EUR,MOCK_FEED
POS00700420260408,PORT007,INS0023,2026-04-08,1748,50.1521,87665.87,2879.14,USD,MOCK_FEED
POS00700520260408,PORT007,INS0024,2026-04-08,2088,74.6355,155838.92,-737.23,USD,MOCK_FEED
POS00700620260408,PORT007,INS0025,2026-04-08,533,24.822,13230.13,-335.32,INR,MOCK_FEED
POS00700720260408,PORT007,INS0026,2026-04-08,4180,58.5331,244668.36,-4088.55,GBP,MOCK_FEED
POS00700820260408,PORT007,INS0027,2026-04-08,1225,20.8313,25518.34,644.2,GBP,MOCK_FEED
POS00700920260408,PORT007,INS0028,2026-04-08,3764,48.8181,183751.33,-1855.42,GBP,MOCK_FEED
POS00701020260408,PORT007,INS0029,2026-04-08,1412,21.5445,30420.83,-475.92,GBP,MOCK_FEED
POS00700120260409,PORT007,INS0020,2026-04-09,3573,11.8291,42265.37,-504.7,USD,MOCK_FEED
POS00700220260409,PORT007,INS0021,2026-04-09,4438,50.717,225082.05,-3193.01,GBP,MOCK_FEED
POS00700320260409,PORT007,INS0022,2026-04-09,2589,49.5657,128325.6,-3297.41,EUR,MOCK_FEED
POS00700420260409,PORT007,INS0023,2026-04-09,2192,50.2717,110195.57,3543.59,EUR,MOCK_FEED
POS00700520260409,PORT007,INS0024,2026-04-09,417,74.9081,31236.68,1062.0,USD,MOCK_FEED
POS00700620260409,PORT007,INS0025,2026-04-09,3900,25.7168,100295.52,-352.9,USD,MOCK_FEED
POS00700720260409,PORT007,INS0026,2026-04-09,358,56.711,20302.54,-386.65,USD,MOCK_FEED
POS00700820260409,PORT007,INS0027,2026-04-09,2824,20.3739,57535.89,936.19,INR,MOCK_FEED
POS00700920260409,PORT007,INS0028,2026-04-09,4066,49.6038,201689.05,7891.69,EUR,MOCK_FEED
POS00701020260409,PORT007,INS0029,2026-04-09,4834,21.8559,105651.42,-2836.64,EUR,MOCK_FEED
POS00700120260410,PORT007,INS0020,2026-04-10,2269,12.1437,27554.06,-58.26,INR,MOCK_FEED
POS00700220260410,PORT007,INS0021,2026-04-10,3478,50.5578,175840.03,3102.28,EUR,MOCK_FEED
POS00700320260410,PORT007,INS0022,2026-04-10,2221,49.3825,109678.53,1725.49,USD,MOCK_FEED
POS00700420260410,PORT007,INS0023,2026-04-10,3991,49.5455,197736.09,-4680.42,INR,MOCK_FEED
POS00700520260410,PORT007,INS0024,2026-04-10,1543,75.2122,116052.42,-2084.44,EUR,MOCK_FEED
POS00700620260410,PORT007,INS0025,2026-04-10,1701,25.501,43377.2,-1170.75,INR,MOCK_FEED
POS00700720260410,PORT007,INS0026,2026-04-10,1932,56.9514,110030.1,-464.33,EUR,MOCK_FEED
POS00700820260410,PORT007,INS0027,2026-04-10,4791,20.8262,99778.32,1466.18,EUR,MOCK_FEED
POS00700920260410,PORT007,INS0028,2026-04-10,4535,49.9973,226737.76,5267.01,GBP,MOCK_FEED
POS00701020260410,PORT007,INS0029,2026-04-10,2656,22.2508,59098.12,1606.33,EUR,MOCK_FEED
POS00700120260411,PORT007,INS0020,2026-04-11,324,12.1231,3927.88,22.69,EUR,MOCK_FEED
POS00700220260411,PORT007,INS0021,2026-04-11,1205,50.6323,61011.92,-1766.92,GBP,MOCK_FEED
POS00700320260411,PORT007,INS0022,2026-04-11,2485,49.5058,123021.91,928.88,GBP,MOCK_FEED
POS00700420260411,PORT007,INS0023,2026-04-11,2364,49.6898,117466.69,-2145.34,EUR,MOCK_FEED
POS00700520260411,PORT007,INS0024,2026-04-11,151,76.637,11572.19,330.54,EUR,MOCK_FEED
POS00700620260411,PORT007,INS0025,2026-04-11,3098,25.369,78593.16,697.99,GBP,MOCK_FEED
POS00700720260411,PORT007,INS0026,2026-04-11,3099,55.8916,173208.07,4782.32,GBP,MOCK_FEED
POS00700820260411,PORT007,INS0027,2026-04-11,4847,21.0041,101806.87,-1243.51,INR,MOCK_FEED
POS00700920260411,PORT007,INS0028,2026-04-11,1005,49.8246,50073.72,1288.38,GBP,MOCK_FEED
POS00701020260411,PORT007,INS0029,2026-04-11,2119,22.4284,47525.78,-1338.29,INR,MOCK_FEED
POS00700120260412,PORT007,INS0020,2026-04-12,1997,11.9064,23777.08,489.45,INR,MOCK_FEED
POS00700220260412,PORT007,INS0021,2026-04-12,2412,50.7253,122349.42,-1370.54,EUR,MOCK_FEED
POS00700320260412,PORT007,INS0022,2026-04-12,3331,49.5795,165149.31,-1319.53,USD,MOCK_FEED
POS00700420260412,PORT007,INS0023,2026-04-12,2454,50.6191,124219.27,-1622.77,GBP,MOCK_FEED
POS00700520260412,PORT007,INS0024,2026-04-12,3160,76.8911,242975.88,4791.16,INR,MOCK_FEED
POS00700620260412,PORT007,INS0025,2026-04-12,4723,25.1227,118654.51,2370.57,USD,MOCK_FEED
POS00700720260412,PORT007,INS0026,2026-04-12,4852,54.5435,264645.06,2975.15,INR,MOCK_FEED
POS00700820260412,PORT007,INS0027,2026-04-12,3247,20.8964,67850.61,-944.46,GBP,MOCK_FEED
POS00700920260412,PORT007,INS0028,2026-04-12,1486,50.0351,74352.16,2570.08,GBP,MOCK_FEED
POS00701020260412,PORT007,INS0029,2026-04-12,4755,22.5,106987.5,739.61,GBP,MOCK_FEED
POS00700120260413,PORT007,INS0020,2026-04-13,1779,11.7624,20925.31,81.58,USD,MOCK_FEED
POS00700220260413,PORT007,INS0021,2026-04-13,1248,50.6865,63256.75,-1408.88,EUR,MOCK_FEED
POS00700320260413,PORT007,INS0022,2026-04-13,3411,49.5091,168875.54,5912.56,USD,MOCK_FEED
POS00700420260413,PORT007,INS0023,2026-04-13,2467,49.8027,122863.26,3703.39,INR,MOCK_FEED
POS00700520260413,PORT007,INS0024,2026-04-13,974,77.2946,75284.94,2638.58,EUR,MOCK_FEED
POS00700620260413,PORT007,INS0025,2026-04-13,2003,25.0912,50257.67,-1307.61,USD,MOCK_FEED
POS00700720260413,PORT007,INS0026,2026-04-13,2673,54.271,145066.38,-1453.23,INR,MOCK_FEED
POS00700820260413,PORT007,INS0027,2026-04-13,2707,20.9967,56838.07,-892.86,USD,MOCK_FEED
POS00700920260413,PORT007,INS0028,2026-04-13,4566,50.3248,229783.04,7755.62,EUR,MOCK_FEED
POS00701020260413,PORT007,INS0029,2026-04-13,3078,22.2661,68535.06,2424.01,USD,MOCK_FEED
POS00700120260414,PORT007,INS0020,2026-04-14,2048,12.0602,24699.29,148.34,USD,MOCK_FEED
POS00700220260414,PORT007,INS0021,2026-04-14,4061,49.5106,201062.55,4549.07,EUR,MOCK_FEED
POS00700320260414,PORT007,INS0022,2026-04-14,3869,48.805,188826.55,-5473.89,GBP,MOCK_FEED
POS00700420260414,PORT007,INS0023,2026-04-14,2437,49.6912,121097.45,-2991.92,EUR,MOCK_FEED
POS00700520260414,PORT007,INS0024,2026-04-14,4537,78.3117,355300.18,1661.54,INR,MOCK_FEED
POS00700620260414,PORT007,INS0025,2026-04-14,998,25.2414,25190.92,511.77,INR,MOCK_FEED
POS00700720260414,PORT007,INS0026,2026-04-14,4593,54.2017,248948.41,1119.61,INR,MOCK_FEED
POS00700820260414,PORT007,INS0027,2026-04-14,4248,20.8903,88741.99,-2219.06,EUR,MOCK_FEED
POS00700920260414,PORT007,INS0028,2026-04-14,2502,49.9319,124929.61,1398.3,USD,MOCK_FEED
POS00701020260414,PORT007,INS0029,2026-04-14,1995,22.5705,45028.15,-1345.43,INR,MOCK_FEED
POS00700120260415,PORT007,INS0020,2026-04-15,4580,12.0529,55202.28,-870.39,EUR,MOCK_FEED
POS00700220260415,PORT007,INS0021,2026-04-15,3061,50.1069,153377.22,1863.57,EUR,MOCK_FEED
POS00700320260415,PORT007,INS0022,2026-04-15,3435,48.9599,168177.26,5096.64,GBP,MOCK_FEED
POS00700420260415,PORT007,INS0023,2026-04-15,603,50.3962,30388.91,-471.02,EUR,MOCK_FEED
POS00700520260415,PORT007,INS0024,2026-04-15,3682,79.7101,293492.59,5266.18,INR,MOCK_FEED
POS00700620260415,PORT007,INS0025,2026-04-15,305,25.0638,7644.46,82.75,USD,MOCK_FEED
POS00700720260415,PORT007,INS0026,2026-04-15,1841,54.2016,99785.15,-282.17,EUR,MOCK_FEED
POS00700820260415,PORT007,INS0027,2026-04-15,2497,21.0284,52507.91,-1273.69,INR,MOCK_FEED
POS00700920260415,PORT007,INS0028,2026-04-15,2118,50.2638,106458.73,-542.37,USD,MOCK_FEED
POS00701020260415,PORT007,INS0029,2026-04-15,1599,22.2286,35543.53,9.62,USD,MOCK_FEED
POS00700120260416,PORT007,INS0020,2026-04-16,289,11.9111,3442.31,-6.62,GBP,MOCK_FEED
POS00700220260416,PORT007,INS0021,2026-04-16,2702,48.5044,131058.89,-361.86,INR,MOCK_FEED
POS00700320260416,PORT007,INS0022,2026-04-16,3407,49.5442,168797.09,4481.65,EUR,MOCK_FEED
POS00700420260416,PORT007,INS0023,2026-04-16,1416,49.7845,70494.85,-1023.34,USD,MOCK_FEED
POS00700520260416,PORT007,INS0024,2026-04-16,3661,79.3645,290553.43,1543.28,INR,MOCK_FEED
POS00700620260416,PORT007,INS0025,2026-04-16,4476,25.0723,112223.61,-1474.81,INR,MOCK_FEED
POS00700720260416,PORT007,INS0026,2026-04-16,129,54.5905,7042.17,226.45,INR,MOCK_FEED
POS00700820260416,PORT007,INS0027,2026-04-16,4375,20.9775,91776.56,1644.91,EUR,MOCK_FEED
POS00700920260416,PORT007,INS0028,2026-04-16,2245,50.4637,113291.01,3336.87,USD,MOCK_FEED
POS00701020260416,PORT007,INS0029,2026-04-16,1987,22.5461,44799.1,-975.39,GBP,MOCK_FEED
POS00700120260417,PORT007,INS0020,2026-04-17,1408,11.9826,16871.5,478.43,GBP,MOCK_FEED
POS00700220260417,PORT007,INS0021,2026-04-17,4041,48.3735,195477.31,-4584.87,INR,MOCK_FEED
POS00700320260417,PORT007,INS0022,2026-04-17,2640,48.4327,127862.33,-1913.44,USD,MOCK_FEED
POS00700420260417,PORT007,INS0023,2026-04-17,4607,49.9914,230310.38,4251.22,GBP,MOCK_FEED
POS00700520260417,PORT007,INS0024,2026-04-17,1597,79.5066,126972.04,989.51,USD,MOCK_FEED
POS00700620260417,PORT007,INS0025,2026-04-17,4612,25.4295,117280.85,-1964.34,INR,MOCK_FEED
POS00700720260417,PORT007,INS0026,2026-04-17,3769,54.5786,205706.74,3240.08,INR,MOCK_FEED
POS00700820260417,PORT007,INS0027,2026-04-17,4791,21.0659,100926.73,-595.91,GBP,MOCK_FEED
POS00700920260417,PORT007,INS0028,2026-04-17,862,49.8571,42976.82,1573.22,GBP,MOCK_FEED
POS00701020260417,PORT007,INS0029,2026-04-17,3330,22.0301,73360.23,-859.96,INR,MOCK_FEED
POS00700120260418,PORT007,INS0020,2026-04-18,1297,11.9994,15563.22,88.63,USD,MOCK_FEED
POS00700220260418,PORT007,INS0021,2026-04-18,4542,47.9862,217953.32,6956.53,EUR,MOCK_FEED
POS00700320260418,PORT007,INS0022,2026-04-18,4268,48.7649,208128.59,-598.77,USD,MOCK_FEED
POS00700420260418,PORT007,INS0023,2026-04-18,4870,49.8218,242632.17,-4049.92,GBP,MOCK_FEED
POS00700520260418,PORT007,INS0024,2026-04-18,1290,79.5056,102562.22,3879.92,USD,MOCK_FEED
POS00700620260418,PORT007,INS0025,2026-04-18,1732,25.4304,44045.45,1557.76,USD,MOCK_FEED
POS00700720260418,PORT007,INS0026,2026-04-18,2318,54.5146,126364.84,3073.52,USD,MOCK_FEED
POS00700820260418,PORT007,INS0027,2026-04-18,3533,21.4855,75908.27,-858.71,INR,MOCK_FEED
POS00700920260418,PORT007,INS0028,2026-04-18,2192,49.1776,107797.3,69.08,GBP,MOCK_FEED
POS00701020260418,PORT007,INS0029,2026-04-18,2247,21.9933,49418.95,1748.53,GBP,MOCK_FEED
POS00700120260419,PORT007,INS0020,2026-04-19,4899,11.8529,58067.36,-306.25,INR,MOCK_FEED
POS00700220260419,PORT007,INS0021,2026-04-19,2716,48.4271,131528.0,443.15,GBP,MOCK_FEED
POS00700320260419,PORT007,INS0022,2026-04-19,3783,48.5691,183736.91,-2628.35,INR,MOCK_FEED
POS00700420260419,PORT007,INS0023,2026-04-19,4911,50.0505,245798.01,7645.58,GBP,MOCK_FEED
POS00700520260419,PORT007,INS0024,2026-04-19,3611,79.199,285987.59,-3101.03,EUR,MOCK_FEED
POS00700620260419,PORT007,INS0025,2026-04-19,4087,25.8634,105703.72,-1041.65,GBP,MOCK_FEED
POS00700720260419,PORT007,INS0026,2026-04-19,2092,54.7006,114433.66,233.77,USD,MOCK_FEED
POS00700820260419,PORT007,INS0027,2026-04-19,2853,22.0108,62796.81,533.28,INR,MOCK_FEED
POS00700920260419,PORT007,INS0028,2026-04-19,2845,48.8721,139041.12,-3883.37,GBP,MOCK_FEED
POS00701020260419,PORT007,INS0029,2026-04-19,4803,21.6579,104022.89,-372.12,GBP,MOCK_FEED
POS00800120250419,PORT008,INS0023,2025-04-19,3496,49.3424,172501.03,6591.12,USD,MOCK_FEED
POS00800220250419,PORT008,INS0024,2025-04-19,3016,58.5339,176538.24,3533.49,GBP,MOCK_FEED
POS00800320250419,PORT008,INS0025,2025-04-19,362,23.2541,8417.98,102.31,USD,MOCK_FEED
POS00800420250419,PORT008,INS0026,2025-04-19,1025,44.4798,45591.79,-1338.48,USD,MOCK_FEED
POS00800520250419,PORT008,INS0027,2025-04-19,4883,15.2501,74466.24,2196.73,INR,MOCK_FEED
POS00800620250419,PORT008,INS0028,2025-04-19,2334,44.0945,102916.56,3731.61,EUR,MOCK_FEED
POS00800720250419,PORT008,INS0029,2025-04-19,4731,23.0292,108951.15,-669.03,GBP,MOCK_FEED
POS00800820250419,PORT008,INS0030,2025-04-19,3720,42.9026,159597.67,2865.73,EUR,MOCK_FEED
POS00800920250419,PORT008,INS0031,2025-04-19,1192,34.0891,40634.21,-1162.78,INR,MOCK_FEED
POS00801020250419,PORT008,INS0032,2025-04-19,2773,54.3072,150593.87,2553.36,EUR,MOCK_FEED
POS00800120250420,PORT008,INS0023,2025-04-20,2270,49.1975,111678.32,4020.65,GBP,MOCK_FEED
POS00800220250420,PORT008,INS0024,2025-04-20,2335,59.1878,138203.51,-936.21,GBP,MOCK_FEED
POS00800320250420,PORT008,INS0025,2025-04-20,625,22.9368,14335.5,490.26,USD,MOCK_FEED
POS00800420250420,PORT008,INS0026,2025-04-20,1101,44.2854,48758.23,-1442.78,EUR,MOCK_FEED
POS00800520250420,PORT008,INS0027,2025-04-20,3906,15.0426,58756.4,1945.35,USD,MOCK_FEED
POS00800620250420,PORT008,INS0028,2025-04-20,897,44.1436,39596.81,623.26,EUR,MOCK_FEED
POS00800720250420,PORT008,INS0029,2025-04-20,3320,23.401,77691.32,1037.01,INR,MOCK_FEED
POS00800820250420,PORT008,INS0030,2025-04-20,435,42.758,18599.73,720.46,USD,MOCK_FEED
POS00800920250420,PORT008,INS0031,2025-04-20,1730,33.8887,58627.45,1585.05,GBP,MOCK_FEED
POS00801020250420,PORT008,INS0032,2025-04-20,4286,54.7026,234455.34,2709.91,EUR,MOCK_FEED
POS00800120250421,PORT008,INS0023,2025-04-21,3270,48.2057,157632.64,637.73,USD,MOCK_FEED
POS00800220250421,PORT008,INS0024,2025-04-21,1752,59.1496,103630.1,-2185.25,GBP,MOCK_FEED
POS00800320250421,PORT008,INS0025,2025-04-21,407,22.9472,9339.51,-100.77,INR,MOCK_FEED
POS00800420250421,PORT008,INS0026,2025-04-21,2195,44.3815,97417.39,-396.99,INR,MOCK_FEED
POS00800520250421,PORT008,INS0027,2025-04-21,1571,14.8364,23307.98,856.42,INR,MOCK_FEED
POS00800620250421,PORT008,INS0028,2025-04-21,137,43.8426,6006.44,121.31,GBP,MOCK_FEED
POS00800720250421,PORT008,INS0029,2025-04-21,807,23.8234,19225.48,400.67,GBP,MOCK_FEED
POS00800820250421,PORT008,INS0030,2025-04-21,3556,41.6156,147985.07,-446.41,INR,MOCK_FEED
POS00800920250421,PORT008,INS0031,2025-04-21,2830,34.4464,97483.31,3492.2,INR,MOCK_FEED
POS00801020250421,PORT008,INS0032,2025-04-21,436,54.5483,23783.06,679.93,GBP,MOCK_FEED
POS00800120250422,PORT008,INS0023,2025-04-22,4472,48.9201,218770.69,-4211.76,USD,MOCK_FEED
POS00800220250422,PORT008,INS0024,2025-04-22,3492,58.1745,203145.35,6157.49,USD,MOCK_FEED
POS00800320250422,PORT008,INS0025,2025-04-22,1788,22.9849,41097.0,782.74,EUR,MOCK_FEED
POS00800420250422,PORT008,INS0026,2025-04-22,2637,44.1457,116412.21,878.86,USD,MOCK_FEED
POS00800520250422,PORT008,INS0027,2025-04-22,3111,15.2513,47446.79,-676.55,INR,MOCK_FEED
POS00800620250422,PORT008,INS0028,2025-04-22,2542,44.1749,112292.6,-2962.1,EUR,MOCK_FEED
POS00800720250422,PORT008,INS0029,2025-04-22,1310,24.2373,31750.86,-661.27,INR,MOCK_FEED
POS00800820250422,PORT008,INS0030,2025-04-22,4958,41.7579,207035.67,-190.58,USD,MOCK_FEED
POS00800920250422,PORT008,INS0031,2025-04-22,776,34.247,26575.67,-596.92,INR,MOCK_FEED
POS00801020250422,PORT008,INS0032,2025-04-22,1107,55.1368,61036.44,-1348.12,EUR,MOCK_FEED
POS00800120250423,PORT008,INS0023,2025-04-23,1011,50.2777,50830.75,1439.22,GBP,MOCK_FEED
POS00800220250423,PORT008,INS0024,2025-04-23,662,59.024,39073.89,278.1,EUR,MOCK_FEED
POS00800320250423,PORT008,INS0025,2025-04-23,3750,23.323,87461.25,-1127.63,USD,MOCK_FEED
POS00800420250423,PORT008,INS0026,2025-04-23,1410,44.425,62639.25,-1321.68,USD,MOCK_FEED
POS00800520250423,PORT008,INS0027,2025-04-23,3379,15.1038,51035.74,-211.28,EUR,MOCK_FEED
POS00800620250423,PORT008,INS0028,2025-04-23,4306,44.9117,193389.78,3646.41,INR,MOCK_FEED
POS00800720250423,PORT008,INS0029,2025-04-23,3859,24.1229,93090.27,-900.33,GBP,MOCK_FEED
POS00800820250423,PORT008,INS0030,2025-04-23,1172,43.056,50461.63,409.47,GBP,MOCK_FEED
POS00800920250423,PORT008,INS0031,2025-04-23,3953,34.702,137177.01,3629.32,EUR,MOCK_FEED
POS00801020250423,PORT008,INS0032,2025-04-23,1700,54.7343,93048.31,-2493.36,GBP,MOCK_FEED
POS00800120250424,PORT008,INS0023,2025-04-24,1102,49.1802,54196.58,1930.97,USD,MOCK_FEED
POS00800220250424,PORT008,INS0024,2025-04-24,4557,59.514,271205.3,-5053.34,GBP,MOCK_FEED
POS00800320250424,PORT008,INS0025,2025-04-24,325,23.4269,7613.74,13.16,INR,MOCK_FEED
POS00800420250424,PORT008,INS0026,2025-04-24,4517,43.6904,197349.54,2463.56,INR,MOCK_FEED
POS00800520250424,PORT008,INS0027,2025-04-24,3744,15.2831,57219.93,-228.03,EUR,MOCK_FEED
POS00800620250424,PORT008,INS0028,2025-04-24,4802,44.3249,212848.17,-4203.47,GBP,MOCK_FEED
POS00800720250424,PORT008,INS0029,2025-04-24,1789,23.7014,42401.8,489.48,GBP,MOCK_FEED
POS00800820250424,PORT008,INS0030,2025-04-24,2541,43.2475,109891.9,-2659.96,GBP,MOCK_FEED
POS00800920250424,PORT008,INS0031,2025-04-24,3681,34.8582,128313.03,-694.3,USD,MOCK_FEED
POS00801020250424,PORT008,INS0032,2025-04-24,1588,55.943,88837.48,-2279.28,INR,MOCK_FEED
POS00800120250425,PORT008,INS0023,2025-04-25,1028,49.6216,51011.0,1469.43,GBP,MOCK_FEED
POS00800220250425,PORT008,INS0024,2025-04-25,3986,59.742,238131.61,8461.13,INR,MOCK_FEED
POS00800320250425,PORT008,INS0025,2025-04-25,1171,23.1006,27050.8,-33.42,INR,MOCK_FEED
POS00800420250425,PORT008,INS0026,2025-04-25,302,44.3202,13384.7,264.89,GBP,MOCK_FEED
POS00800520250425,PORT008,INS0027,2025-04-25,2883,15.382,44346.31,485.02,INR,MOCK_FEED
POS00800620250425,PORT008,INS0028,2025-04-25,3821,43.4827,166147.4,5607.83,INR,MOCK_FEED
POS00800720250425,PORT008,INS0029,2025-04-25,4906,24.0334,117907.86,2210.7,USD,MOCK_FEED
POS00800820250425,PORT008,INS0030,2025-04-25,1916,44.8872,86003.88,-1672.66,GBP,MOCK_FEED
POS00800920250425,PORT008,INS0031,2025-04-25,4978,35.1267,174860.71,-3501.51,EUR,MOCK_FEED
POS00801020250425,PORT008,INS0032,2025-04-25,3497,55.1656,192914.1,-2546.93,INR,MOCK_FEED
POS00800120250426,PORT008,INS0023,2025-04-26,1809,51.0735,92391.96,2754.48,EUR,MOCK_FEED
POS00800220250426,PORT008,INS0024,2025-04-26,543,59.5919,32358.4,450.78,INR,MOCK_FEED
POS00800320250426,PORT008,INS0025,2025-04-26,1471,23.3251,34311.22,-718.41,USD,MOCK_FEED
POS00800420250426,PORT008,INS0026,2025-04-26,1055,43.694,46097.17,-660.23,INR,MOCK_FEED
POS00800520250426,PORT008,INS0027,2025-04-26,4800,15.5482,74631.36,1804.56,EUR,MOCK_FEED
POS00800620250426,PORT008,INS0028,2025-04-26,3431,43.378,148829.92,734.61,GBP,MOCK_FEED
POS00800720250426,PORT008,INS0029,2025-04-26,517,24.2004,12511.61,-286.64,INR,MOCK_FEED
POS00800820250426,PORT008,INS0030,2025-04-26,4504,45.0263,202798.46,-3775.44,USD,MOCK_FEED
POS00800920250426,PORT008,INS0031,2025-04-26,1406,35.3055,49639.53,-712.69,USD,MOCK_FEED
POS00801020250426,PORT008,INS0032,2025-04-26,4632,54.1711,250920.54,5290.02,GBP,MOCK_FEED
POS00800120250427,PORT008,INS0023,2025-04-27,4969,50.5508,251186.93,9371.94,USD,MOCK_FEED
POS00800220250427,PORT008,INS0024,2025-04-27,2960,60.2001,178192.3,5319.54,USD,MOCK_FEED
POS00800320250427,PORT008,INS0025,2025-04-27,214,23.564,5042.7,-45.03,INR,MOCK_FEED
POS00800420250427,PORT008,INS0026,2025-04-27,2078,42.6704,88669.09,-1164.48,USD,MOCK_FEED
POS00800520250427,PORT008,INS0027,2025-04-27,4571,15.8899,72632.73,1326.19,EUR,MOCK_FEED
POS00800620250427,PORT008,INS0028,2025-04-27,1465,44.1277,64647.08,2583.68,GBP,MOCK_FEED
POS00800720250427,PORT008,INS0029,2025-04-27,1400,24.2466,33945.24,178.29,USD,MOCK_FEED
POS00800820250427,PORT008,INS0030,2025-04-27,166,44.5905,7402.02,288.0,INR,MOCK_FEED
POS00800920250427,PORT008,INS0031,2025-04-27,222,35.0726,7786.12,-228.91,USD,MOCK_FEED
POS00801020250427,PORT008,INS0032,2025-04-27,4948,54.7443,270874.8,-6979.9,GBP,MOCK_FEED
POS00800120250428,PORT008,INS0023,2025-04-28,3398,50.6172,171997.25,-807.79,INR,MOCK_FEED
POS00800220250428,PORT008,INS0024,2025-04-28,2898,60.278,174685.64,-2238.15,INR,MOCK_FEED
POS00800320250428,PORT008,INS0025,2025-04-28,4196,24.2082,101577.61,2756.27,USD,MOCK_FEED
POS00800420250428,PORT008,INS0026,2025-04-28,3267,43.2565,141318.99,4767.28,GBP,MOCK_FEED
POS00800520250428,PORT008,INS0027,2025-04-28,3913,16.3132,63833.55,-263.7,INR,MOCK_FEED
POS00800620250428,PORT008,INS0028,2025-04-28,3662,43.9628,160991.77,-3173.04,INR,MOCK_FEED
POS00800720250428,PORT008,INS0029,2025-04-28,2983,24.4885,73049.2,461.36,EUR,MOCK_FEED
POS00800820250428,PORT008,INS0030,2025-04-28,4315,45.5265,196446.85,-1389.01,GBP,MOCK_FEED
POS00800920250428,PORT008,INS0031,2025-04-28,3535,35.3949,125120.97,3568.55,INR,MOCK_FEED
POS00801020250428,PORT008,INS0032,2025-04-28,1003,54.4903,54653.77,149.35,USD,MOCK_FEED
POS00800120250429,PORT008,INS0023,2025-04-29,2671,51.4714,137480.11,-3658.94,USD,MOCK_FEED
POS00800220250429,PORT008,INS0024,2025-04-29,4927,60.0597,295914.14,7511.68,EUR,MOCK_FEED
POS00800320250429,PORT008,INS0025,2025-04-29,4277,24.2653,103782.69,-2638.41,EUR,MOCK_FEED
POS00800420250429,PORT008,INS0026,2025-04-29,4407,43.1555,190186.29,1579.97,USD,MOCK_FEED
POS00800520250429,PORT008,INS0027,2025-04-29,4230,16.4138,69430.37,-422.64,INR,MOCK_FEED
POS00800620250429,PORT008,INS0028,2025-04-29,4833,43.761,211496.91,-6200.04,GBP,MOCK_FEED
POS00800720250429,PORT008,INS0029,2025-04-29,4607,24.2636,111782.41,4414.13,INR,MOCK_FEED
POS00800820250429,PORT008,INS0030,2025-04-29,1915,46.4698,88989.67,-2598.35,EUR,MOCK_FEED
POS00800920250429,PORT008,INS0031,2025-04-29,121,35.7692,4328.07,75.62,INR,MOCK_FEED
POS00801020250429,PORT008,INS0032,2025-04-29,1969,55.3944,109071.57,-3078.3,EUR,MOCK_FEED
POS00800120250430,PORT008,INS0023,2025-04-30,122,50.9902,6220.8,54.37,EUR,MOCK_FEED
POS00800220250430,PORT008,INS0024,2025-04-30,1135,59.05,67021.75,-1797.53,EUR,MOCK_FEED
POS00800320250430,PORT008,INS0025,2025-04-30,3562,24.734,88102.51,-1722.85,EUR,MOCK_FEED
POS00800420250430,PORT008,INS0026,2025-04-30,1910,43.0512,82227.79,2775.65,INR,MOCK_FEED
POS00800520250430,PORT008,INS0027,2025-04-30,2509,16.1742,40581.07,1440.0,EUR,MOCK_FEED
POS00800620250430,PORT008,INS0028,2025-04-30,4523,44.4683,201130.12,5781.54,GBP,MOCK_FEED
POS00800720250430,PORT008,INS0029,2025-04-30,655,24.4008,15982.52,-29.31,INR,MOCK_FEED
POS00800820250430,PORT008,INS0030,2025-04-30,3536,46.0951,162992.27,2575.05,INR,MOCK_FEED
POS00800920250430,PORT008,INS0031,2025-04-30,2796,35.674,99744.5,-436.74,INR,MOCK_FEED
POS00801020250430,PORT008,INS0032,2025-04-30,2149,55.7017,119702.95,-78.79,USD,MOCK_FEED
POS00800120250501,PORT008,INS0023,2025-05-01,178,51.3702,9143.9,2.95,INR,MOCK_FEED
POS00800220250501,PORT008,INS0024,2025-05-01,4159,60.553,251839.93,4275.91,GBP,MOCK_FEED
POS00800320250501,PORT008,INS0025,2025-05-01,394,25.3978,10006.73,-104.46,EUR,MOCK_FEED
POS00800420250501,PORT008,INS0026,2025-05-01,1894,43.2215,81861.52,1722.59,INR,MOCK_FEED
POS00800520250501,PORT008,INS0027,2025-05-01,4313,15.9856,68945.89,800.9,GBP,MOCK_FEED
POS00800620250501,PORT008,INS0028,2025-05-01,2874,44.704,128479.3,84.53,INR,MOCK_FEED
POS00800720250501,PORT008,INS0029,2025-05-01,3390,24.3875,82673.62,-2151.65,EUR,MOCK_FEED
POS00800820250501,PORT008,INS0030,2025-05-01,4871,45.6744,222480.0,5775.18,EUR,MOCK_FEED
POS00800920250501,PORT008,INS0031,2025-05-01,2032,35.8522,72851.67,1690.32,USD,MOCK_FEED
POS00801020250501,PORT008,INS0032,2025-05-01,3334,56.7378,189163.83,3530.84,USD,MOCK_FEED
POS00800120250502,PORT008,INS0023,2025-05-02,4694,50.5607,237331.93,9445.15,INR,MOCK_FEED
POS00800220250502,PORT008,INS0024,2025-05-02,1382,59.7922,82632.82,1138.61,EUR,MOCK_FEED
POS00800320250502,PORT008,INS0025,2025-05-02,935,25.4561,23801.45,-218.76,USD,MOCK_FEED
POS00800420250502,PORT008,INS0026,2025-05-02,2083,42.8517,89260.09,-1860.31,INR,MOCK_FEED
POS00800520250502,PORT008,INS0027,2025-05-02,2960,15.7627,46657.59,-992.49,GBP,MOCK_FEED
POS00800620250502,PORT008,INS0028,2025-05-02,1312,44.411,58267.23,149.7,INR,MOCK_FEED
POS00800720250502,PORT008,INS0029,2025-05-02,4525,24.7847,112150.77,-574.55,USD,MOCK_FEED
POS00800820250502,PORT008,INS0030,2025-05-02,1985,45.7903,90893.75,-2613.46,USD,MOCK_FEED
POS00800920250502,PORT008,INS0031,2025-05-02,2002,35.5696,71210.34,-2057.88,EUR,MOCK_FEED
POS00801020250502,PORT008,INS0032,2025-05-02,1777,56.8576,101035.96,1564.82,USD,MOCK_FEED
POS00800120250503,PORT008,INS0023,2025-05-03,2858,51.805,148058.69,3306.88,GBP,MOCK_FEED
POS00800220250503,PORT008,INS0024,2025-05-03,1085,60.0787,65185.39,2436.94,GBP,MOCK_FEED
POS00800320250503,PORT008,INS0025,2025-05-03,114,25.2208,2875.17,66.5,INR,MOCK_FEED
POS00800420250503,PORT008,INS0026,2025-05-03,3258,42.8221,139514.4,1375.63,GBP,MOCK_FEED
POS00800520250503,PORT008,INS0027,2025-05-03,1231,15.7627,19403.88,-350.44,GBP,MOCK_FEED
POS00800620250503,PORT008,INS0028,2025-05-03,3769,44.431,167460.44,1399.93,GBP,MOCK_FEED
POS00800720250503,PORT008,INS0029,2025-05-03,556,24.5501,13649.86,404.68,USD,MOCK_FEED
POS00800820250503,PORT008,INS0030,2025-05-03,833,46.0304,38343.32,-592.79,INR,MOCK_FEED
POS00800920250503,PORT008,INS0031,2025-05-03,1460,35.7691,52222.89,-1264.48,INR,MOCK_FEED
POS00801020250503,PORT008,INS0032,2025-05-03,1710,56.6412,96856.45,3113.11,USD,MOCK_FEED
POS00800120250504,PORT008,INS0023,2025-05-04,2267,51.9339,117734.15,4337.82,USD,MOCK_FEED
POS00800220250504,PORT008,INS0024,2025-05-04,3042,59.9687,182424.79,-2872.88,INR,MOCK_FEED
POS00800320250504,PORT008,INS0025,2025-05-04,761,24.825,18891.83,306.53,INR,MOCK_FEED
POS00800420250504,PORT008,INS0026,2025-05-04,1994,42.9248,85592.05,-558.7,INR,MOCK_FEED
POS00800520250504,PORT008,INS0027,2025-05-04,1886,16.021,30215.61,-333.9,GBP,MOCK_FEED
POS00800620250504,PORT008,INS0028,2025-05-04,2388,43.84,104689.92,-2480.22,USD,MOCK_FEED
POS00800720250504,PORT008,INS0029,2025-05-04,2324,24.525,56996.1,-554.22,EUR,MOCK_FEED
POS00800820250504,PORT008,INS0030,2025-05-04,3552,46.7236,165962.23,6.26,GBP,MOCK_FEED
POS00800920250504,PORT008,INS0031,2025-05-04,1807,36.0864,65208.12,2287.54,USD,MOCK_FEED
POS00801020250504,PORT008,INS0032,2025-05-04,122,56.6964,6916.96,42.49,EUR,MOCK_FEED
POS00800120250505,PORT008,INS0023,2025-05-05,1186,51.7115,61329.84,-554.39,GBP,MOCK_FEED
POS00800220250505,PORT008,INS0024,2025-05-05,3275,59.5308,194963.37,-5316.31,GBP,MOCK_FEED
POS00800320250505,PORT008,INS0025,2025-05-05,4890,25.0578,122532.64,-3251.52,INR,MOCK_FEED
POS00800420250505,PORT008,INS0026,2025-05-05,3238,43.2481,140037.35,171.98,USD,MOCK_FEED
POS00800520250505,PORT008,INS0027,2025-05-05,2806,16.1753,45387.89,-408.89,EUR,MOCK_FEED
POS00800620250505,PORT008,INS0028,2025-05-05,4911,44.5516,218792.91,-4551.78,USD,MOCK_FEED
POS00800720250505,PORT008,INS0029,2025-05-05,1806,24.3169,43916.32,-184.91,USD,MOCK_FEED
POS00800820250505,PORT008,INS0030,2025-05-05,380,47.3805,18004.59,-52.86,GBP,MOCK_FEED
POS00800920250505,PORT008,INS0031,2025-05-05,952,36.4602,34710.11,446.08,EUR,MOCK_FEED
POS00801020250505,PORT008,INS0032,2025-05-05,398,55.0204,21898.12,-656.69,INR,MOCK_FEED
POS00800120250506,PORT008,INS0023,2025-05-06,1332,50.7955,67659.61,-56.24,INR,MOCK_FEED
POS00800220250506,PORT008,INS0024,2025-05-06,4336,59.4414,257737.91,1601.98,GBP,MOCK_FEED
POS00800320250506,PORT008,INS0025,2025-05-06,3925,24.7501,97144.14,2142.52,EUR,MOCK_FEED
POS00800420250506,PORT008,INS0026,2025-05-06,926,43.6675,40436.1,610.72,GBP,MOCK_FEED
POS00800520250506,PORT008,INS0027,2025-05-06,2834,16.0971,45619.18,-1169.86,USD,MOCK_FEED
POS00800620250506,PORT008,INS0028,2025-05-06,2042,44.1022,90056.69,-280.39,USD,MOCK_FEED
POS00800720250506,PORT008,INS0029,2025-05-06,4997,23.6677,118267.5,780.9,USD,MOCK_FEED
POS00800820250506,PORT008,INS0030,2025-05-06,2534,46.7986,118587.65,2260.92,GBP,MOCK_FEED
POS00800920250506,PORT008,INS0031,2025-05-06,3470,35.8175,124286.73,3085.08,GBP,MOCK_FEED
POS00801020250506,PORT008,INS0032,2025-05-06,797,54.6501,43556.13,-886.42,INR,MOCK_FEED
POS00800120250507,PORT008,INS0023,2025-05-07,1707,50.7172,86574.26,-1169.26,GBP,MOCK_FEED
POS00800220250507,PORT008,INS0024,2025-05-07,742,59.4567,44116.87,1735.97,EUR,MOCK_FEED
POS00800320250507,PORT008,INS0025,2025-05-07,1173,25.0252,29354.56,936.66,GBP,MOCK_FEED
POS00800420250507,PORT008,INS0026,2025-05-07,414,44.0248,18226.27,578.26,INR,MOCK_FEED
POS00800520250507,PORT008,INS0027,2025-05-07,769,15.9628,12275.39,277.69,GBP,MOCK_FEED
POS00800620250507,PORT008,INS0028,2025-05-07,3476,43.326,150601.18,-1093.79,USD,MOCK_FEED
POS00800720250507,PORT008,INS0029,2025-05-07,517,23.7164,12261.38,201.58,INR,MOCK_FEED
POS00800820250507,PORT008,INS0030,2025-05-07,1753,48.314,84694.44,1479.99,EUR,MOCK_FEED
POS00800920250507,PORT008,INS0031,2025-05-07,2895,36.6394,106071.06,2390.15,USD,MOCK_FEED
POS00801020250507,PORT008,INS0032,2025-05-07,3447,54.4565,187711.56,-1942.84,USD,MOCK_FEED
POS00800120250508,PORT008,INS0023,2025-05-08,495,51.4626,25473.99,-604.5,GBP,MOCK_FEED
POS00800220250508,PORT008,INS0024,2025-05-08,2360,58.4836,138021.3,-357.06,USD,MOCK_FEED
POS00800320250508,PORT008,INS0025,2025-05-08,4696,25.2635,118637.4,-1890.11,USD,MOCK_FEED
POS00800420250508,PORT008,INS0026,2025-05-08,2559,43.8831,112296.85,-2546.06,INR,MOCK_FEED
POS00800520250508,PORT008,INS0027,2025-05-08,4968,15.9421,79200.35,1963.98,EUR,MOCK_FEED
POS00800620250508,PORT008,INS0028,2025-05-08,1162,43.4137,50446.72,-1198.51,INR,MOCK_FEED
POS00800720250508,PORT008,INS0029,2025-05-08,2416,23.5499,56896.56,512.28,INR,MOCK_FEED
POS00800820250508,PORT008,INS0030,2025-05-08,3470,48.5081,168323.11,3431.94,GBP,MOCK_FEED
POS00800920250508,PORT008,INS0031,2025-05-08,2239,37.5709,84121.25,427.47,GBP,MOCK_FEED
POS00801020250508,PORT008,INS0032,2025-05-08,255,54.2587,13835.97,165.24,GBP,MOCK_FEED
POS00800120250509,PORT008,INS0023,2025-05-09,1941,50.8209,98643.37,2652.31,EUR,MOCK_FEED
POS00800220250509,PORT008,INS0024,2025-05-09,4878,58.2284,284038.14,9174.9,INR,MOCK_FEED
POS00800320250509,PORT008,INS0025,2025-05-09,1975,25.344,50054.4,-290.55,USD,MOCK_FEED
POS00800420250509,PORT008,INS0026,2025-05-09,3916,44.1254,172795.07,863.99,EUR,MOCK_FEED
POS00800520250509,PORT008,INS0027,2025-05-09,4239,15.775,66870.23,2545.34,USD,MOCK_FEED
POS00800620250509,PORT008,INS0028,2025-05-09,4605,44.2727,203875.78,7010.29,INR,MOCK_FEED
POS00800720250509,PORT008,INS0029,2025-05-09,4276,23.1427,98958.19,-1979.64,GBP,MOCK_FEED
POS00800820250509,PORT008,INS0030,2025-05-09,2906,47.6706,138530.76,1780.24,USD,MOCK_FEED
POS00800920250509,PORT008,INS0031,2025-05-09,2816,37.1119,104507.11,2177.77,USD,MOCK_FEED
POS00801020250509,PORT008,INS0032,2025-05-09,1229,55.0083,67605.2,-131.16,INR,MOCK_FEED
POS00800120250510,PORT008,INS0023,2025-05-10,1090,50.9033,55484.6,-357.41,GBP,MOCK_FEED
POS00800220250510,PORT008,INS0024,2025-05-10,2834,58.1398,164768.19,2974.69,USD,MOCK_FEED
POS00800320250510,PORT008,INS0025,2025-05-10,1538,25.7018,39529.37,-165.55,USD,MOCK_FEED
POS00800420250510,PORT008,INS0026,2025-05-10,1536,44.1055,67746.05,2054.91,GBP,MOCK_FEED
POS00800520250510,PORT008,INS0027,2025-05-10,4749,16.1879,76876.34,395.15,INR,MOCK_FEED
POS00800620250510,PORT008,INS0028,2025-05-10,1769,43.8658,77598.6,-2024.83,USD,MOCK_FEED
POS00800720250510,PORT008,INS0029,2025-05-10,4209,23.1584,97473.71,-763.65,INR,MOCK_FEED
POS00800820250510,PORT008,INS0030,2025-05-10,1401,48.0656,67339.91,-1689.02,EUR,MOCK_FEED
POS00800920250510,PORT008,INS0031,2025-05-10,3983,37.6158,149823.73,-3167.11,USD,MOCK_FEED
POS00801020250510,PORT008,INS0032,2025-05-10,3926,54.5574,214192.35,-597.66,INR,MOCK_FEED
POS00800120250511,PORT008,INS0023,2025-05-11,1130,51.6405,58353.77,-961.17,INR,MOCK_FEED
POS00800220250511,PORT008,INS0024,2025-05-11,2637,58.0541,153088.66,-3641.44,GBP,MOCK_FEED
POS00800320250511,PORT008,INS0025,2025-05-11,2871,26.0269,74723.23,1802.92,EUR,MOCK_FEED
POS00800420250511,PORT008,INS0026,2025-05-11,1078,44.6132,48093.03,-169.31,GBP,MOCK_FEED
POS00800520250511,PORT008,INS0027,2025-05-11,2198,16.1318,35457.7,-382.49,EUR,MOCK_FEED
POS00800620250511,PORT008,INS0028,2025-05-11,1246,43.6796,54424.78,2098.1,USD,MOCK_FEED
POS00800720250511,PORT008,INS0029,2025-05-11,1612,22.3113,35965.82,-350.62,USD,MOCK_FEED
POS00800820250511,PORT008,INS0030,2025-05-11,4417,48.3244,213448.87,-2913.48,INR,MOCK_FEED
POS00800920250511,PORT008,INS0031,2025-05-11,3281,37.1274,121815.0,4035.78,INR,MOCK_FEED
POS00801020250511,PORT008,INS0032,2025-05-11,1714,54.7848,93901.15,-1032.61,USD,MOCK_FEED
POS00800120250512,PORT008,INS0023,2025-05-12,2214,51.8305,114752.73,2183.19,INR,MOCK_FEED
POS00800220250512,PORT008,INS0024,2025-05-12,1949,57.6009,112264.15,-1826.27,GBP,MOCK_FEED
POS00800320250512,PORT008,INS0025,2025-05-12,865,26.0423,22526.59,-617.3,EUR,MOCK_FEED
POS00800420250512,PORT008,INS0026,2025-05-12,1432,44.7744,64116.94,863.23,GBP,MOCK_FEED
POS00800520250512,PORT008,INS0027,2025-05-12,1951,16.3568,31912.12,643.59,USD,MOCK_FEED
POS00800620250512,PORT008,INS0028,2025-05-12,3256,43.3798,141244.63,-3682.19,GBP,MOCK_FEED
POS00800720250512,PORT008,INS0029,2025-05-12,1142,22.4052,25586.74,-249.17,GBP,MOCK_FEED
POS00800820250512,PORT008,INS0030,2025-05-12,973,48.159,46858.71,-1285.65,GBP,MOCK_FEED
POS00800920250512,PORT008,INS0031,2025-05-12,3259,36.9776,120510.0,1889.91,INR,MOCK_FEED
POS00801020250512,PORT008,INS0032,2025-05-12,126,54.9153,6919.33,220.83,GBP,MOCK_FEED
POS00800120250513,PORT008,INS0023,2025-05-13,559,51.8629,28991.36,1154.42,EUR,MOCK_FEED
POS00800220250513,PORT008,INS0024,2025-05-13,1368,58.3735,79854.95,1707.86,GBP,MOCK_FEED
POS00800320250513,PORT008,INS0025,2025-05-13,3766,26.1228,98378.46,-929.2,USD,MOCK_FEED
POS00800420250513,PORT008,INS0026,2025-05-13,2012,44.0378,88604.05,583.66,GBP,MOCK_FEED
POS00800520250513,PORT008,INS0027,2025-05-13,238,16.451,3915.34,-78.85,INR,MOCK_FEED
POS00800620250513,PORT008,INS0028,2025-05-13,1873,43.5633,81594.06,1929.59,EUR,MOCK_FEED
POS00800720250513,PORT008,INS0029,2025-05-13,4253,22.4936,95665.28,-808.03,GBP,MOCK_FEED
POS00800820250513,PORT008,INS0030,2025-05-13,3662,49.0961,179789.92,-584.17,USD,MOCK_FEED
POS00800920250513,PORT008,INS0031,2025-05-13,163,37.5089,6113.95,-118.67,INR,MOCK_FEED
POS00801020250513,PORT008,INS0032,2025-05-13,1506,56.3978,84935.09,495.82,GBP,MOCK_FEED
POS00800120250514,PORT008,INS0023,2025-05-14,2269,52.1038,118223.52,4281.57,INR,MOCK_FEED
POS00800220250514,PORT008,INS0024,2025-05-14,1724,57.0274,98315.24,3311.02,USD,MOCK_FEED
POS00800320250514,PORT008,INS0025,2025-05-14,3691,26.5771,98096.08,-2051.16,INR,MOCK_FEED
POS00800420250514,PORT008,INS0026,2025-05-14,4731,43.6755,206628.79,-893.31,GBP,MOCK_FEED
POS00800520250514,PORT008,INS0027,2025-05-14,1639,16.4994,27042.52,-391.47,GBP,MOCK_FEED
POS00800620250514,PORT008,INS0028,2025-05-14,1597,43.6199,69660.98,1806.65,EUR,MOCK_FEED
POS00800720250514,PORT008,INS0029,2025-05-14,4344,22.5863,98114.89,121.64,EUR,MOCK_FEED
POS00800820250514,PORT008,INS0030,2025-05-14,2464,48.9267,120555.39,-1548.45,EUR,MOCK_FEED
POS00800920250514,PORT008,INS0031,2025-05-14,4374,37.6393,164634.3,606.11,EUR,MOCK_FEED
POS00801020250514,PORT008,INS0032,2025-05-14,4140,56.2331,232805.03,7919.26,USD,MOCK_FEED
POS00800120250515,PORT008,INS0023,2025-05-15,3550,52.2728,185568.44,5480.75,EUR,MOCK_FEED
POS00800220250515,PORT008,INS0024,2025-05-15,1084,57.7048,62552.0,2079.09,GBP,MOCK_FEED
POS00800320250515,PORT008,INS0025,2025-05-15,4907,25.9674,127422.03,-1032.53,GBP,MOCK_FEED
POS00800420250515,PORT008,INS0026,2025-05-15,3197,44.7103,142938.83,4490.44,INR,MOCK_FEED
POS00800520250515,PORT008,INS0027,2025-05-15,3586,16.3824,58747.29,1657.07,GBP,MOCK_FEED
POS00800620250515,PORT008,INS0028,2025-05-15,2717,43.4913,118165.86,-1238.15,EUR,MOCK_FEED
POS00800720250515,PORT008,INS0029,2025-05-15,4380,22.4712,98423.86,2188.6,USD,MOCK_FEED
POS00800820250515,PORT008,INS0030,2025-05-15,345,47.9689,16549.27,546.26,USD,MOCK_FEED
POS00800920250515,PORT008,INS0031,2025-05-15,1536,38.0055,58376.45,228.72,GBP,MOCK_FEED
POS00801020250515,PORT008,INS0032,2025-05-15,3105,56.4704,175340.59,-4141.42,INR,MOCK_FEED
POS00800120250516,PORT008,INS0023,2025-05-16,2103,51.5753,108462.86,3764.93,GBP,MOCK_FEED
POS00800220250516,PORT008,INS0024,2025-05-16,4702,57.4861,270299.64,-7074.61,INR,MOCK_FEED
POS00800320250516,PORT008,INS0025,2025-05-16,1604,25.7319,41273.97,-648.64,EUR,MOCK_FEED
POS00800420250516,PORT008,INS0026,2025-05-16,499,45.1986,22554.1,860.69,EUR,MOCK_FEED
POS00800520250516,PORT008,INS0027,2025-05-16,2827,16.3896,46333.4,379.66,GBP,MOCK_FEED
POS00800620250516,PORT008,INS0028,2025-05-16,2511,42.8928,107703.82,-2794.95,GBP,MOCK_FEED
POS00800720250516,PORT008,INS0029,2025-05-16,3681,22.5984,83184.71,2616.32,USD,MOCK_FEED
POS00800820250516,PORT008,INS0030,2025-05-16,4353,47.3577,206148.07,2614.56,EUR,MOCK_FEED
POS00800920250516,PORT008,INS0031,2025-05-16,279,37.4934,10460.66,-61.83,GBP,MOCK_FEED
POS00801020250516,PORT008,INS0032,2025-05-16,1852,57.3287,106172.75,779.43,USD,MOCK_FEED
POS00800120250517,PORT008,INS0023,2025-05-17,4744,51.775,245620.6,-466.62,EUR,MOCK_FEED
POS00800220250517,PORT008,INS0024,2025-05-17,573,57.2913,32827.91,-937.07,EUR,MOCK_FEED
POS00800320250517,PORT008,INS0025,2025-05-17,1573,25.7749,40543.92,800.25,USD,MOCK_FEED
POS00800420250517,PORT008,INS0026,2025-05-17,908,45.3407,41169.36,18.41,USD,MOCK_FEED
POS00800520250517,PORT008,INS0027,2025-05-17,4599,16.4215,75522.48,1977.48,USD,MOCK_FEED
POS00800620250517,PORT008,INS0028,2025-05-17,2975,42.8467,127468.93,-3407.31,GBP,MOCK_FEED
POS00800720250517,PORT008,INS0029,2025-05-17,4020,22.8516,91863.43,1613.39,USD,MOCK_FEED
POS00800820250517,PORT008,INS0030,2025-05-17,4437,46.6133,206823.21,-4131.11,USD,MOCK_FEED
POS00800920250517,PORT008,INS0031,2025-05-17,3541,37.3279,132178.09,-42.75,INR,MOCK_FEED
POS00801020250517,PORT008,INS0032,2025-05-17,4439,57.4153,254866.52,4364.58,EUR,MOCK_FEED
POS00800120250518,PORT008,INS0023,2025-05-18,3736,52.1667,194894.79,-5435.87,EUR,MOCK_FEED
POS00800220250518,PORT008,INS0024,2025-05-18,4823,58.3193,281273.98,7121.98,INR,MOCK_FEED
POS00800320250518,PORT008,INS0025,2025-05-18,4513,25.9655,117182.3,-3166.2,USD,MOCK_FEED
POS00800420250518,PORT008,INS0026,2025-05-18,3176,45.5151,144555.96,-3714.97,GBP,MOCK_FEED
POS00800520250518,PORT008,INS0027,2025-05-18,1531,16.3126,24974.59,-377.22,INR,MOCK_FEED
POS00800620250518,PORT008,INS0028,2025-05-18,920,42.4101,39017.29,1426.42,INR,MOCK_FEED
POS00800720250518,PORT008,INS0029,2025-05-18,317,22.7449,7210.13,-9.08,USD,MOCK_FEED
POS00800820250518,PORT008,INS0030,2025-05-18,3534,46.559,164539.51,-4744.23,USD,MOCK_FEED
POS00800920250518,PORT008,INS0031,2025-05-18,4828,37.1935,179570.22,2939.72,GBP,MOCK_FEED
POS00801020250518,PORT008,INS0032,2025-05-18,166,56.5279,9383.63,35.2,EUR,MOCK_FEED
POS00800120250519,PORT008,INS0023,2025-05-19,2952,52.7852,155821.91,463.38,EUR,MOCK_FEED
POS00800220250519,PORT008,INS0024,2025-05-19,1316,59.4441,78228.44,1157.48,EUR,MOCK_FEED
POS00800320250519,PORT008,INS0025,2025-05-19,1432,25.9416,37148.37,-677.19,EUR,MOCK_FEED
POS00800420250519,PORT008,INS0026,2025-05-19,1934,45.0126,87054.37,2522.91,USD,MOCK_FEED
POS00800520250519,PORT008,INS0027,2025-05-19,4634,16.23,75209.82,1102.76,EUR,MOCK_FEED
POS00800620250519,PORT008,INS0028,2025-05-19,3983,42.3141,168537.06,-4255.43,EUR,MOCK_FEED
POS00800720250519,PORT008,INS0029,2025-05-19,583,23.1477,13495.11,-224.16,INR,MOCK_FEED
POS00800820250519,PORT008,INS0030,2025-05-19,1265,47.6427,60268.02,-695.82,INR,MOCK_FEED
POS00800920250519,PORT008,INS0031,2025-05-19,2833,37.2489,105526.13,3674.66,GBP,MOCK_FEED
POS00801020250519,PORT008,INS0032,2025-05-19,3101,57.6427,178750.01,-1652.19,INR,MOCK_FEED
POS00800120250520,PORT008,INS0023,2025-05-20,3667,52.2186,191485.61,-3829.46,GBP,MOCK_FEED
POS00800220250520,PORT008,INS0024,2025-05-20,2695,58.4808,157605.76,-3546.83,INR,MOCK_FEED
POS00800320250520,PORT008,INS0025,2025-05-20,2678,26.1117,69927.13,-1501.29,USD,MOCK_FEED
POS00800420250520,PORT008,INS0026,2025-05-20,1109,45.3769,50322.98,-1361.06,INR,MOCK_FEED
POS00800520250520,PORT008,INS0027,2025-05-20,3238,16.42,53167.96,-607.68,INR,MOCK_FEED
POS00800620250520,PORT008,INS0028,2025-05-20,2080,42.8893,89209.74,-1254.14,EUR,MOCK_FEED
POS00800720250520,PORT008,INS0029,2025-05-20,2537,23.5172,59663.14,-1004.44,INR,MOCK_FEED
POS00800820250520,PORT008,INS0030,2025-05-20,4787,48.5626,232469.17,3664.52,USD,MOCK_FEED
POS00800920250520,PORT008,INS0031,2025-05-20,1938,37.1786,72052.13,1722.55,USD,MOCK_FEED
POS00801020250520,PORT008,INS0032,2025-05-20,3281,57.4497,188492.47,2132.89,GBP,MOCK_FEED
POS00800120250521,PORT008,INS0023,2025-05-21,2534,51.1,129487.4,238.73,EUR,MOCK_FEED
POS00800220250521,PORT008,INS0024,2025-05-21,4891,59.4351,290697.07,-1892.43,GBP,MOCK_FEED
POS00800320250521,PORT008,INS0025,2025-05-21,4840,26.272,127156.48,-3238.97,INR,MOCK_FEED
POS00800420250521,PORT008,INS0026,2025-05-21,348,46.0664,16031.11,568.21,GBP,MOCK_FEED
POS00800520250521,PORT008,INS0027,2025-05-21,632,16.4638,10405.12,-301.39,INR,MOCK_FEED
POS00800620250521,PORT008,INS0028,2025-05-21,3864,42.2223,163146.97,6500.38,INR,MOCK_FEED
POS00800720250521,PORT008,INS0029,2025-05-21,1091,23.5223,25662.83,-178.56,INR,MOCK_FEED
POS00800820250521,PORT008,INS0030,2025-05-21,3658,48.556,177617.85,-1596.64,GBP,MOCK_FEED
POS00800920250521,PORT008,INS0031,2025-05-21,3372,37.2877,125734.12,-186.28,EUR,MOCK_FEED
POS00801020250521,PORT008,INS0032,2025-05-21,1195,58.4278,69821.22,-1015.64,INR,MOCK_FEED
POS00800120250522,PORT008,INS0023,2025-05-22,3120,51.2114,159779.57,4905.48,GBP,MOCK_FEED
POS00800220250522,PORT008,INS0024,2025-05-22,4271,58.8263,251247.13,6862.21,USD,MOCK_FEED
POS00800320250522,PORT008,INS0025,2025-05-22,2880,26.448,76170.24,-1554.86,EUR,MOCK_FEED
POS00800420250522,PORT008,INS0026,2025-05-22,2766,46.3552,128218.48,4344.76,INR,MOCK_FEED
POS00800520250522,PORT008,INS0027,2025-05-22,3854,16.4591,63433.37,1394.94,EUR,MOCK_FEED
POS00800620250522,PORT008,INS0028,2025-05-22,4651,41.7779,194309.01,-2713.61,INR,MOCK_FEED
POS00800720250522,PORT008,INS0029,2025-05-22,3912,23.569,92201.93,3275.07,INR,MOCK_FEED
POS00800820250522,PORT008,INS0030,2025-05-22,1616,48.7967,78855.47,-2209.46,GBP,MOCK_FEED
POS00800920250522,PORT008,INS0031,2025-05-22,2658,37.5838,99897.74,925.01,INR,MOCK_FEED
POS00801020250522,PORT008,INS0032,2025-05-22,3664,58.1555,213081.75,-2622.52,INR,MOCK_FEED
POS00800120250523,PORT008,INS0023,2025-05-23,2452,51.9554,127394.64,3715.83,USD,MOCK_FEED
POS00800220250523,PORT008,INS0024,2025-05-23,1481,58.7836,87058.51,2777.82,GBP,MOCK_FEED
POS00800320250523,PORT008,INS0025,2025-05-23,1609,26.1316,42045.74,-63.57,EUR,MOCK_FEED
POS00800420250523,PORT008,INS0026,2025-05-23,1302,46.4567,60486.62,1197.22,EUR,MOCK_FEED
POS00800520250523,PORT008,INS0027,2025-05-23,2488,16.7738,41733.21,-1079.41,GBP,MOCK_FEED
POS00800620250523,PORT008,INS0028,2025-05-23,2804,41.42,116141.68,4423.39,USD,MOCK_FEED
POS00800720250523,PORT008,INS0029,2025-05-23,3735,23.8042,88908.69,-278.74,GBP,MOCK_FEED
POS00800820250523,PORT008,INS0030,2025-05-23,4187,48.838,204484.71,394.0,USD,MOCK_FEED
POS00800920250523,PORT008,INS0031,2025-05-23,3793,37.6943,142974.48,-3923.69,EUR,MOCK_FEED
POS00801020250523,PORT008,INS0032,2025-05-23,659,58.8146,38758.82,1547.89,USD,MOCK_FEED
POS00800120250524,PORT008,INS0023,2025-05-24,704,51.9052,36541.26,-608.62,GBP,MOCK_FEED
POS00800220250524,PORT008,INS0024,2025-05-24,2739,58.7216,160838.46,1715.92,GBP,MOCK_FEED
POS00800320250524,PORT008,INS0025,2025-05-24,1309,26.1878,34279.83,29.56,EUR,MOCK_FEED
POS00800420250524,PORT008,INS0026,2025-05-24,1405,46.5761,65439.42,-1786.57,GBP,MOCK_FEED
POS00800520250524,PORT008,INS0027,2025-05-24,3348,16.6948,55894.19,-55.05,INR,MOCK_FEED
POS00800620250524,PORT008,INS0028,2025-05-24,2972,42.0604,125003.51,-1067.89,GBP,MOCK_FEED
POS00800720250524,PORT008,INS0029,2025-05-24,2917,23.6062,68859.29,661.84,EUR,MOCK_FEED
POS00800820250524,PORT008,INS0030,2025-05-24,2495,48.9554,122143.72,-2191.84,EUR,MOCK_FEED
POS00800920250524,PORT008,INS0031,2025-05-24,4314,37.7823,162992.84,6480.28,EUR,MOCK_FEED
POS00801020250524,PORT008,INS0032,2025-05-24,1219,60.1534,73326.99,499.11,INR,MOCK_FEED
POS00800120250525,PORT008,INS0023,2025-05-25,3670,52.5129,192722.34,868.2,USD,MOCK_FEED
POS00800220250525,PORT008,INS0024,2025-05-25,1383,59.195,81866.68,-124.88,EUR,MOCK_FEED
POS00800320250525,PORT008,INS0025,2025-05-25,905,25.8422,23387.19,343.05,INR,MOCK_FEED
POS00800420250525,PORT008,INS0026,2025-05-25,4737,46.5678,220591.67,1053.16,INR,MOCK_FEED
POS00800520250525,PORT008,INS0027,2025-05-25,2510,16.8887,42390.64,1359.38,GBP,MOCK_FEED
POS00800620250525,PORT008,INS0028,2025-05-25,2731,42.4105,115823.08,1320.47,EUR,MOCK_FEED
POS00800720250525,PORT008,INS0029,2025-05-25,4329,23.5642,102009.42,1825.02,GBP,MOCK_FEED
POS00800820250525,PORT008,INS0030,2025-05-25,216,49.3736,10664.7,-309.52,USD,MOCK_FEED
POS00800920250525,PORT008,INS0031,2025-05-25,1097,37.4224,41052.37,639.54,USD,MOCK_FEED
POS00801020250525,PORT008,INS0032,2025-05-25,3592,59.7969,214790.46,-760.59,USD,MOCK_FEED
POS00800120250526,PORT008,INS0023,2025-05-26,2041,52.2195,106580.0,-416.27,GBP,MOCK_FEED
POS00800220250526,PORT008,INS0024,2025-05-26,1953,57.7845,112853.13,-2578.35,INR,MOCK_FEED
POS00800320250526,PORT008,INS0025,2025-05-26,1164,25.4617,29637.42,-458.74,USD,MOCK_FEED
POS00800420250526,PORT008,INS0026,2025-05-26,2542,47.3982,120486.22,-1192.31,EUR,MOCK_FEED
POS00800520250526,PORT008,INS0027,2025-05-26,2279,16.557,37733.4,1170.57,EUR,MOCK_FEED
POS00800620250526,PORT008,INS0028,2025-05-26,3451,42.3175,146037.69,-2542.45,USD,MOCK_FEED
POS00800720250526,PORT008,INS0029,2025-05-26,742,23.3894,17354.93,-105.94,EUR,MOCK_FEED
POS00800820250526,PORT008,INS0030,2025-05-26,1591,48.6092,77337.24,1492.17,EUR,MOCK_FEED
POS00800920250526,PORT008,INS0031,2025-05-26,4423,36.6139,161943.28,-3102.81,GBP,MOCK_FEED
POS00801020250526,PORT008,INS0032,2025-05-26,1209,58.8282,71123.29,-212.38,GBP,MOCK_FEED
POS00800120250527,PORT008,INS0023,2025-05-27,682,51.0399,34809.21,-797.87,EUR,MOCK_FEED
POS00800220250527,PORT008,INS0024,2025-05-27,852,58.0354,49446.16,1426.35,EUR,MOCK_FEED
POS00800320250527,PORT008,INS0025,2025-05-27,3096,25.3897,78606.51,1903.24,EUR,MOCK_FEED
POS00800420250527,PORT008,INS0026,2025-05-27,2650,47.0011,124552.92,1803.0,USD,MOCK_FEED
POS00800520250527,PORT008,INS0027,2025-05-27,4465,16.4429,73417.55,2410.39,USD,MOCK_FEED
POS00800620250527,PORT008,INS0028,2025-05-27,1005,43.0759,43291.28,231.47,INR,MOCK_FEED
POS00800720250527,PORT008,INS0029,2025-05-27,2253,23.29,52472.37,-686.44,INR,MOCK_FEED
POS00800820250527,PORT008,INS0030,2025-05-27,344,48.7092,16755.96,-106.11,GBP,MOCK_FEED
POS00800920250527,PORT008,INS0031,2025-05-27,3173,36.8709,116991.37,1669.61,USD,MOCK_FEED
POS00801020250527,PORT008,INS0032,2025-05-27,3289,58.134,191202.73,-124.01,GBP,MOCK_FEED
POS00800120250528,PORT008,INS0023,2025-05-28,3917,51.1073,200187.29,7286.13,USD,MOCK_FEED
POS00800220250528,PORT008,INS0024,2025-05-28,941,57.9523,54533.11,1753.06,USD,MOCK_FEED
POS00800320250528,PORT008,INS0025,2025-05-28,2812,25.2814,71091.3,-1339.55,GBP,MOCK_FEED
POS00800420250528,PORT008,INS0026,2025-05-28,2800,47.1187,131932.36,-3460.42,USD,MOCK_FEED
POS00800520250528,PORT008,INS0027,2025-05-28,3985,16.3081,64987.78,-165.15,EUR,MOCK_FEED
POS00800620250528,PORT008,INS0028,2025-05-28,4426,43.7955,193838.88,409.73,USD,MOCK_FEED
POS00800720250528,PORT008,INS0029,2025-05-28,932,23.409,21817.19,119.67,USD,MOCK_FEED
POS00800820250528,PORT008,INS0030,2025-05-28,2766,49.2334,136179.58,-251.52,GBP,MOCK_FEED
POS00800920250528,PORT008,INS0031,2025-05-28,2986,36.8624,110071.13,-2986.6,GBP,MOCK_FEED
POS00801020250528,PORT008,INS0032,2025-05-28,4607,58.8542,271141.3,-2664.18,USD,MOCK_FEED
POS00800120250529,PORT008,INS0023,2025-05-29,2913,51.2845,149391.75,734.56,GBP,MOCK_FEED
POS00800220250529,PORT008,INS0024,2025-05-29,3966,57.7849,229174.91,4905.37,EUR,MOCK_FEED
POS00800320250529,PORT008,INS0025,2025-05-29,129,24.5193,3162.99,4.72,INR,MOCK_FEED
POS00800420250529,PORT008,INS0026,2025-05-29,2064,46.3089,95581.57,1501.06,GBP,MOCK_FEED
POS00800520250529,PORT008,INS0027,2025-05-29,1372,16.5377,22689.72,160.03,GBP,MOCK_FEED
POS00800620250529,PORT008,INS0028,2025-05-29,602,43.3825,26116.26,-196.38,GBP,MOCK_FEED
POS00800720250529,PORT008,INS0029,2025-05-29,4821,22.8578,110197.45,2654.0,USD,MOCK_FEED
POS00800820250529,PORT008,INS0030,2025-05-29,378,50.0708,18926.76,167.64,USD,MOCK_FEED
POS00800920250529,PORT008,INS0031,2025-05-29,656,36.7854,24131.22,452.09,GBP,MOCK_FEED
POS00801020250529,PORT008,INS0032,2025-05-29,2740,59.7038,163588.41,2990.79,GBP,MOCK_FEED
POS00800120250530,PORT008,INS0023,2025-05-30,2546,50.9861,129810.61,-2407.03,USD,MOCK_FEED
POS00800220250530,PORT008,INS0024,2025-05-30,4448,56.9864,253475.51,8383.46,EUR,MOCK_FEED
POS00800320250530,PORT008,INS0025,2025-05-30,3434,25.2205,86607.2,-1872.27,USD,MOCK_FEED
POS00800420250530,PORT008,INS0026,2025-05-30,2577,46.0404,118646.11,-1408.24,INR,MOCK_FEED
POS00800520250530,PORT008,INS0027,2025-05-30,3027,16.4711,49858.02,1510.31,INR,MOCK_FEED
POS00800620250530,PORT008,INS0028,2025-05-30,588,42.1705,24796.25,-519.22,GBP,MOCK_FEED
POS00800720250530,PORT008,INS0029,2025-05-30,1849,23.1219,42752.39,1210.29,GBP,MOCK_FEED
POS00800820250530,PORT008,INS0030,2025-05-30,1063,49.9582,53105.57,671.15,GBP,MOCK_FEED
POS00800920250530,PORT008,INS0031,2025-05-30,1153,36.419,41991.11,-737.73,INR,MOCK_FEED
POS00801020250530,PORT008,INS0032,2025-05-30,1772,59.0432,104624.55,2447.68,INR,MOCK_FEED
POS00800120250531,PORT008,INS0023,2025-05-31,2064,51.2862,105854.72,-1119.69,INR,MOCK_FEED
POS00800220250531,PORT008,INS0024,2025-05-31,1562,58.4473,91294.68,-2174.11,EUR,MOCK_FEED
POS00800320250531,PORT008,INS0025,2025-05-31,2792,24.8143,69281.53,-2024.02,EUR,MOCK_FEED
POS00800420250531,PORT008,INS0026,2025-05-31,970,46.0326,44651.62,-283.63,GBP,MOCK_FEED
POS00800520250531,PORT008,INS0027,2025-05-31,194,16.5998,3220.36,-26.97,EUR,MOCK_FEED
POS00800620250531,PORT008,INS0028,2025-05-31,3406,41.7708,142271.34,4397.76,GBP,MOCK_FEED
POS00800720250531,PORT008,INS0029,2025-05-31,3670,23.4967,86232.89,-902.35,INR,MOCK_FEED
POS00800820250531,PORT008,INS0030,2025-05-31,2311,48.6748,112487.46,3258.16,GBP,MOCK_FEED
POS00800920250531,PORT008,INS0031,2025-05-31,727,37.1107,26979.48,-764.09,INR,MOCK_FEED
POS00801020250531,PORT008,INS0032,2025-05-31,410,58.9765,24180.37,-156.73,EUR,MOCK_FEED
POS00800120250601,PORT008,INS0023,2025-06-01,3052,51.0571,155826.27,-2749.66,INR,MOCK_FEED
POS00800220250601,PORT008,INS0024,2025-06-01,2712,58.8682,159650.56,-2135.11,INR,MOCK_FEED
POS00800320250601,PORT008,INS0025,2025-06-01,1132,24.8652,28147.41,-793.27,USD,MOCK_FEED
POS00800420250601,PORT008,INS0026,2025-06-01,1779,47.1912,83953.14,1708.78,INR,MOCK_FEED
POS00800520250601,PORT008,INS0027,2025-06-01,1805,16.4799,29746.22,-618.58,INR,MOCK_FEED
POS00800620250601,PORT008,INS0028,2025-06-01,3865,41.6192,160858.21,-418.5,INR,MOCK_FEED
POS00800720250601,PORT008,INS0029,2025-06-01,2810,23.6655,66500.06,-1833.54,GBP,MOCK_FEED
POS00800820250601,PORT008,INS0030,2025-06-01,2322,48.1618,111831.7,-2103.1,INR,MOCK_FEED
POS00800920250601,PORT008,INS0031,2025-06-01,1877,36.6302,68754.89,-2012.31,USD,MOCK_FEED
POS00801020250601,PORT008,INS0032,2025-06-01,1096,59.4927,65204.0,1826.9,INR,MOCK_FEED
POS00800120250602,PORT008,INS0023,2025-06-02,2403,51.5704,123923.67,-270.91,EUR,MOCK_FEED
POS00800220250602,PORT008,INS0024,2025-06-02,1478,59.5969,88084.22,-729.08,GBP,MOCK_FEED
POS00800320250602,PORT008,INS0025,2025-06-02,1132,24.9804,28277.81,38.12,INR,MOCK_FEED
POS00800420250602,PORT008,INS0026,2025-06-02,1273,47.4762,60437.2,1686.68,EUR,MOCK_FEED
POS00800520250602,PORT008,INS0027,2025-06-02,295,16.8636,4974.76,120.68,EUR,MOCK_FEED
POS00800620250602,PORT008,INS0028,2025-06-02,3595,42.0944,151329.37,3324.5,INR,MOCK_FEED
POS00800720250602,PORT008,INS0029,2025-06-02,2392,23.3309,55807.51,-331.9,GBP,MOCK_FEED
POS00800820250602,PORT008,INS0030,2025-06-02,3009,47.9523,144288.47,-4310.22,USD,MOCK_FEED
POS00800920250602,PORT008,INS0031,2025-06-02,454,36.8298,16720.73,-459.33,USD,MOCK_FEED
POS00801020250602,PORT008,INS0032,2025-06-02,2650,59.5801,157887.27,4094.76,USD,MOCK_FEED
POS00800120250603,PORT008,INS0023,2025-06-03,4570,51.8333,236878.18,9380.42,USD,MOCK_FEED
POS00800220250603,PORT008,INS0024,2025-06-03,1378,59.2198,81604.88,2030.09,INR,MOCK_FEED
POS00800320250603,PORT008,INS0025,2025-06-03,1997,25.1559,50236.33,-523.64,INR,MOCK_FEED
POS00800420250603,PORT008,INS0026,2025-06-03,3139,47.091,147818.65,-4303.33,USD,MOCK_FEED
POS00800520250603,PORT008,INS0027,2025-06-03,998,16.9299,16896.04,-430.71,INR,MOCK_FEED
POS00800620250603,PORT008,INS0028,2025-06-03,3486,41.4061,144341.66,125.96,USD,MOCK_FEED
POS00800720250603,PORT008,INS0029,2025-06-03,3014,23.5272,70910.98,-2108.51,EUR,MOCK_FEED
POS00800820250603,PORT008,INS0030,2025-06-03,1015,47.4569,48168.75,191.51,EUR,MOCK_FEED
POS00800920250603,PORT008,INS0031,2025-06-03,3655,36.6672,134018.62,779.87,INR,MOCK_FEED
POS00801020250603,PORT008,INS0032,2025-06-03,2064,59.7104,123242.27,2937.06,EUR,MOCK_FEED
POS00800120250604,PORT008,INS0023,2025-06-04,3148,52.0979,164004.19,-2365.99,USD,MOCK_FEED
POS00800220250604,PORT008,INS0024,2025-06-04,4246,59.1877,251310.97,7392.92,INR,MOCK_FEED
POS00800320250604,PORT008,INS0025,2025-06-04,1810,25.0562,45351.72,-836.82,GBP,MOCK_FEED
POS00800420250604,PORT008,INS0026,2025-06-04,136,48.2414,6560.83,-38.49,INR,MOCK_FEED
POS00800520250604,PORT008,INS0027,2025-06-04,4041,17.0706,68982.29,-902.21,EUR,MOCK_FEED
POS00800620250604,PORT008,INS0028,2025-06-04,2840,40.979,116380.36,2456.49,INR,MOCK_FEED
POS00800720250604,PORT008,INS0029,2025-06-04,4944,23.7416,117378.47,-2771.96,EUR,MOCK_FEED
POS00800820250604,PORT008,INS0030,2025-06-04,1376,46.4079,63857.27,-1672.3,GBP,MOCK_FEED
POS00800920250604,PORT008,INS0031,2025-06-04,3259,36.1356,117765.92,-3004.73,GBP,MOCK_FEED
POS00801020250604,PORT008,INS0032,2025-06-04,4880,60.3486,294501.17,-3560.07,INR,MOCK_FEED
POS00800120250605,PORT008,INS0023,2025-06-05,2538,51.7254,131279.07,43.33,EUR,MOCK_FEED
POS00800220250605,PORT008,INS0024,2025-06-05,2061,58.8228,121233.79,4625.43,INR,MOCK_FEED
POS00800320250605,PORT008,INS0025,2025-06-05,2233,25.0033,55832.37,-698.29,GBP,MOCK_FEED
POS00800420250605,PORT008,INS0026,2025-06-05,1956,47.1524,92230.09,1733.0,INR,MOCK_FEED
POS00800520250605,PORT008,INS0027,2025-06-05,946,17.044,16123.62,338.58,INR,MOCK_FEED
POS00800620250605,PORT008,INS0028,2025-06-05,2107,40.9538,86289.66,-298.24,GBP,MOCK_FEED
POS00800720250605,PORT008,INS0029,2025-06-05,4328,23.3505,101060.96,-2303.12,USD,MOCK_FEED
POS00800820250605,PORT008,INS0030,2025-06-05,1151,45.7483,52656.29,-901.18,INR,MOCK_FEED
POS00800920250605,PORT008,INS0031,2025-06-05,3674,36.9982,135931.39,-2867.4,USD,MOCK_FEED
POS00801020250605,PORT008,INS0032,2025-06-05,2628,60.3977,158725.16,-2413.83,GBP,MOCK_FEED
POS00800120250606,PORT008,INS0023,2025-06-06,663,51.592,34205.5,460.29,EUR,MOCK_FEED
POS00800220250606,PORT008,INS0024,2025-06-06,2915,59.606,173751.49,4007.66,INR,MOCK_FEED
POS00800320250606,PORT008,INS0025,2025-06-06,1540,25.3964,39110.46,-941.83,EUR,MOCK_FEED
POS00800420250606,PORT008,INS0026,2025-06-06,3811,46.9623,178973.33,-4105.8,INR,MOCK_FEED
POS00800520250606,PORT008,INS0027,2025-06-06,4452,17.0558,75932.42,-433.65,INR,MOCK_FEED
POS00800620250606,PORT008,INS0028,2025-06-06,1073,41.1484,44152.23,-1134.41,EUR,MOCK_FEED
POS00800720250606,PORT008,INS0029,2025-06-06,866,23.3554,20225.78,294.2,INR,MOCK_FEED
POS00800820250606,PORT008,INS0030,2025-06-06,3773,46.2449,174482.01,-1769.56,USD,MOCK_FEED
POS00800920250606,PORT008,INS0031,2025-06-06,3387,37.3481,126498.01,-884.24,EUR,MOCK_FEED
POS00801020250606,PORT008,INS0032,2025-06-06,905,60.5663,54812.5,1212.84,GBP,MOCK_FEED
POS00800120250607,PORT008,INS0023,2025-06-07,3413,52.8371,180333.02,6548.35,GBP,MOCK_FEED
POS00800220250607,PORT008,INS0024,2025-06-07,2159,59.6131,128704.68,-3507.75,GBP,MOCK_FEED
POS00800320250607,PORT008,INS0025,2025-06-07,3090,25.7083,79438.65,-999.78,USD,MOCK_FEED
POS00800420250607,PORT008,INS0026,2025-06-07,2806,46.6126,130794.96,4340.53,USD,MOCK_FEED
POS00800520250607,PORT008,INS0027,2025-06-07,388,16.8803,6549.56,54.56,GBP,MOCK_FEED
POS00800620250607,PORT008,INS0028,2025-06-07,3636,41.2489,149981.0,4311.72,INR,MOCK_FEED
POS00800720250607,PORT008,INS0029,2025-06-07,1695,23.7077,40184.55,-457.94,INR,MOCK_FEED
POS00800820250607,PORT008,INS0030,2025-06-07,4289,46.809,200763.8,7689.84,GBP,MOCK_FEED
POS00800920250607,PORT008,INS0031,2025-06-07,1098,36.5128,40091.05,1018.65,GBP,MOCK_FEED
POS00801020250607,PORT008,INS0032,2025-06-07,1638,60.4302,98984.67,3203.55,USD,MOCK_FEED
POS00800120250608,PORT008,INS0023,2025-06-08,2811,52.5332,147670.83,1416.96,USD,MOCK_FEED
POS00800220250608,PORT008,INS0024,2025-06-08,298,60.9033,18149.18,83.46,INR,MOCK_FEED
POS00800320250608,PORT008,INS0025,2025-06-08,2127,26.0176,55339.44,-79.53,EUR,MOCK_FEED
POS00800420250608,PORT008,INS0026,2025-06-08,818,46.0846,37697.2,811.06,EUR,MOCK_FEED
POS00800520250608,PORT008,INS0027,2025-06-08,900,16.8275,15144.75,315.08,GBP,MOCK_FEED
POS00800620250608,PORT008,INS0028,2025-06-08,413,41.7244,17232.18,-307.19,USD,MOCK_FEED
POS00800720250608,PORT008,INS0029,2025-06-08,3527,24.1847,85299.44,-462.05,USD,MOCK_FEED
POS00800820250608,PORT008,INS0030,2025-06-08,779,46.776,36438.5,-65.82,EUR,MOCK_FEED
POS00800920250608,PORT008,INS0031,2025-06-08,1016,36.8204,37409.53,944.82,INR,MOCK_FEED
POS00801020250608,PORT008,INS0032,2025-06-08,4526,59.8989,271102.42,-7994.01,INR,MOCK_FEED
POS00800120250609,PORT008,INS0023,2025-06-09,4921,51.8331,255070.69,-7597.37,EUR,MOCK_FEED
POS00800220250609,PORT008,INS0024,2025-06-09,2186,61.7561,134998.83,624.95,USD,MOCK_FEED
POS00800320250609,PORT008,INS0025,2025-06-09,4216,26.163,110303.21,51.05,EUR,MOCK_FEED
POS00800420250609,PORT008,INS0026,2025-06-09,661,46.9135,31009.82,46.54,EUR,MOCK_FEED
POS00800520250609,PORT008,INS0027,2025-06-09,3463,17.0057,58890.74,-1205.36,USD,MOCK_FEED
POS00800620250609,PORT008,INS0028,2025-06-09,2877,41.8261,120333.69,701.64,USD,MOCK_FEED
POS00800720250609,PORT008,INS0029,2025-06-09,3759,24.2758,91252.73,-291.84,INR,MOCK_FEED
POS00800820250609,PORT008,INS0030,2025-06-09,3723,46.141,171782.94,-2241.09,INR,MOCK_FEED
POS00800920250609,PORT008,INS0031,2025-06-09,2055,36.7163,75452.0,2486.53,USD,MOCK_FEED
POS00801020250609,PORT008,INS0032,2025-06-09,1038,61.251,63578.54,-642.35,GBP,MOCK_FEED
POS00800120250610,PORT008,INS0023,2025-06-10,1955,51.6043,100886.41,-1966.08,GBP,MOCK_FEED
POS00800220250610,PORT008,INS0024,2025-06-10,1159,62.4111,72334.46,2708.01,EUR,MOCK_FEED
POS00800320250610,PORT008,INS0025,2025-06-10,2482,25.8447,64146.55,346.55,INR,MOCK_FEED
POS00800420250610,PORT008,INS0026,2025-06-10,2466,46.8134,115441.84,2456.86,EUR,MOCK_FEED
POS00800520250610,PORT008,INS0027,2025-06-10,2839,16.9155,48023.1,-792.5,EUR,MOCK_FEED
POS00800620250610,PORT008,INS0028,2025-06-10,3530,42.5598,150236.09,-992.0,EUR,MOCK_FEED
POS00800720250610,PORT008,INS0029,2025-06-10,3556,24.4754,87034.52,185.79,USD,MOCK_FEED
POS00800820250610,PORT008,INS0030,2025-06-10,2138,46.4607,99332.98,-1827.09,INR,MOCK_FEED
POS00800920250610,PORT008,INS0031,2025-06-10,1817,36.4854,66293.97,2057.55,EUR,MOCK_FEED
POS00801020250610,PORT008,INS0032,2025-06-10,672,61.8306,41550.16,243.94,GBP,MOCK_FEED
POS00800120250611,PORT008,INS0023,2025-06-11,3377,52.5876,177588.33,-1384.26,EUR,MOCK_FEED
POS00800220250611,PORT008,INS0024,2025-06-11,4210,63.0622,265491.86,-5345.31,USD,MOCK_FEED
POS00800320250611,PORT008,INS0025,2025-06-11,2262,25.604,57916.25,1331.67,INR,MOCK_FEED
POS00800420250611,PORT008,INS0026,2025-06-11,3719,46.516,172993.0,2043.31,GBP,MOCK_FEED
POS00800520250611,PORT008,INS0027,2025-06-11,3504,17.3957,60954.53,819.7,GBP,MOCK_FEED
POS00800620250611,PORT008,INS0028,2025-06-11,2502,41.8706,104760.24,-2032.98,EUR,MOCK_FEED
POS00800720250611,PORT008,INS0029,2025-06-11,3493,24.1143,84231.25,-649.61,EUR,MOCK_FEED
POS00800820250611,PORT008,INS0030,2025-06-11,2717,46.5982,126607.31,1736.58,EUR,MOCK_FEED
POS00800920250611,PORT008,INS0031,2025-06-11,4102,36.5939,150108.18,-1776.36,GBP,MOCK_FEED
POS00801020250611,PORT008,INS0032,2025-06-11,4278,62.105,265685.19,-3521.05,EUR,MOCK_FEED
POS00800120250612,PORT008,INS0023,2025-06-12,1615,52.5914,84935.11,-884.91,GBP,MOCK_FEED
POS00800220250612,PORT008,INS0024,2025-06-12,2280,63.1313,143939.36,5061.62,GBP,MOCK_FEED
POS00800320250612,PORT008,INS0025,2025-06-12,1355,26.2659,35590.29,-880.82,USD,MOCK_FEED
POS00800420250612,PORT008,INS0026,2025-06-12,799,46.4212,37090.54,422.66,USD,MOCK_FEED
POS00800520250612,PORT008,INS0027,2025-06-12,4383,17.3583,76081.43,-2219.21,USD,MOCK_FEED
POS00800620250612,PORT008,INS0028,2025-06-12,2949,42.1553,124315.98,-310.2,INR,MOCK_FEED
POS00800720250612,PORT008,INS0029,2025-06-12,4391,23.7231,104168.13,-796.47,EUR,MOCK_FEED
POS00800820250612,PORT008,INS0030,2025-06-12,4578,47.2848,216469.81,-6352.12,EUR,MOCK_FEED
POS00800920250612,PORT008,INS0031,2025-06-12,1342,36.1287,48484.72,11.98,EUR,MOCK_FEED
POS00801020250612,PORT008,INS0032,2025-06-12,944,61.8428,58379.6,-1250.76,INR,MOCK_FEED
POS00800120250613,PORT008,INS0023,2025-06-13,2942,52.5234,154523.84,823.53,GBP,MOCK_FEED
POS00800220250613,PORT008,INS0024,2025-06-13,2128,62.5579,133123.21,-1898.52,USD,MOCK_FEED
POS00800320250613,PORT008,INS0025,2025-06-13,3977,25.8789,102920.39,460.74,USD,MOCK_FEED
POS00800420250613,PORT008,INS0026,2025-06-13,2962,47.0181,139267.61,-1974.73,EUR,MOCK_FEED
POS00800520250613,PORT008,INS0027,2025-06-13,2572,17.2842,44454.96,-1041.93,INR,MOCK_FEED
POS00800620250613,PORT008,INS0028,2025-06-13,4334,41.894,181568.6,6714.48,USD,MOCK_FEED
POS00800720250613,PORT008,INS0029,2025-06-13,2474,23.1736,57331.49,1206.36,GBP,MOCK_FEED
POS00800820250613,PORT008,INS0030,2025-06-13,3988,49.019,195487.77,2856.88,USD,MOCK_FEED
POS00800920250613,PORT008,INS0031,2025-06-13,2711,36.4306,98763.36,304.36,USD,MOCK_FEED
POS00801020250613,PORT008,INS0032,2025-06-13,4891,61.1585,299126.22,-360.19,EUR,MOCK_FEED
POS00800120250614,PORT008,INS0023,2025-06-14,1513,52.1766,78943.2,2456.57,GBP,MOCK_FEED
POS00800220250614,PORT008,INS0024,2025-06-14,3026,62.5902,189397.95,5372.19,USD,MOCK_FEED
POS00800320250614,PORT008,INS0025,2025-06-14,856,25.8842,22156.88,96.64,EUR,MOCK_FEED
POS00800420250614,PORT008,INS0026,2025-06-14,2310,47.117,108840.27,1882.98,EUR,MOCK_FEED
POS00800520250614,PORT008,INS0027,2025-06-14,3754,17.2881,64899.53,1293.58,USD,MOCK_FEED
POS00800620250614,PORT008,INS0028,2025-06-14,3422,42.677,146040.69,-4284.31,USD,MOCK_FEED
POS00800720250614,PORT008,INS0029,2025-06-14,4262,22.6427,96503.19,3370.74,INR,MOCK_FEED
POS00800820250614,PORT008,INS0030,2025-06-14,3124,49.6785,155195.63,-3449.69,USD,MOCK_FEED
POS00800920250614,PORT008,INS0031,2025-06-14,3818,36.3247,138687.7,-819.92,INR,MOCK_FEED
POS00801020250614,PORT008,INS0032,2025-06-14,1593,61.6724,98244.13,2922.67,EUR,MOCK_FEED
POS00800120250615,PORT008,INS0023,2025-06-15,983,52.4383,51546.85,-279.23,INR,MOCK_FEED
POS00800220250615,PORT008,INS0024,2025-06-15,2131,63.2388,134761.88,4023.97,USD,MOCK_FEED
POS00800320250615,PORT008,INS0025,2025-06-15,2084,25.7473,53657.37,372.24,EUR,MOCK_FEED
POS00800420250615,PORT008,INS0026,2025-06-15,2196,47.0082,103230.01,3661.79,INR,MOCK_FEED
POS00800520250615,PORT008,INS0027,2025-06-15,1998,17.2118,34389.18,33.64,GBP,MOCK_FEED
POS00800620250615,PORT008,INS0028,2025-06-15,2492,42.6109,106186.36,3872.22,GBP,MOCK_FEED
POS00800720250615,PORT008,INS0029,2025-06-15,2694,22.5846,60842.91,-483.62,USD,MOCK_FEED
POS00800820250615,PORT008,INS0030,2025-06-15,2128,50.5728,107618.92,3540.16,USD,MOCK_FEED
POS00800920250615,PORT008,INS0031,2025-06-15,224,35.5179,7956.01,97.34,INR,MOCK_FEED
POS00801020250615,PORT008,INS0032,2025-06-15,3271,61.3902,200807.34,7241.31,GBP,MOCK_FEED
POS00800120250616,PORT008,INS0023,2025-06-16,829,51.8412,42976.35,-489.56,USD,MOCK_FEED
POS00800220250616,PORT008,INS0024,2025-06-16,914,64.0077,58503.04,1318.42,EUR,MOCK_FEED
POS00800320250616,PORT008,INS0025,2025-06-16,4954,25.79,127763.66,-390.99,INR,MOCK_FEED
POS00800420250616,PORT008,INS0026,2025-06-16,770,46.9802,36174.75,-822.14,INR,MOCK_FEED
POS00800520250616,PORT008,INS0027,2025-06-16,2622,17.2455,45217.7,1494.91,EUR,MOCK_FEED
POS00800620250616,PORT008,INS0028,2025-06-16,2518,42.7812,107723.06,3140.77,INR,MOCK_FEED
POS00800720250616,PORT008,INS0029,2025-06-16,1552,22.8862,35519.38,-480.17,GBP,MOCK_FEED
POS00800820250616,PORT008,INS0030,2025-06-16,489,51.0135,24945.6,698.02,GBP,MOCK_FEED
POS00800920250616,PORT008,INS0031,2025-06-16,2142,35.5776,76207.22,-1193.79,INR,MOCK_FEED
POS00801020250616,PORT008,INS0032,2025-06-16,2800,62.1688,174072.64,2935.08,GBP,MOCK_FEED
POS00800120250617,PORT008,INS0023,2025-06-17,3817,52.4524,200210.81,6256.52,EUR,MOCK_FEED
POS00800220250617,PORT008,INS0024,2025-06-17,553,64.5251,35682.38,-647.81,EUR,MOCK_FEED
POS00800320250617,PORT008,INS0025,2025-06-17,1263,25.6983,32456.95,902.31,EUR,MOCK_FEED
POS00800420250617,PORT008,INS0026,2025-06-17,3246,45.8878,148951.8,-171.83,EUR,MOCK_FEED
POS00800520250617,PORT008,INS0027,2025-06-17,4294,17.361,74548.13,-1495.26,GBP,MOCK_FEED
POS00800620250617,PORT008,INS0028,2025-06-17,3117,42.8644,133608.33,-3664.83,INR,MOCK_FEED
POS00800720250617,PORT008,INS0029,2025-06-17,2326,22.7706,52964.42,-1405.54,EUR,MOCK_FEED
POS00800820250617,PORT008,INS0030,2025-06-17,2855,51.0695,145803.42,-235.18,EUR,MOCK_FEED
POS00800920250617,PORT008,INS0031,2025-06-17,412,35.2152,14508.66,119.08,GBP,MOCK_FEED
POS00801020250617,PORT008,INS0032,2025-06-17,2448,62.8446,153843.58,117.53,EUR,MOCK_FEED
POS00800120250618,PORT008,INS0023,2025-06-18,2144,51.2061,109785.88,235.52,USD,MOCK_FEED
POS00800220250618,PORT008,INS0024,2025-06-18,4103,63.6507,261158.82,7921.62,INR,MOCK_FEED
POS00800320250618,PORT008,INS0025,2025-06-18,4830,25.9381,125281.02,177.51,GBP,MOCK_FEED
POS00800420250618,PORT008,INS0026,2025-06-18,2783,45.5418,126742.83,2291.13,INR,MOCK_FEED
POS00800520250618,PORT008,INS0027,2025-06-18,4335,17.204,74579.34,-2219.13,GBP,MOCK_FEED
POS00800620250618,PORT008,INS0028,2025-06-18,1023,43.3276,44324.13,-614.42,INR,MOCK_FEED
POS00800720250618,PORT008,INS0029,2025-06-18,3504,22.8829,80181.68,3054.45,USD,MOCK_FEED
POS00800820250618,PORT008,INS0030,2025-06-18,3169,51.2819,162512.34,-3012.05,EUR,MOCK_FEED
POS00800920250618,PORT008,INS0031,2025-06-18,4847,35.4675,171910.97,-4188.89,INR,MOCK_FEED
POS00801020250618,PORT008,INS0032,2025-06-18,1297,62.9381,81630.72,955.71,INR,MOCK_FEED
POS00800120250619,PORT008,INS0023,2025-06-19,3134,51.1079,160172.16,-3526.92,EUR,MOCK_FEED
POS00800220250619,PORT008,INS0024,2025-06-19,4081,63.8137,260423.71,-5618.83,USD,MOCK_FEED
POS00800320250619,PORT008,INS0025,2025-06-19,1997,25.8926,51707.52,1231.47,GBP,MOCK_FEED
POS00800420250619,PORT008,INS0026,2025-06-19,3383,45.4929,153902.48,398.33,USD,MOCK_FEED
POS00800520250619,PORT008,INS0027,2025-06-19,369,17.7208,6538.98,17.87,USD,MOCK_FEED
POS00800620250619,PORT008,INS0028,2025-06-19,1919,42.8846,82295.55,-581.91,INR,MOCK_FEED
POS00800720250619,PORT008,INS0029,2025-06-19,289,22.5613,6520.22,239.93,EUR,MOCK_FEED
POS00800820250619,PORT008,INS0030,2025-06-19,2022,50.5426,102197.14,3228.56,EUR,MOCK_FEED
POS00800920250619,PORT008,INS0031,2025-06-19,4013,35.9349,144206.75,2987.82,GBP,MOCK_FEED
POS00801020250619,PORT008,INS0032,2025-06-19,383,62.2253,23832.29,740.12,GBP,MOCK_FEED
POS00800120250620,PORT008,INS0023,2025-06-20,1045,50.7875,53072.94,1635.61,GBP,MOCK_FEED
POS00800220250620,PORT008,INS0024,2025-06-20,1971,63.0518,124275.1,1569.93,EUR,MOCK_FEED
POS00800320250620,PORT008,INS0025,2025-06-20,3611,25.3571,91564.49,869.67,EUR,MOCK_FEED
POS00800420250620,PORT008,INS0026,2025-06-20,1316,44.6626,58775.98,2151.29,EUR,MOCK_FEED
POS00800520250620,PORT008,INS0027,2025-06-20,4888,17.3918,85011.12,-1705.91,GBP,MOCK_FEED
POS00800620250620,PORT008,INS0028,2025-06-20,2023,42.8293,86643.67,2416.58,USD,MOCK_FEED
POS00800720250620,PORT008,INS0029,2025-06-20,2925,22.4702,65725.33,339.84,GBP,MOCK_FEED
POS00800820250620,PORT008,INS0030,2025-06-20,972,49.909,48511.55,-1019.23,GBP,MOCK_FEED
POS00800920250620,PORT008,INS0031,2025-06-20,1221,36.3754,44414.36,-279.12,EUR,MOCK_FEED
POS00801020250620,PORT008,INS0032,2025-06-20,4839,60.2309,291457.33,11385.24,EUR,MOCK_FEED
POS00800120250621,PORT008,INS0023,2025-06-21,1630,50.6324,82530.81,-724.64,INR,MOCK_FEED
POS00800220250621,PORT008,INS0024,2025-06-21,3487,62.6251,218373.72,-6275.64,USD,MOCK_FEED
POS00800320250621,PORT008,INS0025,2025-06-21,1796,25.5709,45925.34,539.41,INR,MOCK_FEED
POS00800420250621,PORT008,INS0026,2025-06-21,3177,46.3351,147206.61,-1798.05,INR,MOCK_FEED
POS00800520250621,PORT008,INS0027,2025-06-21,896,17.7547,15908.21,445.36,EUR,MOCK_FEED
POS00800620250621,PORT008,INS0028,2025-06-21,1741,42.2395,73538.97,-1989.8,INR,MOCK_FEED
POS00800720250621,PORT008,INS0029,2025-06-21,3551,22.6976,80599.18,-1019.39,USD,MOCK_FEED
POS00800820250621,PORT008,INS0030,2025-06-21,4815,49.6104,238874.08,1567.92,EUR,MOCK_FEED
POS00800920250621,PORT008,INS0031,2025-06-21,4372,36.3007,158706.66,4511.19,GBP,MOCK_FEED
POS00801020250621,PORT008,INS0032,2025-06-21,1353,60.259,81530.43,1820.46,EUR,MOCK_FEED
POS00800120250622,PORT008,INS0023,2025-06-22,4278,50.0134,213957.33,2332.76,GBP,MOCK_FEED
POS00800220250622,PORT008,INS0024,2025-06-22,1059,62.9108,66622.54,-167.43,USD,MOCK_FEED
POS00800320250622,PORT008,INS0025,2025-06-22,2007,25.6051,51389.44,-823.23,GBP,MOCK_FEED
POS00800420250622,PORT008,INS0026,2025-06-22,4936,46.3221,228645.89,-1443.71,INR,MOCK_FEED
POS00800520250622,PORT008,INS0027,2025-06-22,114,17.9014,2040.76,59.03,USD,MOCK_FEED
POS00800620250622,PORT008,INS0028,2025-06-22,2429,42.1552,102394.98,-2010.1,INR,MOCK_FEED
POS00800720250622,PORT008,INS0029,2025-06-22,3254,22.7033,73876.54,681.75,INR,MOCK_FEED
POS00800820250622,PORT008,INS0030,2025-06-22,452,50.3885,22775.6,-399.47,GBP,MOCK_FEED
POS00800920250622,PORT008,INS0031,2025-06-22,1913,36.297,69436.16,-1808.88,USD,MOCK_FEED
POS00801020250622,PORT008,INS0032,2025-06-22,142,60.9007,8647.9,306.72,GBP,MOCK_FEED
POS00800120250623,PORT008,INS0023,2025-06-23,4627,49.6262,229620.43,-837.85,USD,MOCK_FEED
POS00800220250623,PORT008,INS0024,2025-06-23,4394,63.0307,276956.9,-453.14,EUR,MOCK_FEED
POS00800320250623,PORT008,INS0025,2025-06-23,2360,25.2373,59560.03,-672.38,EUR,MOCK_FEED
POS00800420250623,PORT008,INS0026,2025-06-23,3141,46.4397,145867.1,2214.45,USD,MOCK_FEED
POS00800520250623,PORT008,INS0027,2025-06-23,3756,18.0743,67887.07,1954.21,EUR,MOCK_FEED
POS00800620250623,PORT008,INS0028,2025-06-23,2039,41.7998,85229.79,1598.0,USD,MOCK_FEED
POS00800720250623,PORT008,INS0029,2025-06-23,2380,22.8891,54476.06,-1376.34,INR,MOCK_FEED
POS00800820250623,PORT008,INS0030,2025-06-23,283,49.544,14020.95,-219.42,USD,MOCK_FEED
POS00800920250623,PORT008,INS0031,2025-06-23,568,36.258,20594.54,542.24,EUR,MOCK_FEED
POS00801020250623,PORT008,INS0032,2025-06-23,1740,60.5021,105273.65,3304.48,EUR,MOCK_FEED
POS00800120250624,PORT008,INS0023,2025-06-24,4974,48.9506,243480.28,8328.33,USD,MOCK_FEED
POS00800220250624,PORT008,INS0024,2025-06-24,3295,62.781,206863.39,-2186.66,GBP,MOCK_FEED
POS00800320250624,PORT008,INS0025,2025-06-24,2021,25.4154,51364.52,-1384.92,INR,MOCK_FEED
POS00800420250624,PORT008,INS0026,2025-06-24,4949,45.7976,226652.32,-981.82,USD,MOCK_FEED
POS00800520250624,PORT008,INS0027,2025-06-24,2932,18.0219,52840.21,-857.7,USD,MOCK_FEED
POS00800620250624,PORT008,INS0028,2025-06-24,4694,41.4847,194729.18,6224.71,GBP,MOCK_FEED
POS00800720250624,PORT008,INS0029,2025-06-24,3408,22.5186,76743.39,116.12,GBP,MOCK_FEED
POS00800820250624,PORT008,INS0030,2025-06-24,590,49.3833,29136.15,-696.61,INR,MOCK_FEED
POS00800920250624,PORT008,INS0031,2025-06-24,108,36.3742,3928.41,-0.83,INR,MOCK_FEED
POS00801020250624,PORT008,INS0032,2025-06-24,3262,60.5767,197601.2,7652.04,INR,MOCK_FEED
POS00800120250625,PORT008,INS0023,2025-06-25,3180,49.1311,156236.9,841.77,INR,MOCK_FEED
POS00800220250625,PORT008,INS0024,2025-06-25,4604,62.6145,288277.16,-5735.16,EUR,MOCK_FEED
POS00800320250625,PORT008,INS0025,2025-06-25,4178,25.1819,105209.98,3959.7,INR,MOCK_FEED
POS00800420250625,PORT008,INS0026,2025-06-25,2853,45.5511,129957.29,-2777.49,GBP,MOCK_FEED
POS00800520250625,PORT008,INS0027,2025-06-25,1228,18.175,22318.9,-0.7,GBP,MOCK_FEED
POS00800620250625,PORT008,INS0028,2025-06-25,3869,41.808,161755.15,213.41,GBP,MOCK_FEED
POS00800720250625,PORT008,INS0029,2025-06-25,2362,22.546,53253.65,1634.18,INR,MOCK_FEED
POS00800820250625,PORT008,INS0030,2025-06-25,1022,49.5781,50668.82,741.21,EUR,MOCK_FEED
POS00800920250625,PORT008,INS0031,2025-06-25,672,35.9534,24160.68,812.48,INR,MOCK_FEED
POS00801020250625,PORT008,INS0032,2025-06-25,4252,60.6713,257974.37,-2904.06,USD,MOCK_FEED
POS00800120250626,PORT008,INS0023,2025-06-26,542,50.0395,27121.41,-321.85,GBP,MOCK_FEED
POS00800220250626,PORT008,INS0024,2025-06-26,2311,62.583,144629.31,-1014.0,INR,MOCK_FEED
POS00800320250626,PORT008,INS0025,2025-06-26,4473,24.5378,109757.58,3687.79,INR,MOCK_FEED
POS00800420250626,PORT008,INS0026,2025-06-26,4925,45.7516,225326.63,-2546.36,GBP,MOCK_FEED
POS00800520250626,PORT008,INS0027,2025-06-26,4036,18.2018,73462.46,-1886.74,USD,MOCK_FEED
POS00800620250626,PORT008,INS0028,2025-06-26,3839,42.2236,162096.4,-2136.35,EUR,MOCK_FEED
POS00800720250626,PORT008,INS0029,2025-06-26,3754,22.887,85917.8,1673.45,EUR,MOCK_FEED
POS00800820250626,PORT008,INS0030,2025-06-26,4323,49.3209,213214.25,7154.82,EUR,MOCK_FEED
POS00800920250626,PORT008,INS0031,2025-06-26,639,35.8739,22923.42,-175.73,GBP,MOCK_FEED
POS00801020250626,PORT008,INS0032,2025-06-26,1667,61.4917,102506.66,-2956.47,USD,MOCK_FEED
POS00800120250627,PORT008,INS0023,2025-06-27,3292,50.4111,165953.34,-4258.5,GBP,MOCK_FEED
POS00800220250627,PORT008,INS0024,2025-06-27,3450,61.7955,213194.47,3842.4,GBP,MOCK_FEED
POS00800320250627,PORT008,INS0025,2025-06-27,4901,24.2383,118791.91,-181.88,INR,MOCK_FEED
POS00800420250627,PORT008,INS0026,2025-06-27,3240,45.3431,146911.64,-353.44,INR,MOCK_FEED
POS00800520250627,PORT008,INS0027,2025-06-27,4362,17.961,78345.88,1407.12,USD,MOCK_FEED
POS00800620250627,PORT008,INS0028,2025-06-27,1264,41.5215,52483.18,-1155.13,GBP,MOCK_FEED
POS00800720250627,PORT008,INS0029,2025-06-27,886,22.9291,20315.18,-332.61,EUR,MOCK_FEED
POS00800820250627,PORT008,INS0030,2025-06-27,3859,49.2511,190059.99,3076.36,INR,MOCK_FEED
POS00800920250627,PORT008,INS0031,2025-06-27,3593,36.3644,130657.29,1825.67,EUR,MOCK_FEED
POS00801020250627,PORT008,INS0032,2025-06-27,2108,62.7789,132337.92,-1249.87,GBP,MOCK_FEED
POS00800120250628,PORT008,INS0023,2025-06-28,1105,51.2538,56635.45,682.12,EUR,MOCK_FEED
POS00800220250628,PORT008,INS0024,2025-06-28,852,63.3831,54002.4,2075.68,INR,MOCK_FEED
POS00800320250628,PORT008,INS0025,2025-06-28,3487,24.4214,85157.42,2991.87,USD,MOCK_FEED
POS00800420250628,PORT008,INS0026,2025-06-28,2721,45.1552,122867.3,-2397.49,INR,MOCK_FEED
POS00800520250628,PORT008,INS0027,2025-06-28,606,17.868,10828.01,414.44,USD,MOCK_FEED
POS00800620250628,PORT008,INS0028,2025-06-28,1272,42.5375,54107.7,1662.77,USD,MOCK_FEED
POS00800720250628,PORT008,INS0029,2025-06-28,3779,22.9844,86858.05,1801.44,EUR,MOCK_FEED
POS00800820250628,PORT008,INS0030,2025-06-28,4136,49.7888,205926.48,4687.76,GBP,MOCK_FEED
POS00800920250628,PORT008,INS0031,2025-06-28,4869,36.4451,177451.19,5067.72,USD,MOCK_FEED
POS00801020250628,PORT008,INS0032,2025-06-28,2381,63.4792,151143.98,-4117.97,GBP,MOCK_FEED
POS00800120250629,PORT008,INS0023,2025-06-29,2679,51.2333,137254.01,279.11,GBP,MOCK_FEED
POS00800220250629,PORT008,INS0024,2025-06-29,879,63.0962,55461.56,-578.34,USD,MOCK_FEED
POS00800320250629,PORT008,INS0025,2025-06-29,856,24.3379,20833.24,-351.79,INR,MOCK_FEED
POS00800420250629,PORT008,INS0026,2025-06-29,275,44.9046,12348.77,-24.67,INR,MOCK_FEED
POS00800520250629,PORT008,INS0027,2025-06-29,3950,17.4867,69072.46,-709.22,INR,MOCK_FEED
POS00800620250629,PORT008,INS0028,2025-06-29,248,42.5099,10542.46,395.08,USD,MOCK_FEED
POS00800720250629,PORT008,INS0029,2025-06-29,1086,22.9465,24919.9,195.54,INR,MOCK_FEED
POS00800820250629,PORT008,INS0030,2025-06-29,1322,49.8333,65879.62,233.75,INR,MOCK_FEED
POS00800920250629,PORT008,INS0031,2025-06-29,4514,36.5887,165161.39,6193.96,GBP,MOCK_FEED
POS00801020250629,PORT008,INS0032,2025-06-29,3542,64.2933,227726.87,4498.52,USD,MOCK_FEED
POS00800120250630,PORT008,INS0023,2025-06-30,1814,50.9172,92363.8,-112.85,USD,MOCK_FEED
POS00800220250630,PORT008,INS0024,2025-06-30,2729,63.7583,173996.4,636.34,INR,MOCK_FEED
POS00800320250630,PORT008,INS0025,2025-06-30,1520,24.494,37230.88,68.84,INR,MOCK_FEED
POS00800420250630,PORT008,INS0026,2025-06-30,1891,45.3213,85702.58,2716.58,EUR,MOCK_FEED
POS00800520250630,PORT008,INS0027,2025-06-30,1358,17.1249,23255.61,-646.44,EUR,MOCK_FEED
POS00800620250630,PORT008,INS0028,2025-06-30,2518,42.7865,107736.41,-1867.8,USD,MOCK_FEED
POS00800720250630,PORT008,INS0029,2025-06-30,2032,22.7649,46258.28,-133.93,EUR,MOCK_FEED
POS00800820250630,PORT008,INS0030,2025-06-30,1575,49.0361,77231.86,-1235.04,EUR,MOCK_FEED
POS00800920250630,PORT008,INS0031,2025-06-30,1974,37.7069,74433.42,-1392.27,GBP,MOCK_FEED
POS00801020250630,PORT008,INS0032,2025-06-30,3046,64.5064,196486.49,3811.36,GBP,MOCK_FEED
POS00800120250701,PORT008,INS0023,2025-07-01,3501,50.7419,177647.39,6412.91,EUR,MOCK_FEED
POS00800220250701,PORT008,INS0024,2025-07-01,4247,63.7152,270598.45,2840.1,USD,MOCK_FEED
POS00800320250701,PORT008,INS0025,2025-07-01,4451,24.4771,108947.57,-2370.14,USD,MOCK_FEED
POS00800420250701,PORT008,INS0026,2025-07-01,3668,46.0303,168839.14,3368.7,EUR,MOCK_FEED
POS00800520250701,PORT008,INS0027,2025-07-01,2788,17.0461,47524.53,704.37,GBP,MOCK_FEED
POS00800620250701,PORT008,INS0028,2025-07-01,283,42.2005,11942.74,375.58,EUR,MOCK_FEED
POS00800720250701,PORT008,INS0029,2025-07-01,701,22.1794,15547.76,-144.91,GBP,MOCK_FEED
POS00800820250701,PORT008,INS0030,2025-07-01,682,49.89,34024.98,76.89,USD,MOCK_FEED
POS00800920250701,PORT008,INS0031,2025-07-01,2708,37.9565,102786.2,-1306.23,GBP,MOCK_FEED
POS00801020250701,PORT008,INS0032,2025-07-01,2449,63.3488,155141.21,-1857.6,USD,MOCK_FEED
POS00800120250702,PORT008,INS0023,2025-07-02,3027,51.1045,154693.32,3453.17,USD,MOCK_FEED
POS00800220250702,PORT008,INS0024,2025-07-02,3206,63.2312,202719.23,4848.57,INR,MOCK_FEED
POS00800320250702,PORT008,INS0025,2025-07-02,1884,24.4717,46104.68,-723.15,USD,MOCK_FEED
POS00800420250702,PORT008,INS0026,2025-07-02,883,47.259,41729.7,197.52,USD,MOCK_FEED
POS00800520250702,PORT008,INS0027,2025-07-02,2309,16.5876,38300.77,1252.76,GBP,MOCK_FEED
POS00800620250702,PORT008,INS0028,2025-07-02,4930,42.3183,208629.22,826.42,USD,MOCK_FEED
POS00800720250702,PORT008,INS0029,2025-07-02,2789,22.3747,62403.04,1322.51,USD,MOCK_FEED
POS00800820250702,PORT008,INS0030,2025-07-02,1813,50.648,91824.82,-1706.33,USD,MOCK_FEED
POS00800920250702,PORT008,INS0031,2025-07-02,701,38.0231,26654.19,-709.82,USD,MOCK_FEED
POS00801020250702,PORT008,INS0032,2025-07-02,2548,63.4977,161792.14,567.32,GBP,MOCK_FEED
POS00800120250703,PORT008,INS0023,2025-07-03,1217,50.879,61919.74,1761.37,INR,MOCK_FEED
POS00800220250703,PORT008,INS0024,2025-07-03,1898,64.2964,122034.57,3252.1,INR,MOCK_FEED
POS00800320250703,PORT008,INS0025,2025-07-03,4076,24.8377,101238.47,2644.72,GBP,MOCK_FEED
POS00800420250703,PORT008,INS0026,2025-07-03,217,46.9931,10197.5,-269.74,INR,MOCK_FEED
POS00800520250703,PORT008,INS0027,2025-07-03,691,16.7783,11593.81,-239.82,INR,MOCK_FEED
POS00800620250703,PORT008,INS0028,2025-07-03,3293,42.5126,139993.99,-366.56,EUR,MOCK_FEED
POS00800720250703,PORT008,INS0029,2025-07-03,4164,22.4778,93597.56,-1254.4,INR,MOCK_FEED
POS00800820250703,PORT008,INS0030,2025-07-03,4428,50.8956,225365.72,3523.24,GBP,MOCK_FEED
POS00800920250703,PORT008,INS0031,2025-07-03,2240,38.6771,86636.7,-1456.68,USD,MOCK_FEED
POS00801020250703,PORT008,INS0032,2025-07-03,1777,63.6773,113154.56,1718.51,EUR,MOCK_FEED
POS00800120250704,PORT008,INS0023,2025-07-04,2602,51.2956,133471.15,3719.57,EUR,MOCK_FEED
POS00800220250704,PORT008,INS0024,2025-07-04,4578,65.0262,297689.94,-7812.76,EUR,MOCK_FEED
POS00800320250704,PORT008,INS0025,2025-07-04,1708,25.1036,42876.95,-660.52,USD,MOCK_FEED
POS00800420250704,PORT008,INS0026,2025-07-04,1587,46.8223,74306.99,1170.98,USD,MOCK_FEED
POS00800520250704,PORT008,INS0027,2025-07-04,4722,16.6813,78769.1,86.42,USD,MOCK_FEED
POS00800620250704,PORT008,INS0028,2025-07-04,651,43.0276,28010.97,476.43,EUR,MOCK_FEED
POS00800720250704,PORT008,INS0029,2025-07-04,2556,22.4022,57260.02,2228.39,INR,MOCK_FEED
POS00800820250704,PORT008,INS0030,2025-07-04,2270,50.6179,114902.63,-1748.59,INR,MOCK_FEED
POS00800920250704,PORT008,INS0031,2025-07-04,1202,38.451,46218.1,1764.3,GBP,MOCK_FEED
POS00801020250704,PORT008,INS0032,2025-07-04,2258,63.965,144432.97,-1195.1,EUR,MOCK_FEED
POS00800120250705,PORT008,INS0023,2025-07-05,260,51.2352,13321.15,-150.4,INR,MOCK_FEED
POS00800220250705,PORT008,INS0024,2025-07-05,3044,65.3136,198814.6,-2296.08,EUR,MOCK_FEED
POS00800320250705,PORT008,INS0025,2025-07-05,1651,25.2616,41706.9,1593.21,INR,MOCK_FEED
POS00800420250705,PORT008,INS0026,2025-07-05,295,47.3049,13954.95,416.74,GBP,MOCK_FEED
POS00800520250705,PORT008,INS0027,2025-07-05,1241,16.764,20804.12,-183.35,INR,MOCK_FEED
POS00800620250705,PORT008,INS0028,2025-07-05,4462,42.8657,191266.75,-952.92,INR,MOCK_FEED
POS00800720250705,PORT008,INS0029,2025-07-05,4639,22.1838,102910.65,3298.77,USD,MOCK_FEED
POS00800820250705,PORT008,INS0030,2025-07-05,3892,50.3961,196141.62,990.31,INR,MOCK_FEED
POS00800920250705,PORT008,INS0031,2025-07-05,505,38.8605,19624.55,-17.9,USD,MOCK_FEED
POS00801020250705,PORT008,INS0032,2025-07-05,1947,63.8002,124218.99,-760.06,USD,MOCK_FEED
POS00800120250706,PORT008,INS0023,2025-07-06,1100,50.6509,55715.99,-1384.15,USD,MOCK_FEED
POS00800220250706,PORT008,INS0024,2025-07-06,2202,65.6882,144645.42,2732.86,USD,MOCK_FEED
POS00800320250706,PORT008,INS0025,2025-07-06,3336,25.4002,84735.07,1783.96,USD,MOCK_FEED
POS00800420250706,PORT008,INS0026,2025-07-06,1544,47.8883,73939.54,-1871.33,GBP,MOCK_FEED
POS00800520250706,PORT008,INS0027,2025-07-06,4101,16.6123,68127.04,1309.15,INR,MOCK_FEED
POS00800620250706,PORT008,INS0028,2025-07-06,3283,42.5002,139528.16,-1237.48,USD,MOCK_FEED
POS00800720250706,PORT008,INS0029,2025-07-06,901,22.7382,20487.12,466.17,USD,MOCK_FEED
POS00800820250706,PORT008,INS0030,2025-07-06,4926,49.9736,246169.95,6918.86,EUR,MOCK_FEED
POS00800920250706,PORT008,INS0031,2025-07-06,892,39.4366,35177.45,823.71,USD,MOCK_FEED
POS00801020250706,PORT008,INS0032,2025-07-06,4089,64.7678,264835.53,5303.22,GBP,MOCK_FEED
POS00800120250707,PORT008,INS0023,2025-07-07,1934,51.3108,99235.09,3964.29,GBP,MOCK_FEED
POS00800220250707,PORT008,INS0024,2025-07-07,1656,65.1587,107902.81,2100.76,USD,MOCK_FEED
POS00800320250707,PORT008,INS0025,2025-07-07,758,25.4826,19315.81,-376.45,INR,MOCK_FEED
POS00800420250707,PORT008,INS0026,2025-07-07,466,48.7547,22719.69,230.56,INR,MOCK_FEED
POS00800520250707,PORT008,INS0027,2025-07-07,4029,16.586,66824.99,1078.37,EUR,MOCK_FEED
POS00800620250707,PORT008,INS0028,2025-07-07,1351,42.2099,57025.57,251.97,INR,MOCK_FEED
POS00800720250707,PORT008,INS0029,2025-07-07,192,22.494,4318.85,85.97,USD,MOCK_FEED
POS00800820250707,PORT008,INS0030,2025-07-07,1485,49.4429,73422.71,2068.37,INR,MOCK_FEED
POS00800920250707,PORT008,INS0031,2025-07-07,2743,39.221,107583.2,1593.72,INR,MOCK_FEED
POS00801020250707,PORT008,INS0032,2025-07-07,3783,64.0513,242306.07,-3052.16,EUR,MOCK_FEED
POS00800120250708,PORT008,INS0023,2025-07-08,2026,51.5951,104531.67,-1556.59,INR,MOCK_FEED
POS00800220250708,PORT008,INS0024,2025-07-08,272,65.4207,17794.43,117.31,EUR,MOCK_FEED
POS00800320250708,PORT008,INS0025,2025-07-08,2273,25.4531,57854.9,1053.23,EUR,MOCK_FEED
POS00800420250708,PORT008,INS0026,2025-07-08,4974,48.3927,240705.29,9619.08,INR,MOCK_FEED
POS00800520250708,PORT008,INS0027,2025-07-08,3383,16.6549,56343.53,256.13,INR,MOCK_FEED
POS00800620250708,PORT008,INS0028,2025-07-08,4848,41.7868,202582.41,6984.61,EUR,MOCK_FEED
POS00800720250708,PORT008,INS0029,2025-07-08,967,22.9655,22207.64,632.19,USD,MOCK_FEED
POS00800820250708,PORT008,INS0030,2025-07-08,3630,49.0509,178054.77,2859.08,GBP,MOCK_FEED
POS00800920250708,PORT008,INS0031,2025-07-08,3801,38.9526,148058.83,2387.15,USD,MOCK_FEED
POS00801020250708,PORT008,INS0032,2025-07-08,1710,64.5021,110298.59,1791.23,USD,MOCK_FEED
POS00800120250709,PORT008,INS0023,2025-07-09,1737,51.5758,89587.16,1347.95,EUR,MOCK_FEED
POS00800220250709,PORT008,INS0024,2025-07-09,1521,64.5973,98252.49,-1052.53,GBP,MOCK_FEED
POS00800320250709,PORT008,INS0025,2025-07-09,4099,25.8827,106093.19,1965.55,EUR,MOCK_FEED
POS00800420250709,PORT008,INS0026,2025-07-09,4334,48.2986,209326.13,-3921.01,EUR,MOCK_FEED
POS00800520250709,PORT008,INS0027,2025-07-09,427,16.7509,7152.63,-91.19,USD,MOCK_FEED
POS00800620250709,PORT008,INS0028,2025-07-09,616,42.6049,26244.62,-77.87,USD,MOCK_FEED
POS00800720250709,PORT008,INS0029,2025-07-09,2617,22.4854,58844.29,1538.66,INR,MOCK_FEED
POS00800820250709,PORT008,INS0030,2025-07-09,238,49.1354,11694.23,-145.42,INR,MOCK_FEED
POS00800920250709,PORT008,INS0031,2025-07-09,2547,39.4579,100499.27,2489.91,INR,MOCK_FEED
POS00801020250709,PORT008,INS0032,2025-07-09,4440,64.5473,286590.01,6462.34,GBP,MOCK_FEED
POS00800120250710,PORT008,INS0023,2025-07-10,1429,51.7235,73912.88,1195.53,USD,MOCK_FEED
POS00800220250710,PORT008,INS0024,2025-07-10,167,65.3671,10916.31,-62.33,EUR,MOCK_FEED
POS00800320250710,PORT008,INS0025,2025-07-10,3608,25.8013,93091.09,2372.77,GBP,MOCK_FEED
POS00800420250710,PORT008,INS0026,2025-07-10,4963,48.7295,241844.51,8590.14,GBP,MOCK_FEED
POS00800520250710,PORT008,INS0027,2025-07-10,2990,16.7374,50044.83,1470.14,GBP,MOCK_FEED
POS00800620250710,PORT008,INS0028,2025-07-10,184,42.0936,7745.22,-193.78,INR,MOCK_FEED
POS00800720250710,PORT008,INS0029,2025-07-10,1712,22.3029,38182.56,1454.88,GBP,MOCK_FEED
POS00800820250710,PORT008,INS0030,2025-07-10,2560,49.4075,126483.2,1043.12,INR,MOCK_FEED
POS00800920250710,PORT008,INS0031,2025-07-10,1178,39.8047,46889.94,-54.27,USD,MOCK_FEED
POS00801020250710,PORT008,INS0032,2025-07-10,724,64.7254,46861.19,-358.87,EUR,MOCK_FEED
POS00800120250711,PORT008,INS0023,2025-07-11,1319,51.3507,67731.57,-1799.27,EUR,MOCK_FEED
POS00800220250711,PORT008,INS0024,2025-07-11,4823,65.854,317613.84,3654.13,EUR,MOCK_FEED
POS00800320250711,PORT008,INS0025,2025-07-11,1082,25.9518,28079.85,464.77,GBP,MOCK_FEED
POS00800420250711,PORT008,INS0026,2025-07-11,4667,48.8525,227994.62,8088.04,EUR,MOCK_FEED
POS00800520250711,PORT008,INS0027,2025-07-11,4189,16.7661,70233.19,-2042.34,GBP,MOCK_FEED
POS00800620250711,PORT008,INS0028,2025-07-11,4507,42.8614,193176.33,2014.17,INR,MOCK_FEED
POS00800720250711,PORT008,INS0029,2025-07-11,568,22.4204,12734.79,-258.32,USD,MOCK_FEED
POS00800820250711,PORT008,INS0030,2025-07-11,4735,49.9221,236381.14,-4771.96,GBP,MOCK_FEED
POS00800920250711,PORT008,INS0031,2025-07-11,3737,39.8043,148748.67,-3592.52,USD,MOCK_FEED
POS00801020250711,PORT008,INS0032,2025-07-11,4490,66.3969,298122.08,-7049.66,EUR,MOCK_FEED
POS00800120250712,PORT008,INS0023,2025-07-12,2991,51.3343,153540.89,2942.76,EUR,MOCK_FEED
POS00800220250712,PORT008,INS0024,2025-07-12,285,65.5778,18689.67,561.92,GBP,MOCK_FEED
POS00800320250712,PORT008,INS0025,2025-07-12,133,25.8398,3436.69,-46.41,EUR,MOCK_FEED
POS00800420250712,PORT008,INS0026,2025-07-12,4083,47.6594,194593.33,5421.02,INR,MOCK_FEED
POS00800520250712,PORT008,INS0027,2025-07-12,1598,17.0408,27231.2,23.04,EUR,MOCK_FEED
POS00800620250712,PORT008,INS0028,2025-07-12,2365,43.0892,101905.96,3112.84,GBP,MOCK_FEED
POS00800720250712,PORT008,INS0029,2025-07-12,3591,22.169,79608.88,679.4,EUR,MOCK_FEED
POS00800820250712,PORT008,INS0030,2025-07-12,4309,49.4834,213223.97,5534.79,INR,MOCK_FEED
POS00800920250712,PORT008,INS0031,2025-07-12,1044,39.4016,41135.27,-646.24,USD,MOCK_FEED
POS00801020250712,PORT008,INS0032,2025-07-12,784,65.9683,51719.15,1418.33,USD,MOCK_FEED
POS00800120250713,PORT008,INS0023,2025-07-13,1274,51.8202,66018.93,-360.72,GBP,MOCK_FEED
POS00800220250713,PORT008,INS0024,2025-07-13,3981,64.6373,257321.09,-3006.04,EUR,MOCK_FEED
POS00800320250713,PORT008,INS0025,2025-07-13,1840,25.692,47273.28,714.28,EUR,MOCK_FEED
POS00800420250713,PORT008,INS0026,2025-07-13,1685,46.7951,78849.74,-1540.47,EUR,MOCK_FEED
POS00800520250713,PORT008,INS0027,2025-07-13,686,17.0439,11692.12,-308.45,GBP,MOCK_FEED
POS00800620250713,PORT008,INS0028,2025-07-13,2807,42.6793,119800.8,-888.54,INR,MOCK_FEED
POS00800720250713,PORT008,INS0029,2025-07-13,3223,22.96,74000.08,2582.96,USD,MOCK_FEED
POS00800820250713,PORT008,INS0030,2025-07-13,3142,49.5462,155674.16,855.29,EUR,MOCK_FEED
POS00800920250713,PORT008,INS0031,2025-07-13,220,39.9185,8782.07,244.53,INR,MOCK_FEED
POS00801020250713,PORT008,INS0032,2025-07-13,2546,66.1368,168384.29,3888.2,EUR,MOCK_FEED
POS00800120250714,PORT008,INS0023,2025-07-14,3768,51.5417,194209.13,1663.27,GBP,MOCK_FEED
POS00800220250714,PORT008,INS0024,2025-07-14,1129,64.6378,72976.08,-1632.78,USD,MOCK_FEED
POS00800320250714,PORT008,INS0025,2025-07-14,4772,25.4285,121344.8,-3470.87,USD,MOCK_FEED
POS00800420250714,PORT008,INS0026,2025-07-14,2084,46.946,97835.46,3266.22,USD,MOCK_FEED
POS00800520250714,PORT008,INS0027,2025-07-14,4354,16.9267,73698.85,-298.84,EUR,MOCK_FEED
POS00800620250714,PORT008,INS0028,2025-07-14,1538,42.4245,65248.88,-1535.98,USD,MOCK_FEED
POS00800720250714,PORT008,INS0029,2025-07-14,1189,23.7121,28193.69,147.07,USD,MOCK_FEED
POS00800820250714,PORT008,INS0030,2025-07-14,4266,49.3149,210377.36,2386.91,GBP,MOCK_FEED
POS00800920250714,PORT008,INS0031,2025-07-14,2537,40.193,101969.64,-518.5,GBP,MOCK_FEED
POS00801020250714,PORT008,INS0032,2025-07-14,526,66.9419,35211.44,-75.46,USD,MOCK_FEED
POS00800120250715,PORT008,INS0023,2025-07-15,2013,52.7824,106250.97,-145.9,EUR,MOCK_FEED
POS00800220250715,PORT008,INS0024,2025-07-15,389,64.5104,25094.55,561.56,GBP,MOCK_FEED
POS00800320250715,PORT008,INS0025,2025-07-15,1019,25.1282,25605.64,926.77,INR,MOCK_FEED
POS00800420250715,PORT008,INS0026,2025-07-15,2849,47.8834,136419.81,1857.85,EUR,MOCK_FEED
POS00800520250715,PORT008,INS0027,2025-07-15,656,16.8117,11028.48,287.92,USD,MOCK_FEED
POS00800620250715,PORT008,INS0028,2025-07-15,609,43.6964,26611.11,-254.98,USD,MOCK_FEED
POS00800720250715,PORT008,INS0029,2025-07-15,1575,23.5189,37042.27,1234.22,EUR,MOCK_FEED
POS00800820250715,PORT008,INS0030,2025-07-15,163,49.2176,8022.47,206.57,USD,MOCK_FEED
POS00800920250715,PORT008,INS0031,2025-07-15,1210,40.3743,48852.9,-267.23,INR,MOCK_FEED
POS00801020250715,PORT008,INS0032,2025-07-15,2039,66.2237,135030.12,3565.06,EUR,MOCK_FEED
POS00800120250716,PORT008,INS0023,2025-07-16,1670,52.9519,88429.67,203.16,GBP,MOCK_FEED
POS00800220250716,PORT008,INS0024,2025-07-16,178,63.7202,11342.2,-76.53,USD,MOCK_FEED
POS00800320250716,PORT008,INS0025,2025-07-16,3873,25.0489,97014.39,1617.99,INR,MOCK_FEED
POS00800420250716,PORT008,INS0026,2025-07-16,4959,47.0329,233236.15,1861.83,INR,MOCK_FEED
POS00800520250716,PORT008,INS0027,2025-07-16,4428,16.8909,74792.91,-2038.21,USD,MOCK_FEED
POS00800620250716,PORT008,INS0028,2025-07-16,3272,43.4387,142131.43,1110.79,EUR,MOCK_FEED
POS00800720250716,PORT008,INS0029,2025-07-16,4183,23.2437,97228.4,3582.96,EUR,MOCK_FEED
POS00800820250716,PORT008,INS0030,2025-07-16,531,48.7678,25895.7,-223.83,USD,MOCK_FEED
POS00800920250716,PORT008,INS0031,2025-07-16,1817,40.4578,73511.82,1188.65,GBP,MOCK_FEED
POS00801020250716,PORT008,INS0032,2025-07-16,4003,66.2861,265343.26,8404.13,USD,MOCK_FEED
POS00800120250717,PORT008,INS0023,2025-07-17,2344,53.349,125050.06,427.78,EUR,MOCK_FEED
POS00800220250717,PORT008,INS0024,2025-07-17,4285,64.6375,276971.69,-1592.98,INR,MOCK_FEED
POS00800320250717,PORT008,INS0025,2025-07-17,686,25.5398,17520.3,195.35,EUR,MOCK_FEED
POS00800420250717,PORT008,INS0026,2025-07-17,2666,47.4171,126413.99,-3077.82,INR,MOCK_FEED
POS00800520250717,PORT008,INS0027,2025-07-17,3303,16.6283,54923.27,1097.87,GBP,MOCK_FEED
POS00800620250717,PORT008,INS0028,2025-07-17,3867,42.3736,163858.71,265.73,GBP,MOCK_FEED
POS00800720250717,PORT008,INS0029,2025-07-17,1689,23.137,39078.39,-1019.43,EUR,MOCK_FEED
POS00800820250717,PORT008,INS0030,2025-07-17,4599,49.385,227121.61,-5412.4,GBP,MOCK_FEED
POS00800920250717,PORT008,INS0031,2025-07-17,4477,40.2303,180111.05,-5235.71,INR,MOCK_FEED
POS00801020250717,PORT008,INS0032,2025-07-17,3732,66.2808,247359.95,5438.79,USD,MOCK_FEED
POS00800120250718,PORT008,INS0023,2025-07-18,3075,53.3242,163971.91,5506.64,INR,MOCK_FEED
POS00800220250718,PORT008,INS0024,2025-07-18,4420,65.7882,290783.84,9459.84,EUR,MOCK_FEED
POS00800320250718,PORT008,INS0025,2025-07-18,1341,25.3645,34013.79,1329.07,INR,MOCK_FEED
POS00800420250718,PORT008,INS0026,2025-07-18,3656,48.1892,176179.72,-557.59,INR,MOCK_FEED
POS00800520250718,PORT008,INS0027,2025-07-18,3484,16.4779,57409.0,1905.88,USD,MOCK_FEED
POS00800620250718,PORT008,INS0028,2025-07-18,2772,41.6722,115515.34,-1901.27,USD,MOCK_FEED
POS00800720250718,PORT008,INS0029,2025-07-18,210,23.5043,4935.9,31.91,EUR,MOCK_FEED
POS00800820250718,PORT008,INS0030,2025-07-18,4224,48.9061,206579.37,1445.64,USD,MOCK_FEED
POS00800920250718,PORT008,INS0031,2025-07-18,3933,40.2718,158388.99,4199.27,INR,MOCK_FEED
POS00801020250718,PORT008,INS0032,2025-07-18,3287,66.4076,218281.78,1552.99,USD,MOCK_FEED
POS00800120250719,PORT008,INS0023,2025-07-19,2409,53.7779,129550.96,3379.47,GBP,MOCK_FEED
POS00800220250719,PORT008,INS0024,2025-07-19,3460,65.4363,226409.6,-6748.23,GBP,MOCK_FEED
POS00800320250719,PORT008,INS0025,2025-07-19,2744,25.8353,70892.06,-495.77,USD,MOCK_FEED
POS00800420250719,PORT008,INS0026,2025-07-19,826,48.3132,39906.7,1166.49,USD,MOCK_FEED
POS00800520250719,PORT008,INS0027,2025-07-19,3857,16.0466,61891.74,-1010.6,USD,MOCK_FEED
POS00800620250719,PORT008,INS0028,2025-07-19,3033,42.0427,127515.51,-837.8,USD,MOCK_FEED
POS00800720250719,PORT008,INS0029,2025-07-19,3853,23.8104,91741.47,2252.63,EUR,MOCK_FEED
POS00800820250719,PORT008,INS0030,2025-07-19,2187,48.1151,105227.72,3921.95,GBP,MOCK_FEED
POS00800920250719,PORT008,INS0031,2025-07-19,3278,40.2723,132012.6,4463.95,GBP,MOCK_FEED
POS00801020250719,PORT008,INS0032,2025-07-19,3482,67.2027,233999.8,8474.38,INR,MOCK_FEED
POS00800120250720,PORT008,INS0023,2025-07-20,4606,53.3859,245895.46,4782.74,EUR,MOCK_FEED
POS00800220250720,PORT008,INS0024,2025-07-20,3958,65.6449,259822.51,-4893.81,GBP,MOCK_FEED
POS00800320250720,PORT008,INS0025,2025-07-20,1528,25.7745,39383.44,228.07,INR,MOCK_FEED
POS00800420250720,PORT008,INS0026,2025-07-20,2181,48.7611,106347.96,508.42,USD,MOCK_FEED
POS00800520250720,PORT008,INS0027,2025-07-20,3431,15.9598,54758.07,918.57,EUR,MOCK_FEED
POS00800620250720,PORT008,INS0028,2025-07-20,4570,41.7749,190911.29,-4778.58,INR,MOCK_FEED
POS00800720250720,PORT008,INS0029,2025-07-20,4600,23.5142,108165.32,1338.77,INR,MOCK_FEED
POS00800820250720,PORT008,INS0030,2025-07-20,479,48.0671,23024.14,885.5,EUR,MOCK_FEED
POS00800920250720,PORT008,INS0031,2025-07-20,3288,41.2414,135601.72,-3365.92,EUR,MOCK_FEED
POS00801020250720,PORT008,INS0032,2025-07-20,1477,67.1792,99223.68,1512.65,GBP,MOCK_FEED
POS00800120250721,PORT008,INS0023,2025-07-21,247,52.2992,12917.9,352.58,GBP,MOCK_FEED
POS00800220250721,PORT008,INS0024,2025-07-21,1808,65.7268,118834.05,434.14,EUR,MOCK_FEED
POS00800320250721,PORT008,INS0025,2025-07-21,3290,25.8433,85024.46,2722.5,INR,MOCK_FEED
POS00800420250721,PORT008,INS0026,2025-07-21,4706,49.2896,231956.86,-5635.53,EUR,MOCK_FEED
POS00800520250721,PORT008,INS0027,2025-07-21,306,16.3003,4987.89,177.39,INR,MOCK_FEED
POS00800620250721,PORT008,INS0028,2025-07-21,1768,41.5426,73447.32,-1774.69,GBP,MOCK_FEED
POS00800720250721,PORT008,INS0029,2025-07-21,2156,22.914,49402.58,944.95,USD,MOCK_FEED
POS00800820250721,PORT008,INS0030,2025-07-21,2755,48.8373,134546.76,-3160.05,GBP,MOCK_FEED
POS00800920250721,PORT008,INS0031,2025-07-21,1087,41.1223,44699.94,1234.47,GBP,MOCK_FEED
POS00801020250721,PORT008,INS0032,2025-07-21,1834,67.4736,123746.58,-3138.89,GBP,MOCK_FEED
POS00800120250722,PORT008,INS0023,2025-07-22,465,53.2471,24759.9,199.22,USD,MOCK_FEED
POS00800220250722,PORT008,INS0024,2025-07-22,4760,66.738,317672.88,-5938.85,USD,MOCK_FEED
POS00800320250722,PORT008,INS0025,2025-07-22,1907,25.5659,48754.17,-386.46,INR,MOCK_FEED
POS00800420250722,PORT008,INS0026,2025-07-22,2956,49.2953,145716.91,-2117.66,USD,MOCK_FEED
POS00800520250722,PORT008,INS0027,2025-07-22,2251,16.1025,36246.73,-270.72,USD,MOCK_FEED
POS00800620250722,PORT008,INS0028,2025-07-22,1040,41.9698,43648.59,502.62,EUR,MOCK_FEED
POS00800720250722,PORT008,INS0029,2025-07-22,4570,23.053,105352.21,4165.92,INR,MOCK_FEED
POS00800820250722,PORT008,INS0030,2025-07-22,2313,48.4875,112151.59,-1563.35,USD,MOCK_FEED
POS00800920250722,PORT008,INS0031,2025-07-22,3867,41.7357,161391.95,-1640.31,INR,MOCK_FEED
POS00801020250722,PORT008,INS0032,2025-07-22,1136,67.7142,76923.33,-2041.33,INR,MOCK_FEED
POS00800120250723,PORT008,INS0023,2025-07-23,2589,54.9311,142216.62,4207.89,USD,MOCK_FEED
POS00800220250723,PORT008,INS0024,2025-07-23,2832,66.2221,187540.99,-3405.33,USD,MOCK_FEED
POS00800320250723,PORT008,INS0025,2025-07-23,3224,25.9985,83819.16,2508.38,GBP,MOCK_FEED
POS00800420250723,PORT008,INS0026,2025-07-23,132,48.9279,6458.48,-123.71,USD,MOCK_FEED
POS00800520250723,PORT008,INS0027,2025-07-23,690,16.0354,11064.43,238.1,INR,MOCK_FEED
POS00800620250723,PORT008,INS0028,2025-07-23,2040,42.2552,86200.61,1146.76,USD,MOCK_FEED
POS00800720250723,PORT008,INS0029,2025-07-23,1383,22.9872,31791.3,391.59,USD,MOCK_FEED
POS00800820250723,PORT008,INS0030,2025-07-23,399,49.6098,19794.31,-35.3,EUR,MOCK_FEED
POS00800920250723,PORT008,INS0031,2025-07-23,675,42.0447,28380.17,-490.03,GBP,MOCK_FEED
POS00801020250723,PORT008,INS0032,2025-07-23,1923,66.9872,128816.39,3528.63,EUR,MOCK_FEED
POS00800120250724,PORT008,INS0023,2025-07-24,4680,55.1016,257875.49,7940.42,EUR,MOCK_FEED
POS00800220250724,PORT008,INS0024,2025-07-24,548,65.9769,36155.34,1064.43,INR,MOCK_FEED
POS00800320250724,PORT008,INS0025,2025-07-24,3343,26.1378,87378.67,-2199.41,GBP,MOCK_FEED
POS00800420250724,PORT008,INS0026,2025-07-24,2314,48.1678,111460.29,-371.15,EUR,MOCK_FEED
POS00800520250724,PORT008,INS0027,2025-07-24,3401,16.2003,55097.22,1443.94,USD,MOCK_FEED
POS00800620250724,PORT008,INS0028,2025-07-24,4428,43.1382,191015.95,1395.0,EUR,MOCK_FEED
POS00800720250724,PORT008,INS0029,2025-07-24,3031,23.3413,70747.48,121.11,GBP,MOCK_FEED
POS00800820250724,PORT008,INS0030,2025-07-24,4775,49.3573,235681.11,1383.17,USD,MOCK_FEED
POS00800920250724,PORT008,INS0031,2025-07-24,1789,41.6405,74494.85,-37.99,USD,MOCK_FEED
POS00801020250724,PORT008,INS0032,2025-07-24,1825,67.2009,122641.64,-1807.88,GBP,MOCK_FEED
POS00800120250725,PORT008,INS0023,2025-07-25,2015,55.4907,111813.76,-2057.04,INR,MOCK_FEED
POS00800220250725,PORT008,INS0024,2025-07-25,1657,66.2362,109753.38,1343.67,EUR,MOCK_FEED
POS00800320250725,PORT008,INS0025,2025-07-25,1235,26.0083,32120.25,45.56,USD,MOCK_FEED
POS00800420250725,PORT008,INS0026,2025-07-25,158,47.7371,7542.46,120.91,GBP,MOCK_FEED
POS00800520250725,PORT008,INS0027,2025-07-25,1752,15.9936,28020.79,625.95,GBP,MOCK_FEED
POS00800620250725,PORT008,INS0028,2025-07-25,3442,43.2024,148702.66,-2297.77,USD,MOCK_FEED
POS00800720250725,PORT008,INS0029,2025-07-25,1205,23.3047,28082.16,179.08,USD,MOCK_FEED
POS00800820250725,PORT008,INS0030,2025-07-25,1622,50.1981,81421.32,-1140.5,EUR,MOCK_FEED
POS00800920250725,PORT008,INS0031,2025-07-25,4192,41.553,174190.18,-983.01,USD,MOCK_FEED
POS00801020250725,PORT008,INS0032,2025-07-25,2366,67.2512,159116.34,1225.24,INR,MOCK_FEED
POS00800120250726,PORT008,INS0023,2025-07-26,3035,55.6428,168875.9,-3999.92,INR,MOCK_FEED
POS00800220250726,PORT008,INS0024,2025-07-26,4281,64.8272,277525.24,10870.97,USD,MOCK_FEED
POS00800320250726,PORT008,INS0025,2025-07-26,1779,26.2002,46610.16,917.78,INR,MOCK_FEED
POS00800420250726,PORT008,INS0026,2025-07-26,5000,49.0027,245013.5,-577.47,INR,MOCK_FEED
POS00800520250726,PORT008,INS0027,2025-07-26,978,16.051,15697.88,-42.77,GBP,MOCK_FEED
POS00800620250726,PORT008,INS0028,2025-07-26,4514,43.1832,194928.96,-3601.34,USD,MOCK_FEED
POS00800720250726,PORT008,INS0029,2025-07-26,3645,23.2664,84806.03,896.36,GBP,MOCK_FEED
POS00800820250726,PORT008,INS0030,2025-07-26,802,49.0848,39366.01,-744.38,USD,MOCK_FEED
POS00800920250726,PORT008,INS0031,2025-07-26,1097,40.7265,44676.97,1396.91,INR,MOCK_FEED
POS00801020250726,PORT008,INS0032,2025-07-26,1247,66.3551,82744.81,-180.14,INR,MOCK_FEED
POS00800120250727,PORT008,INS0023,2025-07-27,1804,56.5181,101958.65,1257.57,GBP,MOCK_FEED
POS00800220250727,PORT008,INS0024,2025-07-27,1177,64.3218,75706.76,1328.96,INR,MOCK_FEED
POS00800320250727,PORT008,INS0025,2025-07-27,4633,25.7042,119087.56,-97.44,USD,MOCK_FEED
POS00800420250727,PORT008,INS0026,2025-07-27,3911,48.5235,189775.41,2325.3,EUR,MOCK_FEED
POS00800520250727,PORT008,INS0027,2025-07-27,1665,16.1447,26880.93,401.86,EUR,MOCK_FEED
POS00800620250727,PORT008,INS0028,2025-07-27,3766,43.9351,165459.59,4681.65,EUR,MOCK_FEED
POS00800720250727,PORT008,INS0029,2025-07-27,4638,23.4009,108533.37,1880.58,INR,MOCK_FEED
POS00800820250727,PORT008,INS0030,2025-07-27,3272,49.8763,163195.25,-2320.12,INR,MOCK_FEED
POS00800920250727,PORT008,INS0031,2025-07-27,1167,40.7173,47517.09,947.45,INR,MOCK_FEED
POS00801020250727,PORT008,INS0032,2025-07-27,3809,66.3346,252668.49,4669.76,EUR,MOCK_FEED
POS00800120250728,PORT008,INS0023,2025-07-28,974,56.3232,54858.8,-65.42,USD,MOCK_FEED
POS00800220250728,PORT008,INS0024,2025-07-28,3693,64.1589,236938.82,-1018.24,INR,MOCK_FEED
POS00800320250728,PORT008,INS0025,2025-07-28,2614,25.4113,66425.14,581.39,EUR,MOCK_FEED
POS00800420250728,PORT008,INS0026,2025-07-28,4817,47.9511,230980.45,5903.75,EUR,MOCK_FEED
POS00800520250728,PORT008,INS0027,2025-07-28,1003,16.3736,16422.72,566.33,GBP,MOCK_FEED
POS00800620250728,PORT008,INS0028,2025-07-28,2721,44.466,120991.99,3007.05,GBP,MOCK_FEED
POS00800720250728,PORT008,INS0029,2025-07-28,405,23.4643,9503.04,-31.3,GBP,MOCK_FEED
POS00800820250728,PORT008,INS0030,2025-07-28,2423,50.7017,122850.22,3988.95,USD,MOCK_FEED
POS00800920250728,PORT008,INS0031,2025-07-28,3821,40.7563,155729.82,2840.22,INR,MOCK_FEED
POS00801020250728,PORT008,INS0032,2025-07-28,2815,67.29,189421.35,3077.46,INR,MOCK_FEED
POS00800120250729,PORT008,INS0023,2025-07-29,2880,55.5175,159890.4,5770.5,EUR,MOCK_FEED
POS00800220250729,PORT008,INS0024,2025-07-29,1815,64.5846,117221.05,3788.27,USD,MOCK_FEED
POS00800320250729,PORT008,INS0025,2025-07-29,4258,25.4516,108372.91,-339.9,EUR,MOCK_FEED
POS00800420250729,PORT008,INS0026,2025-07-29,504,48.6681,24528.72,-177.06,USD,MOCK_FEED
POS00800520250729,PORT008,INS0027,2025-07-29,4916,16.5504,81361.77,3167.84,EUR,MOCK_FEED
POS00800620250729,PORT008,INS0028,2025-07-29,375,42.8237,16058.89,515.17,INR,MOCK_FEED
POS00800720250729,PORT008,INS0029,2025-07-29,2878,22.4993,64752.99,2341.32,GBP,MOCK_FEED
POS00800820250729,PORT008,INS0030,2025-07-29,2845,49.8804,141909.74,4224.94,USD,MOCK_FEED
POS00800920250729,PORT008,INS0031,2025-07-29,4501,40.209,180980.71,-2164.71,EUR,MOCK_FEED
POS00801020250729,PORT008,INS0032,2025-07-29,1205,64.7193,77986.76,-939.59,INR,MOCK_FEED
POS00800120250730,PORT008,INS0023,2025-07-30,2008,55.5118,111467.69,1521.96,EUR,MOCK_FEED
POS00800220250730,PORT008,INS0024,2025-07-30,1127,63.9852,72111.32,2098.81,GBP,MOCK_FEED
POS00800320250730,PORT008,INS0025,2025-07-30,2787,25.6427,71466.2,-753.62,USD,MOCK_FEED
POS00800420250730,PORT008,INS0026,2025-07-30,3823,48.0292,183615.63,6486.1,GBP,MOCK_FEED
POS00800520250730,PORT008,INS0027,2025-07-30,738,16.4587,12146.52,464.64,GBP,MOCK_FEED
POS00800620250730,PORT008,INS0028,2025-07-30,2704,43.6107,117923.33,-1839.88,GBP,MOCK_FEED
POS00800720250730,PORT008,INS0029,2025-07-30,1309,22.6747,29681.18,-619.22,USD,MOCK_FEED
POS00800820250730,PORT008,INS0030,2025-07-30,213,49.1312,10464.95,400.85,EUR,MOCK_FEED
POS00800920250730,PORT008,INS0031,2025-07-30,657,39.7521,26117.13,-268.78,GBP,MOCK_FEED
POS00801020250730,PORT008,INS0032,2025-07-30,3121,64.7938,202221.45,855.99,INR,MOCK_FEED
POS00800120250731,PORT008,INS0023,2025-07-31,368,54.7225,20137.88,585.78,INR,MOCK_FEED
POS00800220250731,PORT008,INS0024,2025-07-31,4186,65.5754,274498.62,7960.79,GBP,MOCK_FEED
POS00800320250731,PORT008,INS0025,2025-07-31,3977,25.0729,99714.92,2763.25,INR,MOCK_FEED
POS00800420250731,PORT008,INS0026,2025-07-31,3460,49.3492,170748.23,-1502.0,EUR,MOCK_FEED
POS00800520250731,PORT008,INS0027,2025-07-31,4808,16.4927,79296.9,3161.08,INR,MOCK_FEED
POS00800620250731,PORT008,INS0028,2025-07-31,2722,43.8106,119252.45,-991.89,USD,MOCK_FEED
POS00800720250731,PORT008,INS0029,2025-07-31,539,22.8096,12294.37,69.75,USD,MOCK_FEED
POS00800820250731,PORT008,INS0030,2025-07-31,3559,48.5006,172613.64,5078.97,INR,MOCK_FEED
POS00800920250731,PORT008,INS0031,2025-07-31,706,39.6954,28024.95,183.48,USD,MOCK_FEED
POS00801020250731,PORT008,INS0032,2025-07-31,1526,65.3102,99663.37,-347.72,EUR,MOCK_FEED
POS00800120250801,PORT008,INS0023,2025-08-01,1702,55.3262,94165.19,-2295.9,GBP,MOCK_FEED
POS00800220250801,PORT008,INS0024,2025-08-01,3542,65.4474,231814.69,-4132.61,USD,MOCK_FEED
POS00800320250801,PORT008,INS0025,2025-08-01,3101,25.4611,78954.87,-2119.85,GBP,MOCK_FEED
POS00800420250801,PORT008,INS0026,2025-08-01,1501,49.6323,74498.08,-1098.15,INR,MOCK_FEED
POS00800520250801,PORT008,INS0027,2025-08-01,4558,16.5939,75635.0,2827.02,USD,MOCK_FEED
POS00800620250801,PORT008,INS0028,2025-08-01,2311,44.0892,101890.14,1827.56,INR,MOCK_FEED
POS00800720250801,PORT008,INS0029,2025-08-01,4855,23.3357,113294.82,-815.3,GBP,MOCK_FEED
POS00800820250801,PORT008,INS0030,2025-08-01,4551,47.8853,217926.0,-4914.98,INR,MOCK_FEED
POS00800920250801,PORT008,INS0031,2025-08-01,4383,39.8196,174529.31,1041.62,EUR,MOCK_FEED
POS00801020250801,PORT008,INS0032,2025-08-01,2490,65.556,163234.44,-2425.2,USD,MOCK_FEED
POS00800120250802,PORT008,INS0023,2025-08-02,1798,55.2229,99290.77,709.14,EUR,MOCK_FEED
POS00800220250802,PORT008,INS0024,2025-08-02,2640,66.4737,175490.57,-3452.74,GBP,MOCK_FEED
POS00800320250802,PORT008,INS0025,2025-08-02,1076,24.9669,26864.38,941.05,EUR,MOCK_FEED
POS00800420250802,PORT008,INS0026,2025-08-02,3453,50.1273,173089.57,6431.32,GBP,MOCK_FEED
POS00800520250802,PORT008,INS0027,2025-08-02,3615,17.0354,61582.97,2445.66,EUR,MOCK_FEED
POS00800620250802,PORT008,INS0028,2025-08-02,1521,43.7151,66490.67,1883.1,EUR,MOCK_FEED
POS00800720250802,PORT008,INS0029,2025-08-02,3384,23.0242,77913.89,422.69,GBP,MOCK_FEED
POS00800820250802,PORT008,INS0030,2025-08-02,402,48.2722,19405.42,315.46,EUR,MOCK_FEED
POS00800920250802,PORT008,INS0031,2025-08-02,1231,39.6761,48841.28,1194.08,INR,MOCK_FEED
POS00801020250802,PORT008,INS0032,2025-08-02,4028,66.1713,266538.0,-3908.51,INR,MOCK_FEED
POS00800120250803,PORT008,INS0023,2025-08-03,2301,55.8038,128404.54,4989.3,USD,MOCK_FEED
POS00800220250803,PORT008,INS0024,2025-08-03,3417,65.3558,223320.77,-6107.97,GBP,MOCK_FEED
POS00800320250803,PORT008,INS0025,2025-08-03,3836,25.2392,96817.57,-1229.1,INR,MOCK_FEED
POS00800420250803,PORT008,INS0026,2025-08-03,2706,50.5175,136700.35,-1277.61,USD,MOCK_FEED
POS00800520250803,PORT008,INS0027,2025-08-03,1825,17.2438,31469.94,708.3,USD,MOCK_FEED
POS00800620250803,PORT008,INS0028,2025-08-03,1915,43.0149,82373.53,2715.73,GBP,MOCK_FEED
POS00800720250803,PORT008,INS0029,2025-08-03,1175,23.0411,27073.29,-770.91,INR,MOCK_FEED
POS00800820250803,PORT008,INS0030,2025-08-03,458,48.5364,22229.67,-259.62,USD,MOCK_FEED
POS00800920250803,PORT008,INS0031,2025-08-03,3301,39.5735,130632.12,-3110.07,GBP,MOCK_FEED
POS00801020250803,PORT008,INS0032,2025-08-03,1756,66.7259,117170.68,2588.86,EUR,MOCK_FEED
POS00800120250804,PORT008,INS0023,2025-08-04,544,55.441,30159.9,1145.94,GBP,MOCK_FEED
POS00800220250804,PORT008,INS0024,2025-08-04,879,65.3396,57433.51,-1608.39,EUR,MOCK_FEED
POS00800320250804,PORT008,INS0025,2025-08-04,3375,25.2781,85313.59,-2223.84,INR,MOCK_FEED
POS00800420250804,PORT008,INS0026,2025-08-04,724,50.7782,36763.42,-915.76,INR,MOCK_FEED
POS00800520250804,PORT008,INS0027,2025-08-04,2140,17.1235,36644.29,754.94,USD,MOCK_FEED
POS00800620250804,PORT008,INS0028,2025-08-04,2615,43.8631,114702.01,-3338.31,USD,MOCK_FEED
POS00800720250804,PORT008,INS0029,2025-08-04,706,22.7881,16088.4,74.77,INR,MOCK_FEED
POS00800820250804,PORT008,INS0030,2025-08-04,2536,48.407,122760.15,1770.44,GBP,MOCK_FEED
POS00800920250804,PORT008,INS0031,2025-08-04,3534,39.517,139653.08,-2193.0,USD,MOCK_FEED
POS00801020250804,PORT008,INS0032,2025-08-04,2126,65.6406,139551.92,3793.36,GBP,MOCK_FEED
POS00800120250805,PORT008,INS0023,2025-08-05,3743,56.3627,210965.59,7417.66,USD,MOCK_FEED
POS00800220250805,PORT008,INS0024,2025-08-05,3471,63.6405,220896.18,-6029.08,GBP,MOCK_FEED
POS00800320250805,PORT008,INS0025,2025-08-05,1988,25.4567,50607.92,1856.84,GBP,MOCK_FEED
POS00800420250805,PORT008,INS0026,2025-08-05,2388,51.5508,123103.31,1495.92,INR,MOCK_FEED
POS00800520250805,PORT008,INS0027,2025-08-05,1417,16.914,23967.14,-159.86,GBP,MOCK_FEED
POS00800620250805,PORT008,INS0028,2025-08-05,3978,44.2205,175909.15,4625.66,USD,MOCK_FEED
POS00800720250805,PORT008,INS0029,2025-08-05,2074,22.7164,47113.81,1399.41,INR,MOCK_FEED
POS00800820250805,PORT008,INS0030,2025-08-05,1055,48.9504,51642.67,1742.88,INR,MOCK_FEED
POS00800920250805,PORT008,INS0031,2025-08-05,626,39.7636,24892.01,861.63,EUR,MOCK_FEED
POS00801020250805,PORT008,INS0032,2025-08-05,2825,65.3436,184595.67,5102.92,GBP,MOCK_FEED
POS00800120250806,PORT008,INS0023,2025-08-06,4345,57.6762,250603.09,-2988.94,GBP,MOCK_FEED
POS00800220250806,PORT008,INS0024,2025-08-06,2960,63.9351,189247.9,6808.51,EUR,MOCK_FEED
POS00800320250806,PORT008,INS0025,2025-08-06,947,25.162,23828.41,240.13,INR,MOCK_FEED
POS00800420250806,PORT008,INS0026,2025-08-06,852,52.594,44810.09,-407.5,USD,MOCK_FEED
POS00800520250806,PORT008,INS0027,2025-08-06,379,16.986,6437.69,-119.73,USD,MOCK_FEED
POS00800620250806,PORT008,INS0028,2025-08-06,1374,44.2267,60767.49,439.75,USD,MOCK_FEED
POS00800720250806,PORT008,INS0029,2025-08-06,2729,22.9111,62524.39,2378.2,EUR,MOCK_FEED
POS00800820250806,PORT008,INS0030,2025-08-06,4934,48.5869,239727.76,3070.75,GBP,MOCK_FEED
POS00800920250806,PORT008,INS0031,2025-08-06,2013,40.0249,80570.12,2444.16,EUR,MOCK_FEED
POS00801020250806,PORT008,INS0032,2025-08-06,1187,66.2142,78596.26,-1217.01,USD,MOCK_FEED
POS00800120250807,PORT008,INS0023,2025-08-07,2639,57.2568,151100.7,-754.4,GBP,MOCK_FEED
POS00800220250807,PORT008,INS0024,2025-08-07,402,64.417,25895.63,-76.29,GBP,MOCK_FEED
POS00800320250807,PORT008,INS0025,2025-08-07,4893,24.8486,121584.2,4043.64,USD,MOCK_FEED
POS00800420250807,PORT008,INS0026,2025-08-07,3075,52.7105,162084.79,2827.02,EUR,MOCK_FEED
POS00800520250807,PORT008,INS0027,2025-08-07,136,17.0179,2314.43,87.84,EUR,MOCK_FEED
POS00800620250807,PORT008,INS0028,2025-08-07,2381,43.2732,103033.49,1782.62,GBP,MOCK_FEED
POS00800720250807,PORT008,INS0029,2025-08-07,1510,22.9043,34585.49,-174.59,USD,MOCK_FEED
POS00800820250807,PORT008,INS0030,2025-08-07,1208,49.5055,59802.64,2336.32,EUR,MOCK_FEED
POS00800920250807,PORT008,INS0031,2025-08-07,3405,40.6808,138518.12,626.65,EUR,MOCK_FEED
POS00801020250807,PORT008,INS0032,2025-08-07,2062,67.5263,139239.23,4551.55,USD,MOCK_FEED
POS00800120250808,PORT008,INS0023,2025-08-08,2011,58.0398,116718.04,1431.47,GBP,MOCK_FEED
POS00800220250808,PORT008,INS0024,2025-08-08,1975,63.2211,124861.67,3921.91,GBP,MOCK_FEED
POS00800320250808,PORT008,INS0025,2025-08-08,3668,24.9699,91589.59,3271.79,EUR,MOCK_FEED
POS00800420250808,PORT008,INS0026,2025-08-08,4873,53.7573,261959.32,9926.54,EUR,MOCK_FEED
POS00800520250808,PORT008,INS0027,2025-08-08,903,17.1383,15475.88,499.85,INR,MOCK_FEED
POS00800620250808,PORT008,INS0028,2025-08-08,3282,43.8441,143896.34,2128.69,USD,MOCK_FEED
POS00800720250808,PORT008,INS0029,2025-08-08,3524,23.3882,82420.02,2649.1,GBP,MOCK_FEED
POS00800820250808,PORT008,INS0030,2025-08-08,4197,50.335,211255.99,-3122.95,USD,MOCK_FEED
POS00800920250808,PORT008,INS0031,2025-08-08,2770,41.1231,113910.99,-1976.61,GBP,MOCK_FEED
POS00801020250808,PORT008,INS0032,2025-08-08,2099,68.2828,143325.6,4901.25,USD,MOCK_FEED
POS00800120250809,PORT008,INS0023,2025-08-09,406,56.6397,22995.72,-621.48,EUR,MOCK_FEED
POS00800220250809,PORT008,INS0024,2025-08-09,1384,64.0974,88710.8,-2270.56,USD,MOCK_FEED
POS00800320250809,PORT008,INS0025,2025-08-09,4250,24.832,105536.0,2729.16,INR,MOCK_FEED
POS00800420250809,PORT008,INS0026,2025-08-09,2432,53.6085,130375.87,3149.67,GBP,MOCK_FEED
POS00800520250809,PORT008,INS0027,2025-08-09,2210,17.2848,38199.41,1400.56,USD,MOCK_FEED
POS00800620250809,PORT008,INS0028,2025-08-09,1576,44.1566,69590.8,2725.24,INR,MOCK_FEED
POS00800720250809,PORT008,INS0029,2025-08-09,2671,23.7601,63463.23,2527.89,USD,MOCK_FEED
POS00800820250809,PORT008,INS0030,2025-08-09,2575,49.3514,127079.85,2537.01,EUR,MOCK_FEED
POS00800920250809,PORT008,INS0031,2025-08-09,4039,41.4989,167614.06,5649.34,USD,MOCK_FEED
POS00801020250809,PORT008,INS0032,2025-08-09,589,68.5031,40348.33,514.19,USD,MOCK_FEED
POS00800120250810,PORT008,INS0023,2025-08-10,1716,57.6251,98884.67,2385.82,GBP,MOCK_FEED
POS00800220250810,PORT008,INS0024,2025-08-10,1647,62.7577,103361.93,-2234.95,GBP,MOCK_FEED
POS00800320250810,PORT008,INS0025,2025-08-10,1652,25.2979,41792.13,-654.12,USD,MOCK_FEED
POS00800420250810,PORT008,INS0026,2025-08-10,1880,53.8707,101276.92,1760.49,EUR,MOCK_FEED
POS00800520250810,PORT008,INS0027,2025-08-10,1554,17.3188,26913.42,954.49,INR,MOCK_FEED
POS00800620250810,PORT008,INS0028,2025-08-10,1525,43.6701,66596.9,2275.9,USD,MOCK_FEED
POS00800720250810,PORT008,INS0029,2025-08-10,1338,24.2685,32471.25,858.22,GBP,MOCK_FEED
POS00800820250810,PORT008,INS0030,2025-08-10,4478,48.4539,216976.56,-2968.22,GBP,MOCK_FEED
POS00800920250810,PORT008,INS0031,2025-08-10,1756,41.9093,73592.73,-1925.99,EUR,MOCK_FEED
POS00801020250810,PORT008,INS0032,2025-08-10,4580,67.8772,310877.58,3328.95,INR,MOCK_FEED
POS00800120250811,PORT008,INS0023,2025-08-11,2870,57.7586,165767.18,-3561.69,USD,MOCK_FEED
POS00800220250811,PORT008,INS0024,2025-08-11,3077,62.5907,192591.58,-5600.75,INR,MOCK_FEED
POS00800320250811,PORT008,INS0025,2025-08-11,4797,25.3886,121789.11,-61.65,GBP,MOCK_FEED
POS00800420250811,PORT008,INS0026,2025-08-11,2489,54.7431,136255.58,-1765.02,INR,MOCK_FEED
POS00800520250811,PORT008,INS0027,2025-08-11,2147,17.2636,37064.95,-602.98,EUR,MOCK_FEED
POS00800620250811,PORT008,INS0028,2025-08-11,3691,43.4549,160392.04,-97.2,GBP,MOCK_FEED
POS00800720250811,PORT008,INS0029,2025-08-11,382,24.6925,9432.53,-251.38,USD,MOCK_FEED
POS00800820250811,PORT008,INS0030,2025-08-11,1945,48.153,93657.58,2228.8,GBP,MOCK_FEED
POS00800920250811,PORT008,INS0031,2025-08-11,2182,42.1891,92056.62,-2348.48,USD,MOCK_FEED
POS00801020250811,PORT008,INS0032,2025-08-11,4085,69.0746,282169.74,-1695.99,EUR,MOCK_FEED
POS00800120250812,PORT008,INS0023,2025-08-12,3820,57.3742,219169.44,-2461.59,USD,MOCK_FEED
POS00800220250812,PORT008,INS0024,2025-08-12,4092,62.9568,257619.23,1645.07,EUR,MOCK_FEED
POS00800320250812,PORT008,INS0025,2025-08-12,553,25.4713,14085.63,57.54,INR,MOCK_FEED
POS00800420250812,PORT008,INS0026,2025-08-12,4959,55.2256,273863.75,4350.59,USD,MOCK_FEED
POS00800520250812,PORT008,INS0027,2025-08-12,3602,17.5462,63201.41,1178.75,GBP,MOCK_FEED
POS00800620250812,PORT008,INS0028,2025-08-12,2790,43.3459,120935.06,14.12,USD,MOCK_FEED
POS00800720250812,PORT008,INS0029,2025-08-12,3072,24.6311,75666.74,1123.79,INR,MOCK_FEED
POS00800820250812,PORT008,INS0030,2025-08-12,2329,49.1273,114417.48,-2657.81,USD,MOCK_FEED
POS00800920250812,PORT008,INS0031,2025-08-12,4104,41.6722,171022.71,1604.59,USD,MOCK_FEED
POS00801020250812,PORT008,INS0032,2025-08-12,1746,69.0767,120607.92,650.55,USD,MOCK_FEED
POS00800120250813,PORT008,INS0023,2025-08-13,453,55.989,25363.02,1004.04,USD,MOCK_FEED
POS00800220250813,PORT008,INS0024,2025-08-13,571,63.6181,36325.94,773.63,EUR,MOCK_FEED
POS00800320250813,PORT008,INS0025,2025-08-13,754,25.5886,19293.8,101.66,EUR,MOCK_FEED
POS00800420250813,PORT008,INS0026,2025-08-13,619,55.5358,34376.66,-324.79,INR,MOCK_FEED
POS00800520250813,PORT008,INS0027,2025-08-13,702,17.4508,12250.46,406.14,INR,MOCK_FEED
POS00800620250813,PORT008,INS0028,2025-08-13,3876,42.6274,165223.8,-1814.18,EUR,MOCK_FEED
POS00800720250813,PORT008,INS0029,2025-08-13,4798,24.2601,116399.96,-2653.73,GBP,MOCK_FEED
POS00800820250813,PORT008,INS0030,2025-08-13,4278,48.6696,208208.55,1183.88,EUR,MOCK_FEED
POS00800920250813,PORT008,INS0031,2025-08-13,2070,42.3172,87596.6,1520.73,GBP,MOCK_FEED
POS00801020250813,PORT008,INS0032,2025-08-13,4977,69.4794,345798.97,-3525.07,USD,MOCK_FEED
POS00800120250814,PORT008,INS0023,2025-08-14,2256,56.9314,128437.24,-1490.73,EUR,MOCK_FEED
POS00800220250814,PORT008,INS0024,2025-08-14,768,64.7368,49717.86,-941.9,GBP,MOCK_FEED
POS00800320250814,PORT008,INS0025,2025-08-14,207,25.9008,5361.47,109.66,EUR,MOCK_FEED
POS00800420250814,PORT008,INS0026,2025-08-14,3066,55.9068,171410.25,-2557.56,EUR,MOCK_FEED
POS00800520250814,PORT008,INS0027,2025-08-14,3500,17.2848,60496.8,-923.03,USD,MOCK_FEED
POS00800620250814,PORT008,INS0028,2025-08-14,2337,42.1427,98487.49,-2660.9,INR,MOCK_FEED
POS00800720250814,PORT008,INS0029,2025-08-14,1284,24.5117,31473.02,361.05,GBP,MOCK_FEED
POS00800820250814,PORT008,INS0030,2025-08-14,945,48.8956,46206.34,975.42,EUR,MOCK_FEED
POS00800920250814,PORT008,INS0031,2025-08-14,851,42.7995,36422.37,583.82,INR,MOCK_FEED
POS00801020250814,PORT008,INS0032,2025-08-14,1379,70.0245,96563.79,-84.89,USD,MOCK_FEED
POS00800120250815,PORT008,INS0023,2025-08-15,3268,57.2773,187182.22,4753.06,GBP,MOCK_FEED
POS00800220250815,PORT008,INS0024,2025-08-15,3471,65.1832,226250.89,-3130.98,EUR,MOCK_FEED
POS00800320250815,PORT008,INS0025,2025-08-15,3252,25.6902,83544.53,-1696.16,USD,MOCK_FEED
POS00800420250815,PORT008,INS0026,2025-08-15,3176,55.7368,177020.08,3981.81,EUR,MOCK_FEED
POS00800520250815,PORT008,INS0027,2025-08-15,3736,17.403,65017.61,1818.44,EUR,MOCK_FEED
POS00800620250815,PORT008,INS0028,2025-08-15,4834,41.4545,200391.05,-3018.22,USD,MOCK_FEED
POS00800720250815,PORT008,INS0029,2025-08-15,4491,24.4732,109909.14,2426.15,GBP,MOCK_FEED
POS00800820250815,PORT008,INS0030,2025-08-15,4711,49.2211,231880.6,5755.78,USD,MOCK_FEED
POS00800920250815,PORT008,INS0031,2025-08-15,3158,42.6252,134610.38,-1593.91,EUR,MOCK_FEED
POS00801020250815,PORT008,INS0032,2025-08-15,1167,68.6925,80164.15,-2304.2,GBP,MOCK_FEED
POS00800120250816,PORT008,INS0023,2025-08-16,1691,57.8624,97845.32,482.1,INR,MOCK_FEED
POS00800220250816,PORT008,INS0024,2025-08-16,4972,65.5857,326092.1,2797.99,EUR,MOCK_FEED
POS00800320250816,PORT008,INS0025,2025-08-16,3176,26.1324,82996.5,-317.6,INR,MOCK_FEED
POS00800420250816,PORT008,INS0026,2025-08-16,4163,54.8481,228332.64,7836.01,GBP,MOCK_FEED
POS00800520250816,PORT008,INS0027,2025-08-16,1531,17.1759,26296.3,61.16,GBP,MOCK_FEED
POS00800620250816,PORT008,INS0028,2025-08-16,4626,42.1551,195009.49,6803.05,EUR,MOCK_FEED
POS00800720250816,PORT008,INS0029,2025-08-16,1310,24.189,31687.59,-46.93,INR,MOCK_FEED
POS00800820250816,PORT008,INS0030,2025-08-16,904,48.2387,43607.78,184.0,GBP,MOCK_FEED
POS00800920250816,PORT008,INS0031,2025-08-16,4512,42.6597,192480.57,-4486.79,GBP,MOCK_FEED
POS00801020250816,PORT008,INS0032,2025-08-16,4265,67.0699,286053.12,-939.57,USD,MOCK_FEED
POS00800120250817,PORT008,INS0023,2025-08-17,4535,57.3945,260284.06,-1762.4,INR,MOCK_FEED
POS00800220250817,PORT008,INS0024,2025-08-17,4343,65.3624,283868.9,2500.09,GBP,MOCK_FEED
POS00800320250817,PORT008,INS0025,2025-08-17,1772,26.1382,46316.89,382.31,EUR,MOCK_FEED
POS00800420250817,PORT008,INS0026,2025-08-17,3029,55.8889,169287.48,441.79,EUR,MOCK_FEED
POS00800520250817,PORT008,INS0027,2025-08-17,114,17.5775,2003.84,35.84,INR,MOCK_FEED
POS00800620250817,PORT008,INS0028,2025-08-17,4782,42.6893,204140.23,-4845.64,EUR,MOCK_FEED
POS00800720250817,PORT008,INS0029,2025-08-17,3608,24.3811,87967.01,-1284.09,USD,MOCK_FEED
POS00800820250817,PORT008,INS0030,2025-08-17,4623,47.7095,220561.02,-4884.57,EUR,MOCK_FEED
POS00800920250817,PORT008,INS0031,2025-08-17,4225,43.6696,184504.06,5146.26,USD,MOCK_FEED
POS00801020250817,PORT008,INS0032,2025-08-17,848,68.1673,57805.87,-1429.43,INR,MOCK_FEED
POS00800120250818,PORT008,INS0023,2025-08-18,103,56.5459,5824.23,85.26,INR,MOCK_FEED
POS00800220250818,PORT008,INS0024,2025-08-18,1490,65.3043,97303.41,1624.89,INR,MOCK_FEED
POS00800320250818,PORT008,INS0025,2025-08-18,4910,26.0694,128000.75,-3773.33,EUR,MOCK_FEED
POS00800420250818,PORT008,INS0026,2025-08-18,1974,55.5393,109634.58,-2993.44,USD,MOCK_FEED
POS00800520250818,PORT008,INS0027,2025-08-18,3238,17.5361,56781.89,-812.23,GBP,MOCK_FEED
POS00800620250818,PORT008,INS0028,2025-08-18,1727,41.8785,72324.17,2170.29,USD,MOCK_FEED
POS00800720250818,PORT008,INS0029,2025-08-18,1399,24.8471,34761.09,-393.04,GBP,MOCK_FEED
POS00800820250818,PORT008,INS0030,2025-08-18,2866,47.7589,136877.01,-3738.22,INR,MOCK_FEED
POS00800920250818,PORT008,INS0031,2025-08-18,1301,43.8697,57074.48,1099.55,INR,MOCK_FEED
POS00801020250818,PORT008,INS0032,2025-08-18,644,67.3223,43355.56,1570.27,EUR,MOCK_FEED
POS00800120250819,PORT008,INS0023,2025-08-19,4449,56.7118,252310.8,-1239.99,INR,MOCK_FEED
POS00800220250819,PORT008,INS0024,2025-08-19,867,66.1649,57364.97,-87.71,USD,MOCK_FEED
POS00800320250819,PORT008,INS0025,2025-08-19,346,25.7859,8921.92,26.3,USD,MOCK_FEED
POS00800420250819,PORT008,INS0026,2025-08-19,1788,55.5376,99301.23,1227.97,USD,MOCK_FEED
POS00800520250819,PORT008,INS0027,2025-08-19,4675,17.5379,81989.68,1606.59,USD,MOCK_FEED
POS00800620250819,PORT008,INS0028,2025-08-19,147,41.8775,6155.99,197.97,INR,MOCK_FEED
POS00800720250819,PORT008,INS0029,2025-08-19,4107,24.5727,100920.08,1703.63,EUR,MOCK_FEED
POS00800820250819,PORT008,INS0030,2025-08-19,3731,48.6569,181538.89,844.25,INR,MOCK_FEED
POS00800920250819,PORT008,INS0031,2025-08-19,1336,43.8689,58608.85,2276.67,INR,MOCK_FEED
POS00801020250819,PORT008,INS0032,2025-08-19,3439,67.5678,232365.66,7857.84,EUR,MOCK_FEED
POS00800120250820,PORT008,INS0023,2025-08-20,3642,57.4699,209305.38,-5921.23,USD,MOCK_FEED
POS00800220250820,PORT008,INS0024,2025-08-20,1629,66.5237,108367.11,3780.66,USD,MOCK_FEED
POS00800320250820,PORT008,INS0025,2025-08-20,838,26.0282,21811.63,754.08,GBP,MOCK_FEED
POS00800420250820,PORT008,INS0026,2025-08-20,2820,55.1781,155602.24,3308.42,GBP,MOCK_FEED
POS00800520250820,PORT008,INS0027,2025-08-20,4971,17.5255,87119.26,2097.97,INR,MOCK_FEED
POS00800620250820,PORT008,INS0028,2025-08-20,4051,41.7266,169034.46,4703.57,INR,MOCK_FEED
POS00800720250820,PORT008,INS0029,2025-08-20,1058,23.867,25251.29,185.34,INR,MOCK_FEED
POS00800820250820,PORT008,INS0030,2025-08-20,731,49.6712,36309.65,1177.55,GBP,MOCK_FEED
POS00800920250820,PORT008,INS0031,2025-08-20,640,43.75,28000.0,342.14,USD,MOCK_FEED
POS00801020250820,PORT008,INS0032,2025-08-20,2154,67.8688,146189.4,-3124.89,INR,MOCK_FEED
POS00800120250821,PORT008,INS0023,2025-08-21,1266,57.1482,72349.62,2612.1,EUR,MOCK_FEED
POS00800220250821,PORT008,INS0024,2025-08-21,1621,67.1307,108818.86,-941.63,INR,MOCK_FEED
POS00800320250821,PORT008,INS0025,2025-08-21,4129,26.0913,107730.98,548.77,USD,MOCK_FEED
POS00800420250821,PORT008,INS0026,2025-08-21,1424,55.8987,79599.75,-2119.36,EUR,MOCK_FEED
POS00800520250821,PORT008,INS0027,2025-08-21,2889,17.1907,49663.93,1857.12,INR,MOCK_FEED
POS00800620250821,PORT008,INS0028,2025-08-21,1932,41.8114,80779.62,-2113.64,INR,MOCK_FEED
POS00800720250821,PORT008,INS0029,2025-08-21,4874,24.1002,117464.37,354.51,INR,MOCK_FEED
POS00800820250821,PORT008,INS0030,2025-08-21,1656,49.6778,82266.44,2307.1,INR,MOCK_FEED
POS00800920250821,PORT008,INS0031,2025-08-21,4506,43.5215,196107.88,-36.84,GBP,MOCK_FEED
POS00801020250821,PORT008,INS0032,2025-08-21,3914,66.9825,262169.51,3667.72,INR,MOCK_FEED
POS00800120250822,PORT008,INS0023,2025-08-22,4543,57.1924,259825.07,-2204.02,INR,MOCK_FEED
POS00800220250822,PORT008,INS0024,2025-08-22,2912,67.262,195866.94,-106.25,USD,MOCK_FEED
POS00800320250822,PORT008,INS0025,2025-08-22,3868,26.4653,102367.78,2427.51,INR,MOCK_FEED
POS00800420250822,PORT008,INS0026,2025-08-22,1880,56.4618,106148.18,-2368.02,GBP,MOCK_FEED
POS00800520250822,PORT008,INS0027,2025-08-22,3084,16.942,52249.13,181.18,USD,MOCK_FEED
POS00800620250822,PORT008,INS0028,2025-08-22,1656,41.7375,69117.3,-1680.86,USD,MOCK_FEED
POS00800720250822,PORT008,INS0029,2025-08-22,3110,23.6114,73431.45,1040.71,USD,MOCK_FEED
POS00800820250822,PORT008,INS0030,2025-08-22,2798,49.3642,138121.03,4386.7,EUR,MOCK_FEED
POS00800920250822,PORT008,INS0031,2025-08-22,3804,43.8177,166682.53,-1767.98,USD,MOCK_FEED
POS00801020250822,PORT008,INS0032,2025-08-22,1597,67.1411,107224.34,2145.46,GBP,MOCK_FEED
POS00800120250823,PORT008,INS0023,2025-08-23,120,57.0632,6847.58,-64.02,USD,MOCK_FEED
POS00800220250823,PORT008,INS0024,2025-08-23,301,66.7715,20098.22,618.39,EUR,MOCK_FEED
POS00800320250823,PORT008,INS0025,2025-08-23,3959,26.354,104335.49,-913.93,INR,MOCK_FEED
POS00800420250823,PORT008,INS0026,2025-08-23,3438,55.5871,191108.45,4038.5,GBP,MOCK_FEED
POS00800520250823,PORT008,INS0027,2025-08-23,3633,17.0134,61809.68,1104.46,USD,MOCK_FEED
POS00800620250823,PORT008,INS0028,2025-08-23,3277,41.7556,136833.1,-2901.69,INR,MOCK_FEED
POS00800720250823,PORT008,INS0029,2025-08-23,1174,23.1548,27183.74,-55.89,EUR,MOCK_FEED
POS00800820250823,PORT008,INS0030,2025-08-23,508,49.7707,25283.52,868.02,INR,MOCK_FEED
POS00800920250823,PORT008,INS0031,2025-08-23,273,43.1418,11777.71,-322.37,GBP,MOCK_FEED
POS00801020250823,PORT008,INS0032,2025-08-23,2847,66.4643,189223.86,-3864.44,GBP,MOCK_FEED
POS00800120250824,PORT008,INS0023,2025-08-24,1336,57.6966,77082.66,155.41,GBP,MOCK_FEED
POS00800220250824,PORT008,INS0024,2025-08-24,2854,66.657,190239.08,-1092.19,INR,MOCK_FEED
POS00800320250824,PORT008,INS0025,2025-08-24,2290,26.3328,60302.11,-563.34,USD,MOCK_FEED
POS00800420250824,PORT008,INS0026,2025-08-24,4339,55.5684,241111.29,6357.29,USD,MOCK_FEED
POS00800520250824,PORT008,INS0027,2025-08-24,2967,16.9338,50242.58,-1197.11,GBP,MOCK_FEED
POS00800620250824,PORT008,INS0028,2025-08-24,4247,41.792,177490.62,-1214.86,GBP,MOCK_FEED
POS00800720250824,PORT008,INS0029,2025-08-24,4491,23.1985,104184.46,3037.37,GBP,MOCK_FEED
POS00800820250824,PORT008,INS0030,2025-08-24,4706,49.7937,234329.15,5049.41,EUR,MOCK_FEED
POS00800920250824,PORT008,INS0031,2025-08-24,1200,43.3131,51975.72,-461.43,GBP,MOCK_FEED
POS00801020250824,PORT008,INS0032,2025-08-24,971,67.317,65364.81,408.16,EUR,MOCK_FEED
POS00800120250825,PORT008,INS0023,2025-08-25,4004,58.8536,235649.81,7865.63,INR,MOCK_FEED
POS00800220250825,PORT008,INS0024,2025-08-25,122,67.0007,8174.09,-167.68,USD,MOCK_FEED
POS00800320250825,PORT008,INS0025,2025-08-25,4039,26.7959,108228.64,3559.08,INR,MOCK_FEED
POS00800420250825,PORT008,INS0026,2025-08-25,4230,55.834,236177.82,-5916.77,USD,MOCK_FEED
POS00800520250825,PORT008,INS0027,2025-08-25,3004,16.8071,50488.53,-1427.56,EUR,MOCK_FEED
POS00800620250825,PORT008,INS0028,2025-08-25,1171,40.8443,47828.68,1569.04,GBP,MOCK_FEED
POS00800720250825,PORT008,INS0029,2025-08-25,532,23.9726,12753.42,20.47,INR,MOCK_FEED
POS00800820250825,PORT008,INS0030,2025-08-25,958,49.8415,47748.16,-191.94,USD,MOCK_FEED
POS00800920250825,PORT008,INS0031,2025-08-25,2747,43.4486,119353.3,-2575.14,INR,MOCK_FEED
POS00801020250825,PORT008,INS0032,2025-08-25,4269,67.7842,289370.75,9828.89,USD,MOCK_FEED
POS00800120250826,PORT008,INS0023,2025-08-26,4143,58.4704,242242.87,7559.51,USD,MOCK_FEED
POS00800220250826,PORT008,INS0024,2025-08-26,4625,67.6428,312847.95,7466.49,USD,MOCK_FEED
POS00800320250826,PORT008,INS0025,2025-08-26,1477,26.3654,38941.7,806.44,USD,MOCK_FEED
POS00800420250826,PORT008,INS0026,2025-08-26,1502,56.7312,85210.26,399.29,EUR,MOCK_FEED
POS00800520250826,PORT008,INS0027,2025-08-26,2157,16.8876,36426.55,527.79,USD,MOCK_FEED
POS00800620250826,PORT008,INS0028,2025-08-26,3776,41.4564,156539.37,1968.86,USD,MOCK_FEED
POS00800720250826,PORT008,INS0029,2025-08-26,1976,23.9513,47327.77,-292.26,GBP,MOCK_FEED
POS00800820250826,PORT008,INS0030,2025-08-26,778,49.772,38722.62,-16.87,INR,MOCK_FEED
POS00800920250826,PORT008,INS0031,2025-08-26,1808,43.1616,78036.17,-2154.61,EUR,MOCK_FEED
POS00801020250826,PORT008,INS0032,2025-08-26,2091,68.1667,142536.57,-777.71,USD,MOCK_FEED
POS00800120250827,PORT008,INS0023,2025-08-27,4714,58.047,273633.56,2555.23,USD,MOCK_FEED
POS00800220250827,PORT008,INS0024,2025-08-27,1441,67.4049,97130.46,-1930.05,INR,MOCK_FEED
POS00800320250827,PORT008,INS0025,2025-08-27,1968,26.3596,51875.69,-1363.09,INR,MOCK_FEED
POS00800420250827,PORT008,INS0026,2025-08-27,4561,55.7737,254383.85,8967.42,EUR,MOCK_FEED
POS00800520250827,PORT008,INS0027,2025-08-27,3671,17.0363,62540.26,1439.67,GBP,MOCK_FEED
POS00800620250827,PORT008,INS0028,2025-08-27,4407,40.8757,180139.21,3533.6,GBP,MOCK_FEED
POS00800720250827,PORT008,INS0029,2025-08-27,2703,23.9842,64829.29,-1094.12,USD,MOCK_FEED
POS00800820250827,PORT008,INS0030,2025-08-27,2930,49.186,144114.98,-1383.88,INR,MOCK_FEED
POS00800920250827,PORT008,INS0031,2025-08-27,1152,43.7479,50397.58,372.5,GBP,MOCK_FEED
POS00801020250827,PORT008,INS0032,2025-08-27,3471,67.6504,234814.54,7792.67,INR,MOCK_FEED
POS00800120250828,PORT008,INS0023,2025-08-28,3474,58.6,203576.4,-5987.34,INR,MOCK_FEED
POS00800220250828,PORT008,INS0024,2025-08-28,688,67.4765,46423.83,971.6,EUR,MOCK_FEED
POS00800320250828,PORT008,INS0025,2025-08-28,4269,26.8089,114447.19,1518.84,INR,MOCK_FEED
POS00800420250828,PORT008,INS0026,2025-08-28,3889,55.6971,216606.02,-5666.29,INR,MOCK_FEED
POS00800520250828,PORT008,INS0027,2025-08-28,2097,17.3899,36466.62,876.85,EUR,MOCK_FEED
POS00800620250828,PORT008,INS0028,2025-08-28,852,40.6855,34664.05,-667.45,INR,MOCK_FEED
POS00800720250828,PORT008,INS0029,2025-08-28,1471,23.5179,34594.83,99.56,GBP,MOCK_FEED
POS00800820250828,PORT008,INS0030,2025-08-28,1880,50.4369,94821.37,-852.27,INR,MOCK_FEED
POS00800920250828,PORT008,INS0031,2025-08-28,2518,43.6473,109903.9,4087.05,USD,MOCK_FEED
POS00801020250828,PORT008,INS0032,2025-08-28,4711,68.0205,320444.58,-4147.94,EUR,MOCK_FEED
POS00800120250829,PORT008,INS0023,2025-08-29,729,58.5139,42656.63,-141.22,GBP,MOCK_FEED
POS00800220250829,PORT008,INS0024,2025-08-29,295,66.6951,19675.05,544.15,USD,MOCK_FEED
POS00800320250829,PORT008,INS0025,2025-08-29,809,26.1116,21124.28,-620.12,USD,MOCK_FEED
POS00800420250829,PORT008,INS0026,2025-08-29,1499,55.7795,83613.47,-1449.07,INR,MOCK_FEED
POS00800520250829,PORT008,INS0027,2025-08-29,4858,17.3246,84162.91,-1859.14,USD,MOCK_FEED
POS00800620250829,PORT008,INS0028,2025-08-29,1721,40.3391,69423.59,-1853.24,GBP,MOCK_FEED
POS00800720250829,PORT008,INS0029,2025-08-29,537,23.0494,12377.53,333.11,INR,MOCK_FEED
POS00800820250829,PORT008,INS0030,2025-08-29,3897,51.0319,198871.31,-2770.67,EUR,MOCK_FEED
POS00800920250829,PORT008,INS0031,2025-08-29,343,43.4647,14908.39,371.56,INR,MOCK_FEED
POS00801020250829,PORT008,INS0032,2025-08-29,1522,67.8278,103233.91,-3049.87,INR,MOCK_FEED
POS00800120250830,PORT008,INS0023,2025-08-30,3529,59.0066,208234.29,284.25,USD,MOCK_FEED
POS00800220250830,PORT008,INS0024,2025-08-30,2090,66.684,139369.56,951.05,EUR,MOCK_FEED
POS00800320250830,PORT008,INS0025,2025-08-30,4361,26.1299,113952.49,-1235.02,GBP,MOCK_FEED
POS00800420250830,PORT008,INS0026,2025-08-30,3549,55.6778,197600.51,33.22,EUR,MOCK_FEED
POS00800520250830,PORT008,INS0027,2025-08-30,3614,17.2248,62250.43,-1502.78,USD,MOCK_FEED
POS00800620250830,PORT008,INS0028,2025-08-30,300,40.5387,12161.61,411.25,USD,MOCK_FEED
POS00800720250830,PORT008,INS0029,2025-08-30,2368,23.5677,55808.31,-641.64,USD,MOCK_FEED
POS00800820250830,PORT008,INS0030,2025-08-30,4121,51.68,212973.28,4785.52,INR,MOCK_FEED
POS00800920250830,PORT008,INS0031,2025-08-30,4866,44.025,214225.65,3762.0,GBP,MOCK_FEED
POS00801020250830,PORT008,INS0032,2025-08-30,4404,68.9268,303553.63,5922.12,USD,MOCK_FEED
POS00800120250831,PORT008,INS0023,2025-08-31,696,57.9328,40321.23,-1126.27,EUR,MOCK_FEED
POS00800220250831,PORT008,INS0024,2025-08-31,1388,67.0134,93014.6,400.3,GBP,MOCK_FEED
POS00800320250831,PORT008,INS0025,2025-08-31,4683,26.8779,125869.21,-2340.13,GBP,MOCK_FEED
POS00800420250831,PORT008,INS0026,2025-08-31,4017,55.068,221208.16,8530.17,INR,MOCK_FEED
POS00800520250831,PORT008,INS0027,2025-08-31,2788,17.2678,48142.63,-322.09,GBP,MOCK_FEED
POS00800620250831,PORT008,INS0028,2025-08-31,3740,41.2306,154202.44,3225.28,GBP,MOCK_FEED
POS00800720250831,PORT008,INS0029,2025-08-31,4828,24.0023,115883.1,2068.98,EUR,MOCK_FEED
POS00800820250831,PORT008,INS0030,2025-08-31,4815,51.5951,248430.41,-978.03,USD,MOCK_FEED
POS00800920250831,PORT008,INS0031,2025-08-31,2278,44.4151,101177.6,-2260.89,USD,MOCK_FEED
POS00801020250831,PORT008,INS0032,2025-08-31,3128,67.3562,210690.19,1046.28,USD,MOCK_FEED
POS00800120250901,PORT008,INS0023,2025-09-01,189,57.7307,10911.1,-307.29,USD,MOCK_FEED
POS00800220250901,PORT008,INS0024,2025-09-01,4409,67.249,296500.84,2397.64,INR,MOCK_FEED
POS00800320250901,PORT008,INS0025,2025-09-01,608,26.854,16327.23,-20.4,INR,MOCK_FEED
POS00800420250901,PORT008,INS0026,2025-09-01,3829,54.8339,209959.0,5982.77,USD,MOCK_FEED
POS00800520250901,PORT008,INS0027,2025-09-01,2942,17.2785,50833.35,-1009.51,USD,MOCK_FEED
POS00800620250901,PORT008,INS0028,2025-09-01,368,41.1759,15152.73,-199.32,EUR,MOCK_FEED
POS00800720250901,PORT008,INS0029,2025-09-01,4922,24.4149,120170.14,606.31,USD,MOCK_FEED
POS00800820250901,PORT008,INS0030,2025-09-01,189,51.4921,9732.01,297.63,EUR,MOCK_FEED
POS00800920250901,PORT008,INS0031,2025-09-01,3306,44.0803,145729.47,5314.0,USD,MOCK_FEED
POS00801020250901,PORT008,INS0032,2025-09-01,4669,66.1614,308907.58,-3070.59,USD,MOCK_FEED
POS00800120250902,PORT008,INS0023,2025-09-02,3081,57.0898,175893.67,-4549.07,GBP,MOCK_FEED
POS00800220250902,PORT008,INS0024,2025-09-02,1475,67.5783,99677.99,-1463.16,EUR,MOCK_FEED
POS00800320250902,PORT008,INS0025,2025-09-02,3681,26.6101,97951.78,-1920.21,GBP,MOCK_FEED
POS00800420250902,PORT008,INS0026,2025-09-02,427,54.8113,23404.43,271.97,USD,MOCK_FEED
POS00800520250902,PORT008,INS0027,2025-09-02,4122,17.2325,71032.37,215.74,USD,MOCK_FEED
POS00800620250902,PORT008,INS0028,2025-09-02,1045,40.9097,42750.64,836.56,USD,MOCK_FEED
POS00800720250902,PORT008,INS0029,2025-09-02,3990,24.4331,97488.07,3156.8,GBP,MOCK_FEED
POS00800820250902,PORT008,INS0030,2025-09-02,3839,50.6764,194546.7,1588.88,GBP,MOCK_FEED
POS00800920250902,PORT008,INS0031,2025-09-02,4092,43.8844,179574.96,-2503.46,GBP,MOCK_FEED
POS00801020250902,PORT008,INS0032,2025-09-02,151,67.08,10129.08,283.02,GBP,MOCK_FEED
POS00800120250903,PORT008,INS0023,2025-09-03,1003,55.7685,55935.81,-718.73,USD,MOCK_FEED
POS00800220250903,PORT008,INS0024,2025-09-03,3888,67.1214,260968.0,9715.12,EUR,MOCK_FEED
POS00800320250903,PORT008,INS0025,2025-09-03,3039,26.3318,80022.34,-1940.5,INR,MOCK_FEED
POS00800420250903,PORT008,INS0026,2025-09-03,3475,55.2752,192081.32,7250.63,GBP,MOCK_FEED
POS00800520250903,PORT008,INS0027,2025-09-03,2292,17.5451,40213.37,1234.36,GBP,MOCK_FEED
POS00800620250903,PORT008,INS0028,2025-09-03,2576,40.9799,105564.22,1436.93,USD,MOCK_FEED
POS00800720250903,PORT008,INS0029,2025-09-03,4271,23.9725,102386.55,3083.72,USD,MOCK_FEED
POS00800820250903,PORT008,INS0030,2025-09-03,587,50.1866,29459.53,-167.31,USD,MOCK_FEED
POS00800920250903,PORT008,INS0031,2025-09-03,2587,44.6473,115502.57,886.98,INR,MOCK_FEED
POS00801020250903,PORT008,INS0032,2025-09-03,1741,67.0722,116772.7,1934.78,INR,MOCK_FEED
POS00800120250904,PORT008,INS0023,2025-09-04,3490,54.9397,191739.55,-2976.49,EUR,MOCK_FEED
POS00800220250904,PORT008,INS0024,2025-09-04,4603,66.8956,307920.45,-5563.83,GBP,MOCK_FEED
POS00800320250904,PORT008,INS0025,2025-09-04,143,25.8401,3695.13,147.23,USD,MOCK_FEED
POS00800420250904,PORT008,INS0026,2025-09-04,4992,55.654,277824.77,6809.24,GBP,MOCK_FEED
POS00800520250904,PORT008,INS0027,2025-09-04,990,17.3278,17154.52,426.88,USD,MOCK_FEED
POS00800620250904,PORT008,INS0028,2025-09-04,2397,41.1874,98726.2,409.44,GBP,MOCK_FEED
POS00800720250904,PORT008,INS0029,2025-09-04,1973,24.3388,48020.45,312.46,EUR,MOCK_FEED
POS00800820250904,PORT008,INS0030,2025-09-04,2117,49.8141,105456.45,455.61,GBP,MOCK_FEED
POS00800920250904,PORT008,INS0031,2025-09-04,1755,44.8794,78763.35,2410.64,GBP,MOCK_FEED
POS00801020250904,PORT008,INS0032,2025-09-04,2375,66.8141,158683.49,-3298.07,GBP,MOCK_FEED
POS00800120250905,PORT008,INS0023,2025-09-05,2709,54.3729,147296.19,4996.53,USD,MOCK_FEED
POS00800220250905,PORT008,INS0024,2025-09-05,3879,65.7902,255200.19,2826.47,GBP,MOCK_FEED
POS00800320250905,PORT008,INS0025,2025-09-05,1301,25.7537,33505.56,1025.44,GBP,MOCK_FEED
POS00800420250905,PORT008,INS0026,2025-09-05,1637,56.4301,92376.07,3359.54,INR,MOCK_FEED
POS00800520250905,PORT008,INS0027,2025-09-05,1954,17.5423,34277.65,-773.73,INR,MOCK_FEED
POS00800620250905,PORT008,INS0028,2025-09-05,1320,41.5591,54858.01,-189.26,EUR,MOCK_FEED
POS00800720250905,PORT008,INS0029,2025-09-05,2853,24.8547,70910.46,1149.39,INR,MOCK_FEED
POS00800820250905,PORT008,INS0030,2025-09-05,3906,49.807,194546.14,7322.32,USD,MOCK_FEED
POS00800920250905,PORT008,INS0031,2025-09-05,2546,44.9577,114462.3,2652.6,USD,MOCK_FEED
POS00801020250905,PORT008,INS0032,2025-09-05,4361,66.489,289958.53,9705.51,EUR,MOCK_FEED
POS00800120250906,PORT008,INS0023,2025-09-06,1928,53.7592,103647.74,2430.47,INR,MOCK_FEED
POS00800220250906,PORT008,INS0024,2025-09-06,2809,66.344,186360.3,3026.56,GBP,MOCK_FEED
POS00800320250906,PORT008,INS0025,2025-09-06,2669,26.2027,69935.01,-1001.27,GBP,MOCK_FEED
POS00800420250906,PORT008,INS0026,2025-09-06,1473,55.9031,82345.27,2394.57,INR,MOCK_FEED
POS00800520250906,PORT008,INS0027,2025-09-06,2419,17.7366,42904.84,545.3,EUR,MOCK_FEED
POS00800620250906,PORT008,INS0028,2025-09-06,3063,42.2953,129550.5,-2998.75,INR,MOCK_FEED
POS00800720250906,PORT008,INS0029,2025-09-06,2532,25.2492,63930.97,980.15,EUR,MOCK_FEED
POS00800820250906,PORT008,INS0030,2025-09-06,3632,49.6383,180286.31,2755.65,INR,MOCK_FEED
POS00800920250906,PORT008,INS0031,2025-09-06,2786,45.2068,125946.14,-2593.86,USD,MOCK_FEED
POS00801020250906,PORT008,INS0032,2025-09-06,4435,67.5418,299547.88,1921.77,GBP,MOCK_FEED
POS00800120250907,PORT008,INS0023,2025-09-07,902,53.2863,48064.24,-393.16,EUR,MOCK_FEED
POS00800220250907,PORT008,INS0024,2025-09-07,580,65.3214,37886.41,-125.6,EUR,MOCK_FEED
POS00800320250907,PORT008,INS0025,2025-09-07,2788,26.1941,73029.15,709.73,INR,MOCK_FEED
POS00800420250907,PORT008,INS0026,2025-09-07,1898,56.5642,107358.85,1647.03,GBP,MOCK_FEED
POS00800520250907,PORT008,INS0027,2025-09-07,4236,17.894,75798.98,26.29,EUR,MOCK_FEED
POS00800620250907,PORT008,INS0028,2025-09-07,2021,42.9615,86825.19,2470.94,INR,MOCK_FEED
POS00800720250907,PORT008,INS0029,2025-09-07,3904,25.4248,99258.42,2750.64,INR,MOCK_FEED
POS00800820250907,PORT008,INS0030,2025-09-07,4284,49.1874,210718.82,7171.01,GBP,MOCK_FEED
POS00800920250907,PORT008,INS0031,2025-09-07,3342,44.5823,148994.05,5442.63,INR,MOCK_FEED
POS00801020250907,PORT008,INS0032,2025-09-07,2675,67.1903,179734.05,3691.58,GBP,MOCK_FEED
POS00800120250908,PORT008,INS0023,2025-09-08,637,53.1323,33845.28,-82.23,GBP,MOCK_FEED
POS00800220250908,PORT008,INS0024,2025-09-08,1616,64.7066,104565.87,256.51,USD,MOCK_FEED
POS00800320250908,PORT008,INS0025,2025-09-08,4531,25.612,116047.97,886.25,EUR,MOCK_FEED
POS00800420250908,PORT008,INS0026,2025-09-08,2003,55.9064,111980.52,566.51,INR,MOCK_FEED
POS00800520250908,PORT008,INS0027,2025-09-08,1339,17.6867,23682.49,-194.86,INR,MOCK_FEED
POS00800620250908,PORT008,INS0028,2025-09-08,247,43.3479,10706.93,305.19,INR,MOCK_FEED
POS00800720250908,PORT008,INS0029,2025-09-08,716,25.199,18042.48,677.72,EUR,MOCK_FEED
POS00800820250908,PORT008,INS0030,2025-09-08,3733,48.8613,182399.23,5721.45,GBP,MOCK_FEED
POS00800920250908,PORT008,INS0031,2025-09-08,1516,43.6783,66216.3,515.08,EUR,MOCK_FEED
POS00801020250908,PORT008,INS0032,2025-09-08,2256,66.6781,150425.79,-3800.59,USD,MOCK_FEED
POS00800120250909,PORT008,INS0023,2025-09-09,4275,52.7629,225561.4,8448.09,USD,MOCK_FEED
POS00800220250909,PORT008,INS0024,2025-09-09,3261,63.8473,208206.05,-5017.44,USD,MOCK_FEED
POS00800320250909,PORT008,INS0025,2025-09-09,1807,25.2492,45625.3,-488.21,GBP,MOCK_FEED
POS00800420250909,PORT008,INS0026,2025-09-09,838,54.8836,45992.46,1246.08,EUR,MOCK_FEED
POS00800520250909,PORT008,INS0027,2025-09-09,759,17.5383,13311.57,51.38,INR,MOCK_FEED
POS00800620250909,PORT008,INS0028,2025-09-09,2145,43.214,92694.03,22.57,USD,MOCK_FEED
POS00800720250909,PORT008,INS0029,2025-09-09,2009,25.272,50771.45,1539.47,EUR,MOCK_FEED
POS00800820250909,PORT008,INS0030,2025-09-09,2371,48.6087,115251.23,2174.75,GBP,MOCK_FEED
POS00800920250909,PORT008,INS0031,2025-09-09,2496,44.0541,109959.03,-2290.0,USD,MOCK_FEED
POS00801020250909,PORT008,INS0032,2025-09-09,1559,66.2824,103334.26,-664.99,INR,MOCK_FEED
POS00800120250910,PORT008,INS0023,2025-09-10,3964,51.6206,204624.06,5439.34,USD,MOCK_FEED
POS00800220250910,PORT008,INS0024,2025-09-10,4609,64.1335,295591.3,-8434.65,GBP,MOCK_FEED
POS00800320250910,PORT008,INS0025,2025-09-10,3105,24.8503,77160.18,-863.54,EUR,MOCK_FEED
POS00800420250910,PORT008,INS0026,2025-09-10,294,54.0958,15904.17,-116.04,EUR,MOCK_FEED
POS00800520250910,PORT008,INS0027,2025-09-10,3527,17.5974,62066.03,507.93,GBP,MOCK_FEED
POS00800620250910,PORT008,INS0028,2025-09-10,1369,42.238,57823.82,-1159.96,USD,MOCK_FEED
POS00800720250910,PORT008,INS0029,2025-09-10,3180,25.1773,80063.81,2678.55,USD,MOCK_FEED
POS00800820250910,PORT008,INS0030,2025-09-10,2612,48.1622,125799.67,1141.6,USD,MOCK_FEED
POS00800920250910,PORT008,INS0031,2025-09-10,3888,43.848,170481.02,-2023.77,USD,MOCK_FEED
POS00801020250910,PORT008,INS0032,2025-09-10,2389,65.1462,155634.27,967.06,USD,MOCK_FEED
POS00800120250911,PORT008,INS0023,2025-09-11,1875,52.5043,98445.56,-2363.25,INR,MOCK_FEED
POS00800220250911,PORT008,INS0024,2025-09-11,4449,64.1419,285367.31,9352.87,EUR,MOCK_FEED
POS00800320250911,PORT008,INS0025,2025-09-11,1328,24.8866,33049.4,-798.98,INR,MOCK_FEED
POS00800420250911,PORT008,INS0026,2025-09-11,4113,54.337,223488.08,5935.8,GBP,MOCK_FEED
POS00800520250911,PORT008,INS0027,2025-09-11,4121,17.7413,73111.9,1288.4,INR,MOCK_FEED
POS00800620250911,PORT008,INS0028,2025-09-11,1852,42.6458,78980.02,1336.24,USD,MOCK_FEED
POS00800720250911,PORT008,INS0029,2025-09-11,3601,25.2207,90819.74,-2011.45,GBP,MOCK_FEED
POS00800820250911,PORT008,INS0030,2025-09-11,1294,47.5533,61533.97,1788.36,INR,MOCK_FEED
POS00800920250911,PORT008,INS0031,2025-09-11,907,44.5953,40447.94,-402.36,USD,MOCK_FEED
POS00801020250911,PORT008,INS0032,2025-09-11,1859,66.3851,123409.9,-111.1,EUR,MOCK_FEED
POS00800120250912,PORT008,INS0023,2025-09-12,3656,52.5887,192264.29,-2165.63,EUR,MOCK_FEED
POS00800220250912,PORT008,INS0024,2025-09-12,3523,64.3549,226722.31,-4805.6,USD,MOCK_FEED
POS00800320250912,PORT008,INS0025,2025-09-12,1626,24.8985,40484.96,-677.94,GBP,MOCK_FEED
POS00800420250912,PORT008,INS0026,2025-09-12,3992,54.2337,216500.93,-2140.21,INR,MOCK_FEED
POS00800520250912,PORT008,INS0027,2025-09-12,4678,17.7892,83217.88,-2394.78,GBP,MOCK_FEED
POS00800620250912,PORT008,INS0028,2025-09-12,3712,42.7383,158644.57,6293.13,EUR,MOCK_FEED
POS00800720250912,PORT008,INS0029,2025-09-12,2112,25.5834,54032.14,503.48,USD,MOCK_FEED
POS00800820250912,PORT008,INS0030,2025-09-12,706,48.989,34586.23,-480.19,USD,MOCK_FEED
POS00800920250912,PORT008,INS0031,2025-09-12,3394,46.0444,156274.69,5821.7,INR,MOCK_FEED
POS00801020250912,PORT008,INS0032,2025-09-12,4862,65.7741,319793.67,10061.6,EUR,MOCK_FEED
POS00800120250913,PORT008,INS0023,2025-09-13,3101,52.7399,163546.43,5451.98,GBP,MOCK_FEED
POS00800220250913,PORT008,INS0024,2025-09-13,4240,64.2448,272397.95,159.39,GBP,MOCK_FEED
POS00800320250913,PORT008,INS0025,2025-09-13,805,24.7718,19941.3,-238.03,USD,MOCK_FEED
POS00800420250913,PORT008,INS0026,2025-09-13,847,54.9217,46518.68,32.01,INR,MOCK_FEED
POS00800520250913,PORT008,INS0027,2025-09-13,4792,18.1478,86964.26,-1627.06,INR,MOCK_FEED
POS00800620250913,PORT008,INS0028,2025-09-13,2783,43.4714,120980.91,4012.94,INR,MOCK_FEED
POS00800720250913,PORT008,INS0029,2025-09-13,2982,25.8631,77123.76,2986.62,USD,MOCK_FEED
POS00800820250913,PORT008,INS0030,2025-09-13,3594,48.2451,173392.89,-349.41,GBP,MOCK_FEED
POS00800920250913,PORT008,INS0031,2025-09-13,3663,45.4992,166663.57,2843.28,EUR,MOCK_FEED
POS00801020250913,PORT008,INS0032,2025-09-13,4094,66.1376,270767.33,-2969.36,USD,MOCK_FEED
POS00800120250914,PORT008,INS0023,2025-09-14,4215,51.9185,218836.48,-4820.17,GBP,MOCK_FEED
POS00800220250914,PORT008,INS0024,2025-09-14,420,63.5418,26687.56,166.67,EUR,MOCK_FEED
POS00800320250914,PORT008,INS0025,2025-09-14,5000,24.6982,123491.0,2007.44,EUR,MOCK_FEED
POS00800420250914,PORT008,INS0026,2025-09-14,3823,55.8099,213361.25,-3621.89,EUR,MOCK_FEED
POS00800520250914,PORT008,INS0027,2025-09-14,3526,18.0872,63775.47,-286.26,EUR,MOCK_FEED
POS00800620250914,PORT008,INS0028,2025-09-14,3493,43.6356,152419.15,2546.87,USD,MOCK_FEED
POS00800720250914,PORT008,INS0029,2025-09-14,297,24.9351,7405.72,-104.0,USD,MOCK_FEED
POS00800820250914,PORT008,INS0030,2025-09-14,349,48.9808,17094.3,447.57,GBP,MOCK_FEED
POS00800920250914,PORT008,INS0031,2025-09-14,592,46.5255,27543.1,1064.97,GBP,MOCK_FEED
POS00801020250914,PORT008,INS0032,2025-09-14,2405,66.4257,159753.81,-3936.35,INR,MOCK_FEED
POS00800120250915,PORT008,INS0023,2025-09-15,2480,52.6866,130662.77,817.88,INR,MOCK_FEED
POS00800220250915,PORT008,INS0024,2025-09-15,2779,63.5632,176642.13,3674.76,INR,MOCK_FEED
POS00800320250915,PORT008,INS0025,2025-09-15,4788,24.2377,116050.11,-2315.67,EUR,MOCK_FEED
POS00800420250915,PORT008,INS0026,2025-09-15,4818,55.405,266941.29,-3558.35,EUR,MOCK_FEED
POS00800520250915,PORT008,INS0027,2025-09-15,4071,18.1526,73899.23,1694.61,USD,MOCK_FEED
POS00800620250915,PORT008,INS0028,2025-09-15,1840,43.6198,80260.43,909.09,GBP,MOCK_FEED
POS00800720250915,PORT008,INS0029,2025-09-15,3159,24.815,78390.59,2813.15,INR,MOCK_FEED
POS00800820250915,PORT008,INS0030,2025-09-15,3658,48.3679,176929.78,1191.2,USD,MOCK_FEED
POS00800920250915,PORT008,INS0031,2025-09-15,1889,46.5131,87863.25,432.54,GBP,MOCK_FEED
POS00801020250915,PORT008,INS0032,2025-09-15,4379,65.4655,286673.42,10714.0,EUR,MOCK_FEED
POS00800120250916,PORT008,INS0023,2025-09-16,4436,52.1837,231486.89,-3802.79,INR,MOCK_FEED
POS00800220250916,PORT008,INS0024,2025-09-16,2080,62.7608,130542.46,2121.53,USD,MOCK_FEED
POS00800320250916,PORT008,INS0025,2025-09-16,1769,24.1431,42709.14,1194.02,EUR,MOCK_FEED
POS00800420250916,PORT008,INS0026,2025-09-16,920,55.2686,50847.11,574.03,GBP,MOCK_FEED
POS00800520250916,PORT008,INS0027,2025-09-16,321,18.0663,5799.28,-104.56,USD,MOCK_FEED
POS00800620250916,PORT008,INS0028,2025-09-16,3969,44.374,176120.41,2429.86,INR,MOCK_FEED
POS00800720250916,PORT008,INS0029,2025-09-16,4834,24.791,119839.69,3207.92,EUR,MOCK_FEED
POS00800820250916,PORT008,INS0030,2025-09-16,508,48.9725,24878.03,638.56,USD,MOCK_FEED
POS00800920250916,PORT008,INS0031,2025-09-16,3165,45.6805,144578.78,4272.16,GBP,MOCK_FEED
POS00801020250916,PORT008,INS0032,2025-09-16,1601,65.7183,105215.0,3483.26,GBP,MOCK_FEED
POS00800120250917,PORT008,INS0023,2025-09-17,4890,53.0344,259338.22,8779.81,USD,MOCK_FEED
POS00800220250917,PORT008,INS0024,2025-09-17,2840,64.0186,181812.82,3837.71,EUR,MOCK_FEED
POS00800320250917,PORT008,INS0025,2025-09-17,4431,24.0646,106630.24,3131.85,USD,MOCK_FEED
POS00800420250917,PORT008,INS0026,2025-09-17,2113,55.2765,116799.24,-1316.28,GBP,MOCK_FEED
POS00800520250917,PORT008,INS0027,2025-09-17,4604,17.9779,82770.25,390.2,EUR,MOCK_FEED
POS00800620250917,PORT008,INS0028,2025-09-17,3840,44.2187,169799.81,376.37,INR,MOCK_FEED
POS00800720250917,PORT008,INS0029,2025-09-17,1198,24.8092,29721.42,375.76,INR,MOCK_FEED
POS00800820250917,PORT008,INS0030,2025-09-17,4055,49.7892,201895.21,-1768.45,INR,MOCK_FEED
POS00800920250917,PORT008,INS0031,2025-09-17,3196,45.2759,144701.78,5301.99,INR,MOCK_FEED
POS00801020250917,PORT008,INS0032,2025-09-17,1219,66.8877,81536.11,1702.08,USD,MOCK_FEED
POS00800120250918,PORT008,INS0023,2025-09-18,3089,54.0568,166981.46,-3761.46,INR,MOCK_FEED
POS00800220250918,PORT008,INS0024,2025-09-18,386,63.4626,24496.56,-369.33,EUR,MOCK_FEED
POS00800320250918,PORT008,INS0025,2025-09-18,4612,24.3264,112193.36,-2024.47,GBP,MOCK_FEED
POS00800420250918,PORT008,INS0026,2025-09-18,2875,55.6639,160033.71,6204.85,GBP,MOCK_FEED
POS00800520250918,PORT008,INS0027,2025-09-18,4477,18.1029,81046.68,1597.31,GBP,MOCK_FEED
POS00800620250918,PORT008,INS0028,2025-09-18,3647,44.2583,161410.02,3838.62,EUR,MOCK_FEED
POS00800720250918,PORT008,INS0029,2025-09-18,2578,24.5042,63171.83,1019.04,INR,MOCK_FEED
POS00800820250918,PORT008,INS0030,2025-09-18,4656,50.2891,234146.05,-4396.2,GBP,MOCK_FEED
POS00800920250918,PORT008,INS0031,2025-09-18,2196,44.8586,98509.49,3062.22,GBP,MOCK_FEED
POS00801020250918,PORT008,INS0032,2025-09-18,1652,66.1039,109203.64,-2806.9,EUR,MOCK_FEED
POS00800120250919,PORT008,INS0023,2025-09-19,4416,54.3893,240183.15,-469.97,EUR,MOCK_FEED
POS00800220250919,PORT008,INS0024,2025-09-19,4032,63.0562,254242.6,8749.9,USD,MOCK_FEED
POS00800320250919,PORT008,INS0025,2025-09-19,3652,24.0119,87691.46,3154.15,USD,MOCK_FEED
POS00800420250919,PORT008,INS0026,2025-09-19,325,55.7546,18120.25,278.52,GBP,MOCK_FEED
POS00800520250919,PORT008,INS0027,2025-09-19,234,17.952,4200.77,163.98,INR,MOCK_FEED
POS00800620250919,PORT008,INS0028,2025-09-19,1991,44.8899,89375.79,3225.29,EUR,MOCK_FEED
POS00800720250919,PORT008,INS0029,2025-09-19,1071,24.2939,26018.77,113.44,INR,MOCK_FEED
POS00800820250919,PORT008,INS0030,2025-09-19,3401,50.6115,172129.71,2173.04,EUR,MOCK_FEED
POS00800920250919,PORT008,INS0031,2025-09-19,2800,44.5476,124733.28,2508.83,INR,MOCK_FEED
POS00801020250919,PORT008,INS0032,2025-09-19,2037,65.0218,132449.41,2563.57,USD,MOCK_FEED
POS00800120250920,PORT008,INS0023,2025-09-20,3207,53.7614,172412.81,3953.4,USD,MOCK_FEED
POS00800220250920,PORT008,INS0024,2025-09-20,1513,61.5889,93184.01,-963.37,USD,MOCK_FEED
POS00800320250920,PORT008,INS0025,2025-09-20,4724,24.1242,113962.72,-2837.41,EUR,MOCK_FEED
POS00800420250920,PORT008,INS0026,2025-09-20,3384,56.2062,190201.78,786.59,EUR,MOCK_FEED
POS00800520250920,PORT008,INS0027,2025-09-20,3978,18.2743,72695.17,799.2,GBP,MOCK_FEED
POS00800620250920,PORT008,INS0028,2025-09-20,1220,45.251,55206.22,-264.66,EUR,MOCK_FEED
POS00800720250920,PORT008,INS0029,2025-09-20,949,24.1935,22959.63,482.56,EUR,MOCK_FEED
POS00800820250920,PORT008,INS0030,2025-09-20,4373,51.0374,223186.55,7591.06,INR,MOCK_FEED
POS00800920250920,PORT008,INS0031,2025-09-20,4413,44.797,197689.16,-1454.07,INR,MOCK_FEED
POS00801020250920,PORT008,INS0032,2025-09-20,2370,65.3247,154819.54,-2116.9,EUR,MOCK_FEED
POS00800120250921,PORT008,INS0023,2025-09-21,366,53.2058,19473.32,420.22,GBP,MOCK_FEED
POS00800220250921,PORT008,INS0024,2025-09-21,3997,60.3724,241308.48,2791.93,GBP,MOCK_FEED
POS00800320250921,PORT008,INS0025,2025-09-21,4018,23.9248,96129.85,-2215.39,USD,MOCK_FEED
POS00800420250921,PORT008,INS0026,2025-09-21,1589,55.9434,88894.06,3422.54,INR,MOCK_FEED
POS00800520250921,PORT008,INS0027,2025-09-21,817,18.0041,14709.35,192.83,INR,MOCK_FEED
POS00800620250921,PORT008,INS0028,2025-09-21,3080,45.4032,139841.86,5274.3,EUR,MOCK_FEED
POS00800720250921,PORT008,INS0029,2025-09-21,3089,24.3187,75120.46,1960.46,INR,MOCK_FEED
POS00800820250921,PORT008,INS0030,2025-09-21,1842,50.5765,93161.91,2370.32,INR,MOCK_FEED
POS00800920250921,PORT008,INS0031,2025-09-21,3827,44.1864,169101.35,-2531.88,INR,MOCK_FEED
POS00801020250921,PORT008,INS0032,2025-09-21,3376,66.1442,223302.82,-1686.45,GBP,MOCK_FEED
POS00800120250922,PORT008,INS0023,2025-09-22,2839,54.1775,153809.92,-1165.37,EUR,MOCK_FEED
POS00800220250922,PORT008,INS0024,2025-09-22,1457,59.9484,87344.82,-295.52,GBP,MOCK_FEED
POS00800320250922,PORT008,INS0025,2025-09-22,4263,23.683,100960.63,3175.69,GBP,MOCK_FEED
POS00800420250922,PORT008,INS0026,2025-09-22,3281,56.8254,186444.14,4307.8,EUR,MOCK_FEED
POS00800520250922,PORT008,INS0027,2025-09-22,4077,18.0385,73542.96,278.44,USD,MOCK_FEED
POS00800620250922,PORT008,INS0028,2025-09-22,2972,44.4279,132039.72,-2680.05,EUR,MOCK_FEED
POS00800720250922,PORT008,INS0029,2025-09-22,4970,24.796,123236.12,-183.55,EUR,MOCK_FEED
POS00800820250922,PORT008,INS0030,2025-09-22,4488,49.9559,224202.08,-5932.28,GBP,MOCK_FEED
POS00800920250922,PORT008,INS0031,2025-09-22,4438,44.3465,196809.77,3624.97,EUR,MOCK_FEED
POS00801020250922,PORT008,INS0032,2025-09-22,4807,66.4448,319400.15,5069.58,INR,MOCK_FEED
POS00800120250923,PORT008,INS0023,2025-09-23,3306,54.0952,178838.73,-1610.35,INR,MOCK_FEED
POS00800220250923,PORT008,INS0024,2025-09-23,4722,60.1382,283972.58,-762.6,EUR,MOCK_FEED
POS00800320250923,PORT008,INS0025,2025-09-23,4494,23.8745,107292.0,-63.87,INR,MOCK_FEED
POS00800420250923,PORT008,INS0026,2025-09-23,415,56.4137,23411.69,-459.83,USD,MOCK_FEED
POS00800520250923,PORT008,INS0027,2025-09-23,1962,17.9343,35187.1,-459.1,EUR,MOCK_FEED
POS00800620250923,PORT008,INS0028,2025-09-23,4584,44.0332,201848.19,3058.83,EUR,MOCK_FEED
POS00800720250923,PORT008,INS0029,2025-09-23,3558,24.8571,88441.56,-1999.23,GBP,MOCK_FEED
POS00800820250923,PORT008,INS0030,2025-09-23,3710,49.9646,185368.67,2363.24,EUR,MOCK_FEED
POS00800920250923,PORT008,INS0031,2025-09-23,4846,44.501,215651.85,-2033.19,GBP,MOCK_FEED
POS00801020250923,PORT008,INS0032,2025-09-23,3857,65.8648,254040.53,-2720.42,USD,MOCK_FEED
POS00800120250924,PORT008,INS0023,2025-09-24,1172,53.0197,62139.09,-1625.82,INR,MOCK_FEED
POS00800220250924,PORT008,INS0024,2025-09-24,2200,61.1355,134498.1,898.74,EUR,MOCK_FEED
POS00800320250924,PORT008,INS0025,2025-09-24,1230,23.9866,29503.52,1063.03,INR,MOCK_FEED
POS00800420250924,PORT008,INS0026,2025-09-24,1882,56.2247,105814.89,56.75,EUR,MOCK_FEED
POS00800520250924,PORT008,INS0027,2025-09-24,2530,17.9884,45510.65,-146.93,GBP,MOCK_FEED
POS00800620250924,PORT008,INS0028,2025-09-24,1047,43.9599,46026.02,1090.46,GBP,MOCK_FEED
POS00800720250924,PORT008,INS0029,2025-09-24,1362,24.6835,33618.93,933.73,USD,MOCK_FEED
POS00800820250924,PORT008,INS0030,2025-09-24,2318,49.9982,115895.83,-903.94,GBP,MOCK_FEED
POS00800920250924,PORT008,INS0031,2025-09-24,2643,44.1701,116741.57,2661.07,GBP,MOCK_FEED
POS00801020250924,PORT008,INS0032,2025-09-24,3032,66.2498,200869.39,2373.67,GBP,MOCK_FEED
POS00800120250925,PORT008,INS0023,2025-09-25,3406,53.2426,181344.3,230.03,EUR,MOCK_FEED
POS00800220250925,PORT008,INS0024,2025-09-25,3080,63.1375,194463.5,1101.6,INR,MOCK_FEED
POS00800320250925,PORT008,INS0025,2025-09-25,3447,23.8623,82253.35,2919.96,USD,MOCK_FEED
POS00800420250925,PORT008,INS0026,2025-09-25,4286,56.8803,243788.97,5793.45,USD,MOCK_FEED
POS00800520250925,PORT008,INS0027,2025-09-25,477,18.0706,8619.68,-201.29,USD,MOCK_FEED
POS00800620250925,PORT008,INS0028,2025-09-25,677,43.4734,29431.49,659.5,GBP,MOCK_FEED
POS00800720250925,PORT008,INS0029,2025-09-25,3175,23.9985,76195.24,672.53,INR,MOCK_FEED
POS00800820250925,PORT008,INS0030,2025-09-25,4442,50.1556,222791.18,-3152.16,EUR,MOCK_FEED
POS00800920250925,PORT008,INS0031,2025-09-25,3401,43.1999,146922.86,4675.98,GBP,MOCK_FEED
POS00801020250925,PORT008,INS0032,2025-09-25,3123,66.6156,208040.52,-5880.0,GBP,MOCK_FEED
POS00800120250926,PORT008,INS0023,2025-09-26,4854,52.8802,256680.49,2663.18,USD,MOCK_FEED
POS00800220250926,PORT008,INS0024,2025-09-26,2568,63.0795,161988.16,-2114.86,GBP,MOCK_FEED
POS00800320250926,PORT008,INS0025,2025-09-26,2167,24.0515,52119.6,-619.11,GBP,MOCK_FEED
POS00800420250926,PORT008,INS0026,2025-09-26,2883,57.2775,165131.03,-2242.3,USD,MOCK_FEED
POS00800520250926,PORT008,INS0027,2025-09-26,4243,18.1727,77106.77,182.5,GBP,MOCK_FEED
POS00800620250926,PORT008,INS0028,2025-09-26,1372,43.7025,59959.83,1790.0,USD,MOCK_FEED
POS00800720250926,PORT008,INS0029,2025-09-26,3246,23.7501,77092.82,-91.23,USD,MOCK_FEED
POS00800820250926,PORT008,INS0030,2025-09-26,1312,50.6387,66437.97,1542.59,USD,MOCK_FEED
POS00800920250926,PORT008,INS0031,2025-09-26,2186,43.7154,95561.86,-2033.76,USD,MOCK_FEED
POS00801020250926,PORT008,INS0032,2025-09-26,4527,65.6613,297248.71,-7847.83,INR,MOCK_FEED
POS00800120250927,PORT008,INS0023,2025-09-27,1086,52.5657,57086.35,1322.64,USD,MOCK_FEED
POS00800220250927,PORT008,INS0024,2025-09-27,4414,61.6165,271975.23,-5405.15,EUR,MOCK_FEED
POS00800320250927,PORT008,INS0025,2025-09-27,990,24.2669,24024.23,-392.73,INR,MOCK_FEED
POS00800420250927,PORT008,INS0026,2025-09-27,2499,58.2566,145583.24,2194.94,INR,MOCK_FEED
POS00800520250927,PORT008,INS0027,2025-09-27,389,18.2579,7102.32,263.24,GBP,MOCK_FEED
POS00800620250927,PORT008,INS0028,2025-09-27,4519,43.6967,197465.39,6753.86,GBP,MOCK_FEED
POS00800720250927,PORT008,INS0029,2025-09-27,1280,23.5422,30134.02,872.6,EUR,MOCK_FEED
POS00800820250927,PORT008,INS0030,2025-09-27,666,50.112,33374.59,142.09,GBP,MOCK_FEED
POS00800920250927,PORT008,INS0031,2025-09-27,4901,43.1101,211282.6,61.39,EUR,MOCK_FEED
POS00801020250927,PORT008,INS0032,2025-09-27,887,65.9774,58521.95,1800.66,INR,MOCK_FEED
POS00800120250928,PORT008,INS0023,2025-09-28,4318,52.9084,228458.47,6479.61,EUR,MOCK_FEED
POS00800220250928,PORT008,INS0024,2025-09-28,4802,61.7499,296523.02,8378.17,GBP,MOCK_FEED
POS00800320250928,PORT008,INS0025,2025-09-28,3865,24.5714,94968.46,3089.23,INR,MOCK_FEED
POS00800420250928,PORT008,INS0026,2025-09-28,2463,58.8321,144903.46,-4303.03,GBP,MOCK_FEED
POS00800520250928,PORT008,INS0027,2025-09-28,395,18.0564,7132.28,-26.04,EUR,MOCK_FEED
POS00800620250928,PORT008,INS0028,2025-09-28,762,44.0703,33581.57,740.66,EUR,MOCK_FEED
POS00800720250928,PORT008,INS0029,2025-09-28,1244,22.9649,28568.34,220.4,GBP,MOCK_FEED
POS00800820250928,PORT008,INS0030,2025-09-28,2810,51.0205,143367.6,1559.19,INR,MOCK_FEED
POS00800920250928,PORT008,INS0031,2025-09-28,1023,44.0328,45045.55,-197.03,USD,MOCK_FEED
POS00801020250928,PORT008,INS0032,2025-09-28,796,65.4164,52071.45,1297.01,GBP,MOCK_FEED
POS00800120250929,PORT008,INS0023,2025-09-29,959,53.4659,51273.8,558.69,EUR,MOCK_FEED
POS00800220250929,PORT008,INS0024,2025-09-29,2733,61.1066,167004.34,4848.59,USD,MOCK_FEED
POS00800320250929,PORT008,INS0025,2025-09-29,831,24.6056,20447.25,-89.47,INR,MOCK_FEED
POS00800420250929,PORT008,INS0026,2025-09-29,3569,58.4262,208523.11,-2389.62,USD,MOCK_FEED
POS00800520250929,PORT008,INS0027,2025-09-29,3151,17.5759,55381.66,1819.73,INR,MOCK_FEED
POS00800620250929,PORT008,INS0028,2025-09-29,4351,44.5055,193643.43,-1446.9,INR,MOCK_FEED
POS00800720250929,PORT008,INS0029,2025-09-29,3309,23.0142,76153.99,488.03,EUR,MOCK_FEED
POS00800820250929,PORT008,INS0030,2025-09-29,4983,50.9138,253703.47,5369.91,INR,MOCK_FEED
POS00800920250929,PORT008,INS0031,2025-09-29,3583,43.5504,156041.08,-2905.2,USD,MOCK_FEED
POS00801020250929,PORT008,INS0032,2025-09-29,2771,66.6906,184799.65,-1477.89,USD,MOCK_FEED
POS00800120250930,PORT008,INS0023,2025-09-30,633,53.8526,34088.7,-1010.99,USD,MOCK_FEED
POS00800220250930,PORT008,INS0024,2025-09-30,1248,61.2108,76391.08,-609.24,INR,MOCK_FEED
POS00800320250930,PORT008,INS0025,2025-09-30,2340,24.3158,56898.97,1332.28,USD,MOCK_FEED
POS00800420250930,PORT008,INS0026,2025-09-30,2472,57.9549,143264.51,-3204.5,GBP,MOCK_FEED
POS00800520250930,PORT008,INS0027,2025-09-30,3650,17.6315,64354.97,-421.15,GBP,MOCK_FEED
POS00800620250930,PORT008,INS0028,2025-09-30,1077,44.4203,47840.66,1006.96,USD,MOCK_FEED
POS00800720250930,PORT008,INS0029,2025-09-30,3350,22.6017,75715.7,2057.39,USD,MOCK_FEED
POS00800820250930,PORT008,INS0030,2025-09-30,3465,51.1649,177286.38,978.97,GBP,MOCK_FEED
POS00800920250930,PORT008,INS0031,2025-09-30,4827,43.8441,211635.47,5773.64,INR,MOCK_FEED
POS00801020250930,PORT008,INS0032,2025-09-30,3012,66.289,199662.47,-1126.31,EUR,MOCK_FEED
POS00800120251001,PORT008,INS0023,2025-10-01,3349,54.226,181602.87,-5107.32,USD,MOCK_FEED
POS00800220251001,PORT008,INS0024,2025-10-01,4334,61.1704,265112.51,9027.25,EUR,MOCK_FEED
POS00800320251001,PORT008,INS0025,2025-10-01,428,24.1344,10329.52,376.48,GBP,MOCK_FEED
POS00800420251001,PORT008,INS0026,2025-10-01,1570,56.9821,89461.9,-76.91,INR,MOCK_FEED
POS00800520251001,PORT008,INS0027,2025-10-01,2806,17.3387,48652.39,-552.75,INR,MOCK_FEED
POS00800620251001,PORT008,INS0028,2025-10-01,2928,44.5727,130508.87,-3356.61,INR,MOCK_FEED
POS00800720251001,PORT008,INS0029,2025-10-01,4423,22.4642,99359.16,2972.61,USD,MOCK_FEED
POS00800820251001,PORT008,INS0030,2025-10-01,4505,51.539,232183.2,1529.97,INR,MOCK_FEED
POS00800920251001,PORT008,INS0031,2025-10-01,3011,43.0725,129691.3,-3620.07,EUR,MOCK_FEED
POS00801020251001,PORT008,INS0032,2025-10-01,2401,66.1313,158781.25,-4209.69,INR,MOCK_FEED
POS00800120251002,PORT008,INS0023,2025-10-02,2239,54.2267,121413.58,-84.17,GBP,MOCK_FEED
POS00800220251002,PORT008,INS0024,2025-10-02,4973,61.6182,306427.31,-8890.91,USD,MOCK_FEED
POS00800320251002,PORT008,INS0025,2025-10-02,4909,23.9844,117739.42,-2802.61,INR,MOCK_FEED
POS00800420251002,PORT008,INS0026,2025-10-02,4232,57.4899,243297.26,2901.25,USD,MOCK_FEED
POS00800520251002,PORT008,INS0027,2025-10-02,3174,17.201,54595.97,-1565.57,GBP,MOCK_FEED
POS00800620251002,PORT008,INS0028,2025-10-02,177,44.3144,7843.65,-80.64,GBP,MOCK_FEED
POS00800720251002,PORT008,INS0029,2025-10-02,1206,22.4557,27081.57,156.84,INR,MOCK_FEED
POS00800820251002,PORT008,INS0030,2025-10-02,193,51.5014,9939.77,-66.66,GBP,MOCK_FEED
POS00800920251002,PORT008,INS0031,2025-10-02,4466,43.5824,194639.0,1425.61,GBP,MOCK_FEED
POS00801020251002,PORT008,INS0032,2025-10-02,2735,68.1764,186462.45,-3465.59,EUR,MOCK_FEED
POS00800120251003,PORT008,INS0023,2025-10-03,2299,54.8327,126060.38,3236.11,EUR,MOCK_FEED
POS00800220251003,PORT008,INS0024,2025-10-03,4998,62.7196,313472.56,5420.84,GBP,MOCK_FEED
POS00800320251003,PORT008,INS0025,2025-10-03,3910,23.8233,93149.1,1400.35,INR,MOCK_FEED
POS00800420251003,PORT008,INS0026,2025-10-03,4319,57.6858,249144.97,-4184.57,USD,MOCK_FEED
POS00800520251003,PORT008,INS0027,2025-10-03,814,17.1664,13973.45,286.2,EUR,MOCK_FEED
POS00800620251003,PORT008,INS0028,2025-10-03,3529,43.366,153038.61,5951.7,USD,MOCK_FEED
POS00800720251003,PORT008,INS0029,2025-10-03,1844,22.5426,41568.55,102.24,EUR,MOCK_FEED
POS00800820251003,PORT008,INS0030,2025-10-03,1171,51.0087,59731.19,1023.79,GBP,MOCK_FEED
POS00800920251003,PORT008,INS0031,2025-10-03,2374,42.2249,100241.91,-1747.69,EUR,MOCK_FEED
POS00801020251003,PORT008,INS0032,2025-10-03,2562,67.3039,172432.59,4338.96,INR,MOCK_FEED
POS00800120251004,PORT008,INS0023,2025-10-04,4438,55.3935,245836.35,5592.02,GBP,MOCK_FEED
POS00800220251004,PORT008,INS0024,2025-10-04,3811,62.0572,236499.99,8958.65,EUR,MOCK_FEED
POS00800320251004,PORT008,INS0025,2025-10-04,2381,23.6102,56215.89,966.82,GBP,MOCK_FEED
POS00800420251004,PORT008,INS0026,2025-10-04,1510,59.0619,89183.47,2942.51,INR,MOCK_FEED
POS00800520251004,PORT008,INS0027,2025-10-04,2183,17.0861,37298.96,327.44,EUR,MOCK_FEED
POS00800620251004,PORT008,INS0028,2025-10-04,4427,43.1414,190986.98,3726.03,USD,MOCK_FEED
POS00800720251004,PORT008,INS0029,2025-10-04,4747,22.4575,106605.75,2759.5,GBP,MOCK_FEED
POS00800820251004,PORT008,INS0030,2025-10-04,571,50.6461,28918.92,447.4,USD,MOCK_FEED
POS00800920251004,PORT008,INS0031,2025-10-04,719,42.071,30249.05,-660.6,USD,MOCK_FEED
POS00801020251004,PORT008,INS0032,2025-10-04,3233,68.5405,221591.44,-3063.42,EUR,MOCK_FEED
POS00800120251005,PORT008,INS0023,2025-10-05,508,54.8637,27870.76,68.08,EUR,MOCK_FEED
POS00800220251005,PORT008,INS0024,2025-10-05,2545,62.3034,158562.15,43.54,EUR,MOCK_FEED
POS00800320251005,PORT008,INS0025,2025-10-05,2490,23.3639,58176.11,1168.52,GBP,MOCK_FEED
POS00800420251005,PORT008,INS0026,2025-10-05,1236,57.9031,71568.23,1589.06,INR,MOCK_FEED
POS00800520251005,PORT008,INS0027,2025-10-05,2422,17.116,41454.95,902.55,GBP,MOCK_FEED
POS00800620251005,PORT008,INS0028,2025-10-05,1494,43.988,65718.07,509.8,INR,MOCK_FEED
POS00800720251005,PORT008,INS0029,2025-10-05,520,22.3859,11640.67,191.06,GBP,MOCK_FEED
POS00800820251005,PORT008,INS0030,2025-10-05,692,51.0589,35332.76,1271.73,GBP,MOCK_FEED
POS00800920251005,PORT008,INS0031,2025-10-05,3803,42.2348,160618.94,3693.51,USD,MOCK_FEED
POS00801020251005,PORT008,INS0032,2025-10-05,2590,69.6637,180428.98,3047.93,INR,MOCK_FEED
POS00800120251006,PORT008,INS0023,2025-10-06,4664,54.7169,255199.62,-6143.21,GBP,MOCK_FEED
POS00800220251006,PORT008,INS0024,2025-10-06,3648,63.5132,231696.15,-4289.41,INR,MOCK_FEED
POS00800320251006,PORT008,INS0025,2025-10-06,1545,23.2823,35971.15,-953.6,INR,MOCK_FEED
POS00800420251006,PORT008,INS0026,2025-10-06,2047,57.135,116955.35,1598.22,EUR,MOCK_FEED
POS00800520251006,PORT008,INS0027,2025-10-06,2173,17.1511,37269.34,-393.32,EUR,MOCK_FEED
POS00800620251006,PORT008,INS0028,2025-10-06,4061,43.7157,177529.46,-4025.72,GBP,MOCK_FEED
POS00800720251006,PORT008,INS0029,2025-10-06,3941,22.2631,87738.88,2739.29,EUR,MOCK_FEED
POS00800820251006,PORT008,INS0030,2025-10-06,1789,51.4369,92020.61,-2743.2,INR,MOCK_FEED
POS00800920251006,PORT008,INS0031,2025-10-06,331,43.2659,14321.01,-158.57,EUR,MOCK_FEED
POS00801020251006,PORT008,INS0032,2025-10-06,3685,69.539,256251.21,7464.15,GBP,MOCK_FEED
POS00800120251007,PORT008,INS0023,2025-10-07,3310,54.689,181020.59,-5304.92,EUR,MOCK_FEED
POS00800220251007,PORT008,INS0024,2025-10-07,3876,63.1927,244934.91,-1581.46,GBP,MOCK_FEED
POS00800320251007,PORT008,INS0025,2025-10-07,2854,22.7505,64929.93,-1763.18,EUR,MOCK_FEED
POS00800420251007,PORT008,INS0026,2025-10-07,2391,57.5783,137669.72,516.41,EUR,MOCK_FEED
POS00800520251007,PORT008,INS0027,2025-10-07,187,17.293,3233.79,119.99,INR,MOCK_FEED
POS00800620251007,PORT008,INS0028,2025-10-07,876,44.0409,38579.83,-380.43,EUR,MOCK_FEED
POS00800720251007,PORT008,INS0029,2025-10-07,2383,22.4107,53404.7,-824.45,GBP,MOCK_FEED
POS00800820251007,PORT008,INS0030,2025-10-07,4120,51.4537,211989.24,-3514.47,GBP,MOCK_FEED
POS00800920251007,PORT008,INS0031,2025-10-07,1240,43.3353,53735.77,-663.44,USD,MOCK_FEED
POS00801020251007,PORT008,INS0032,2025-10-07,4187,69.7718,292134.53,25.12,INR,MOCK_FEED
POS00800120251008,PORT008,INS0023,2025-10-08,4872,54.2703,264404.9,-5500.92,EUR,MOCK_FEED
POS00800220251008,PORT008,INS0024,2025-10-08,215,63.6537,13685.55,72.4,GBP,MOCK_FEED
POS00800320251008,PORT008,INS0025,2025-10-08,220,22.6093,4974.05,25.92,USD,MOCK_FEED
POS00800420251008,PORT008,INS0026,2025-10-08,2270,57.9757,131604.84,2790.74,GBP,MOCK_FEED
POS00800520251008,PORT008,INS0027,2025-10-08,4579,17.1113,78352.64,1706.19,USD,MOCK_FEED
POS00800620251008,PORT008,INS0028,2025-10-08,4365,44.4722,194121.15,3127.76,EUR,MOCK_FEED
POS00800720251008,PORT008,INS0029,2025-10-08,3724,22.4299,83528.95,647.41,INR,MOCK_FEED
POS00800820251008,PORT008,INS0030,2025-10-08,1077,52.1305,56144.55,1774.82,INR,MOCK_FEED
POS00800920251008,PORT008,INS0031,2025-10-08,4078,43.4822,177320.41,-1915.83,USD,MOCK_FEED
POS00801020251008,PORT008,INS0032,2025-10-08,127,69.8434,8870.11,148.33,GBP,MOCK_FEED
POS00800120251009,PORT008,INS0023,2025-10-09,2451,55.5626,136183.93,3833.88,GBP,MOCK_FEED
POS00800220251009,PORT008,INS0024,2025-10-09,2046,63.9063,130752.29,2051.96,USD,MOCK_FEED
POS00800320251009,PORT008,INS0025,2025-10-09,3328,23.2471,77366.35,2331.32,USD,MOCK_FEED
POS00800420251009,PORT008,INS0026,2025-10-09,2373,57.7499,137040.51,-182.69,GBP,MOCK_FEED
POS00800520251009,PORT008,INS0027,2025-10-09,4288,17.3467,74382.65,-6.57,EUR,MOCK_FEED
POS00800620251009,PORT008,INS0028,2025-10-09,585,43.9509,25711.28,850.62,INR,MOCK_FEED
POS00800720251009,PORT008,INS0029,2025-10-09,989,22.5855,22337.06,-259.92,USD,MOCK_FEED
POS00800820251009,PORT008,INS0030,2025-10-09,2255,53.2429,120062.74,-571.01,INR,MOCK_FEED
POS00800920251009,PORT008,INS0031,2025-10-09,1395,43.8415,61158.89,462.37,GBP,MOCK_FEED
POS00801020251009,PORT008,INS0032,2025-10-09,4414,69.5176,306850.69,2642.25,EUR,MOCK_FEED
POS00800120251010,PORT008,INS0023,2025-10-10,772,55.6672,42975.08,1496.65,EUR,MOCK_FEED
POS00800220251010,PORT008,INS0024,2025-10-10,392,63.92,25056.64,715.37,EUR,MOCK_FEED
POS00800320251010,PORT008,INS0025,2025-10-10,4278,23.5015,100539.42,2999.38,USD,MOCK_FEED
POS00800420251010,PORT008,INS0026,2025-10-10,2929,57.674,168927.15,-4745.13,USD,MOCK_FEED
POS00800520251010,PORT008,INS0027,2025-10-10,4388,17.2588,75731.61,1424.75,USD,MOCK_FEED
POS00800620251010,PORT008,INS0028,2025-10-10,1159,43.494,50409.55,98.91,GBP,MOCK_FEED
POS00800720251010,PORT008,INS0029,2025-10-10,4342,22.8329,99140.45,-1380.61,GBP,MOCK_FEED
POS00800820251010,PORT008,INS0030,2025-10-10,2461,53.5607,131812.88,-1997.51,EUR,MOCK_FEED
POS00800920251010,PORT008,INS0031,2025-10-10,964,44.5337,42930.49,1062.74,INR,MOCK_FEED
POS00801020251010,PORT008,INS0032,2025-10-10,3914,70.0157,274041.45,1112.75,INR,MOCK_FEED
POS00800120251011,PORT008,INS0023,2025-10-11,3262,55.0308,179510.47,633.21,INR,MOCK_FEED
POS00800220251011,PORT008,INS0024,2025-10-11,1606,64.3216,103300.49,2026.64,INR,MOCK_FEED
POS00800320251011,PORT008,INS0025,2025-10-11,3809,23.1832,88304.81,-1833.97,INR,MOCK_FEED
POS00800420251011,PORT008,INS0026,2025-10-11,3238,57.4787,186116.03,-3890.96,GBP,MOCK_FEED
POS00800520251011,PORT008,INS0027,2025-10-11,2112,17.4467,36847.43,679.93,EUR,MOCK_FEED
POS00800620251011,PORT008,INS0028,2025-10-11,2328,44.2615,103040.77,-2989.04,GBP,MOCK_FEED
POS00800720251011,PORT008,INS0029,2025-10-11,3913,22.293,87232.51,1012.19,INR,MOCK_FEED
POS00800820251011,PORT008,INS0030,2025-10-11,2972,52.81,156951.32,-3732.41,EUR,MOCK_FEED
POS00800920251011,PORT008,INS0031,2025-10-11,178,44.814,7976.89,17.66,EUR,MOCK_FEED
POS00801020251011,PORT008,INS0032,2025-10-11,1803,69.3503,125038.59,4258.47,EUR,MOCK_FEED
POS00800120251012,PORT008,INS0023,2025-10-12,4321,54.0545,233569.49,4205.13,EUR,MOCK_FEED
POS00800220251012,PORT008,INS0024,2025-10-12,296,64.8037,19181.9,-378.77,INR,MOCK_FEED
POS00800320251012,PORT008,INS0025,2025-10-12,3077,23.333,71795.64,-478.24,INR,MOCK_FEED
POS00800420251012,PORT008,INS0026,2025-10-12,227,58.075,13183.03,192.37,GBP,MOCK_FEED
POS00800520251012,PORT008,INS0027,2025-10-12,1843,17.2071,31712.69,35.18,INR,MOCK_FEED
POS00800620251012,PORT008,INS0028,2025-10-12,1078,44.9613,48468.28,-624.44,USD,MOCK_FEED
POS00800720251012,PORT008,INS0029,2025-10-12,2765,22.1522,61250.83,-41.64,USD,MOCK_FEED
POS00800820251012,PORT008,INS0030,2025-10-12,4800,52.6808,252867.84,5747.43,GBP,MOCK_FEED
POS00800920251012,PORT008,INS0031,2025-10-12,4852,44.0598,213778.15,-5965.81,GBP,MOCK_FEED
POS00801020251012,PORT008,INS0032,2025-10-12,3089,69.333,214169.64,3957.33,USD,MOCK_FEED
POS00800120251013,PORT008,INS0023,2025-10-13,4118,54.26,223442.68,-2839.28,USD,MOCK_FEED
POS00800220251013,PORT008,INS0024,2025-10-13,4508,65.2316,294064.05,10149.79,INR,MOCK_FEED
POS00800320251013,PORT008,INS0025,2025-10-13,1758,23.3132,40984.61,-403.67,GBP,MOCK_FEED
POS00800420251013,PORT008,INS0026,2025-10-13,854,57.7866,49349.76,110.98,INR,MOCK_FEED
POS00800520251013,PORT008,INS0027,2025-10-13,2404,17.2343,41431.26,96.92,USD,MOCK_FEED
POS00800620251013,PORT008,INS0028,2025-10-13,714,45.1429,32232.03,-854.75,INR,MOCK_FEED
POS00800720251013,PORT008,INS0029,2025-10-13,4296,21.8824,94006.79,3315.96,GBP,MOCK_FEED
POS00800820251013,PORT008,INS0030,2025-10-13,2101,52.7307,110787.2,-520.7,GBP,MOCK_FEED
POS00800920251013,PORT008,INS0031,2025-10-13,4902,44.7739,219481.66,1047.6,INR,MOCK_FEED
POS00801020251013,PORT008,INS0032,2025-10-13,1061,69.3666,73597.96,2761.04,GBP,MOCK_FEED
POS00800120251014,PORT008,INS0023,2025-10-14,1941,53.4543,103754.8,613.63,EUR,MOCK_FEED
POS00800220251014,PORT008,INS0024,2025-10-14,2102,65.245,137144.99,1239.17,EUR,MOCK_FEED
POS00800320251014,PORT008,INS0025,2025-10-14,3244,23.5436,76375.44,2675.99,INR,MOCK_FEED
POS00800420251014,PORT008,INS0026,2025-10-14,3029,58.3913,176867.25,3212.35,INR,MOCK_FEED
POS00800520251014,PORT008,INS0027,2025-10-14,379,17.2577,6540.67,48.77,GBP,MOCK_FEED
POS00800620251014,PORT008,INS0028,2025-10-14,3124,44.9945,140562.82,-1216.64,EUR,MOCK_FEED
POS00800720251014,PORT008,INS0029,2025-10-14,2226,22.1591,49326.16,-1326.65,GBP,MOCK_FEED
POS00800820251014,PORT008,INS0030,2025-10-14,4362,51.1809,223251.09,-4373.68,GBP,MOCK_FEED
POS00800920251014,PORT008,INS0031,2025-10-14,4340,45.3783,196941.82,4798.81,GBP,MOCK_FEED
POS00801020251014,PORT008,INS0032,2025-10-14,4613,69.6651,321365.11,-184.86,EUR,MOCK_FEED
POS00800120251015,PORT008,INS0023,2025-10-15,2767,53.7151,148629.68,-1608.45,GBP,MOCK_FEED
POS00800220251015,PORT008,INS0024,2025-10-15,462,65.3526,30192.9,789.85,GBP,MOCK_FEED
POS00800320251015,PORT008,INS0025,2025-10-15,246,23.5311,5788.65,86.85,USD,MOCK_FEED
POS00800420251015,PORT008,INS0026,2025-10-15,4284,56.7889,243283.65,-2575.27,EUR,MOCK_FEED
POS00800520251015,PORT008,INS0027,2025-10-15,2130,17.1812,36595.96,-378.97,INR,MOCK_FEED
POS00800620251015,PORT008,INS0028,2025-10-15,2639,45.9294,121207.69,-2797.26,INR,MOCK_FEED
POS00800720251015,PORT008,INS0029,2025-10-15,4163,21.9066,91197.18,-230.4,GBP,MOCK_FEED
POS00800820251015,PORT008,INS0030,2025-10-15,3296,51.5619,169948.02,2703.68,GBP,MOCK_FEED
POS00800920251015,PORT008,INS0031,2025-10-15,873,44.9065,39203.37,334.17,GBP,MOCK_FEED
POS00801020251015,PORT008,INS0032,2025-10-15,4724,69.5703,328650.1,-6696.01,EUR,MOCK_FEED
POS00800120251016,PORT008,INS0023,2025-10-16,1120,53.8622,60325.66,1188.41,INR,MOCK_FEED
POS00800220251016,PORT008,INS0024,2025-10-16,4783,65.7416,314442.07,1064.37,INR,MOCK_FEED
POS00800320251016,PORT008,INS0025,2025-10-16,4159,22.9282,95358.38,1244.35,INR,MOCK_FEED
POS00800420251016,PORT008,INS0026,2025-10-16,4276,56.4489,241375.5,-2309.82,GBP,MOCK_FEED
POS00800520251016,PORT008,INS0027,2025-10-16,3158,17.1815,54259.18,502.85,EUR,MOCK_FEED
POS00800620251016,PORT008,INS0028,2025-10-16,978,45.4273,44427.9,1628.63,USD,MOCK_FEED
POS00800720251016,PORT008,INS0029,2025-10-16,4470,21.5586,96366.94,1332.3,INR,MOCK_FEED
POS00800820251016,PORT008,INS0030,2025-10-16,3722,51.0522,190016.29,-3851.18,INR,MOCK_FEED
POS00800920251016,PORT008,INS0031,2025-10-16,3902,44.601,174033.1,6256.74,GBP,MOCK_FEED
POS00801020251016,PORT008,INS0032,2025-10-16,3598,68.7209,247257.8,-1419.71,EUR,MOCK_FEED
POS00800120251017,PORT008,INS0023,2025-10-17,4723,54.2086,256027.22,9170.88,USD,MOCK_FEED
POS00800220251017,PORT008,INS0024,2025-10-17,1923,64.6813,124382.14,3196.66,EUR,MOCK_FEED
POS00800320251017,PORT008,INS0025,2025-10-17,4356,22.7511,99103.79,1786.39,GBP,MOCK_FEED
POS00800420251017,PORT008,INS0026,2025-10-17,2583,55.9039,144399.77,3694.47,INR,MOCK_FEED
POS00800520251017,PORT008,INS0027,2025-10-17,493,17.2332,8495.97,197.03,INR,MOCK_FEED
POS00800620251017,PORT008,INS0028,2025-10-17,2237,45.5313,101853.52,2282.35,GBP,MOCK_FEED
POS00800720251017,PORT008,INS0029,2025-10-17,3928,21.6853,85179.86,-1064.7,USD,MOCK_FEED
POS00800820251017,PORT008,INS0030,2025-10-17,4946,50.7361,250940.75,3115.08,INR,MOCK_FEED
POS00800920251017,PORT008,INS0031,2025-10-17,4267,44.8163,191231.15,2519.92,USD,MOCK_FEED
POS00801020251017,PORT008,INS0032,2025-10-17,681,68.3501,46546.42,1275.11,GBP,MOCK_FEED
POS00800120251018,PORT008,INS0023,2025-10-18,3107,53.3504,165759.69,-4115.62,USD,MOCK_FEED
POS00800220251018,PORT008,INS0024,2025-10-18,836,64.6195,54021.9,-387.09,INR,MOCK_FEED
POS00800320251018,PORT008,INS0025,2025-10-18,3938,22.9821,90503.51,1088.65,INR,MOCK_FEED
POS00800420251018,PORT008,INS0026,2025-10-18,637,55.0209,35048.31,216.66,GBP,MOCK_FEED
POS00800520251018,PORT008,INS0027,2025-10-18,305,17.1747,5238.28,163.57,INR,MOCK_FEED
POS00800620251018,PORT008,INS0028,2025-10-18,4953,45.9272,227477.42,-5596.69,EUR,MOCK_FEED
POS00800720251018,PORT008,INS0029,2025-10-18,908,21.7475,19746.73,612.25,INR,MOCK_FEED
POS00800820251018,PORT008,INS0030,2025-10-18,4288,51.0219,218781.91,-3429.49,USD,MOCK_FEED
POS00800920251018,PORT008,INS0031,2025-10-18,1927,45.4651,87611.25,-1550.77,GBP,MOCK_FEED
POS00801020251018,PORT008,INS0032,2025-10-18,4922,68.6204,337749.61,2238.36,EUR,MOCK_FEED
POS00800120251019,PORT008,INS0023,2025-10-19,2984,53.3294,159134.93,331.97,GBP,MOCK_FEED
POS00800220251019,PORT008,INS0024,2025-10-19,3489,63.6533,222086.36,-4071.23,INR,MOCK_FEED
POS00800320251019,PORT008,INS0025,2025-10-19,1455,22.9926,33454.23,1295.91,USD,MOCK_FEED
POS00800420251019,PORT008,INS0026,2025-10-19,3059,54.9039,167951.03,2975.89,INR,MOCK_FEED
POS00800520251019,PORT008,INS0027,2025-10-19,2327,17.1067,39807.29,-922.34,INR,MOCK_FEED
POS00800620251019,PORT008,INS0028,2025-10-19,4802,45.793,219897.99,53.31,INR,MOCK_FEED
POS00800720251019,PORT008,INS0029,2025-10-19,221,21.447,4739.79,-54.7,USD,MOCK_FEED
POS00800820251019,PORT008,INS0030,2025-10-19,1829,50.443,92260.25,-2016.7,EUR,MOCK_FEED
POS00800920251019,PORT008,INS0031,2025-10-19,4521,44.8115,202592.79,3285.09,GBP,MOCK_FEED
POS00801020251019,PORT008,INS0032,2025-10-19,2356,67.2368,158409.9,2222.34,USD,MOCK_FEED
POS00800120251020,PORT008,INS0023,2025-10-20,2290,54.1698,124048.84,-2305.14,EUR,MOCK_FEED
POS00800220251020,PORT008,INS0024,2025-10-20,1177,64.1817,75541.86,-1543.86,GBP,MOCK_FEED
POS00800320251020,PORT008,INS0025,2025-10-20,2862,23.0533,65978.54,2439.79,EUR,MOCK_FEED
POS00800420251020,PORT008,INS0026,2025-10-20,633,55.4684,35111.5,-806.35,USD,MOCK_FEED
POS00800520251020,PORT008,INS0027,2025-10-20,2316,16.9163,39178.15,-564.42,INR,MOCK_FEED
POS00800620251020,PORT008,INS0028,2025-10-20,4091,46.7204,191133.16,-5043.97,USD,MOCK_FEED
POS00800720251020,PORT008,INS0029,2025-10-20,4177,21.5352,89952.53,2147.66,GBP,MOCK_FEED
POS00800820251020,PORT008,INS0030,2025-10-20,1989,50.294,100034.77,3642.45,EUR,MOCK_FEED
POS00800920251020,PORT008,INS0031,2025-10-20,381,45.0313,17156.93,-46.7,INR,MOCK_FEED
POS00801020251020,PORT008,INS0032,2025-10-20,4970,66.0314,328176.06,-1387.78,INR,MOCK_FEED
POS00800120251021,PORT008,INS0023,2025-10-21,3685,53.9255,198715.47,6126.32,USD,MOCK_FEED
POS00800220251021,PORT008,INS0024,2025-10-21,2251,63.549,143048.8,5268.61,USD,MOCK_FEED
POS00800320251021,PORT008,INS0025,2025-10-21,890,23.317,20752.13,-294.53,USD,MOCK_FEED
POS00800420251021,PORT008,INS0026,2025-10-21,1424,56.0243,79778.6,-1393.93,INR,MOCK_FEED
POS00800520251021,PORT008,INS0027,2025-10-21,671,17.1142,11483.63,-119.62,USD,MOCK_FEED
POS00800620251021,PORT008,INS0028,2025-10-21,783,46.4108,36339.66,1252.73,EUR,MOCK_FEED
POS00800720251021,PORT008,INS0029,2025-10-21,3863,21.3865,82616.05,-2410.43,USD,MOCK_FEED
POS00800820251021,PORT008,INS0030,2025-10-21,1369,49.6351,67950.45,1783.69,GBP,MOCK_FEED
POS00800920251021,PORT008,INS0031,2025-10-21,1892,44.5645,84316.03,1904.56,EUR,MOCK_FEED
POS00801020251021,PORT008,INS0032,2025-10-21,723,64.0238,46289.21,1057.06,EUR,MOCK_FEED
POS00800120251022,PORT008,INS0023,2025-10-22,4014,53.8252,216054.35,-4887.45,EUR,MOCK_FEED
POS00800220251022,PORT008,INS0024,2025-10-22,4353,64.1817,279382.94,1688.17,INR,MOCK_FEED
POS00800320251022,PORT008,INS0025,2025-10-22,3282,23.6129,77497.54,2913.66,GBP,MOCK_FEED
POS00800420251022,PORT008,INS0026,2025-10-22,3543,57.1631,202528.86,8006.98,EUR,MOCK_FEED
POS00800520251022,PORT008,INS0027,2025-10-22,4889,17.1026,83614.61,-541.51,INR,MOCK_FEED
POS00800620251022,PORT008,INS0028,2025-10-22,3820,47.0696,179805.87,1284.01,INR,MOCK_FEED
POS00800720251022,PORT008,INS0029,2025-10-22,524,21.1921,11104.66,27.79,USD,MOCK_FEED
POS00800820251022,PORT008,INS0030,2025-10-22,3066,49.4512,151617.38,5949.77,GBP,MOCK_FEED
POS00800920251022,PORT008,INS0031,2025-10-22,3790,44.7029,169423.99,4485.14,INR,MOCK_FEED
POS00801020251022,PORT008,INS0032,2025-10-22,4099,63.5872,260643.93,9378.2,GBP,MOCK_FEED
POS00800120251023,PORT008,INS0023,2025-10-23,3083,54.1322,166889.57,3104.92,USD,MOCK_FEED
POS00800220251023,PORT008,INS0024,2025-10-23,295,63.13,18623.35,406.98,GBP,MOCK_FEED
POS00800320251023,PORT008,INS0025,2025-10-23,3042,23.4386,71300.22,2762.57,EUR,MOCK_FEED
POS00800420251023,PORT008,INS0026,2025-10-23,4678,57.9696,271181.79,4137.04,GBP,MOCK_FEED
POS00800520251023,PORT008,INS0027,2025-10-23,1230,17.2377,21202.37,649.06,INR,MOCK_FEED
POS00800620251023,PORT008,INS0028,2025-10-23,3264,47.7992,156016.59,-2776.74,USD,MOCK_FEED
POS00800720251023,PORT008,INS0029,2025-10-23,3063,21.1388,64748.14,849.2,INR,MOCK_FEED
POS00800820251023,PORT008,INS0030,2025-10-23,2534,49.9782,126644.76,-3538.42,GBP,MOCK_FEED
POS00800920251023,PORT008,INS0031,2025-10-23,4885,44.9176,219422.48,2454.39,USD,MOCK_FEED
POS00801020251023,PORT008,INS0032,2025-10-23,1332,62.8047,83655.86,-572.28,EUR,MOCK_FEED
POS00800120251024,PORT008,INS0023,2025-10-24,4147,54.8635,227518.93,2213.35,USD,MOCK_FEED
POS00800220251024,PORT008,INS0024,2025-10-24,819,63.4843,51993.64,-892.05,INR,MOCK_FEED
POS00800320251024,PORT008,INS0025,2025-10-24,1677,23.2565,39001.15,-856.58,GBP,MOCK_FEED
POS00800420251024,PORT008,INS0026,2025-10-24,597,57.2865,34200.04,1093.5,GBP,MOCK_FEED
POS00800520251024,PORT008,INS0027,2025-10-24,4386,16.8744,74011.12,-795.23,USD,MOCK_FEED
POS00800620251024,PORT008,INS0028,2025-10-24,1281,47.7866,61214.63,1016.75,EUR,MOCK_FEED
POS00800720251024,PORT008,INS0029,2025-10-24,1260,21.6741,27309.37,779.01,GBP,MOCK_FEED
POS00800820251024,PORT008,INS0030,2025-10-24,2484,49.6023,123212.11,-2996.74,EUR,MOCK_FEED
POS00800920251024,PORT008,INS0031,2025-10-24,4495,43.931,197469.85,2002.05,USD,MOCK_FEED
POS00801020251024,PORT008,INS0032,2025-10-24,4743,63.6048,301677.57,-5819.59,INR,MOCK_FEED
POS00800120251025,PORT008,INS0023,2025-10-25,4183,55.1561,230717.97,4782.51,GBP,MOCK_FEED
POS00800220251025,PORT008,INS0024,2025-10-25,1986,64.1603,127422.36,3099.45,INR,MOCK_FEED
POS00800320251025,PORT008,INS0025,2025-10-25,1419,23.4919,33335.01,-698.95,USD,MOCK_FEED
POS00800420251025,PORT008,INS0026,2025-10-25,3115,56.2291,175153.65,5367.64,EUR,MOCK_FEED
POS00800520251025,PORT008,INS0027,2025-10-25,4666,17.1684,80107.75,-1274.25,INR,MOCK_FEED
POS00800620251025,PORT008,INS0028,2025-10-25,3114,46.6126,145151.64,-914.86,EUR,MOCK_FEED
POS00800720251025,PORT008,INS0029,2025-10-25,676,22.0495,14905.46,-254.6,GBP,MOCK_FEED
POS00800820251025,PORT008,INS0030,2025-10-25,3849,49.7505,191489.67,6016.1,EUR,MOCK_FEED
POS00800920251025,PORT008,INS0031,2025-10-25,107,44.2475,4734.48,-96.65,INR,MOCK_FEED
POS00801020251025,PORT008,INS0032,2025-10-25,4793,62.7623,300819.7,11781.89,USD,MOCK_FEED
POS00800120251026,PORT008,INS0023,2025-10-26,4738,55.6945,263880.54,-5160.15,INR,MOCK_FEED
POS00800220251026,PORT008,INS0024,2025-10-26,2780,64.9793,180642.45,-3107.61,INR,MOCK_FEED
POS00800320251026,PORT008,INS0025,2025-10-26,1605,23.8875,38339.44,705.33,GBP,MOCK_FEED
POS00800420251026,PORT008,INS0026,2025-10-26,4124,57.7706,238245.95,2755.91,USD,MOCK_FEED
POS00800520251026,PORT008,INS0027,2025-10-26,3310,17.3076,57288.16,663.01,USD,MOCK_FEED
POS00800620251026,PORT008,INS0028,2025-10-26,2854,46.0537,131437.26,-3502.38,GBP,MOCK_FEED
POS00800720251026,PORT008,INS0029,2025-10-26,4341,21.695,94177.99,808.65,INR,MOCK_FEED
POS00800820251026,PORT008,INS0030,2025-10-26,664,50.9784,33849.66,423.71,GBP,MOCK_FEED
POS00800920251026,PORT008,INS0031,2025-10-26,1989,44.4997,88509.9,-401.58,GBP,MOCK_FEED
POS00801020251026,PORT008,INS0032,2025-10-26,196,61.9302,12138.32,-307.28,EUR,MOCK_FEED
POS00800120251027,PORT008,INS0023,2025-10-27,4404,56.1869,247447.11,-4832.35,INR,MOCK_FEED
POS00800220251027,PORT008,INS0024,2025-10-27,861,63.8963,55014.71,1678.35,EUR,MOCK_FEED
POS00800320251027,PORT008,INS0025,2025-10-27,3238,24.0574,77897.86,-945.38,GBP,MOCK_FEED
POS00800420251027,PORT008,INS0026,2025-10-27,4414,57.9067,255600.17,7937.11,GBP,MOCK_FEED
POS00800520251027,PORT008,INS0027,2025-10-27,3520,17.4958,61585.22,-1835.53,USD,MOCK_FEED
POS00800620251027,PORT008,INS0028,2025-10-27,1361,45.7687,62291.2,540.05,USD,MOCK_FEED
POS00800720251027,PORT008,INS0029,2025-10-27,1852,21.9629,40675.29,-275.75,GBP,MOCK_FEED
POS00800820251027,PORT008,INS0030,2025-10-27,2292,50.9564,116792.07,3372.65,USD,MOCK_FEED
POS00800920251027,PORT008,INS0031,2025-10-27,604,44.7267,27014.93,661.89,EUR,MOCK_FEED
POS00801020251027,PORT008,INS0032,2025-10-27,3438,62.7866,215860.33,-5759.7,GBP,MOCK_FEED
POS00800120251028,PORT008,INS0023,2025-10-28,4099,55.6045,227922.85,7515.68,EUR,MOCK_FEED
POS00800220251028,PORT008,INS0024,2025-10-28,1518,65.6669,99682.35,-2527.99,INR,MOCK_FEED
POS00800320251028,PORT008,INS0025,2025-10-28,2527,24.0908,60877.45,107.63,INR,MOCK_FEED
POS00800420251028,PORT008,INS0026,2025-10-28,1229,58.6015,72021.24,-1940.37,EUR,MOCK_FEED
POS00800520251028,PORT008,INS0027,2025-10-28,4906,17.4459,85589.59,1994.8,EUR,MOCK_FEED
POS00800620251028,PORT008,INS0028,2025-10-28,3085,46.2938,142816.37,5089.19,EUR,MOCK_FEED
POS00800720251028,PORT008,INS0029,2025-10-28,2477,21.9263,54311.45,-1256.61,INR,MOCK_FEED
POS00800820251028,PORT008,INS0030,2025-10-28,2502,51.2007,128104.15,-3324.36,GBP,MOCK_FEED
POS00800920251028,PORT008,INS0031,2025-10-28,4035,43.8711,177019.89,-604.5,EUR,MOCK_FEED
POS00801020251028,PORT008,INS0032,2025-10-28,2844,61.8303,175845.37,4601.26,USD,MOCK_FEED
POS00800120251029,PORT008,INS0023,2025-10-29,1977,55.6261,109972.8,-3241.55,INR,MOCK_FEED
POS00800220251029,PORT008,INS0024,2025-10-29,4998,67.0262,334996.95,11264.09,GBP,MOCK_FEED
POS00800320251029,PORT008,INS0025,2025-10-29,3754,24.2214,90927.14,2592.35,USD,MOCK_FEED
POS00800420251029,PORT008,INS0026,2025-10-29,4641,59.9309,278139.31,9278.98,EUR,MOCK_FEED
POS00800520251029,PORT008,INS0027,2025-10-29,1740,17.3611,30208.31,870.6,USD,MOCK_FEED
POS00800620251029,PORT008,INS0028,2025-10-29,4213,45.7339,192676.92,4815.42,GBP,MOCK_FEED
POS00800720251029,PORT008,INS0029,2025-10-29,2486,21.5315,53527.31,-985.05,INR,MOCK_FEED
POS00800820251029,PORT008,INS0030,2025-10-29,3892,51.1317,199004.58,-1964.27,GBP,MOCK_FEED
POS00800920251029,PORT008,INS0031,2025-10-29,578,43.5675,25182.02,113.49,EUR,MOCK_FEED
POS00801020251029,PORT008,INS0032,2025-10-29,3997,61.2959,244999.71,2909.92,EUR,MOCK_FEED
POS00800120251030,PORT008,INS0023,2025-10-30,3243,55.4499,179824.03,4837.57,GBP,MOCK_FEED
POS00800220251030,PORT008,INS0024,2025-10-30,334,67.469,22534.65,-198.04,USD,MOCK_FEED
POS00800320251030,PORT008,INS0025,2025-10-30,1691,24.372,41213.05,-844.17,GBP,MOCK_FEED
POS00800420251030,PORT008,INS0026,2025-10-30,4877,59.4528,289951.31,-6979.97,USD,MOCK_FEED
POS00800520251030,PORT008,INS0027,2025-10-30,4888,17.5039,85559.06,687.93,EUR,MOCK_FEED
POS00800620251030,PORT008,INS0028,2025-10-30,933,45.7653,42699.02,58.91,INR,MOCK_FEED
POS00800720251030,PORT008,INS0029,2025-10-30,968,21.3599,20676.38,456.77,USD,MOCK_FEED
POS00800820251030,PORT008,INS0030,2025-10-30,2434,51.0487,124252.54,3025.05,EUR,MOCK_FEED
POS00800920251030,PORT008,INS0031,2025-10-30,2852,43.3056,123507.57,1185.19,INR,MOCK_FEED
POS00801020251030,PORT008,INS0032,2025-10-30,4462,60.5675,270252.18,-7523.86,EUR,MOCK_FEED
POS00800120251031,PORT008,INS0023,2025-10-31,2184,54.3098,118612.6,2534.48,USD,MOCK_FEED
POS00800220251031,PORT008,INS0024,2025-10-31,2613,67.8005,177162.71,-3783.85,GBP,MOCK_FEED
POS00800320251031,PORT008,INS0025,2025-10-31,4830,24.375,117731.25,2502.52,USD,MOCK_FEED
POS00800420251031,PORT008,INS0026,2025-10-31,1712,59.1355,101239.98,3344.65,GBP,MOCK_FEED
POS00800520251031,PORT008,INS0027,2025-10-31,187,17.5889,3289.12,-9.85,EUR,MOCK_FEED
POS00800620251031,PORT008,INS0028,2025-10-31,1305,45.9027,59903.02,-831.26,GBP,MOCK_FEED
POS00800720251031,PORT008,INS0029,2025-10-31,1769,21.1644,37439.82,1309.36,EUR,MOCK_FEED
POS00800820251031,PORT008,INS0030,2025-10-31,2206,51.0654,112650.27,-3280.6,USD,MOCK_FEED
POS00800920251031,PORT008,INS0031,2025-10-31,530,43.9916,23315.55,390.47,INR,MOCK_FEED
POS00801020251031,PORT008,INS0032,2025-10-31,931,60.1671,56015.57,1484.11,USD,MOCK_FEED
POS00800120251101,PORT008,INS0023,2025-11-01,3304,54.2066,179098.61,-3752.01,EUR,MOCK_FEED
POS00800220251101,PORT008,INS0024,2025-11-01,296,69.5646,20591.12,51.41,GBP,MOCK_FEED
POS00800320251101,PORT008,INS0025,2025-11-01,3268,24.5731,80304.89,-1904.15,GBP,MOCK_FEED
POS00800420251101,PORT008,INS0026,2025-11-01,4185,60.3078,252388.14,-1835.48,USD,MOCK_FEED
POS00800520251101,PORT008,INS0027,2025-11-01,724,17.3682,12574.58,321.92,EUR,MOCK_FEED
POS00800620251101,PORT008,INS0028,2025-11-01,3273,46.0042,150571.75,-1316.8,GBP,MOCK_FEED
POS00800720251101,PORT008,INS0029,2025-11-01,2178,21.0375,45819.68,-1036.77,GBP,MOCK_FEED
POS00800820251101,PORT008,INS0030,2025-11-01,3370,50.6492,170687.8,4518.2,INR,MOCK_FEED
POS00800920251101,PORT008,INS0031,2025-11-01,3492,44.8203,156512.49,3001.9,EUR,MOCK_FEED
POS00801020251101,PORT008,INS0032,2025-11-01,4853,60.2332,292311.72,7247.46,EUR,MOCK_FEED
POS00800120251102,PORT008,INS0023,2025-11-02,3529,54.1539,191109.11,778.07,GBP,MOCK_FEED
POS00800220251102,PORT008,INS0024,2025-11-02,4805,69.5832,334347.28,-6767.83,USD,MOCK_FEED
POS00800320251102,PORT008,INS0025,2025-11-02,706,25.5591,18044.72,434.27,INR,MOCK_FEED
POS00800420251102,PORT008,INS0026,2025-11-02,1366,60.4693,82601.06,1113.76,GBP,MOCK_FEED
POS00800520251102,PORT008,INS0027,2025-11-02,4232,17.3679,73500.95,-371.83,INR,MOCK_FEED
POS00800620251102,PORT008,INS0028,2025-11-02,4945,45.3586,224298.28,3044.32,EUR,MOCK_FEED
POS00800720251102,PORT008,INS0029,2025-11-02,2826,20.847,58913.62,-1126.01,GBP,MOCK_FEED
POS00800820251102,PORT008,INS0030,2025-11-02,4192,50.2832,210787.17,7692.27,GBP,MOCK_FEED
POS00800920251102,PORT008,INS0031,2025-11-02,4652,44.981,209251.61,2274.91,GBP,MOCK_FEED
POS00801020251102,PORT008,INS0032,2025-11-02,4632,60.6825,281081.34,1177.79,EUR,MOCK_FEED
POS00800120251103,PORT008,INS0023,2025-11-03,125,53.5125,6689.06,176.09,EUR,MOCK_FEED
POS00800220251103,PORT008,INS0024,2025-11-03,399,70.3337,28063.15,1000.78,USD,MOCK_FEED
POS00800320251103,PORT008,INS0025,2025-11-03,3247,25.342,82285.47,-2244.84,INR,MOCK_FEED
POS00800420251103,PORT008,INS0026,2025-11-03,472,60.443,28529.1,795.3,USD,MOCK_FEED
POS00800520251103,PORT008,INS0027,2025-11-03,2984,17.4467,52060.95,-177.93,INR,MOCK_FEED
POS00800620251103,PORT008,INS0028,2025-11-03,1030,45.1503,46504.81,520.3,USD,MOCK_FEED
POS00800720251103,PORT008,INS0029,2025-11-03,719,20.4333,14691.54,-248.88,GBP,MOCK_FEED
POS00800820251103,PORT008,INS0030,2025-11-03,2254,49.7381,112109.68,538.73,EUR,MOCK_FEED
POS00800920251103,PORT008,INS0031,2025-11-03,831,45.0732,37455.83,1211.48,USD,MOCK_FEED
POS00801020251103,PORT008,INS0032,2025-11-03,2050,61.4503,125973.11,4874.16,INR,MOCK_FEED
POS00800120251104,PORT008,INS0023,2025-11-04,500,53.3398,26669.9,-22.6,INR,MOCK_FEED
POS00800220251104,PORT008,INS0024,2025-11-04,2734,71.1874,194626.35,6967.32,INR,MOCK_FEED
POS00800320251104,PORT008,INS0025,2025-11-04,3475,25.002,86881.95,720.92,INR,MOCK_FEED
POS00800420251104,PORT008,INS0026,2025-11-04,1190,60.2032,71641.81,1025.83,INR,MOCK_FEED
POS00800520251104,PORT008,INS0027,2025-11-04,2796,17.6055,49224.98,-825.28,USD,MOCK_FEED
POS00800620251104,PORT008,INS0028,2025-11-04,4532,45.5612,206483.36,7935.45,EUR,MOCK_FEED
POS00800720251104,PORT008,INS0029,2025-11-04,3681,20.2771,74640.01,2671.39,EUR,MOCK_FEED
POS00800820251104,PORT008,INS0030,2025-11-04,142,51.0095,7243.35,173.74,INR,MOCK_FEED
POS00800920251104,PORT008,INS0031,2025-11-04,4550,45.5701,207343.95,5415.14,EUR,MOCK_FEED
POS00801020251104,PORT008,INS0032,2025-11-04,3657,62.218,227531.23,-53.55,USD,MOCK_FEED
POS00800120251105,PORT008,INS0023,2025-11-05,1718,53.7127,92278.42,-1882.16,EUR,MOCK_FEED
POS00800220251105,PORT008,INS0024,2025-11-05,3085,71.4375,220384.69,982.55,USD,MOCK_FEED
POS00800320251105,PORT008,INS0025,2025-11-05,626,25.111,15719.49,-414.12,EUR,MOCK_FEED
POS00800420251105,PORT008,INS0026,2025-11-05,2984,60.0614,179223.22,-1926.84,USD,MOCK_FEED
POS00800520251105,PORT008,INS0027,2025-11-05,144,17.5417,2526.0,-34.79,USD,MOCK_FEED
POS00800620251105,PORT008,INS0028,2025-11-05,3298,46.5526,153530.47,1908.88,GBP,MOCK_FEED
POS00800720251105,PORT008,INS0029,2025-11-05,3954,20.8528,82451.97,2902.28,EUR,MOCK_FEED
POS00800820251105,PORT008,INS0030,2025-11-05,4673,50.9038,237873.46,7619.08,EUR,MOCK_FEED
POS00800920251105,PORT008,INS0031,2025-11-05,3434,45.345,155714.73,4637.25,INR,MOCK_FEED
POS00801020251105,PORT008,INS0032,2025-11-05,1195,62.0273,74122.62,154.69,INR,MOCK_FEED
POS00800120251106,PORT008,INS0023,2025-11-06,714,54.102,38628.83,-900.25,EUR,MOCK_FEED
POS00800220251106,PORT008,INS0024,2025-11-06,2172,71.1852,154614.25,2531.76,USD,MOCK_FEED
POS00800320251106,PORT008,INS0025,2025-11-06,3964,25.4883,101035.62,468.39,USD,MOCK_FEED
POS00800420251106,PORT008,INS0026,2025-11-06,3238,60.8433,197010.61,-4640.7,INR,MOCK_FEED
POS00800520251106,PORT008,INS0027,2025-11-06,3376,17.9555,60617.77,1233.48,GBP,MOCK_FEED
POS00800620251106,PORT008,INS0028,2025-11-06,659,46.6311,30729.89,413.61,EUR,MOCK_FEED
POS00800720251106,PORT008,INS0029,2025-11-06,401,20.7541,8322.39,5.27,EUR,MOCK_FEED
POS00800820251106,PORT008,INS0030,2025-11-06,2695,51.0276,137519.38,3050.12,EUR,MOCK_FEED
POS00800920251106,PORT008,INS0031,2025-11-06,2420,44.8013,108419.15,-1938.17,GBP,MOCK_FEED
POS00801020251106,PORT008,INS0032,2025-11-06,771,61.4916,47410.02,574.61,USD,MOCK_FEED
POS00800120251107,PORT008,INS0023,2025-11-07,4063,54.2723,220508.35,-756.68,EUR,MOCK_FEED
POS00800220251107,PORT008,INS0024,2025-11-07,1266,71.4657,90475.58,-2392.62,GBP,MOCK_FEED
POS00800320251107,PORT008,INS0025,2025-11-07,3439,25.8084,88755.09,2626.82,GBP,MOCK_FEED
POS00800420251107,PORT008,INS0026,2025-11-07,3756,59.3921,223076.73,8029.97,EUR,MOCK_FEED
POS00800520251107,PORT008,INS0027,2025-11-07,2893,18.1319,52455.59,30.74,GBP,MOCK_FEED
POS00800620251107,PORT008,INS0028,2025-11-07,1329,46.6752,62031.34,1724.1,INR,MOCK_FEED
POS00800720251107,PORT008,INS0029,2025-11-07,2536,20.8857,52966.14,1582.25,EUR,MOCK_FEED
POS00800820251107,PORT008,INS0030,2025-11-07,2705,50.5553,136752.09,246.04,EUR,MOCK_FEED
POS00800920251107,PORT008,INS0031,2025-11-07,931,45.6707,42519.42,-744.13,GBP,MOCK_FEED
POS00801020251107,PORT008,INS0032,2025-11-07,3533,60.061,212195.51,-1613.28,EUR,MOCK_FEED
POS00800120251108,PORT008,INS0023,2025-11-08,3136,54.7233,171612.27,-739.6,EUR,MOCK_FEED
POS00800220251108,PORT008,INS0024,2025-11-08,4424,71.5564,316565.51,4902.61,USD,MOCK_FEED
POS00800320251108,PORT008,INS0025,2025-11-08,364,25.9474,9444.85,372.07,USD,MOCK_FEED
POS00800420251108,PORT008,INS0026,2025-11-08,3995,60.426,241401.87,-6289.85,GBP,MOCK_FEED
POS00800520251108,PORT008,INS0027,2025-11-08,1503,17.6798,26572.74,662.72,USD,MOCK_FEED
POS00800620251108,PORT008,INS0028,2025-11-08,4663,46.2199,215523.39,6787.7,GBP,MOCK_FEED
POS00800720251108,PORT008,INS0029,2025-11-08,1492,20.8447,31100.29,833.34,INR,MOCK_FEED
POS00800820251108,PORT008,INS0030,2025-11-08,1432,49.1365,70363.47,1110.8,INR,MOCK_FEED
POS00800920251108,PORT008,INS0031,2025-11-08,3351,46.5579,156015.52,-2226.15,USD,MOCK_FEED
POS00801020251108,PORT008,INS0032,2025-11-08,1761,60.5285,106590.69,-322.76,USD,MOCK_FEED
POS00800120251109,PORT008,INS0023,2025-11-09,4008,53.8809,215954.65,7555.83,USD,MOCK_FEED
POS00800220251109,PORT008,INS0024,2025-11-09,956,72.2332,69054.94,-642.71,INR,MOCK_FEED
POS00800320251109,PORT008,INS0025,2025-11-09,4148,26.4357,109655.28,-923.77,GBP,MOCK_FEED
POS00800420251109,PORT008,INS0026,2025-11-09,1597,60.7287,96983.73,-748.99,EUR,MOCK_FEED
POS00800520251109,PORT008,INS0027,2025-11-09,1524,17.3882,26499.62,-118.49,GBP,MOCK_FEED
POS00800620251109,PORT008,INS0028,2025-11-09,2780,46.848,130237.44,102.32,EUR,MOCK_FEED
POS00800720251109,PORT008,INS0029,2025-11-09,4511,20.9363,94443.65,3496.2,USD,MOCK_FEED
POS00800820251109,PORT008,INS0030,2025-11-09,2507,49.5168,124138.62,-1561.14,EUR,MOCK_FEED
POS00800920251109,PORT008,INS0031,2025-11-09,3913,46.7133,182789.14,6851.55,GBP,MOCK_FEED
POS00801020251109,PORT008,INS0032,2025-11-09,4856,60.2861,292749.3,4607.97,USD,MOCK_FEED
POS00800120251110,PORT008,INS0023,2025-11-10,2590,53.0673,137444.31,5077.0,EUR,MOCK_FEED
POS00800220251110,PORT008,INS0024,2025-11-10,4639,72.0636,334303.04,-8287.13,USD,MOCK_FEED
POS00800320251110,PORT008,INS0025,2025-11-10,4832,26.3883,127508.27,-1487.2,GBP,MOCK_FEED
POS00800420251110,PORT008,INS0026,2025-11-10,4313,59.8092,257957.08,-2568.05,INR,MOCK_FEED
POS00800520251110,PORT008,INS0027,2025-11-10,2984,17.1642,51217.97,-783.76,GBP,MOCK_FEED
POS00800620251110,PORT008,INS0028,2025-11-10,4255,46.6591,198534.47,-5076.73,EUR,MOCK_FEED
POS00800720251110,PORT008,INS0029,2025-11-10,2618,21.1004,55240.85,561.9,GBP,MOCK_FEED
POS00800820251110,PORT008,INS0030,2025-11-10,1542,49.8282,76835.08,-1625.59,EUR,MOCK_FEED
POS00800920251110,PORT008,INS0031,2025-11-10,2854,47.2864,134955.39,-85.44,USD,MOCK_FEED
POS00801020251110,PORT008,INS0032,2025-11-10,1500,60.9478,91421.7,-1785.48,USD,MOCK_FEED
POS00800120251111,PORT008,INS0023,2025-11-11,3875,53.436,207064.5,2378.45,GBP,MOCK_FEED
POS00800220251111,PORT008,INS0024,2025-11-11,2892,73.0863,211365.58,8346.66,INR,MOCK_FEED
POS00800320251111,PORT008,INS0025,2025-11-11,4850,26.5318,128679.23,-2784.1,EUR,MOCK_FEED
POS00800420251111,PORT008,INS0026,2025-11-11,2764,60.6366,167599.56,1747.98,USD,MOCK_FEED
POS00800520251111,PORT008,INS0027,2025-11-11,386,17.2412,6655.1,158.97,EUR,MOCK_FEED
POS00800620251111,PORT008,INS0028,2025-11-11,1835,46.9813,86210.69,2514.81,EUR,MOCK_FEED
POS00800720251111,PORT008,INS0029,2025-11-11,200,21.0153,4203.06,-75.59,EUR,MOCK_FEED
POS00800820251111,PORT008,INS0030,2025-11-11,3145,49.6463,156137.61,4066.79,INR,MOCK_FEED
POS00800920251111,PORT008,INS0031,2025-11-11,4244,47.8949,203265.96,-3122.3,GBP,MOCK_FEED
POS00801020251111,PORT008,INS0032,2025-11-11,1374,59.8587,82245.85,1513.74,EUR,MOCK_FEED
POS00800120251112,PORT008,INS0023,2025-11-12,4712,53.5197,252184.83,7754.46,USD,MOCK_FEED
POS00800220251112,PORT008,INS0024,2025-11-12,4012,72.9938,292851.13,6128.97,USD,MOCK_FEED
POS00800320251112,PORT008,INS0025,2025-11-12,3028,26.5083,80267.13,1528.81,GBP,MOCK_FEED
POS00800420251112,PORT008,INS0026,2025-11-12,1356,60.1533,81567.87,1543.5,EUR,MOCK_FEED
POS00800520251112,PORT008,INS0027,2025-11-12,3699,17.2264,63720.45,1362.89,INR,MOCK_FEED
POS00800620251112,PORT008,INS0028,2025-11-12,1065,46.9916,50046.05,1582.3,EUR,MOCK_FEED
POS00800720251112,PORT008,INS0029,2025-11-12,1251,20.8824,26123.88,-436.03,GBP,MOCK_FEED
POS00800820251112,PORT008,INS0030,2025-11-12,4733,49.6683,235080.06,1082.35,USD,MOCK_FEED
POS00800920251112,PORT008,INS0031,2025-11-12,4298,47.284,203226.63,-488.98,EUR,MOCK_FEED
POS00801020251112,PORT008,INS0032,2025-11-12,3980,58.606,233251.88,9116.67,GBP,MOCK_FEED
POS00800120251113,PORT008,INS0023,2025-11-13,2271,53.1487,120700.7,625.29,USD,MOCK_FEED
POS00800220251113,PORT008,INS0024,2025-11-13,3307,73.7191,243789.06,2426.73,EUR,MOCK_FEED
POS00800320251113,PORT008,INS0025,2025-11-13,1163,26.1453,30406.98,736.26,INR,MOCK_FEED
POS00800420251113,PORT008,INS0026,2025-11-13,4277,60.0435,256806.05,8859.54,EUR,MOCK_FEED
POS00800520251113,PORT008,INS0027,2025-11-13,3339,17.0791,57027.11,1263.98,GBP,MOCK_FEED
POS00800620251113,PORT008,INS0028,2025-11-13,966,46.4747,44894.56,1439.23,USD,MOCK_FEED
POS00800720251113,PORT008,INS0029,2025-11-13,2822,20.4616,57742.64,979.09,GBP,MOCK_FEED
POS00800820251113,PORT008,INS0030,2025-11-13,2538,49.2112,124898.03,1641.95,GBP,MOCK_FEED
POS00800920251113,PORT008,INS0031,2025-11-13,1945,47.7403,92854.88,-666.05,EUR,MOCK_FEED
POS00801020251113,PORT008,INS0032,2025-11-13,657,58.0689,38151.27,-845.4,GBP,MOCK_FEED
POS00800120251114,PORT008,INS0023,2025-11-14,3029,53.8934,163243.11,-1515.45,EUR,MOCK_FEED
POS00800220251114,PORT008,INS0024,2025-11-14,3095,73.3345,226970.28,4618.44,USD,MOCK_FEED
POS00800320251114,PORT008,INS0025,2025-11-14,4459,25.823,115144.76,-1301.48,INR,MOCK_FEED
POS00800420251114,PORT008,INS0026,2025-11-14,3379,59.8875,202359.86,-748.5,INR,MOCK_FEED
POS00800520251114,PORT008,INS0027,2025-11-14,333,17.2975,5760.07,201.11,INR,MOCK_FEED
POS00800620251114,PORT008,INS0028,2025-11-14,2786,46.4658,129453.72,3662.16,GBP,MOCK_FEED
POS00800720251114,PORT008,INS0029,2025-11-14,2397,20.5225,49192.43,1639.17,GBP,MOCK_FEED
POS00800820251114,PORT008,INS0030,2025-11-14,4804,49.4467,237541.95,2810.99,USD,MOCK_FEED
POS00800920251114,PORT008,INS0031,2025-11-14,4926,47.7281,235108.62,-4318.35,EUR,MOCK_FEED
POS00801020251114,PORT008,INS0032,2025-11-14,438,57.917,25367.65,726.92,USD,MOCK_FEED
POS00800120251115,PORT008,INS0023,2025-11-15,1098,54.7115,60073.23,-1500.5,USD,MOCK_FEED
POS00800220251115,PORT008,INS0024,2025-11-15,1096,73.6191,80686.53,477.52,GBP,MOCK_FEED
POS00800320251115,PORT008,INS0025,2025-11-15,1421,25.6584,36460.59,1003.74,USD,MOCK_FEED
POS00800420251115,PORT008,INS0026,2025-11-15,634,61.0013,38674.82,-36.48,EUR,MOCK_FEED
POS00800520251115,PORT008,INS0027,2025-11-15,4897,16.9792,83147.14,-2057.35,EUR,MOCK_FEED
POS00800620251115,PORT008,INS0028,2025-11-15,603,46.7415,28185.12,-665.39,INR,MOCK_FEED
POS00800720251115,PORT008,INS0029,2025-11-15,4266,20.4282,87146.7,2138.03,INR,MOCK_FEED
POS00800820251115,PORT008,INS0030,2025-11-15,3735,48.9481,182821.15,6884.61,INR,MOCK_FEED
POS00800920251115,PORT008,INS0031,2025-11-15,677,47.3017,32023.25,-368.68,GBP,MOCK_FEED
POS00801020251115,PORT008,INS0032,2025-11-15,2646,59.7317,158050.08,5156.2,GBP,MOCK_FEED
POS00800120251116,PORT008,INS0023,2025-11-16,1197,54.5845,65337.65,-137.5,EUR,MOCK_FEED
POS00800220251116,PORT008,INS0024,2025-11-16,3087,72.9307,225137.07,6889.81,GBP,MOCK_FEED
POS00800320251116,PORT008,INS0025,2025-11-16,4213,25.6456,108044.91,-966.37,INR,MOCK_FEED
POS00800420251116,PORT008,INS0026,2025-11-16,2474,60.786,150384.56,2695.17,INR,MOCK_FEED
POS00800520251116,PORT008,INS0027,2025-11-16,1544,16.9952,26240.59,464.49,USD,MOCK_FEED
POS00800620251116,PORT008,INS0028,2025-11-16,1625,46.6824,75858.9,-45.87,INR,MOCK_FEED
POS00800720251116,PORT008,INS0029,2025-11-16,1352,20.4551,27655.3,-194.89,EUR,MOCK_FEED
POS00800820251116,PORT008,INS0030,2025-11-16,3156,48.3958,152737.14,-3336.23,GBP,MOCK_FEED
POS00800920251116,PORT008,INS0031,2025-11-16,610,47.3127,28860.75,-545.94,GBP,MOCK_FEED
POS00801020251116,PORT008,INS0032,2025-11-16,1986,58.9388,117052.46,-65.29,INR,MOCK_FEED
POS00800120251117,PORT008,INS0023,2025-11-17,1411,53.8231,75944.39,975.0,EUR,MOCK_FEED
POS00800220251117,PORT008,INS0024,2025-11-17,3566,71.4358,254740.06,-2448.13,GBP,MOCK_FEED
POS00800320251117,PORT008,INS0025,2025-11-17,1174,25.0354,29391.56,810.42,EUR,MOCK_FEED
POS00800420251117,PORT008,INS0026,2025-11-17,1486,60.0594,89248.27,2810.03,GBP,MOCK_FEED
POS00800520251117,PORT008,INS0027,2025-11-17,1952,16.8653,32921.07,1294.1,EUR,MOCK_FEED
POS00800620251117,PORT008,INS0028,2025-11-17,550,46.609,25634.95,61.39,GBP,MOCK_FEED
POS00800720251117,PORT008,INS0029,2025-11-17,689,20.4316,14077.37,-214.19,EUR,MOCK_FEED
POS00800820251117,PORT008,INS0030,2025-11-17,4248,48.1807,204671.61,7164.35,GBP,MOCK_FEED
POS00800920251117,PORT008,INS0031,2025-11-17,2729,48.175,131469.57,195.84,USD,MOCK_FEED
POS00801020251117,PORT008,INS0032,2025-11-17,3882,60.5368,235003.86,-6173.39,GBP,MOCK_FEED
POS00800120251118,PORT008,INS0023,2025-11-18,757,53.1819,40258.7,-1129.3,EUR,MOCK_FEED
POS00800220251118,PORT008,INS0024,2025-11-18,4766,70.5763,336366.65,-5679.99,USD,MOCK_FEED
POS00800320251118,PORT008,INS0025,2025-11-18,1957,24.9319,48791.73,1094.06,INR,MOCK_FEED
POS00800420251118,PORT008,INS0026,2025-11-18,2634,60.2327,158652.93,18.66,INR,MOCK_FEED
POS00800520251118,PORT008,INS0027,2025-11-18,3325,16.551,55032.07,161.49,INR,MOCK_FEED
POS00800620251118,PORT008,INS0028,2025-11-18,2329,46.9112,109256.18,1243.78,GBP,MOCK_FEED
POS00800720251118,PORT008,INS0029,2025-11-18,4893,20.5006,100309.44,408.81,GBP,MOCK_FEED
POS00800820251118,PORT008,INS0030,2025-11-18,4804,48.3239,232148.02,6958.2,INR,MOCK_FEED
POS00800920251118,PORT008,INS0031,2025-11-18,1154,48.7026,56202.8,1525.45,USD,MOCK_FEED
POS00801020251118,PORT008,INS0032,2025-11-18,4461,61.54,274529.94,4696.3,USD,MOCK_FEED
POS00800120251119,PORT008,INS0023,2025-11-19,2363,53.167,125633.62,-2831.78,USD,MOCK_FEED
POS00800220251119,PORT008,INS0024,2025-11-19,2086,70.1356,146302.86,5045.5,EUR,MOCK_FEED
POS00800320251119,PORT008,INS0025,2025-11-19,1191,25.1784,29987.47,58.75,EUR,MOCK_FEED
POS00800420251119,PORT008,INS0026,2025-11-19,4419,60.8245,268783.47,10485.05,EUR,MOCK_FEED
POS00800520251119,PORT008,INS0027,2025-11-19,4091,16.6225,68002.65,2402.38,GBP,MOCK_FEED
POS00800620251119,PORT008,INS0028,2025-11-19,3637,46.5221,169200.88,2471.16,EUR,MOCK_FEED
POS00800720251119,PORT008,INS0029,2025-11-19,3010,20.5721,61922.02,926.66,INR,MOCK_FEED
POS00800820251119,PORT008,INS0030,2025-11-19,4311,48.6453,209709.89,3469.95,GBP,MOCK_FEED
POS00800920251119,PORT008,INS0031,2025-11-19,4213,49.3342,207844.98,-2887.37,INR,MOCK_FEED
POS00801020251119,PORT008,INS0032,2025-11-19,3362,60.5865,203691.81,5085.99,INR,MOCK_FEED
POS00800120251120,PORT008,INS0023,2025-11-20,3460,53.4425,184911.05,1544.68,EUR,MOCK_FEED
POS00800220251120,PORT008,INS0024,2025-11-20,112,70.5609,7902.82,-187.85,USD,MOCK_FEED
POS00800320251120,PORT008,INS0025,2025-11-20,1045,24.9682,26091.77,181.93,USD,MOCK_FEED
POS00800420251120,PORT008,INS0026,2025-11-20,1213,62.4466,75747.73,-248.83,EUR,MOCK_FEED
POS00800520251120,PORT008,INS0027,2025-11-20,4840,16.74,81021.6,59.27,INR,MOCK_FEED
POS00800620251120,PORT008,INS0028,2025-11-20,2133,47.5319,101385.54,-1536.63,EUR,MOCK_FEED
POS00800720251120,PORT008,INS0029,2025-11-20,3859,21.0369,81181.4,-260.19,EUR,MOCK_FEED
POS00800820251120,PORT008,INS0030,2025-11-20,2918,49.3736,144072.16,-3020.14,USD,MOCK_FEED
POS00800920251120,PORT008,INS0031,2025-11-20,813,49.0099,39845.05,1304.66,GBP,MOCK_FEED
POS00801020251120,PORT008,INS0032,2025-11-20,1421,60.1096,85415.74,3023.83,GBP,MOCK_FEED
POS00800120251121,PORT008,INS0023,2025-11-21,3196,52.9832,169334.31,-3773.48,USD,MOCK_FEED
POS00800220251121,PORT008,INS0024,2025-11-21,2976,69.3641,206427.56,6087.55,USD,MOCK_FEED
POS00800320251121,PORT008,INS0025,2025-11-21,178,25.4163,4524.1,-130.5,EUR,MOCK_FEED
POS00800420251121,PORT008,INS0026,2025-11-21,4283,62.1803,266318.22,-2332.69,GBP,MOCK_FEED
POS00800520251121,PORT008,INS0027,2025-11-21,4426,16.652,73701.75,2584.33,USD,MOCK_FEED
POS00800620251121,PORT008,INS0028,2025-11-21,127,48.1353,6113.18,-177.43,USD,MOCK_FEED
POS00800720251121,PORT008,INS0029,2025-11-21,2243,21.2678,47703.68,604.04,GBP,MOCK_FEED
POS00800820251121,PORT008,INS0030,2025-11-21,4970,49.4449,245741.15,3828.87,USD,MOCK_FEED
POS00800920251121,PORT008,INS0031,2025-11-21,1104,49.2811,54406.33,1044.37,GBP,MOCK_FEED
POS00801020251121,PORT008,INS0032,2025-11-21,3149,58.8824,185420.68,3061.44,GBP,MOCK_FEED
POS00800120251122,PORT008,INS0023,2025-11-22,1323,53.0876,70234.89,1445.05,INR,MOCK_FEED
POS00800220251122,PORT008,INS0024,2025-11-22,4867,69.4585,338054.52,-4319.39,INR,MOCK_FEED
POS00800320251122,PORT008,INS0025,2025-11-22,2643,25.3694,67051.32,-1820.58,USD,MOCK_FEED
POS00800420251122,PORT008,INS0026,2025-11-22,3759,62.8167,236127.98,4744.29,EUR,MOCK_FEED
POS00800520251122,PORT008,INS0027,2025-11-22,2764,17.0289,47067.88,1249.38,INR,MOCK_FEED
POS00800620251122,PORT008,INS0028,2025-11-22,940,48.852,45920.88,500.59,INR,MOCK_FEED
POS00800720251122,PORT008,INS0029,2025-11-22,3553,21.1063,74990.68,1761.94,INR,MOCK_FEED
POS00800820251122,PORT008,INS0030,2025-11-22,698,49.6083,34626.59,-839.61,INR,MOCK_FEED
POS00800920251122,PORT008,INS0031,2025-11-22,2747,49.935,137171.45,-413.56,USD,MOCK_FEED
POS00801020251122,PORT008,INS0032,2025-11-22,2950,58.2467,171827.76,-4163.46,USD,MOCK_FEED
POS00800120251123,PORT008,INS0023,2025-11-23,133,53.7892,7153.96,-182.27,GBP,MOCK_FEED
POS00800220251123,PORT008,INS0024,2025-11-23,4076,68.946,281023.9,1220.56,GBP,MOCK_FEED
POS00800320251123,PORT008,INS0025,2025-11-23,2700,25.5114,68880.78,1193.45,USD,MOCK_FEED
POS00800420251123,PORT008,INS0026,2025-11-23,2168,62.4602,135413.71,3298.65,EUR,MOCK_FEED
POS00800520251123,PORT008,INS0027,2025-11-23,3949,17.4028,68723.66,282.49,EUR,MOCK_FEED
POS00800620251123,PORT008,INS0028,2025-11-23,4785,48.8578,233784.57,-1049.59,EUR,MOCK_FEED
POS00800720251123,PORT008,INS0029,2025-11-23,3448,20.9086,72092.85,-1848.53,EUR,MOCK_FEED
POS00800820251123,PORT008,INS0030,2025-11-23,3496,49.9305,174557.03,382.33,INR,MOCK_FEED
POS00800920251123,PORT008,INS0031,2025-11-23,1098,50.0767,54984.22,1849.22,USD,MOCK_FEED
POS00801020251123,PORT008,INS0032,2025-11-23,1380,58.0873,80160.47,2680.79,USD,MOCK_FEED
POS00800120251124,PORT008,INS0023,2025-11-24,1000,53.0119,53011.9,594.63,INR,MOCK_FEED
POS00800220251124,PORT008,INS0024,2025-11-24,4855,68.3036,331613.98,28.12,USD,MOCK_FEED
POS00800320251124,PORT008,INS0025,2025-11-24,4336,25.4319,110272.72,-267.79,USD,MOCK_FEED
POS00800420251124,PORT008,INS0026,2025-11-24,4328,61.4321,265878.13,-2178.56,USD,MOCK_FEED
POS00800520251124,PORT008,INS0027,2025-11-24,2238,17.343,38813.63,-77.54,USD,MOCK_FEED
POS00800620251124,PORT008,INS0028,2025-11-24,3119,49.3231,153838.75,3108.33,GBP,MOCK_FEED
POS00800720251124,PORT008,INS0029,2025-11-24,1442,20.6962,29843.92,-343.19,USD,MOCK_FEED
POS00800820251124,PORT008,INS0030,2025-11-24,3216,50.2407,161574.09,4585.38,INR,MOCK_FEED
POS00800920251124,PORT008,INS0031,2025-11-24,3219,49.9096,160659.0,2314.14,GBP,MOCK_FEED
POS00801020251124,PORT008,INS0032,2025-11-24,3066,57.9335,177624.11,-2034.95,INR,MOCK_FEED
POS00800120251125,PORT008,INS0023,2025-11-25,840,52.7832,44337.89,1619.4,GBP,MOCK_FEED
POS00800220251125,PORT008,INS0024,2025-11-25,4423,69.1165,305702.28,11673.5,GBP,MOCK_FEED
POS00800320251125,PORT008,INS0025,2025-11-25,4682,25.4905,119346.52,4539.05,EUR,MOCK_FEED
POS00800420251125,PORT008,INS0026,2025-11-25,3460,62.1353,214988.14,6044.9,GBP,MOCK_FEED
POS00800520251125,PORT008,INS0027,2025-11-25,4109,17.2606,70923.81,1620.73,EUR,MOCK_FEED
POS00800620251125,PORT008,INS0028,2025-11-25,3568,49.1213,175264.8,-4641.66,EUR,MOCK_FEED
POS00800720251125,PORT008,INS0029,2025-11-25,2918,21.066,61470.59,2246.56,USD,MOCK_FEED
POS00800820251125,PORT008,INS0030,2025-11-25,4477,50.4465,225848.98,3897.24,INR,MOCK_FEED
POS00800920251125,PORT008,INS0031,2025-11-25,4581,49.4314,226445.24,-6590.8,GBP,MOCK_FEED
POS00801020251125,PORT008,INS0032,2025-11-25,4875,57.908,282301.5,403.88,EUR,MOCK_FEED
POS00800120251126,PORT008,INS0023,2025-11-26,4230,53.7728,227458.94,7449.85,GBP,MOCK_FEED
POS00800220251126,PORT008,INS0024,2025-11-26,3554,69.1728,245840.13,-1106.77,USD,MOCK_FEED
POS00800320251126,PORT008,INS0025,2025-11-26,259,25.6762,6650.14,260.63,EUR,MOCK_FEED
POS00800420251126,PORT008,INS0026,2025-11-26,830,64.055,53165.65,-1451.27,INR,MOCK_FEED
POS00800520251126,PORT008,INS0027,2025-11-26,997,17.5077,17455.18,263.38,INR,MOCK_FEED
POS00800620251126,PORT008,INS0028,2025-11-26,374,49.3765,18466.81,508.34,INR,MOCK_FEED
POS00800720251126,PORT008,INS0029,2025-11-26,1880,20.8424,39183.71,66.3,EUR,MOCK_FEED
POS00800820251126,PORT008,INS0030,2025-11-26,2723,50.1673,136605.56,2258.42,EUR,MOCK_FEED
POS00800920251126,PORT008,INS0031,2025-11-26,2394,49.4489,118380.67,3433.58,INR,MOCK_FEED
POS00801020251126,PORT008,INS0032,2025-11-26,4247,57.016,242146.95,885.97,INR,MOCK_FEED
POS00800120251127,PORT008,INS0023,2025-11-27,1425,53.5037,76242.77,2181.79,EUR,MOCK_FEED
POS00800220251127,PORT008,INS0024,2025-11-27,1495,69.1468,103374.47,-2542.33,GBP,MOCK_FEED
POS00800320251127,PORT008,INS0025,2025-11-27,4992,25.868,129133.06,3275.72,USD,MOCK_FEED
POS00800420251127,PORT008,INS0026,2025-11-27,1865,64.0306,119417.07,4382.75,EUR,MOCK_FEED
POS00800520251127,PORT008,INS0027,2025-11-27,337,17.6695,5954.62,-175.17,GBP,MOCK_FEED
POS00800620251127,PORT008,INS0028,2025-11-27,4006,50.1368,200848.02,-1376.08,INR,MOCK_FEED
POS00800720251127,PORT008,INS0029,2025-11-27,4026,21.1794,85268.26,-1407.88,INR,MOCK_FEED
POS00800820251127,PORT008,INS0030,2025-11-27,4101,49.9136,204695.67,5695.41,USD,MOCK_FEED
POS00800920251127,PORT008,INS0031,2025-11-27,2775,49.2377,136634.62,1574.21,EUR,MOCK_FEED
POS00801020251127,PORT008,INS0032,2025-11-27,975,56.5536,55139.76,866.61,EUR,MOCK_FEED
POS00800120251128,PORT008,INS0023,2025-11-28,322,53.2606,17149.91,521.49,GBP,MOCK_FEED
POS00800220251128,PORT008,INS0024,2025-11-28,3376,68.2475,230403.56,2810.9,USD,MOCK_FEED
POS00800320251128,PORT008,INS0025,2025-11-28,3472,25.5834,88825.56,-1772.68,EUR,MOCK_FEED
POS00800420251128,PORT008,INS0026,2025-11-28,3043,61.883,188309.97,-1168.55,INR,MOCK_FEED
POS00800520251128,PORT008,INS0027,2025-11-28,4587,17.7761,81538.97,-1399.05,EUR,MOCK_FEED
POS00800620251128,PORT008,INS0028,2025-11-28,778,50.534,39315.45,714.19,INR,MOCK_FEED
POS00800720251128,PORT008,INS0029,2025-11-28,3378,21.6306,73068.17,335.82,INR,MOCK_FEED
POS00800820251128,PORT008,INS0030,2025-11-28,3501,50.303,176110.8,1660.3,EUR,MOCK_FEED
POS00800920251128,PORT008,INS0031,2025-11-28,4430,50.2763,222724.01,406.58,GBP,MOCK_FEED
POS00801020251128,PORT008,INS0032,2025-11-28,925,57.0491,52770.42,886.24,INR,MOCK_FEED
POS00800120251129,PORT008,INS0023,2025-11-29,1643,52.4637,86197.86,-672.45,USD,MOCK_FEED
POS00800220251129,PORT008,INS0024,2025-11-29,1160,68.6312,79612.19,2008.63,EUR,MOCK_FEED
POS00800320251129,PORT008,INS0025,2025-11-29,3004,25.4815,76546.43,-831.71,USD,MOCK_FEED
POS00800420251129,PORT008,INS0026,2025-11-29,4488,62.7551,281644.89,-6088.88,USD,MOCK_FEED
POS00800520251129,PORT008,INS0027,2025-11-29,1728,17.5551,30335.21,505.23,EUR,MOCK_FEED
POS00800620251129,PORT008,INS0028,2025-11-29,601,50.4747,30335.29,344.9,INR,MOCK_FEED
POS00800720251129,PORT008,INS0029,2025-11-29,508,21.6191,10982.5,424.2,EUR,MOCK_FEED
POS00800820251129,PORT008,INS0030,2025-11-29,3614,50.2405,181569.17,689.94,USD,MOCK_FEED
POS00800920251129,PORT008,INS0031,2025-11-29,686,50.6512,34746.72,21.42,GBP,MOCK_FEED
POS00801020251129,PORT008,INS0032,2025-11-29,1568,56.4077,88447.27,2432.05,INR,MOCK_FEED
POS00800120251130,PORT008,INS0023,2025-11-30,1335,52.0084,69431.21,1025.39,GBP,MOCK_FEED
POS00800220251130,PORT008,INS0024,2025-11-30,2785,68.2646,190116.91,-1643.04,INR,MOCK_FEED
POS00800320251130,PORT008,INS0025,2025-11-30,1065,25.7547,27428.76,999.95,INR,MOCK_FEED
POS00800420251130,PORT008,INS0026,2025-11-30,1164,62.6448,72918.55,1243.07,USD,MOCK_FEED
POS00800520251130,PORT008,INS0027,2025-11-30,190,17.6423,3352.04,-48.98,GBP,MOCK_FEED
POS00800620251130,PORT008,INS0028,2025-11-30,4294,50.7261,217817.87,1828.84,EUR,MOCK_FEED
POS00800720251130,PORT008,INS0029,2025-11-30,1778,21.7752,38716.31,-748.43,EUR,MOCK_FEED
POS00800820251130,PORT008,INS0030,2025-11-30,1451,50.0168,72574.38,937.18,EUR,MOCK_FEED
POS00800920251130,PORT008,INS0031,2025-11-30,3082,50.421,155397.52,5192.07,GBP,MOCK_FEED
POS00801020251130,PORT008,INS0032,2025-11-30,1900,56.0744,106541.36,-880.7,USD,MOCK_FEED
POS00800120251201,PORT008,INS0023,2025-12-01,1511,51.8521,78348.52,1015.99,USD,MOCK_FEED
POS00800220251201,PORT008,INS0024,2025-12-01,3373,68.1394,229834.2,6746.84,USD,MOCK_FEED
POS00800320251201,PORT008,INS0025,2025-12-01,1808,25.4044,45931.16,1685.48,GBP,MOCK_FEED
POS00800420251201,PORT008,INS0026,2025-12-01,2695,62.556,168588.42,4530.38,EUR,MOCK_FEED
POS00800520251201,PORT008,INS0027,2025-12-01,1379,17.7054,24415.75,127.02,USD,MOCK_FEED
POS00800620251201,PORT008,INS0028,2025-12-01,4984,50.4709,251546.97,4434.87,GBP,MOCK_FEED
POS00800720251201,PORT008,INS0029,2025-12-01,2323,21.2511,49366.31,314.0,INR,MOCK_FEED
POS00800820251201,PORT008,INS0030,2025-12-01,1702,50.3544,85703.19,1607.05,EUR,MOCK_FEED
POS00800920251201,PORT008,INS0031,2025-12-01,313,51.2629,16045.29,-262.17,EUR,MOCK_FEED
POS00801020251201,PORT008,INS0032,2025-12-01,644,55.6856,35861.53,209.36,GBP,MOCK_FEED
POS00800120251202,PORT008,INS0023,2025-12-02,497,51.2274,25460.02,-292.86,INR,MOCK_FEED
POS00800220251202,PORT008,INS0024,2025-12-02,847,68.7682,58246.67,-541.09,GBP,MOCK_FEED
POS00800320251202,PORT008,INS0025,2025-12-02,4626,25.393,117468.02,-1958.95,INR,MOCK_FEED
POS00800420251202,PORT008,INS0026,2025-12-02,523,62.2623,32563.18,-973.83,GBP,MOCK_FEED
POS00800520251202,PORT008,INS0027,2025-12-02,4186,17.7027,74103.5,2078.26,USD,MOCK_FEED
POS00800620251202,PORT008,INS0028,2025-12-02,2049,49.9607,102369.47,2398.29,USD,MOCK_FEED
POS00800720251202,PORT008,INS0029,2025-12-02,489,21.5991,10561.96,155.84,GBP,MOCK_FEED
POS00800820251202,PORT008,INS0030,2025-12-02,2447,50.2235,122896.9,131.04,GBP,MOCK_FEED
POS00800920251202,PORT008,INS0031,2025-12-02,1234,50.4263,62226.05,-59.01,GBP,MOCK_FEED
POS00801020251202,PORT008,INS0032,2025-12-02,2341,56.0399,131189.41,-3077.66,GBP,MOCK_FEED
POS00800120251203,PORT008,INS0023,2025-12-03,1904,51.1773,97441.58,715.1,EUR,MOCK_FEED
POS00800220251203,PORT008,INS0024,2025-12-03,1478,68.1064,100661.26,-2336.0,INR,MOCK_FEED
POS00800320251203,PORT008,INS0025,2025-12-03,1745,25.1147,43825.15,-301.13,USD,MOCK_FEED
POS00800420251203,PORT008,INS0026,2025-12-03,1817,62.2825,113167.3,-1705.39,GBP,MOCK_FEED
POS00800520251203,PORT008,INS0027,2025-12-03,4076,17.8502,72757.42,-194.76,USD,MOCK_FEED
POS00800620251203,PORT008,INS0028,2025-12-03,3008,50.8303,152897.54,503.83,EUR,MOCK_FEED
POS00800720251203,PORT008,INS0029,2025-12-03,1938,21.0978,40887.54,838.85,GBP,MOCK_FEED
POS00800820251203,PORT008,INS0030,2025-12-03,327,48.5889,15888.57,365.3,INR,MOCK_FEED
POS00800920251203,PORT008,INS0031,2025-12-03,462,50.3088,23242.67,621.6,USD,MOCK_FEED
POS00801020251203,PORT008,INS0032,2025-12-03,1217,55.5182,67565.65,1927.22,INR,MOCK_FEED
POS00800120251204,PORT008,INS0023,2025-12-04,3747,49.9288,187083.21,-58.89,EUR,MOCK_FEED
POS00800220251204,PORT008,INS0024,2025-12-04,2759,68.9414,190209.32,4668.27,INR,MOCK_FEED
POS00800320251204,PORT008,INS0025,2025-12-04,422,24.9245,10518.14,416.6,USD,MOCK_FEED
POS00800420251204,PORT008,INS0026,2025-12-04,4471,62.1563,277900.82,6120.48,EUR,MOCK_FEED
POS00800520251204,PORT008,INS0027,2025-12-04,1062,17.8602,18967.53,-452.36,GBP,MOCK_FEED
POS00800620251204,PORT008,INS0028,2025-12-04,539,50.7616,27360.5,-146.37,INR,MOCK_FEED
POS00800720251204,PORT008,INS0029,2025-12-04,1799,21.2339,38199.79,1221.86,INR,MOCK_FEED
POS00800820251204,PORT008,INS0030,2025-12-04,3231,48.5351,156816.91,-3608.62,INR,MOCK_FEED
POS00800920251204,PORT008,INS0031,2025-12-04,4519,50.2413,227040.43,-1472.04,GBP,MOCK_FEED
POS00801020251204,PORT008,INS0032,2025-12-04,4663,54.6041,254618.92,2373.72,USD,MOCK_FEED
POS00800120251205,PORT008,INS0023,2025-12-05,1490,49.5276,73796.12,-2193.69,GBP,MOCK_FEED
POS00800220251205,PORT008,INS0024,2025-12-05,1784,68.2842,121819.01,4649.98,EUR,MOCK_FEED
POS00800320251205,PORT008,INS0025,2025-12-05,301,24.8269,7472.9,159.38,EUR,MOCK_FEED
POS00800420251205,PORT008,INS0026,2025-12-05,4756,63.2803,300961.11,-7200.14,EUR,MOCK_FEED
POS00800520251205,PORT008,INS0027,2025-12-05,1137,17.7658,20199.71,-395.23,USD,MOCK_FEED
POS00800620251205,PORT008,INS0028,2025-12-05,3399,50.8887,172970.69,2973.02,USD,MOCK_FEED
POS00800720251205,PORT008,INS0029,2025-12-05,1844,20.9237,38583.3,-299.71,INR,MOCK_FEED
POS00800820251205,PORT008,INS0030,2025-12-05,3371,48.1673,162371.97,3943.3,EUR,MOCK_FEED
POS00800920251205,PORT008,INS0031,2025-12-05,188,50.7774,9546.15,-242.18,USD,MOCK_FEED
POS00801020251205,PORT008,INS0032,2025-12-05,3811,54.5316,207819.93,-981.5,EUR,MOCK_FEED
POS00800120251206,PORT008,INS0023,2025-12-06,462,50.4879,23325.41,739.24,INR,MOCK_FEED
POS00800220251206,PORT008,INS0024,2025-12-06,671,68.2409,45789.64,1799.25,GBP,MOCK_FEED
POS00800320251206,PORT008,INS0025,2025-12-06,818,24.7155,20217.28,-255.12,EUR,MOCK_FEED
POS00800420251206,PORT008,INS0026,2025-12-06,796,62.4303,49694.52,1297.5,EUR,MOCK_FEED
POS00800520251206,PORT008,INS0027,2025-12-06,2002,17.7041,35443.61,219.8,INR,MOCK_FEED
POS00800620251206,PORT008,INS0028,2025-12-06,4073,51.1919,208504.61,3954.68,INR,MOCK_FEED
POS00800720251206,PORT008,INS0029,2025-12-06,2329,20.7455,48316.27,454.14,INR,MOCK_FEED
POS00800820251206,PORT008,INS0030,2025-12-06,238,47.8113,11379.09,313.1,EUR,MOCK_FEED
POS00800920251206,PORT008,INS0031,2025-12-06,630,50.3482,31719.37,1234.22,GBP,MOCK_FEED
POS00801020251206,PORT008,INS0032,2025-12-06,3242,53.3444,172942.54,-5024.59,USD,MOCK_FEED
POS00800120251207,PORT008,INS0023,2025-12-07,2319,51.2889,118938.96,4337.2,GBP,MOCK_FEED
POS00800220251207,PORT008,INS0024,2025-12-07,297,67.4392,20029.44,594.14,INR,MOCK_FEED
POS00800320251207,PORT008,INS0025,2025-12-07,3513,24.3572,85566.84,3364.98,USD,MOCK_FEED
POS00800420251207,PORT008,INS0026,2025-12-07,1081,62.0091,67031.84,-592.94,EUR,MOCK_FEED
POS00800520251207,PORT008,INS0027,2025-12-07,811,17.8262,14457.05,142.31,GBP,MOCK_FEED
POS00800620251207,PORT008,INS0028,2025-12-07,3593,51.7566,185961.46,-2517.06,EUR,MOCK_FEED
POS00800720251207,PORT008,INS0029,2025-12-07,4892,20.7247,101385.23,-741.83,INR,MOCK_FEED
POS00800820251207,PORT008,INS0030,2025-12-07,4533,47.5219,215416.77,2632.48,INR,MOCK_FEED
POS00800920251207,PORT008,INS0031,2025-12-07,1667,49.7968,83011.27,-248.29,EUR,MOCK_FEED
POS00801020251207,PORT008,INS0032,2025-12-07,4189,53.0552,222248.23,-6667.1,USD,MOCK_FEED
POS00800120251208,PORT008,INS0023,2025-12-08,3056,50.9187,155607.55,-3786.86,USD,MOCK_FEED
POS00800220251208,PORT008,INS0024,2025-12-08,4948,65.9063,326104.37,8283.85,INR,MOCK_FEED
POS00800320251208,PORT008,INS0025,2025-12-08,1174,24.2405,28458.35,663.57,EUR,MOCK_FEED
POS00800420251208,PORT008,INS0026,2025-12-08,3157,62.8201,198323.06,2010.35,USD,MOCK_FEED
POS00800520251208,PORT008,INS0027,2025-12-08,4437,17.7558,78782.48,3025.67,GBP,MOCK_FEED
POS00800620251208,PORT008,INS0028,2025-12-08,4720,51.408,242645.76,-4579.92,USD,MOCK_FEED
POS00800720251208,PORT008,INS0029,2025-12-08,3727,20.7959,77506.32,-1811.69,EUR,MOCK_FEED
POS00800820251208,PORT008,INS0030,2025-12-08,2450,48.6945,119301.52,651.26,INR,MOCK_FEED
POS00800920251208,PORT008,INS0031,2025-12-08,4545,49.8293,226474.17,18.16,USD,MOCK_FEED
POS00801020251208,PORT008,INS0032,2025-12-08,2760,53.504,147671.04,2696.91,EUR,MOCK_FEED
POS00800120251209,PORT008,INS0023,2025-12-09,884,50.6591,44782.64,570.47,USD,MOCK_FEED
POS00800220251209,PORT008,INS0024,2025-12-09,209,67.0348,14010.27,360.89,INR,MOCK_FEED
POS00800320251209,PORT008,INS0025,2025-12-09,2853,24.492,69875.68,137.8,EUR,MOCK_FEED
POS00800420251209,PORT008,INS0026,2025-12-09,4270,61.6508,263248.92,-6126.06,EUR,MOCK_FEED
POS00800520251209,PORT008,INS0027,2025-12-09,312,17.5609,5479.0,-1.69,INR,MOCK_FEED
POS00800620251209,PORT008,INS0028,2025-12-09,2210,50.9941,112696.96,-385.28,INR,MOCK_FEED
POS00800720251209,PORT008,INS0029,2025-12-09,1596,20.5936,32867.39,903.2,GBP,MOCK_FEED
POS00800820251209,PORT008,INS0030,2025-12-09,4168,48.5632,202411.42,6730.06,USD,MOCK_FEED
POS00800920251209,PORT008,INS0031,2025-12-09,3719,50.1722,186590.41,3904.61,GBP,MOCK_FEED
POS00801020251209,PORT008,INS0032,2025-12-09,228,53.0428,12093.76,-117.2,INR,MOCK_FEED
POS00800120251210,PORT008,INS0023,2025-12-10,3096,51.0661,158100.65,3220.55,INR,MOCK_FEED
POS00800220251210,PORT008,INS0024,2025-12-10,134,66.8816,8962.13,32.11,USD,MOCK_FEED
POS00800320251210,PORT008,INS0025,2025-12-10,427,24.6351,10519.19,44.98,EUR,MOCK_FEED
POS00800420251210,PORT008,INS0026,2025-12-10,4302,62.7609,269997.39,-3990.39,USD,MOCK_FEED
POS00800520251210,PORT008,INS0027,2025-12-10,3987,17.1936,68550.88,1039.46,USD,MOCK_FEED
POS00800620251210,PORT008,INS0028,2025-12-10,1416,49.7821,70491.45,-1186.54,USD,MOCK_FEED
POS00800720251210,PORT008,INS0029,2025-12-10,1934,20.3038,39267.55,776.49,INR,MOCK_FEED
POS00800820251210,PORT008,INS0030,2025-12-10,426,47.4321,20206.07,-515.17,INR,MOCK_FEED
POS00800920251210,PORT008,INS0031,2025-12-10,1339,50.7156,67908.19,-60.71,INR,MOCK_FEED
POS00801020251210,PORT008,INS0032,2025-12-10,3226,54.2908,175142.12,5188.16,INR,MOCK_FEED
POS00800120251211,PORT008,INS0023,2025-12-11,1804,51.3071,92558.01,2746.03,INR,MOCK_FEED
POS00800220251211,PORT008,INS0024,2025-12-11,2321,66.4627,154259.93,361.96,INR,MOCK_FEED
POS00800320251211,PORT008,INS0025,2025-12-11,1410,24.4984,34542.74,-480.58,GBP,MOCK_FEED
POS00800420251211,PORT008,INS0026,2025-12-11,3472,63.9104,221896.91,3684.67,INR,MOCK_FEED
POS00800520251211,PORT008,INS0027,2025-12-11,990,17.3926,17218.67,-507.27,GBP,MOCK_FEED
POS00800620251211,PORT008,INS0028,2025-12-11,3810,49.7306,189473.59,-2612.9,EUR,MOCK_FEED
POS00800720251211,PORT008,INS0029,2025-12-11,3826,20.0295,76632.87,1427.32,GBP,MOCK_FEED
POS00800820251211,PORT008,INS0030,2025-12-11,4007,47.7044,191151.53,-2436.87,EUR,MOCK_FEED
POS00800920251211,PORT008,INS0031,2025-12-11,3757,50.6698,190366.44,-1034.8,EUR,MOCK_FEED
POS00801020251211,PORT008,INS0032,2025-12-11,1085,54.7355,59388.02,493.13,USD,MOCK_FEED
POS00800120251212,PORT008,INS0023,2025-12-12,3826,50.615,193652.99,-1466.07,GBP,MOCK_FEED
POS00800220251212,PORT008,INS0024,2025-12-12,3686,66.1261,243740.8,1668.62,INR,MOCK_FEED
POS00800320251212,PORT008,INS0025,2025-12-12,612,24.3739,14916.83,-393.14,INR,MOCK_FEED
POS00800420251212,PORT008,INS0026,2025-12-12,1916,64.2764,123153.58,1630.12,USD,MOCK_FEED
POS00800520251212,PORT008,INS0027,2025-12-12,1556,17.5256,27269.83,231.63,GBP,MOCK_FEED
POS00800620251212,PORT008,INS0028,2025-12-12,2907,49.0081,142466.55,-3340.4,GBP,MOCK_FEED
POS00800720251212,PORT008,INS0029,2025-12-12,3081,20.2301,62328.94,-852.63,EUR,MOCK_FEED
POS00800820251212,PORT008,INS0030,2025-12-12,1211,47.2363,57203.16,-331.99,INR,MOCK_FEED
POS00800920251212,PORT008,INS0031,2025-12-12,3041,50.9067,154807.27,2478.56,INR,MOCK_FEED
POS00801020251212,PORT008,INS0032,2025-12-12,1672,53.8493,90036.03,-634.44,USD,MOCK_FEED
POS00800120251213,PORT008,INS0023,2025-12-13,3995,51.1407,204307.1,2815.13,EUR,MOCK_FEED
POS00800220251213,PORT008,INS0024,2025-12-13,4547,64.8042,294664.7,-7428.1,GBP,MOCK_FEED
POS00800320251213,PORT008,INS0025,2025-12-13,4168,24.6185,102609.91,-2596.33,USD,MOCK_FEED
POS00800420251213,PORT008,INS0026,2025-12-13,1294,63.1415,81705.1,-668.1,EUR,MOCK_FEED
POS00800520251213,PORT008,INS0027,2025-12-13,4853,17.3769,84330.1,106.91,EUR,MOCK_FEED
POS00800620251213,PORT008,INS0028,2025-12-13,4723,49.3286,232978.98,8894.58,EUR,MOCK_FEED
POS00800720251213,PORT008,INS0029,2025-12-13,4423,20.1233,89005.36,-345.18,USD,MOCK_FEED
POS00800820251213,PORT008,INS0030,2025-12-13,454,47.8542,21725.81,668.19,GBP,MOCK_FEED
POS00800920251213,PORT008,INS0031,2025-12-13,2636,50.6945,133630.7,3815.11,EUR,MOCK_FEED
POS00801020251213,PORT008,INS0032,2025-12-13,3312,53.3892,176825.03,-4345.74,GBP,MOCK_FEED
POS00800120251214,PORT008,INS0023,2025-12-14,1567,51.9964,81478.36,-1464.17,GBP,MOCK_FEED
POS00800220251214,PORT008,INS0024,2025-12-14,3786,64.4466,243994.83,3534.53,GBP,MOCK_FEED
POS00800320251214,PORT008,INS0025,2025-12-14,4695,25.0223,117479.7,1244.55,EUR,MOCK_FEED
POS00800420251214,PORT008,INS0026,2025-12-14,3556,63.3565,225295.71,6803.41,INR,MOCK_FEED
POS00800520251214,PORT008,INS0027,2025-12-14,4822,17.322,83526.68,2730.09,USD,MOCK_FEED
POS00800620251214,PORT008,INS0028,2025-12-14,2941,49.4823,145527.44,105.58,USD,MOCK_FEED
POS00800720251214,PORT008,INS0029,2025-12-14,4175,20.1162,83985.13,-188.94,USD,MOCK_FEED
POS00800820251214,PORT008,INS0030,2025-12-14,3868,48.6571,188205.66,5580.9,EUR,MOCK_FEED
POS00800920251214,PORT008,INS0031,2025-12-14,757,51.8596,39257.72,-753.73,GBP,MOCK_FEED
POS00801020251214,PORT008,INS0032,2025-12-14,2817,54.0759,152331.81,1454.15,USD,MOCK_FEED
POS00800120251215,PORT008,INS0023,2025-12-15,2437,51.3661,125179.19,3843.39,USD,MOCK_FEED
POS00800220251215,PORT008,INS0024,2025-12-15,2187,64.2417,140496.6,4539.94,USD,MOCK_FEED
POS00800320251215,PORT008,INS0025,2025-12-15,3866,24.9533,96469.46,-1987.35,INR,MOCK_FEED
POS00800420251215,PORT008,INS0026,2025-12-15,1392,63.5045,88398.26,-2477.13,INR,MOCK_FEED
POS00800520251215,PORT008,INS0027,2025-12-15,2638,17.6181,46476.55,-59.27,USD,MOCK_FEED
POS00800620251215,PORT008,INS0028,2025-12-15,542,49.0469,26583.42,-445.59,EUR,MOCK_FEED
POS00800720251215,PORT008,INS0029,2025-12-15,483,20.5489,9925.12,279.87,GBP,MOCK_FEED
POS00800820251215,PORT008,INS0030,2025-12-15,1576,48.3257,76161.3,-1498.91,INR,MOCK_FEED
POS00800920251215,PORT008,INS0031,2025-12-15,4097,51.0925,209325.97,2527.11,GBP,MOCK_FEED
POS00801020251215,PORT008,INS0032,2025-12-15,2515,54.403,136823.54,1157.83,EUR,MOCK_FEED
POS00800120251216,PORT008,INS0023,2025-12-16,4313,51.2457,221022.7,8185.62,GBP,MOCK_FEED
POS00800220251216,PORT008,INS0024,2025-12-16,3429,64.0839,219743.69,5040.5,INR,MOCK_FEED
POS00800320251216,PORT008,INS0025,2025-12-16,237,24.3872,5779.77,50.1,GBP,MOCK_FEED
POS00800420251216,PORT008,INS0026,2025-12-16,2220,63.6804,141370.49,-271.14,GBP,MOCK_FEED
POS00800520251216,PORT008,INS0027,2025-12-16,2804,17.6749,49560.42,58.3,INR,MOCK_FEED
POS00800620251216,PORT008,INS0028,2025-12-16,3634,48.9712,177961.34,-4743.49,INR,MOCK_FEED
POS00800720251216,PORT008,INS0029,2025-12-16,1494,20.4558,30560.97,-244.93,USD,MOCK_FEED
POS00800820251216,PORT008,INS0030,2025-12-16,1142,48.2039,55048.85,1256.15,EUR,MOCK_FEED
POS00800920251216,PORT008,INS0031,2025-12-16,2154,51.7463,111461.53,-2409.93,USD,MOCK_FEED
POS00801020251216,PORT008,INS0032,2025-12-16,4210,55.3355,232962.46,-3050.33,EUR,MOCK_FEED
POS00800120251217,PORT008,INS0023,2025-12-17,1230,50.9498,62668.25,2153.67,GBP,MOCK_FEED
POS00800220251217,PORT008,INS0024,2025-12-17,4761,63.3666,301688.38,-6979.34,USD,MOCK_FEED
POS00800320251217,PORT008,INS0025,2025-12-17,1908,24.4586,46667.01,-170.39,EUR,MOCK_FEED
POS00800420251217,PORT008,INS0026,2025-12-17,961,64.8788,62348.53,-743.79,GBP,MOCK_FEED
POS00800520251217,PORT008,INS0027,2025-12-17,1036,17.9058,18550.41,-374.65,INR,MOCK_FEED
POS00800620251217,PORT008,INS0028,2025-12-17,4577,48.9811,224186.49,4479.55,USD,MOCK_FEED
POS00800720251217,PORT008,INS0029,2025-12-17,249,20.4325,5087.69,143.49,GBP,MOCK_FEED
POS00800820251217,PORT008,INS0030,2025-12-17,1130,48.6606,54986.48,868.47,INR,MOCK_FEED
POS00800920251217,PORT008,INS0031,2025-12-17,3953,52.5687,207804.07,2584.53,INR,MOCK_FEED
POS00801020251217,PORT008,INS0032,2025-12-17,4133,55.8879,230984.69,7012.13,USD,MOCK_FEED
POS00800120251218,PORT008,INS0023,2025-12-18,1350,50.8143,68599.31,1678.78,EUR,MOCK_FEED
POS00800220251218,PORT008,INS0024,2025-12-18,4676,63.4309,296602.89,-5647.81,EUR,MOCK_FEED
POS00800320251218,PORT008,INS0025,2025-12-18,2314,24.1745,55939.79,982.44,INR,MOCK_FEED
POS00800420251218,PORT008,INS0026,2025-12-18,2375,65.0443,154480.21,4966.09,EUR,MOCK_FEED
POS00800520251218,PORT008,INS0027,2025-12-18,2892,17.7315,51279.5,1829.73,GBP,MOCK_FEED
POS00800620251218,PORT008,INS0028,2025-12-18,1233,49.172,60629.08,-658.06,USD,MOCK_FEED
POS00800720251218,PORT008,INS0029,2025-12-18,1760,20.2911,35712.34,-1070.69,INR,MOCK_FEED
POS00800820251218,PORT008,INS0030,2025-12-18,4104,49.1798,201833.9,6906.99,INR,MOCK_FEED
POS00800920251218,PORT008,INS0031,2025-12-18,4253,52.7102,224176.48,5631.21,USD,MOCK_FEED
POS00801020251218,PORT008,INS0032,2025-12-18,2300,56.5534,130072.82,2376.51,GBP,MOCK_FEED
POS00800120251219,PORT008,INS0023,2025-12-19,3449,50.4934,174151.74,3739.83,EUR,MOCK_FEED
POS00800220251219,PORT008,INS0024,2025-12-19,2328,64.1874,149428.27,1853.96,INR,MOCK_FEED
POS00800320251219,PORT008,INS0025,2025-12-19,3603,24.3662,87791.42,-2374.55,USD,MOCK_FEED
POS00800420251219,PORT008,INS0026,2025-12-19,361,64.3418,23227.39,861.79,INR,MOCK_FEED
POS00800520251219,PORT008,INS0027,2025-12-19,2898,17.8311,51674.53,-348.12,GBP,MOCK_FEED
POS00800620251219,PORT008,INS0028,2025-12-19,4097,49.1548,201387.22,3618.96,EUR,MOCK_FEED
POS00800720251219,PORT008,INS0029,2025-12-19,931,20.411,19002.64,632.1,GBP,MOCK_FEED
POS00800820251219,PORT008,INS0030,2025-12-19,3045,49.4836,150677.56,2938.82,EUR,MOCK_FEED
POS00800920251219,PORT008,INS0031,2025-12-19,3085,52.6576,162448.7,839.99,GBP,MOCK_FEED
POS00801020251219,PORT008,INS0032,2025-12-19,4089,55.0891,225259.33,7486.12,INR,MOCK_FEED
POS00800120251220,PORT008,INS0023,2025-12-20,2227,49.9022,111132.2,-1665.63,USD,MOCK_FEED
POS00800220251220,PORT008,INS0024,2025-12-20,3428,65.524,224616.27,1740.73,EUR,MOCK_FEED
POS00800320251220,PORT008,INS0025,2025-12-20,1442,24.6537,35550.64,-485.85,USD,MOCK_FEED
POS00800420251220,PORT008,INS0026,2025-12-20,3766,64.9445,244580.99,-475.09,EUR,MOCK_FEED
POS00800520251220,PORT008,INS0027,2025-12-20,3722,17.8849,66567.6,1004.59,USD,MOCK_FEED
POS00800620251220,PORT008,INS0028,2025-12-20,118,50.8235,5997.17,-169.48,USD,MOCK_FEED
POS00800720251220,PORT008,INS0029,2025-12-20,4652,19.9535,92823.68,-2142.8,INR,MOCK_FEED
POS00800820251220,PORT008,INS0030,2025-12-20,1437,48.8561,70206.22,1208.44,EUR,MOCK_FEED
POS00800920251220,PORT008,INS0031,2025-12-20,3191,53.6502,171197.79,5852.73,EUR,MOCK_FEED
POS00801020251220,PORT008,INS0032,2025-12-20,3636,55.0555,200181.8,-4268.85,INR,MOCK_FEED
POS00800120251221,PORT008,INS0023,2025-12-21,1848,50.2482,92858.67,3240.13,GBP,MOCK_FEED
POS00800220251221,PORT008,INS0024,2025-12-21,150,64.2615,9639.23,102.99,GBP,MOCK_FEED
POS00800320251221,PORT008,INS0025,2025-12-21,2504,24.5667,61515.02,-1509.88,GBP,MOCK_FEED
POS00800420251221,PORT008,INS0026,2025-12-21,3461,63.9344,221276.96,-4264.58,GBP,MOCK_FEED
POS00800520251221,PORT008,INS0027,2025-12-21,1555,17.9653,27936.04,-384.93,GBP,MOCK_FEED
POS00800620251221,PORT008,INS0028,2025-12-21,4550,51.5161,234398.26,5743.71,GBP,MOCK_FEED
POS00800720251221,PORT008,INS0029,2025-12-21,490,20.1675,9882.08,-233.21,GBP,MOCK_FEED
POS00800820251221,PORT008,INS0030,2025-12-21,207,49.1157,10166.95,-184.9,INR,MOCK_FEED
POS00800920251221,PORT008,INS0031,2025-12-21,842,53.7146,45227.69,-64.84,GBP,MOCK_FEED
POS00801020251221,PORT008,INS0032,2025-12-21,4192,55.2279,231515.36,-79.73,GBP,MOCK_FEED
POS00800120251222,PORT008,INS0023,2025-12-22,166,49.5167,8219.77,53.46,GBP,MOCK_FEED
POS00800220251222,PORT008,INS0024,2025-12-22,1310,64.2399,84154.27,20.64,EUR,MOCK_FEED
POS00800320251222,PORT008,INS0025,2025-12-22,4996,24.7026,123414.19,1689.46,USD,MOCK_FEED
POS00800420251222,PORT008,INS0026,2025-12-22,1540,64.708,99650.32,-1784.1,USD,MOCK_FEED
POS00800520251222,PORT008,INS0027,2025-12-22,3780,17.7016,66912.05,-503.04,INR,MOCK_FEED
POS00800620251222,PORT008,INS0028,2025-12-22,2503,52.2359,130746.46,4714.06,INR,MOCK_FEED
POS00800720251222,PORT008,INS0029,2025-12-22,3470,20.0161,69455.87,-699.02,GBP,MOCK_FEED
POS00800820251222,PORT008,INS0030,2025-12-22,2673,49.3745,131978.04,1868.85,GBP,MOCK_FEED
POS00800920251222,PORT008,INS0031,2025-12-22,3209,54.4033,174580.19,-2002.17,GBP,MOCK_FEED
POS00801020251222,PORT008,INS0032,2025-12-22,4742,55.6082,263694.08,-5902.7,EUR,MOCK_FEED
POS00800120251223,PORT008,INS0023,2025-12-23,621,49.9321,31007.83,489.31,INR,MOCK_FEED
POS00800220251223,PORT008,INS0024,2025-12-23,1870,64.9098,121381.33,-2914.86,EUR,MOCK_FEED
POS00800320251223,PORT008,INS0025,2025-12-23,504,24.7573,12477.68,356.46,EUR,MOCK_FEED
POS00800420251223,PORT008,INS0026,2025-12-23,4261,64.9195,276621.99,-5198.97,EUR,MOCK_FEED
POS00800520251223,PORT008,INS0027,2025-12-23,4346,17.493,76024.58,1233.74,USD,MOCK_FEED
POS00800620251223,PORT008,INS0028,2025-12-23,2409,51.9085,125047.58,-267.67,EUR,MOCK_FEED
POS00800720251223,PORT008,INS0029,2025-12-23,1518,20.4241,31003.78,-906.99,INR,MOCK_FEED
POS00800820251223,PORT008,INS0030,2025-12-23,2117,49.0731,103887.75,1440.61,GBP,MOCK_FEED
POS00800920251223,PORT008,INS0031,2025-12-23,4665,53.7746,250858.51,6845.09,EUR,MOCK_FEED
POS00801020251223,PORT008,INS0032,2025-12-23,4440,55.8354,247909.18,7281.96,USD,MOCK_FEED
POS00800120251224,PORT008,INS0023,2025-12-24,1769,49.689,87899.84,1318.68,USD,MOCK_FEED
POS00800220251224,PORT008,INS0024,2025-12-24,4399,64.6737,284499.61,-5640.46,INR,MOCK_FEED
POS00800320251224,PORT008,INS0025,2025-12-24,2436,24.7411,60269.32,-709.35,GBP,MOCK_FEED
POS00800420251224,PORT008,INS0026,2025-12-24,930,63.9847,59505.77,525.77,INR,MOCK_FEED
POS00800520251224,PORT008,INS0027,2025-12-24,4754,17.3867,82656.37,964.97,INR,MOCK_FEED
POS00800620251224,PORT008,INS0028,2025-12-24,3765,51.7301,194763.83,-5819.29,USD,MOCK_FEED
POS00800720251224,PORT008,INS0029,2025-12-24,1909,20.2163,38592.92,-62.28,USD,MOCK_FEED
POS00800820251224,PORT008,INS0030,2025-12-24,677,48.2819,32686.85,-513.13,INR,MOCK_FEED
POS00800920251224,PORT008,INS0031,2025-12-24,2089,52.353,109365.42,2820.69,EUR,MOCK_FEED
POS00801020251224,PORT008,INS0032,2025-12-24,3100,57.1658,177213.98,-3515.36,EUR,MOCK_FEED
POS00800120251225,PORT008,INS0023,2025-12-25,1933,49.4935,95670.94,2939.12,INR,MOCK_FEED
POS00800220251225,PORT008,INS0024,2025-12-25,1207,65.6991,79298.81,2361.86,USD,MOCK_FEED
POS00800320251225,PORT008,INS0025,2025-12-25,1855,24.8196,46040.36,873.71,INR,MOCK_FEED
POS00800420251225,PORT008,INS0026,2025-12-25,1529,64.3171,98340.85,2501.2,EUR,MOCK_FEED
POS00800520251225,PORT008,INS0027,2025-12-25,186,17.2577,3209.93,-53.43,EUR,MOCK_FEED
POS00800620251225,PORT008,INS0028,2025-12-25,2292,52.1978,119637.36,1515.04,GBP,MOCK_FEED
POS00800720251225,PORT008,INS0029,2025-12-25,2691,20.2618,54524.5,248.8,INR,MOCK_FEED
POS00800820251225,PORT008,INS0030,2025-12-25,3096,48.4638,150043.92,-3381.71,USD,MOCK_FEED
POS00800920251225,PORT008,INS0031,2025-12-25,2159,53.376,115238.78,2719.71,GBP,MOCK_FEED
POS00801020251225,PORT008,INS0032,2025-12-25,569,56.3131,32042.15,-302.01,INR,MOCK_FEED
POS00800120251226,PORT008,INS0023,2025-12-26,1682,50.0329,84155.34,2629.99,EUR,MOCK_FEED
POS00800220251226,PORT008,INS0024,2025-12-26,831,65.2574,54228.9,-885.63,USD,MOCK_FEED
POS00800320251226,PORT008,INS0025,2025-12-26,2862,24.5545,70274.98,1.78,GBP,MOCK_FEED
POS00800420251226,PORT008,INS0026,2025-12-26,4601,63.5712,292491.09,-5031.4,GBP,MOCK_FEED
POS00800520251226,PORT008,INS0027,2025-12-26,2064,16.8541,34786.86,903.67,USD,MOCK_FEED
POS00800620251226,PORT008,INS0028,2025-12-26,3391,52.9841,179669.08,-1018.78,INR,MOCK_FEED
POS00800720251226,PORT008,INS0029,2025-12-26,497,20.3216,10099.84,-263.82,EUR,MOCK_FEED
POS00800820251226,PORT008,INS0030,2025-12-26,4683,48.1964,225703.74,-1120.41,USD,MOCK_FEED
POS00800920251226,PORT008,INS0031,2025-12-26,3053,52.7966,161188.02,-784.28,GBP,MOCK_FEED
POS00801020251226,PORT008,INS0032,2025-12-26,2815,56.4683,158958.26,376.58,GBP,MOCK_FEED
POS00800120251227,PORT008,INS0023,2025-12-27,4976,50.5969,251770.17,-3761.44,EUR,MOCK_FEED
POS00800220251227,PORT008,INS0024,2025-12-27,1836,65.4096,120092.03,-1378.51,EUR,MOCK_FEED
POS00800320251227,PORT008,INS0025,2025-12-27,2892,24.8817,71957.88,2053.55,INR,MOCK_FEED
POS00800420251227,PORT008,INS0026,2025-12-27,1197,63.3109,75783.15,1486.19,USD,MOCK_FEED
POS00800520251227,PORT008,INS0027,2025-12-27,3518,16.9264,59547.08,-1519.85,USD,MOCK_FEED
POS00800620251227,PORT008,INS0028,2025-12-27,426,53.3318,22719.35,-645.62,INR,MOCK_FEED
POS00800720251227,PORT008,INS0029,2025-12-27,1137,20.2503,23024.59,-392.32,INR,MOCK_FEED
POS00800820251227,PORT008,INS0030,2025-12-27,4064,48.114,195535.3,-3941.57,GBP,MOCK_FEED
POS00800920251227,PORT008,INS0031,2025-12-27,817,53.4347,43656.15,899.16,EUR,MOCK_FEED
POS00801020251227,PORT008,INS0032,2025-12-27,877,57.2992,50251.4,809.51,GBP,MOCK_FEED
POS00800120251228,PORT008,INS0023,2025-12-28,431,51.0355,21996.3,-631.84,EUR,MOCK_FEED
POS00800220251228,PORT008,INS0024,2025-12-28,783,65.3345,51156.91,-32.1,GBP,MOCK_FEED
POS00800320251228,PORT008,INS0025,2025-12-28,986,25.0504,24699.69,-373.39,GBP,MOCK_FEED
POS00800420251228,PORT008,INS0026,2025-12-28,1021,63.2443,64572.43,908.73,EUR,MOCK_FEED
POS00800520251228,PORT008,INS0027,2025-12-28,635,16.7111,10611.55,359.06,INR,MOCK_FEED
POS00800620251228,PORT008,INS0028,2025-12-28,239,53.0411,12676.82,282.88,EUR,MOCK_FEED
POS00800720251228,PORT008,INS0029,2025-12-28,1738,20.2518,35197.63,1379.15,GBP,MOCK_FEED
POS00800820251228,PORT008,INS0030,2025-12-28,4753,47.9787,228042.76,-5901.06,USD,MOCK_FEED
POS00800920251228,PORT008,INS0031,2025-12-28,1084,53.2737,57748.69,1050.15,EUR,MOCK_FEED
POS00801020251228,PORT008,INS0032,2025-12-28,2459,57.9225,142431.43,-1953.2,GBP,MOCK_FEED
POS00800120251229,PORT008,INS0023,2025-12-29,106,52.5014,5565.15,112.02,GBP,MOCK_FEED
POS00800220251229,PORT008,INS0024,2025-12-29,1616,64.4556,104160.25,-958.72,USD,MOCK_FEED
POS00800320251229,PORT008,INS0025,2025-12-29,603,24.9615,15051.78,302.77,INR,MOCK_FEED
POS00800420251229,PORT008,INS0026,2025-12-29,4341,63.8942,277364.72,3994.85,INR,MOCK_FEED
POS00800520251229,PORT008,INS0027,2025-12-29,3660,16.2633,59523.68,-168.95,INR,MOCK_FEED
POS00800620251229,PORT008,INS0028,2025-12-29,1442,52.1417,75188.33,-613.88,INR,MOCK_FEED
POS00800720251229,PORT008,INS0029,2025-12-29,1983,20.007,39673.88,-855.66,GBP,MOCK_FEED
POS00800820251229,PORT008,INS0030,2025-12-29,3030,47.786,144791.58,-3578.09,EUR,MOCK_FEED
POS00800920251229,PORT008,INS0031,2025-12-29,4843,53.0814,257073.22,-4936.4,INR,MOCK_FEED
POS00801020251229,PORT008,INS0032,2025-12-29,717,57.6238,41316.26,85.75,USD,MOCK_FEED
POS00800120251230,PORT008,INS0023,2025-12-30,3133,52.4484,164320.84,4795.6,USD,MOCK_FEED
POS00800220251230,PORT008,INS0024,2025-12-30,2112,64.1624,135510.99,621.95,INR,MOCK_FEED
POS00800320251230,PORT008,INS0025,2025-12-30,1732,24.9837,43271.77,-1244.59,GBP,MOCK_FEED
POS00800420251230,PORT008,INS0026,2025-12-30,3066,64.2645,197034.96,2161.85,GBP,MOCK_FEED
POS00800520251230,PORT008,INS0027,2025-12-30,599,16.2783,9750.7,-233.11,USD,MOCK_FEED
POS00800620251230,PORT008,INS0028,2025-12-30,211,52.2692,11028.8,-319.54,EUR,MOCK_FEED
POS00800720251230,PORT008,INS0029,2025-12-30,4868,19.6797,95800.78,2384.55,INR,MOCK_FEED
POS00800820251230,PORT008,INS0030,2025-12-30,2437,47.6071,116018.5,-1555.76,INR,MOCK_FEED
POS00800920251230,PORT008,INS0031,2025-12-30,415,53.1779,22068.83,-171.48,USD,MOCK_FEED
POS00801020251230,PORT008,INS0032,2025-12-30,1425,57.8554,82443.95,2551.57,INR,MOCK_FEED
POS00800120251231,PORT008,INS0023,2025-12-31,1504,52.1189,78386.83,2336.11,USD,MOCK_FEED
POS00800220251231,PORT008,INS0024,2025-12-31,887,65.8253,58387.04,744.51,GBP,MOCK_FEED
POS00800320251231,PORT008,INS0025,2025-12-31,3254,25.1943,81982.25,-217.6,INR,MOCK_FEED
POS00800420251231,PORT008,INS0026,2025-12-31,4382,64.2906,281721.41,-4637.92,GBP,MOCK_FEED
POS00800520251231,PORT008,INS0027,2025-12-31,1828,16.8389,30781.51,-891.59,EUR,MOCK_FEED
POS00800620251231,PORT008,INS0028,2025-12-31,4270,52.1898,222850.45,-6102.81,INR,MOCK_FEED
POS00800720251231,PORT008,INS0029,2025-12-31,955,19.2,18336.0,241.77,INR,MOCK_FEED
POS00800820251231,PORT008,INS0030,2025-12-31,2761,47.7791,131918.1,3985.51,INR,MOCK_FEED
POS00800920251231,PORT008,INS0031,2025-12-31,1224,52.9264,64781.91,1707.13,EUR,MOCK_FEED
POS00801020251231,PORT008,INS0032,2025-12-31,2692,57.9608,156030.47,-2591.31,EUR,MOCK_FEED
POS00800120260101,PORT008,INS0023,2026-01-01,2452,52.4704,128657.42,1768.71,GBP,MOCK_FEED
POS00800220260101,PORT008,INS0024,2026-01-01,2142,66.7775,143037.4,2181.95,EUR,MOCK_FEED
POS00800320260101,PORT008,INS0025,2026-01-01,2888,24.9591,72081.88,-305.52,INR,MOCK_FEED
POS00800420260101,PORT008,INS0026,2026-01-01,557,63.2862,35250.41,-796.11,INR,MOCK_FEED
POS00800520260101,PORT008,INS0027,2026-01-01,3144,17.0225,53518.74,-985.58,GBP,MOCK_FEED
POS00800620260101,PORT008,INS0028,2026-01-01,2176,51.8196,112759.45,-3294.39,EUR,MOCK_FEED
POS00800720260101,PORT008,INS0029,2026-01-01,4068,19.0408,77457.97,2340.28,GBP,MOCK_FEED
POS00800820260101,PORT008,INS0030,2026-01-01,1110,47.979,53256.69,-1173.34,GBP,MOCK_FEED
POS00800920260101,PORT008,INS0031,2026-01-01,3280,53.0708,174072.22,4010.25,USD,MOCK_FEED
POS00801020260101,PORT008,INS0032,2026-01-01,3770,57.2137,215695.65,8206.23,GBP,MOCK_FEED
POS00800120260102,PORT008,INS0023,2026-01-02,4332,52.9129,229218.68,2941.49,USD,MOCK_FEED
POS00800220260102,PORT008,INS0024,2026-01-02,4422,66.4052,293643.79,-8649.81,INR,MOCK_FEED
POS00800320260102,PORT008,INS0025,2026-01-02,4773,24.9003,118849.13,-1891.14,GBP,MOCK_FEED
POS00800420260102,PORT008,INS0026,2026-01-02,4369,62.1607,271580.1,560.01,INR,MOCK_FEED
POS00800520260102,PORT008,INS0027,2026-01-02,4000,17.3488,69395.2,-117.67,EUR,MOCK_FEED
POS00800620260102,PORT008,INS0028,2026-01-02,4299,51.7433,222444.45,4533.51,USD,MOCK_FEED
POS00800720260102,PORT008,INS0029,2026-01-02,2820,18.6615,52625.43,81.8,INR,MOCK_FEED
POS00800820260102,PORT008,INS0030,2026-01-02,1657,47.5129,78728.88,-1316.53,EUR,MOCK_FEED
POS00800920260102,PORT008,INS0031,2026-01-02,3163,53.2238,168346.88,2225.61,USD,MOCK_FEED
POS00801020260102,PORT008,INS0032,2026-01-02,4534,57.9643,262810.14,-3791.22,GBP,MOCK_FEED
POS00800120260103,PORT008,INS0023,2026-01-03,3171,53.9139,170960.98,5806.66,INR,MOCK_FEED
POS00800220260103,PORT008,INS0024,2026-01-03,3560,65.5284,233281.1,1438.1,EUR,MOCK_FEED
POS00800320260103,PORT008,INS0025,2026-01-03,2910,25.0793,72980.76,-32.34,GBP,MOCK_FEED
POS00800420260103,PORT008,INS0026,2026-01-03,1684,62.4242,105122.35,2641.67,GBP,MOCK_FEED
POS00800520260103,PORT008,INS0027,2026-01-03,4305,17.0504,73401.97,1151.17,INR,MOCK_FEED
POS00800620260103,PORT008,INS0028,2026-01-03,4420,51.0654,225709.07,1062.77,INR,MOCK_FEED
POS00800720260103,PORT008,INS0029,2026-01-03,2876,18.3592,52801.06,1650.81,GBP,MOCK_FEED
POS00800820260103,PORT008,INS0030,2026-01-03,4167,47.5624,198192.52,7645.44,INR,MOCK_FEED
POS00800920260103,PORT008,INS0031,2026-01-03,2121,54.784,116196.86,-2335.78,USD,MOCK_FEED
POS00801020260103,PORT008,INS0032,2026-01-03,1263,57.685,72856.15,-430.39,INR,MOCK_FEED
POS00800120260104,PORT008,INS0023,2026-01-04,1259,54.4161,68509.87,1418.28,USD,MOCK_FEED
POS00800220260104,PORT008,INS0024,2026-01-04,3444,65.7796,226544.94,-3338.7,USD,MOCK_FEED
POS00800320260104,PORT008,INS0025,2026-01-04,1402,25.2558,35408.63,218.96,EUR,MOCK_FEED
POS00800420260104,PORT008,INS0026,2026-01-04,4045,62.6139,253273.23,-6447.5,INR,MOCK_FEED
POS00800520260104,PORT008,INS0027,2026-01-04,1813,17.1915,31168.19,1161.46,GBP,MOCK_FEED
POS00800620260104,PORT008,INS0028,2026-01-04,2241,51.4316,115258.22,2397.51,INR,MOCK_FEED
POS00800720260104,PORT008,INS0029,2026-01-04,4079,18.0942,73806.24,867.03,EUR,MOCK_FEED
POS00800820260104,PORT008,INS0030,2026-01-04,912,46.7773,42660.9,745.01,INR,MOCK_FEED
POS00800920260104,PORT008,INS0031,2026-01-04,1040,55.1344,57339.78,-664.3,USD,MOCK_FEED
POS00801020260104,PORT008,INS0032,2026-01-04,2830,57.372,162362.76,-1808.24,INR,MOCK_FEED
POS00800120260105,PORT008,INS0023,2026-01-05,2342,53.6096,125553.68,4196.65,USD,MOCK_FEED
POS00800220260105,PORT008,INS0024,2026-01-05,4041,67.2754,271859.89,1558.5,EUR,MOCK_FEED
POS00800320260105,PORT008,INS0025,2026-01-05,3271,24.8678,81342.57,-295.78,EUR,MOCK_FEED
POS00800420260105,PORT008,INS0026,2026-01-05,3566,62.0755,221361.23,-5262.86,GBP,MOCK_FEED
POS00800520260105,PORT008,INS0027,2026-01-05,3054,16.6881,50965.46,1567.67,GBP,MOCK_FEED
POS00800620260105,PORT008,INS0028,2026-01-05,4926,51.9835,256070.72,1719.31,GBP,MOCK_FEED
POS00800720260105,PORT008,INS0029,2026-01-05,1918,17.5817,33721.7,699.8,EUR,MOCK_FEED
POS00800820260105,PORT008,INS0030,2026-01-05,3417,46.5708,159132.42,234.21,INR,MOCK_FEED
POS00800920260105,PORT008,INS0031,2026-01-05,2370,54.6284,129469.31,4715.88,GBP,MOCK_FEED
POS00801020260105,PORT008,INS0032,2026-01-05,961,59.406,57089.17,-1518.89,INR,MOCK_FEED
POS00800120260106,PORT008,INS0023,2026-01-06,1920,53.55,102816.0,-489.22,GBP,MOCK_FEED
POS00800220260106,PORT008,INS0024,2026-01-06,2264,67.8715,153661.08,4217.37,INR,MOCK_FEED
POS00800320260106,PORT008,INS0025,2026-01-06,1621,24.4704,39666.52,-52.0,EUR,MOCK_FEED
POS00800420260106,PORT008,INS0026,2026-01-06,1085,61.7699,67020.34,7.95,EUR,MOCK_FEED
POS00800520260106,PORT008,INS0027,2026-01-06,114,16.7093,1904.86,-51.28,GBP,MOCK_FEED
POS00800620260106,PORT008,INS0028,2026-01-06,2883,51.4297,148271.83,3935.49,EUR,MOCK_FEED
POS00800720260106,PORT008,INS0029,2026-01-06,1636,17.7013,28959.33,423.32,EUR,MOCK_FEED
POS00800820260106,PORT008,INS0030,2026-01-06,4236,45.929,194555.24,-1822.7,INR,MOCK_FEED
POS00800920260106,PORT008,INS0031,2026-01-06,3279,55.5634,182192.39,125.31,EUR,MOCK_FEED
POS00801020260106,PORT008,INS0032,2026-01-06,3580,60.0637,215028.05,-5354.81,INR,MOCK_FEED
POS00800120260107,PORT008,INS0023,2026-01-07,4820,53.6112,258405.98,-1516.34,EUR,MOCK_FEED
POS00800220260107,PORT008,INS0024,2026-01-07,2644,68.452,180987.09,-2950.64,USD,MOCK_FEED
POS00800320260107,PORT008,INS0025,2026-01-07,1748,24.7535,43269.12,-926.14,GBP,MOCK_FEED
POS00800420260107,PORT008,INS0026,2026-01-07,591,61.909,36588.22,1363.93,GBP,MOCK_FEED
POS00800520260107,PORT008,INS0027,2026-01-07,2602,16.7608,43611.6,-1251.86,GBP,MOCK_FEED
POS00800620260107,PORT008,INS0028,2026-01-07,2795,51.9817,145288.85,-1865.1,GBP,MOCK_FEED
POS00800720260107,PORT008,INS0029,2026-01-07,3951,17.6379,69687.34,2236.8,INR,MOCK_FEED
POS00800820260107,PORT008,INS0030,2026-01-07,4246,46.0461,195511.74,-1045.84,USD,MOCK_FEED
POS00800920260107,PORT008,INS0031,2026-01-07,748,55.712,41672.58,1465.91,USD,MOCK_FEED
POS00801020260107,PORT008,INS0032,2026-01-07,3690,60.419,222946.11,-2512.69,GBP,MOCK_FEED
POS00800120260108,PORT008,INS0023,2026-01-08,921,52.7814,48611.67,1291.98,INR,MOCK_FEED
POS00800220260108,PORT008,INS0024,2026-01-08,853,68.201,58175.45,764.33,GBP,MOCK_FEED
POS00800320260108,PORT008,INS0025,2026-01-08,1217,24.8096,30193.28,1098.52,INR,MOCK_FEED
POS00800420260108,PORT008,INS0026,2026-01-08,2399,61.6865,147985.91,4529.6,USD,MOCK_FEED
POS00800520260108,PORT008,INS0027,2026-01-08,403,16.7519,6751.02,-0.3,USD,MOCK_FEED
POS00800620260108,PORT008,INS0028,2026-01-08,4610,52.427,241688.47,-2475.49,USD,MOCK_FEED
POS00800720260108,PORT008,INS0029,2026-01-08,4150,17.818,73944.7,-796.16,EUR,MOCK_FEED
POS00800820260108,PORT008,INS0030,2026-01-08,3102,46.6855,144818.42,-2616.05,USD,MOCK_FEED
POS00800920260108,PORT008,INS0031,2026-01-08,1335,55.7885,74477.65,-2195.25,GBP,MOCK_FEED
POS00801020260108,PORT008,INS0032,2026-01-08,3182,60.568,192727.38,6191.95,EUR,MOCK_FEED
POS00800120260109,PORT008,INS0023,2026-01-09,1888,53.1811,100405.92,3196.52,EUR,MOCK_FEED
POS00800220260109,PORT008,INS0024,2026-01-09,2908,69.2009,201236.22,5406.87,INR,MOCK_FEED
POS00800320260109,PORT008,INS0025,2026-01-09,217,25.1291,5453.01,195.38,EUR,MOCK_FEED
POS00800420260109,PORT008,INS0026,2026-01-09,2801,62.2584,174385.78,-4803.7,INR,MOCK_FEED
POS00800520260109,PORT008,INS0027,2026-01-09,918,16.5558,15198.22,-16.73,GBP,MOCK_FEED
POS00800620260109,PORT008,INS0028,2026-01-09,671,52.8593,35468.59,-250.44,USD,MOCK_FEED
POS00800720260109,PORT008,INS0029,2026-01-09,2572,17.5955,45255.63,1544.6,INR,MOCK_FEED
POS00800820260109,PORT008,INS0030,2026-01-09,4714,47.2809,222882.16,-2518.1,EUR,MOCK_FEED
POS00800920260109,PORT008,INS0031,2026-01-09,3215,54.5709,175445.44,-3450.09,INR,MOCK_FEED
POS00801020260109,PORT008,INS0032,2026-01-09,4529,60.1903,272601.87,1843.87,GBP,MOCK_FEED
POS00800120260110,PORT008,INS0023,2026-01-10,3674,53.1803,195384.42,-4299.74,EUR,MOCK_FEED
POS00800220260110,PORT008,INS0024,2026-01-10,4047,69.6312,281797.47,9940.36,EUR,MOCK_FEED
POS00800320260110,PORT008,INS0025,2026-01-10,2639,25.18,66450.02,-1726.63,EUR,MOCK_FEED
POS00800420260110,PORT008,INS0026,2026-01-10,3741,62.0993,232313.48,-6510.79,EUR,MOCK_FEED
POS00800520260110,PORT008,INS0027,2026-01-10,509,16.6953,8497.91,-56.3,INR,MOCK_FEED
POS00800620260110,PORT008,INS0028,2026-01-10,1818,53.0008,96355.45,-1339.48,GBP,MOCK_FEED
POS00800720260110,PORT008,INS0029,2026-01-10,3541,17.4388,61750.79,-549.17,USD,MOCK_FEED
POS00800820260110,PORT008,INS0030,2026-01-10,1872,48.5119,90814.28,1835.69,GBP,MOCK_FEED
POS00800920260110,PORT008,INS0031,2026-01-10,243,54.1438,13156.94,180.05,INR,MOCK_FEED
POS00801020260110,PORT008,INS0032,2026-01-10,4333,60.8564,263690.78,-4546.05,EUR,MOCK_FEED
POS00800120260111,PORT008,INS0023,2026-01-11,2363,53.8753,127307.33,3726.09,USD,MOCK_FEED
POS00800220260111,PORT008,INS0024,2026-01-11,2705,71.4558,193287.94,5735.8,USD,MOCK_FEED
POS00800320260111,PORT008,INS0025,2026-01-11,2843,25.1328,71452.55,622.55,INR,MOCK_FEED
POS00800420260111,PORT008,INS0026,2026-01-11,1981,62.9319,124668.09,4815.56,EUR,MOCK_FEED
POS00800520260111,PORT008,INS0027,2026-01-11,2394,16.5169,39541.46,431.44,INR,MOCK_FEED
POS00800620260111,PORT008,INS0028,2026-01-11,2514,53.1578,133638.71,-818.48,EUR,MOCK_FEED
POS00800720260111,PORT008,INS0029,2026-01-11,1497,17.7128,26516.06,877.24,GBP,MOCK_FEED
POS00800820260111,PORT008,INS0030,2026-01-11,2689,48.9053,131506.35,1412.8,EUR,MOCK_FEED
POS00800920260111,PORT008,INS0031,2026-01-11,4516,52.878,238797.05,4371.73,EUR,MOCK_FEED
POS00801020260111,PORT008,INS0032,2026-01-11,3933,60.0823,236303.69,-3121.05,USD,MOCK_FEED
POS00800120260112,PORT008,INS0023,2026-01-12,1282,55.2673,70852.68,518.28,USD,MOCK_FEED
POS00800220260112,PORT008,INS0024,2026-01-12,1178,73.5215,86608.33,532.82,GBP,MOCK_FEED
POS00800320260112,PORT008,INS0025,2026-01-12,3452,25.2874,87292.1,-422.74,USD,MOCK_FEED
POS00800420260112,PORT008,INS0026,2026-01-12,1935,63.1917,122275.94,-1743.92,GBP,MOCK_FEED
POS00800520260112,PORT008,INS0027,2026-01-12,695,16.3818,11385.35,443.82,GBP,MOCK_FEED
POS00800620260112,PORT008,INS0028,2026-01-12,3353,52.5731,176277.6,2745.61,INR,MOCK_FEED
POS00800720260112,PORT008,INS0029,2026-01-12,3594,17.842,64124.15,951.74,INR,MOCK_FEED
POS00800820260112,PORT008,INS0030,2026-01-12,3270,48.5037,158607.1,3916.69,USD,MOCK_FEED
POS00800920260112,PORT008,INS0031,2026-01-12,4589,52.7099,241885.73,5452.9,GBP,MOCK_FEED
POS00801020260112,PORT008,INS0032,2026-01-12,881,59.7638,52651.91,-54.58,INR,MOCK_FEED
POS00800120260113,PORT008,INS0023,2026-01-13,2122,55.3422,117436.15,-764.02,INR,MOCK_FEED
POS00800220260113,PORT008,INS0024,2026-01-13,2802,74.2696,208103.42,4735.89,EUR,MOCK_FEED
POS00800320260113,PORT008,INS0025,2026-01-13,3773,25.1093,94737.39,-1871.33,GBP,MOCK_FEED
POS00800420260113,PORT008,INS0026,2026-01-13,591,63.7622,37683.46,1325.15,INR,MOCK_FEED
POS00800520260113,PORT008,INS0027,2026-01-13,3856,16.2312,62587.51,-1348.93,USD,MOCK_FEED
POS00800620260113,PORT008,INS0028,2026-01-13,3717,52.5819,195446.92,792.65,EUR,MOCK_FEED
POS00800720260113,PORT008,INS0029,2026-01-13,2785,17.8055,49588.32,-91.07,INR,MOCK_FEED
POS00800820260113,PORT008,INS0030,2026-01-13,1285,48.0869,61791.67,1840.76,GBP,MOCK_FEED
POS00800920260113,PORT008,INS0031,2026-01-13,152,51.8288,7877.98,132.27,EUR,MOCK_FEED
POS00801020260113,PORT008,INS0032,2026-01-13,2588,60.088,155507.74,-2236.53,INR,MOCK_FEED
POS00800120260114,PORT008,INS0023,2026-01-14,4283,53.4165,228782.87,4903.39,EUR,MOCK_FEED
POS00800220260114,PORT008,INS0024,2026-01-14,3676,72.8031,267624.2,-7785.93,USD,MOCK_FEED
POS00800320260114,PORT008,INS0025,2026-01-14,1139,25.3091,28827.06,71.73,GBP,MOCK_FEED
POS00800420260114,PORT008,INS0026,2026-01-14,1358,64.619,87752.6,248.08,USD,MOCK_FEED
POS00800520260114,PORT008,INS0027,2026-01-14,572,16.2617,9301.69,27.98,USD,MOCK_FEED
POS00800620260114,PORT008,INS0028,2026-01-14,4707,52.049,244994.64,4429.87,GBP,MOCK_FEED
POS00800720260114,PORT008,INS0029,2026-01-14,4510,17.602,79385.02,-401.17,USD,MOCK_FEED
POS00800820260114,PORT008,INS0030,2026-01-14,4715,47.4345,223653.67,5471.18,USD,MOCK_FEED
POS00800920260114,PORT008,INS0031,2026-01-14,4579,51.7804,237102.45,2503.01,INR,MOCK_FEED
POS00801020260114,PORT008,INS0032,2026-01-14,2533,59.8789,151673.25,2026.94,USD,MOCK_FEED
POS00800120260115,PORT008,INS0023,2026-01-15,2697,54.1047,145920.38,-101.95,GBP,MOCK_FEED
POS00800220260115,PORT008,INS0024,2026-01-15,1097,72.5974,79639.35,2589.04,USD,MOCK_FEED
POS00800320260115,PORT008,INS0025,2026-01-15,4387,25.5523,112097.94,3923.33,INR,MOCK_FEED
POS00800420260115,PORT008,INS0026,2026-01-15,2656,65.4761,173904.52,730.62,INR,MOCK_FEED
POS00800520260115,PORT008,INS0027,2026-01-15,3404,16.3467,55644.17,-515.41,GBP,MOCK_FEED
POS00800620260115,PORT008,INS0028,2026-01-15,1616,51.9237,83908.7,-1927.94,GBP,MOCK_FEED
POS00800720260115,PORT008,INS0029,2026-01-15,3810,18.2108,69383.15,-501.19,EUR,MOCK_FEED
POS00800820260115,PORT008,INS0030,2026-01-15,1086,47.8019,51912.86,1659.06,INR,MOCK_FEED
POS00800920260115,PORT008,INS0031,2026-01-15,2907,52.0356,151267.49,541.74,INR,MOCK_FEED
POS00801020260115,PORT008,INS0032,2026-01-15,3393,59.9786,203507.39,-2322.34,USD,MOCK_FEED
POS00800120260116,PORT008,INS0023,2026-01-16,3870,54.5036,210928.93,-472.99,USD,MOCK_FEED
POS00800220260116,PORT008,INS0024,2026-01-16,249,73.7358,18360.21,-106.68,USD,MOCK_FEED
POS00800320260116,PORT008,INS0025,2026-01-16,542,25.2377,13678.83,94.79,EUR,MOCK_FEED
POS00800420260116,PORT008,INS0026,2026-01-16,349,66.0321,23045.2,-397.43,USD,MOCK_FEED
POS00800520260116,PORT008,INS0027,2026-01-16,4674,16.4951,77098.1,1343.99,USD,MOCK_FEED
POS00800620260116,PORT008,INS0028,2026-01-16,2273,52.0375,118281.24,3675.65,GBP,MOCK_FEED
POS00800720260116,PORT008,INS0029,2026-01-16,807,18.2072,14693.21,64.51,EUR,MOCK_FEED
POS00800820260116,PORT008,INS0030,2026-01-16,3024,48.126,145533.02,-1695.41,INR,MOCK_FEED
POS00800920260116,PORT008,INS0031,2026-01-16,1374,51.411,70638.71,-37.11,EUR,MOCK_FEED
POS00801020260116,PORT008,INS0032,2026-01-16,3627,59.0157,214049.94,-3769.15,EUR,MOCK_FEED
POS00800120260117,PORT008,INS0023,2026-01-17,4467,55.0294,245816.33,1798.56,GBP,MOCK_FEED
POS00800220260117,PORT008,INS0024,2026-01-17,1948,74.2159,144572.57,-2467.57,GBP,MOCK_FEED
POS00800320260117,PORT008,INS0025,2026-01-17,685,25.1167,17204.94,632.46,GBP,MOCK_FEED
POS00800420260117,PORT008,INS0026,2026-01-17,690,66.327,45765.63,-1007.89,GBP,MOCK_FEED
POS00800520260117,PORT008,INS0027,2026-01-17,2045,16.7474,34248.43,398.43,EUR,MOCK_FEED
POS00800620260117,PORT008,INS0028,2026-01-17,4944,52.5424,259769.63,5439.22,USD,MOCK_FEED
POS00800720260117,PORT008,INS0029,2026-01-17,1763,18.0067,31745.81,-749.51,EUR,MOCK_FEED
POS00800820260117,PORT008,INS0030,2026-01-17,3263,47.5918,155292.04,-4234.11,GBP,MOCK_FEED
POS00800920260117,PORT008,INS0031,2026-01-17,2787,51.9815,144872.44,4926.32,GBP,MOCK_FEED
POS00801020260117,PORT008,INS0032,2026-01-17,3794,59.6576,226340.93,-4049.95,EUR,MOCK_FEED
POS00800120260118,PORT008,INS0023,2026-01-18,4894,56.517,276594.2,6592.69,EUR,MOCK_FEED
POS00800220260118,PORT008,INS0024,2026-01-18,1939,72.8887,141331.19,5031.17,USD,MOCK_FEED
POS00800320260118,PORT008,INS0025,2026-01-18,858,25.3428,21744.12,375.1,USD,MOCK_FEED
POS00800420260118,PORT008,INS0026,2026-01-18,2498,65.1498,162744.2,-2466.04,INR,MOCK_FEED
POS00800520260118,PORT008,INS0027,2026-01-18,2401,16.6744,40035.23,1137.91,USD,MOCK_FEED
POS00800620260118,PORT008,INS0028,2026-01-18,907,52.4349,47558.45,-718.48,EUR,MOCK_FEED
POS00800720260118,PORT008,INS0029,2026-01-18,4470,18.0234,80564.6,3093.12,USD,MOCK_FEED
POS00800820260118,PORT008,INS0030,2026-01-18,3312,47.2406,156460.87,2774.45,INR,MOCK_FEED
POS00800920260118,PORT008,INS0031,2026-01-18,3024,52.1764,157781.43,-759.24,GBP,MOCK_FEED
POS00801020260118,PORT008,INS0032,2026-01-18,2078,59.9845,124647.79,2746.36,GBP,MOCK_FEED
POS00800120260119,PORT008,INS0023,2026-01-19,3449,56.0811,193423.71,907.86,EUR,MOCK_FEED
POS00800220260119,PORT008,INS0024,2026-01-19,4643,73.1125,339461.34,1046.25,GBP,MOCK_FEED
POS00800320260119,PORT008,INS0025,2026-01-19,3481,25.4209,88490.15,2737.69,EUR,MOCK_FEED
POS00800420260119,PORT008,INS0026,2026-01-19,2219,65.0808,144414.3,489.46,GBP,MOCK_FEED
POS00800520260119,PORT008,INS0027,2026-01-19,3892,16.6359,64746.92,129.57,USD,MOCK_FEED
POS00800620260119,PORT008,INS0028,2026-01-19,698,53.318,37215.96,-334.45,GBP,MOCK_FEED
POS00800720260119,PORT008,INS0029,2026-01-19,703,17.984,12642.75,311.51,USD,MOCK_FEED
POS00800820260119,PORT008,INS0030,2026-01-19,931,46.7072,43484.4,1487.23,USD,MOCK_FEED
POS00800920260119,PORT008,INS0031,2026-01-19,914,51.4602,47034.62,325.31,USD,MOCK_FEED
POS00801020260119,PORT008,INS0032,2026-01-19,3457,59.6748,206295.78,-4771.14,INR,MOCK_FEED
POS00800120260120,PORT008,INS0023,2026-01-20,1415,55.5307,78575.94,-1417.1,EUR,MOCK_FEED
POS00800220260120,PORT008,INS0024,2026-01-20,2132,72.5566,154690.67,1289.82,USD,MOCK_FEED
POS00800320260120,PORT008,INS0025,2026-01-20,2027,25.2434,51168.37,656.24,USD,MOCK_FEED
POS00800420260120,PORT008,INS0026,2026-01-20,2532,63.9845,162008.75,-2180.77,INR,MOCK_FEED
POS00800520260120,PORT008,INS0027,2026-01-20,4404,16.977,74766.71,-211.51,EUR,MOCK_FEED
POS00800620260120,PORT008,INS0028,2026-01-20,2760,53.5485,147793.86,4726.08,USD,MOCK_FEED
POS00800720260120,PORT008,INS0029,2026-01-20,196,17.9197,3512.26,-53.95,USD,MOCK_FEED
POS00800820260120,PORT008,INS0030,2026-01-20,2190,47.246,103468.74,2810.11,GBP,MOCK_FEED
POS00800920260120,PORT008,INS0031,2026-01-20,4544,51.5956,234450.41,-6420.11,USD,MOCK_FEED
POS00801020260120,PORT008,INS0032,2026-01-20,2668,60.2944,160865.46,-2340.75,INR,MOCK_FEED
POS00800120260121,PORT008,INS0023,2026-01-21,4368,56.005,244629.84,24.04,USD,MOCK_FEED
POS00800220260121,PORT008,INS0024,2026-01-21,2443,73.1327,178663.19,-950.9,EUR,MOCK_FEED
POS00800320260121,PORT008,INS0025,2026-01-21,3324,25.1056,83451.01,-2051.62,INR,MOCK_FEED
POS00800420260121,PORT008,INS0026,2026-01-21,3438,65.4402,224983.41,-1353.84,EUR,MOCK_FEED
POS00800520260121,PORT008,INS0027,2026-01-21,4570,16.3638,74782.57,-2143.85,GBP,MOCK_FEED
POS00800620260121,PORT008,INS0028,2026-01-21,2032,54.4235,110588.55,1624.62,INR,MOCK_FEED
POS00800720260121,PORT008,INS0029,2026-01-21,4546,17.8302,81056.09,-1891.53,GBP,MOCK_FEED
POS00800820260121,PORT008,INS0030,2026-01-21,4757,47.4977,225946.56,-621.22,GBP,MOCK_FEED
POS00800920260121,PORT008,INS0031,2026-01-21,1121,52.0616,58361.05,1676.79,INR,MOCK_FEED
POS00801020260121,PORT008,INS0032,2026-01-21,4748,60.4133,286842.35,3903.36,EUR,MOCK_FEED
POS00800120260122,PORT008,INS0023,2026-01-22,2592,56.2806,145879.32,2694.78,INR,MOCK_FEED
POS00800220260122,PORT008,INS0024,2026-01-22,1965,73.0751,143592.57,3862.09,USD,MOCK_FEED
POS00800320260122,PORT008,INS0025,2026-01-22,1526,24.6813,37663.66,111.48,INR,MOCK_FEED
POS00800420260122,PORT008,INS0026,2026-01-22,3499,64.4952,225668.7,-2943.42,EUR,MOCK_FEED
POS00800520260122,PORT008,INS0027,2026-01-22,1978,16.4626,32563.02,1297.36,INR,MOCK_FEED
POS00800620260122,PORT008,INS0028,2026-01-22,1180,54.4703,64274.95,296.83,USD,MOCK_FEED
POS00800720260122,PORT008,INS0029,2026-01-22,3312,18.0167,59671.31,-1078.6,USD,MOCK_FEED
POS00800820260122,PORT008,INS0030,2026-01-22,4540,47.4631,215482.47,-118.43,EUR,MOCK_FEED
POS00800920260122,PORT008,INS0031,2026-01-22,715,51.281,36665.92,-327.15,INR,MOCK_FEED
POS00801020260122,PORT008,INS0032,2026-01-22,1528,60.4284,92334.6,1040.39,USD,MOCK_FEED
POS00800120260123,PORT008,INS0023,2026-01-23,2648,56.2865,149046.65,-2416.12,USD,MOCK_FEED
POS00800220260123,PORT008,INS0024,2026-01-23,1660,74.2242,123212.17,-782.79,GBP,MOCK_FEED
POS00800320260123,PORT008,INS0025,2026-01-23,1106,25.2564,27933.58,-801.35,EUR,MOCK_FEED
POS00800420260123,PORT008,INS0026,2026-01-23,1711,64.9074,111056.56,2923.45,GBP,MOCK_FEED
POS00800520260123,PORT008,INS0027,2026-01-23,4615,16.4399,75870.14,2229.1,EUR,MOCK_FEED
POS00800620260123,PORT008,INS0028,2026-01-23,2712,53.3253,144618.21,-3227.76,INR,MOCK_FEED
POS00800720260123,PORT008,INS0029,2026-01-23,2009,17.9866,36135.08,891.37,GBP,MOCK_FEED
POS00800820260123,PORT008,INS0030,2026-01-23,1301,47.9969,62443.97,-859.8,EUR,MOCK_FEED
POS00800920260123,PORT008,INS0031,2026-01-23,2967,51.0374,151427.97,-863.46,INR,MOCK_FEED
POS00801020260123,PORT008,INS0032,2026-01-23,1990,59.9519,119304.28,2463.99,INR,MOCK_FEED
POS00800120260124,PORT008,INS0023,2026-01-24,4166,56.6669,236074.31,3298.26,USD,MOCK_FEED
POS00800220260124,PORT008,INS0024,2026-01-24,4269,74.3832,317541.88,10386.24,EUR,MOCK_FEED
POS00800320260124,PORT008,INS0025,2026-01-24,2260,25.7931,58292.41,-949.57,USD,MOCK_FEED
POS00800420260124,PORT008,INS0026,2026-01-24,4748,63.9827,303789.86,5729.64,EUR,MOCK_FEED
POS00800520260124,PORT008,INS0027,2026-01-24,2188,16.8886,36952.26,-309.92,EUR,MOCK_FEED
POS00800620260124,PORT008,INS0028,2026-01-24,1418,54.1729,76817.17,-100.9,INR,MOCK_FEED
POS00800720260124,PORT008,INS0029,2026-01-24,2449,18.4339,45144.62,-925.21,GBP,MOCK_FEED
POS00800820260124,PORT008,INS0030,2026-01-24,1826,47.9853,87621.16,1710.24,USD,MOCK_FEED
POS00800920260124,PORT008,INS0031,2026-01-24,240,50.4553,12109.27,-319.01,EUR,MOCK_FEED
POS00801020260124,PORT008,INS0032,2026-01-24,1714,59.3455,101718.19,-1394.47,GBP,MOCK_FEED
POS00800120260125,PORT008,INS0023,2026-01-25,2512,56.3832,141634.6,-1282.95,INR,MOCK_FEED
POS00800220260125,PORT008,INS0024,2026-01-25,4826,75.8446,366026.04,-1284.4,USD,MOCK_FEED
POS00800320260125,PORT008,INS0025,2026-01-25,1060,25.4664,26994.38,-269.0,USD,MOCK_FEED
POS00800420260125,PORT008,INS0026,2026-01-25,809,62.4488,50521.08,1680.9,USD,MOCK_FEED
POS00800520260125,PORT008,INS0027,2026-01-25,2389,16.7983,40131.14,1338.61,GBP,MOCK_FEED
POS00800620260125,PORT008,INS0028,2026-01-25,3034,53.3716,161929.43,5535.26,GBP,MOCK_FEED
POS00800720260125,PORT008,INS0029,2026-01-25,4177,18.4797,77189.71,-1591.05,USD,MOCK_FEED
POS00800820260125,PORT008,INS0030,2026-01-25,196,48.3145,9469.64,272.65,EUR,MOCK_FEED
POS00800920260125,PORT008,INS0031,2026-01-25,2487,50.8114,126367.95,1719.61,INR,MOCK_FEED
POS00801020260125,PORT008,INS0032,2026-01-25,3557,59.8933,213040.47,752.34,EUR,MOCK_FEED
POS00800120260126,PORT008,INS0023,2026-01-26,2278,55.0646,125437.16,141.32,GBP,MOCK_FEED
POS00800220260126,PORT008,INS0024,2026-01-26,4290,74.7979,320882.99,-9190.89,GBP,MOCK_FEED
POS00800320260126,PORT008,INS0025,2026-01-26,1733,25.3852,43992.55,756.2,GBP,MOCK_FEED
POS00800420260126,PORT008,INS0026,2026-01-26,2498,62.4702,156050.56,1559.23,EUR,MOCK_FEED
POS00800520260126,PORT008,INS0027,2026-01-26,3157,16.8183,53095.37,-651.1,INR,MOCK_FEED
POS00800620260126,PORT008,INS0028,2026-01-26,796,53.2712,42403.88,-671.76,INR,MOCK_FEED
POS00800720260126,PORT008,INS0029,2026-01-26,3560,18.4024,65512.54,1630.47,USD,MOCK_FEED
POS00800820260126,PORT008,INS0030,2026-01-26,2289,49.1012,112392.65,-1568.9,INR,MOCK_FEED
POS00800920260126,PORT008,INS0031,2026-01-26,1512,51.4655,77815.84,-1389.29,INR,MOCK_FEED
POS00801020260126,PORT008,INS0032,2026-01-26,3712,58.9437,218799.01,-3817.01,EUR,MOCK_FEED
POS00800120260127,PORT008,INS0023,2026-01-27,1008,55.1421,55583.24,834.43,GBP,MOCK_FEED
POS00800220260127,PORT008,INS0024,2026-01-27,2877,74.7762,215131.13,3950.15,INR,MOCK_FEED
POS00800320260127,PORT008,INS0025,2026-01-27,4634,25.8685,119874.63,-653.28,USD,MOCK_FEED
POS00800420260127,PORT008,INS0026,2026-01-27,478,63.6597,30429.34,-904.21,GBP,MOCK_FEED
POS00800520260127,PORT008,INS0027,2026-01-27,1628,17.0928,27827.08,-171.9,EUR,MOCK_FEED
POS00800620260127,PORT008,INS0028,2026-01-27,2578,51.8623,133701.01,1995.74,EUR,MOCK_FEED
POS00800720260127,PORT008,INS0029,2026-01-27,294,18.4683,5429.68,-123.96,EUR,MOCK_FEED
POS00800820260127,PORT008,INS0030,2026-01-27,2681,48.5648,130202.23,-1608.62,INR,MOCK_FEED
POS00800920260127,PORT008,INS0031,2026-01-27,4238,51.5112,218304.47,-1305.45,INR,MOCK_FEED
POS00801020260127,PORT008,INS0032,2026-01-27,465,59.1156,27488.75,-452.23,INR,MOCK_FEED
POS00800120260128,PORT008,INS0023,2026-01-28,2381,54.7702,130407.85,2918.13,INR,MOCK_FEED
POS00800220260128,PORT008,INS0024,2026-01-28,3593,75.4198,270983.34,-5333.11,USD,MOCK_FEED
POS00800320260128,PORT008,INS0025,2026-01-28,3909,25.7126,100510.55,1550.99,INR,MOCK_FEED
POS00800420260128,PORT008,INS0026,2026-01-28,224,63.8115,14293.78,457.57,GBP,MOCK_FEED
POS00800520260128,PORT008,INS0027,2026-01-28,4581,17.0684,78190.34,-126.29,EUR,MOCK_FEED
POS00800620260128,PORT008,INS0028,2026-01-28,4510,52.5371,236942.32,6431.79,INR,MOCK_FEED
POS00800720260128,PORT008,INS0029,2026-01-28,1028,18.3678,18882.1,636.06,INR,MOCK_FEED
POS00800820260128,PORT008,INS0030,2026-01-28,3149,48.8316,153770.71,-3134.36,USD,MOCK_FEED
POS00800920260128,PORT008,INS0031,2026-01-28,3050,50.7072,154656.96,-2734.67,EUR,MOCK_FEED
POS00801020260128,PORT008,INS0032,2026-01-28,3463,59.7375,206870.96,-4829.04,EUR,MOCK_FEED
POS00800120260129,PORT008,INS0023,2026-01-29,724,53.8049,38954.75,874.79,GBP,MOCK_FEED
POS00800220260129,PORT008,INS0024,2026-01-29,2119,74.0849,156985.9,-4205.95,GBP,MOCK_FEED
POS00800320260129,PORT008,INS0025,2026-01-29,1045,25.0599,26187.6,590.82,EUR,MOCK_FEED
POS00800420260129,PORT008,INS0026,2026-01-29,3496,64.4312,225251.48,4432.95,USD,MOCK_FEED
POS00800520260129,PORT008,INS0027,2026-01-29,2004,16.9665,34000.87,860.82,GBP,MOCK_FEED
POS00800620260129,PORT008,INS0028,2026-01-29,3136,51.705,162146.88,5041.0,GBP,MOCK_FEED
POS00800720260129,PORT008,INS0029,2026-01-29,4637,18.4612,85604.58,2049.92,USD,MOCK_FEED
POS00800820260129,PORT008,INS0030,2026-01-29,2359,48.5185,114455.14,-2389.29,USD,MOCK_FEED
POS00800920260129,PORT008,INS0031,2026-01-29,392,50.2897,19713.56,769.4,GBP,MOCK_FEED
POS00801020260129,PORT008,INS0032,2026-01-29,3874,59.461,230351.91,3686.61,INR,MOCK_FEED
POS00800120260130,PORT008,INS0023,2026-01-30,3610,52.9895,191292.1,3361.2,INR,MOCK_FEED
POS00800220260130,PORT008,INS0024,2026-01-30,4865,74.211,361036.52,13104.14,EUR,MOCK_FEED
POS00800320260130,PORT008,INS0025,2026-01-30,4162,24.851,103429.86,-113.51,EUR,MOCK_FEED
POS00800420260130,PORT008,INS0026,2026-01-30,3026,63.5857,192410.33,-3707.27,USD,MOCK_FEED
POS00800520260130,PORT008,INS0027,2026-01-30,1544,17.2462,26628.13,-775.82,GBP,MOCK_FEED
POS00800620260130,PORT008,INS0028,2026-01-30,157,51.2159,8040.9,37.7,GBP,MOCK_FEED
POS00800720260130,PORT008,INS0029,2026-01-30,3809,18.292,69674.23,729.82,USD,MOCK_FEED
POS00800820260130,PORT008,INS0030,2026-01-30,4845,48.3933,234465.54,-4456.24,GBP,MOCK_FEED
POS00800920260130,PORT008,INS0031,2026-01-30,2638,50.1506,132297.28,-596.25,EUR,MOCK_FEED
POS00801020260130,PORT008,INS0032,2026-01-30,1907,58.3426,111259.34,-2315.74,INR,MOCK_FEED
POS00800120260131,PORT008,INS0023,2026-01-31,1831,53.1066,97238.18,2290.19,GBP,MOCK_FEED
POS00800220260131,PORT008,INS0024,2026-01-31,764,75.3095,57536.46,1389.84,GBP,MOCK_FEED
POS00800320260131,PORT008,INS0025,2026-01-31,720,25.3214,18231.41,-57.0,EUR,MOCK_FEED
POS00800420260131,PORT008,INS0026,2026-01-31,3000,64.5516,193654.8,1296.82,USD,MOCK_FEED
POS00800520260131,PORT008,INS0027,2026-01-31,3276,17.3426,56814.36,-811.88,INR,MOCK_FEED
POS00800620260131,PORT008,INS0028,2026-01-31,2090,51.5157,107667.81,4161.19,EUR,MOCK_FEED
POS00800720260131,PORT008,INS0029,2026-01-31,1462,18.495,27039.69,-738.06,INR,MOCK_FEED
POS00800820260131,PORT008,INS0030,2026-01-31,4439,48.7392,216353.31,-1003.3,INR,MOCK_FEED
POS00800920260131,PORT008,INS0031,2026-01-31,2158,50.7404,109497.78,2252.2,GBP,MOCK_FEED
POS00801020260131,PORT008,INS0032,2026-01-31,906,59.4695,53879.37,99.84,GBP,MOCK_FEED
POS00800120260201,PORT008,INS0023,2026-02-01,2645,53.6051,141785.49,-951.16,EUR,MOCK_FEED
POS00800220260201,PORT008,INS0024,2026-02-01,1282,75.5371,96838.56,3603.78,EUR,MOCK_FEED
POS00800320260201,PORT008,INS0025,2026-02-01,1966,24.7802,48717.87,-456.74,GBP,MOCK_FEED
POS00800420260201,PORT008,INS0026,2026-02-01,1223,64.6559,79074.17,3087.02,USD,MOCK_FEED
POS00800520260201,PORT008,INS0027,2026-02-01,2536,17.7318,44967.84,-93.22,GBP,MOCK_FEED
POS00800620260201,PORT008,INS0028,2026-02-01,2837,51.7855,146915.46,-481.6,GBP,MOCK_FEED
POS00800720260201,PORT008,INS0029,2026-02-01,2169,18.7274,40619.73,1373.15,INR,MOCK_FEED
POS00800820260201,PORT008,INS0030,2026-02-01,4574,48.1531,220252.28,-5638.16,GBP,MOCK_FEED
POS00800920260201,PORT008,INS0031,2026-02-01,1249,51.7337,64615.39,-283.95,INR,MOCK_FEED
POS00801020260201,PORT008,INS0032,2026-02-01,2692,58.9754,158761.78,-752.82,INR,MOCK_FEED
POS00800120260202,PORT008,INS0023,2026-02-02,2432,52.515,127716.48,3566.74,INR,MOCK_FEED
POS00800220260202,PORT008,INS0024,2026-02-02,3032,76.8403,232979.79,7274.91,USD,MOCK_FEED
POS00800320260202,PORT008,INS0025,2026-02-02,982,25.1001,24648.3,223.05,EUR,MOCK_FEED
POS00800420260202,PORT008,INS0026,2026-02-02,4590,66.3094,304360.15,-104.66,USD,MOCK_FEED
POS00800520260202,PORT008,INS0027,2026-02-02,736,17.7697,13078.5,-160.25,GBP,MOCK_FEED
POS00800620260202,PORT008,INS0028,2026-02-02,982,52.7087,51759.94,1278.88,GBP,MOCK_FEED
POS00800720260202,PORT008,INS0029,2026-02-02,3859,18.964,73182.08,2157.3,GBP,MOCK_FEED
POS00800820260202,PORT008,INS0030,2026-02-02,897,48.1969,43232.62,1077.49,INR,MOCK_FEED
POS00800920260202,PORT008,INS0031,2026-02-02,372,52.5019,19530.71,235.89,EUR,MOCK_FEED
POS00801020260202,PORT008,INS0032,2026-02-02,4657,59.1845,275622.22,6845.27,GBP,MOCK_FEED
POS00800120260203,PORT008,INS0023,2026-02-03,4994,52.366,261515.8,-4525.59,USD,MOCK_FEED
POS00800220260203,PORT008,INS0024,2026-02-03,3552,76.2591,270872.32,-4690.78,INR,MOCK_FEED
POS00800320260203,PORT008,INS0025,2026-02-03,2197,24.4727,53766.52,-846.36,USD,MOCK_FEED
POS00800420260203,PORT008,INS0026,2026-02-03,362,66.0247,23900.94,731.0,GBP,MOCK_FEED
POS00800520260203,PORT008,INS0027,2026-02-03,4097,17.7847,72863.92,-450.32,INR,MOCK_FEED
POS00800620260203,PORT008,INS0028,2026-02-03,843,52.9815,44663.4,1017.37,USD,MOCK_FEED
POS00800720260203,PORT008,INS0029,2026-02-03,3966,18.963,75207.26,2145.8,USD,MOCK_FEED
POS00800820260203,PORT008,INS0030,2026-02-03,3806,48.7186,185422.99,7097.02,EUR,MOCK_FEED
POS00800920260203,PORT008,INS0031,2026-02-03,2972,52.3803,155674.25,-4335.75,INR,MOCK_FEED
POS00801020260203,PORT008,INS0032,2026-02-03,4007,59.233,237346.63,9302.5,USD,MOCK_FEED
POS00800120260204,PORT008,INS0023,2026-02-04,1300,52.5876,68363.88,317.1,INR,MOCK_FEED
POS00800220260204,PORT008,INS0024,2026-02-04,4430,75.9239,336342.88,12797.01,INR,MOCK_FEED
POS00800320260204,PORT008,INS0025,2026-02-04,3503,24.8423,87022.58,344.29,EUR,MOCK_FEED
POS00800420260204,PORT008,INS0026,2026-02-04,564,66.7025,37620.21,-261.51,EUR,MOCK_FEED
POS00800520260204,PORT008,INS0027,2026-02-04,1560,18.2877,28528.81,565.92,USD,MOCK_FEED
POS00800620260204,PORT008,INS0028,2026-02-04,4400,52.1007,229243.08,5619.81,USD,MOCK_FEED
POS00800720260204,PORT008,INS0029,2026-02-04,2165,18.9441,41013.98,750.02,INR,MOCK_FEED
POS00800820260204,PORT008,INS0030,2026-02-04,4694,48.567,227973.5,3246.21,USD,MOCK_FEED
POS00800920260204,PORT008,INS0031,2026-02-04,1248,51.4118,64161.93,-1280.41,INR,MOCK_FEED
POS00801020260204,PORT008,INS0032,2026-02-04,4856,58.5043,284096.88,3191.89,INR,MOCK_FEED
POS00800120260205,PORT008,INS0023,2026-02-05,3583,52.3184,187456.83,-1552.65,USD,MOCK_FEED
POS00800220260205,PORT008,INS0024,2026-02-05,3308,77.0791,254977.66,-7253.93,USD,MOCK_FEED
POS00800320260205,PORT008,INS0025,2026-02-05,3127,24.9279,77949.54,-207.12,USD,MOCK_FEED
POS00800420260205,PORT008,INS0026,2026-02-05,893,66.8671,59712.32,-822.84,GBP,MOCK_FEED
POS00800520260205,PORT008,INS0027,2026-02-05,2232,18.1932,40607.22,-987.5,EUR,MOCK_FEED
POS00800620260205,PORT008,INS0028,2026-02-05,2594,52.4677,136101.21,2629.18,INR,MOCK_FEED
POS00800720260205,PORT008,INS0029,2026-02-05,1284,18.8769,24237.94,1.96,INR,MOCK_FEED
POS00800820260205,PORT008,INS0030,2026-02-05,2847,48.7207,138707.83,3167.92,USD,MOCK_FEED
POS00800920260205,PORT008,INS0031,2026-02-05,4520,52.0609,235315.27,1752.87,GBP,MOCK_FEED
POS00801020260205,PORT008,INS0032,2026-02-05,1901,58.3366,110897.88,-986.56,GBP,MOCK_FEED
POS00800120260206,PORT008,INS0023,2026-02-06,2249,52.2915,117603.58,418.04,INR,MOCK_FEED
POS00800220260206,PORT008,INS0024,2026-02-06,1680,77.0553,129452.9,-509.06,GBP,MOCK_FEED
POS00800320260206,PORT008,INS0025,2026-02-06,1148,24.7588,28423.1,-843.99,GBP,MOCK_FEED
POS00800420260206,PORT008,INS0026,2026-02-06,1769,66.927,118393.86,3860.55,EUR,MOCK_FEED
POS00800520260206,PORT008,INS0027,2026-02-06,2680,18.3253,49111.8,728.59,EUR,MOCK_FEED
POS00800620260206,PORT008,INS0028,2026-02-06,1742,52.4527,91372.6,2267.68,GBP,MOCK_FEED
POS00800720260206,PORT008,INS0029,2026-02-06,2755,19.0606,52511.95,1344.15,EUR,MOCK_FEED
POS00800820260206,PORT008,INS0030,2026-02-06,1896,48.5218,91997.33,368.66,INR,MOCK_FEED
POS00800920260206,PORT008,INS0031,2026-02-06,1667,51.7287,86231.74,253.65,EUR,MOCK_FEED
POS00801020260206,PORT008,INS0032,2026-02-06,1121,58.9165,66045.4,1934.83,EUR,MOCK_FEED
POS00800120260207,PORT008,INS0023,2026-02-07,4758,52.3471,249067.5,7004.05,GBP,MOCK_FEED
POS00800220260207,PORT008,INS0024,2026-02-07,4325,77.3256,334433.22,-2123.34,INR,MOCK_FEED
POS00800320260207,PORT008,INS0025,2026-02-07,2749,24.4731,67276.55,-1535.32,USD,MOCK_FEED
POS00800420260207,PORT008,INS0026,2026-02-07,1071,67.7034,72510.34,2270.55,USD,MOCK_FEED
POS00800520260207,PORT008,INS0027,2026-02-07,4599,18.2917,84123.53,-1944.91,EUR,MOCK_FEED
POS00800620260207,PORT008,INS0028,2026-02-07,811,52.3123,42425.28,-195.97,EUR,MOCK_FEED
POS00800720260207,PORT008,INS0029,2026-02-07,216,19.2335,4154.44,149.38,INR,MOCK_FEED
POS00800820260207,PORT008,INS0030,2026-02-07,3039,48.7528,148159.76,-3000.66,EUR,MOCK_FEED
POS00800920260207,PORT008,INS0031,2026-02-07,435,52.3107,22755.15,576.92,EUR,MOCK_FEED
POS00801020260207,PORT008,INS0032,2026-02-07,3189,59.7046,190397.97,-4501.26,INR,MOCK_FEED
POS00800120260208,PORT008,INS0023,2026-02-08,4978,51.924,258477.67,-1015.76,INR,MOCK_FEED
POS00800220260208,PORT008,INS0024,2026-02-08,227,76.8977,17455.78,434.87,INR,MOCK_FEED
POS00800320260208,PORT008,INS0025,2026-02-08,4723,24.9876,118016.43,-166.74,EUR,MOCK_FEED
POS00800420260208,PORT008,INS0026,2026-02-08,3378,65.6382,221725.84,5863.52,INR,MOCK_FEED
POS00800520260208,PORT008,INS0027,2026-02-08,3627,18.3626,66601.15,164.89,INR,MOCK_FEED
POS00800620260208,PORT008,INS0028,2026-02-08,4151,52.1026,216277.89,2958.49,USD,MOCK_FEED
POS00800720260208,PORT008,INS0029,2026-02-08,3197,19.4109,62056.65,-712.31,USD,MOCK_FEED
POS00800820260208,PORT008,INS0030,2026-02-08,3030,48.6368,147369.5,4799.96,GBP,MOCK_FEED
POS00800920260208,PORT008,INS0031,2026-02-08,3072,51.5805,158455.3,2766.41,USD,MOCK_FEED
POS00801020260208,PORT008,INS0032,2026-02-08,1851,60.2056,111440.57,1048.9,USD,MOCK_FEED
POS00800120260209,PORT008,INS0023,2026-02-09,673,51.4187,34604.79,-995.33,EUR,MOCK_FEED
POS00800220260209,PORT008,INS0024,2026-02-09,2520,77.1381,194388.01,5545.98,INR,MOCK_FEED
POS00800320260209,PORT008,INS0025,2026-02-09,4622,25.4135,117461.2,-3255.61,EUR,MOCK_FEED
POS00800420260209,PORT008,INS0026,2026-02-09,4686,64.4658,302086.74,4199.31,INR,MOCK_FEED
POS00800520260209,PORT008,INS0027,2026-02-09,3012,18.9299,57016.86,-483.4,EUR,MOCK_FEED
POS00800620260209,PORT008,INS0028,2026-02-09,1624,51.868,84233.63,875.65,USD,MOCK_FEED
POS00800720260209,PORT008,INS0029,2026-02-09,1513,19.5996,29654.19,171.26,USD,MOCK_FEED
POS00800820260209,PORT008,INS0030,2026-02-09,3697,50.0326,184970.52,-485.57,INR,MOCK_FEED
POS00800920260209,PORT008,INS0031,2026-02-09,2094,51.7394,108342.3,-481.28,GBP,MOCK_FEED
POS00801020260209,PORT008,INS0032,2026-02-09,1995,59.7809,119262.9,1063.36,GBP,MOCK_FEED
POS00800120260210,PORT008,INS0023,2026-02-10,715,51.4266,36770.02,-68.35,GBP,MOCK_FEED
POS00800220260210,PORT008,INS0024,2026-02-10,3891,77.4575,301387.13,-403.89,EUR,MOCK_FEED
POS00800320260210,PORT008,INS0025,2026-02-10,896,25.0828,22474.19,-662.44,EUR,MOCK_FEED
POS00800420260210,PORT008,INS0026,2026-02-10,1279,64.8009,82880.35,325.42,INR,MOCK_FEED
POS00800520260210,PORT008,INS0027,2026-02-10,1715,18.721,32106.51,-826.15,USD,MOCK_FEED
POS00800620260210,PORT008,INS0028,2026-02-10,3280,53.0814,174106.99,414.31,EUR,MOCK_FEED
POS00800720260210,PORT008,INS0029,2026-02-10,687,19.1862,13180.92,-14.34,INR,MOCK_FEED
POS00800820260210,PORT008,INS0030,2026-02-10,1359,49.6146,67426.24,-1501.61,INR,MOCK_FEED
POS00800920260210,PORT008,INS0031,2026-02-10,3694,52.3864,193515.36,-4757.1,GBP,MOCK_FEED
POS00801020260210,PORT008,INS0032,2026-02-10,3576,61.0761,218408.13,-70.13,GBP,MOCK_FEED
POS00800120260211,PORT008,INS0023,2026-02-11,1803,50.842,91668.13,1624.79,INR,MOCK_FEED
POS00800220260211,PORT008,INS0024,2026-02-11,4979,78.0258,388490.46,-4329.52,INR,MOCK_FEED
POS00800320260211,PORT008,INS0025,2026-02-11,458,26.0295,11921.51,45.66,GBP,MOCK_FEED
POS00800420260211,PORT008,INS0026,2026-02-11,1804,64.4672,116298.83,-39.1,USD,MOCK_FEED
POS00800520260211,PORT008,INS0027,2026-02-11,4375,18.6781,81716.69,-1385.61,INR,MOCK_FEED
POS00800620260211,PORT008,INS0028,2026-02-11,4408,53.5857,236205.77,5536.48,EUR,MOCK_FEED
POS00800720260211,PORT008,INS0029,2026-02-11,4722,19.2761,91021.74,-255.32,USD,MOCK_FEED
POS00800820260211,PORT008,INS0030,2026-02-11,1582,51.468,81422.38,-563.04,EUR,MOCK_FEED
POS00800920260211,PORT008,INS0031,2026-02-11,3745,51.0124,191041.44,4645.47,EUR,MOCK_FEED
POS00801020260211,PORT008,INS0032,2026-02-11,381,61.2719,23344.59,299.1,USD,MOCK_FEED
POS00800120260212,PORT008,INS0023,2026-02-12,3687,50.2882,185412.59,1824.35,GBP,MOCK_FEED
POS00800220260212,PORT008,INS0024,2026-02-12,1007,78.4245,78973.47,338.33,GBP,MOCK_FEED
POS00800320260212,PORT008,INS0025,2026-02-12,685,25.7289,17624.3,-244.52,EUR,MOCK_FEED
POS00800420260212,PORT008,INS0026,2026-02-12,1685,62.8178,105847.99,1925.38,USD,MOCK_FEED
POS00800520260212,PORT008,INS0027,2026-02-12,4200,18.8825,79306.5,-1818.29,INR,MOCK_FEED
POS00800620260212,PORT008,INS0028,2026-02-12,1697,53.2515,90367.8,-209.35,EUR,MOCK_FEED
POS00800720260212,PORT008,INS0029,2026-02-12,3980,19.2061,76440.28,1262.01,EUR,MOCK_FEED
POS00800820260212,PORT008,INS0030,2026-02-12,1924,51.7762,99617.41,-2069.72,USD,MOCK_FEED
POS00800920260212,PORT008,INS0031,2026-02-12,4789,50.851,243525.44,-3650.3,USD,MOCK_FEED
POS00801020260212,PORT008,INS0032,2026-02-12,3810,59.7432,227621.59,3005.25,INR,MOCK_FEED
POS00800120260213,PORT008,INS0023,2026-02-13,4528,49.9888,226349.29,-3178.29,INR,MOCK_FEED
POS00800220260213,PORT008,INS0024,2026-02-13,756,79.0193,59738.59,-1313.56,INR,MOCK_FEED
POS00800320260213,PORT008,INS0025,2026-02-13,2413,26.0405,62835.73,1840.54,USD,MOCK_FEED
POS00800420260213,PORT008,INS0026,2026-02-13,2169,61.5831,133573.74,-1054.44,GBP,MOCK_FEED
POS00800520260213,PORT008,INS0027,2026-02-13,700,19.1337,13393.59,-294.58,EUR,MOCK_FEED
POS00800620260213,PORT008,INS0028,2026-02-13,4214,53.2008,224188.17,7162.96,INR,MOCK_FEED
POS00800720260213,PORT008,INS0029,2026-02-13,4203,19.3274,81233.06,2841.48,GBP,MOCK_FEED
POS00800820260213,PORT008,INS0030,2026-02-13,1576,51.072,80489.47,294.74,EUR,MOCK_FEED
POS00800920260213,PORT008,INS0031,2026-02-13,223,50.8639,11342.65,-111.8,EUR,MOCK_FEED
POS00801020260213,PORT008,INS0032,2026-02-13,4754,60.3827,287059.36,7084.46,USD,MOCK_FEED
POS00800120260214,PORT008,INS0023,2026-02-14,3183,49.82,158577.06,5878.97,INR,MOCK_FEED
POS00800220260214,PORT008,INS0024,2026-02-14,4476,80.4622,360148.81,3557.31,INR,MOCK_FEED
POS00800320260214,PORT008,INS0025,2026-02-14,3558,25.8423,91946.9,-1367.27,INR,MOCK_FEED
POS00800420260214,PORT008,INS0026,2026-02-14,1600,61.0045,97607.2,-1262.94,GBP,MOCK_FEED
POS00800520260214,PORT008,INS0027,2026-02-14,4264,18.9367,80746.09,-1138.32,GBP,MOCK_FEED
POS00800620260214,PORT008,INS0028,2026-02-14,480,53.6963,25774.22,-47.6,INR,MOCK_FEED
POS00800720260214,PORT008,INS0029,2026-02-14,1205,19.3011,23257.83,106.55,GBP,MOCK_FEED
POS00800820260214,PORT008,INS0030,2026-02-14,4211,52.478,220984.86,-2192.75,USD,MOCK_FEED
POS00800920260214,PORT008,INS0031,2026-02-14,1652,50.0645,82706.55,-173.83,USD,MOCK_FEED
POS00801020260214,PORT008,INS0032,2026-02-14,3068,60.6914,186201.22,1164.52,GBP,MOCK_FEED
POS00800120260215,PORT008,INS0023,2026-02-15,790,48.5363,38343.68,-639.71,EUR,MOCK_FEED
POS00800220260215,PORT008,INS0024,2026-02-15,2005,81.3002,163006.9,-3323.43,INR,MOCK_FEED
POS00800320260215,PORT008,INS0025,2026-02-15,3052,25.5421,77954.49,2796.54,INR,MOCK_FEED
POS00800420260215,PORT008,INS0026,2026-02-15,4870,61.9998,301939.03,-7309.48,USD,MOCK_FEED
POS00800520260215,PORT008,INS0027,2026-02-15,549,19.1081,10490.35,-13.86,INR,MOCK_FEED
POS00800620260215,PORT008,INS0028,2026-02-15,1664,53.1088,88373.04,258.41,INR,MOCK_FEED
POS00800720260215,PORT008,INS0029,2026-02-15,2160,19.3052,41699.23,1376.81,INR,MOCK_FEED
POS00800820260215,PORT008,INS0030,2026-02-15,787,52.4813,41302.78,-546.34,USD,MOCK_FEED
POS00800920260215,PORT008,INS0031,2026-02-15,1302,50.028,65136.46,-1189.92,USD,MOCK_FEED
POS00801020260215,PORT008,INS0032,2026-02-15,3040,61.3887,186621.65,4443.19,INR,MOCK_FEED
POS00800120260216,PORT008,INS0023,2026-02-16,3601,48.7803,175657.86,4258.91,USD,MOCK_FEED
POS00800220260216,PORT008,INS0024,2026-02-16,1524,82.787,126167.39,-188.14,EUR,MOCK_FEED
POS00800320260216,PORT008,INS0025,2026-02-16,669,25.0812,16779.32,389.34,USD,MOCK_FEED
POS00800420260216,PORT008,INS0026,2026-02-16,3591,61.5105,220884.21,982.66,EUR,MOCK_FEED
POS00800520260216,PORT008,INS0027,2026-02-16,577,19.3395,11158.89,-60.05,EUR,MOCK_FEED
POS00800620260216,PORT008,INS0028,2026-02-16,643,52.9682,34058.55,-492.9,INR,MOCK_FEED
POS00800720260216,PORT008,INS0029,2026-02-16,2165,19.36,41914.4,-52.87,EUR,MOCK_FEED
POS00800820260216,PORT008,INS0030,2026-02-16,2303,51.6617,118976.9,4448.78,GBP,MOCK_FEED
POS00800920260216,PORT008,INS0031,2026-02-16,2870,50.7494,145650.78,888.96,GBP,MOCK_FEED
POS00801020260216,PORT008,INS0032,2026-02-16,3035,61.6663,187157.22,4927.85,USD,MOCK_FEED
POS00800120260217,PORT008,INS0023,2026-02-17,590,48.4465,28583.44,-130.83,INR,MOCK_FEED
POS00800220260217,PORT008,INS0024,2026-02-17,105,82.8713,8701.49,-32.18,EUR,MOCK_FEED
POS00800320260217,PORT008,INS0025,2026-02-17,3958,24.7872,98107.74,-2672.75,INR,MOCK_FEED
POS00800420260217,PORT008,INS0026,2026-02-17,3764,61.4134,231160.04,-2341.05,EUR,MOCK_FEED
POS00800520260217,PORT008,INS0027,2026-02-17,2217,19.5798,43408.42,1632.65,GBP,MOCK_FEED
POS00800620260217,PORT008,INS0028,2026-02-17,1777,52.0678,92524.48,2457.23,EUR,MOCK_FEED
POS00800720260217,PORT008,INS0029,2026-02-17,3827,19.3094,73897.07,1027.86,INR,MOCK_FEED
POS00800820260217,PORT008,INS0030,2026-02-17,2846,52.2754,148775.79,-3016.36,INR,MOCK_FEED
POS00800920260217,PORT008,INS0031,2026-02-17,4742,50.1655,237884.8,-1523.62,USD,MOCK_FEED
POS00801020260217,PORT008,INS0032,2026-02-17,3235,61.4033,198639.68,-4520.13,GBP,MOCK_FEED
POS00800120260218,PORT008,INS0023,2026-02-18,4590,47.7826,219322.13,1503.65,EUR,MOCK_FEED
POS00800220260218,PORT008,INS0024,2026-02-18,4019,81.2491,326540.13,5182.9,INR,MOCK_FEED
POS00800320260218,PORT008,INS0025,2026-02-18,4139,25.2689,104587.98,-926.11,EUR,MOCK_FEED
POS00800420260218,PORT008,INS0026,2026-02-18,3912,61.2944,239783.69,1134.91,GBP,MOCK_FEED
POS00800520260218,PORT008,INS0027,2026-02-18,550,19.241,10582.55,-128.02,GBP,MOCK_FEED
POS00800620260218,PORT008,INS0028,2026-02-18,1957,51.9797,101724.27,-2778.06,EUR,MOCK_FEED
POS00800720260218,PORT008,INS0029,2026-02-18,2454,19.7228,48399.75,1902.31,EUR,MOCK_FEED
POS00800820260218,PORT008,INS0030,2026-02-18,1180,52.3012,61715.42,1199.35,GBP,MOCK_FEED
POS00800920260218,PORT008,INS0031,2026-02-18,4888,50.6471,247563.02,7567.92,USD,MOCK_FEED
POS00801020260218,PORT008,INS0032,2026-02-18,4319,61.5108,265665.15,1926.24,USD,MOCK_FEED
POS00800120260219,PORT008,INS0023,2026-02-19,1142,47.7952,54582.12,-465.43,GBP,MOCK_FEED
POS00800220260219,PORT008,INS0024,2026-02-19,128,80.9695,10364.1,-134.88,EUR,MOCK_FEED
POS00800320260219,PORT008,INS0025,2026-02-19,2742,25.217,69145.01,2053.49,EUR,MOCK_FEED
POS00800420260219,PORT008,INS0026,2026-02-19,1209,61.1088,73880.54,1024.46,USD,MOCK_FEED
POS00800520260219,PORT008,INS0027,2026-02-19,802,19.1357,15346.83,588.52,GBP,MOCK_FEED
POS00800620260219,PORT008,INS0028,2026-02-19,2571,50.8955,130852.33,3560.54,USD,MOCK_FEED
POS00800720260219,PORT008,INS0029,2026-02-19,1700,19.6303,33371.51,523.5,EUR,MOCK_FEED
POS00800820260219,PORT008,INS0030,2026-02-19,1660,51.4316,85376.46,326.24,GBP,MOCK_FEED
POS00800920260219,PORT008,INS0031,2026-02-19,4282,50.3361,215539.18,5330.58,INR,MOCK_FEED
POS00801020260219,PORT008,INS0032,2026-02-19,1045,61.4377,64202.4,2339.45,GBP,MOCK_FEED
POS00800120260220,PORT008,INS0023,2026-02-20,3310,47.8337,158329.55,4340.79,EUR,MOCK_FEED
POS00800220260220,PORT008,INS0024,2026-02-20,1453,82.1887,119420.18,654.36,GBP,MOCK_FEED
POS00800320260220,PORT008,INS0025,2026-02-20,2415,25.3425,61202.14,-585.22,GBP,MOCK_FEED
POS00800420260220,PORT008,INS0026,2026-02-20,442,60.2079,26611.89,1046.11,USD,MOCK_FEED
POS00800520260220,PORT008,INS0027,2026-02-20,1329,18.9602,25198.11,695.38,INR,MOCK_FEED
POS00800620260220,PORT008,INS0028,2026-02-20,4392,49.8722,219038.7,-4170.91,GBP,MOCK_FEED
POS00800720260220,PORT008,INS0029,2026-02-20,4096,19.7293,80811.21,3147.47,EUR,MOCK_FEED
POS00800820260220,PORT008,INS0030,2026-02-20,1292,51.8357,66971.72,592.0,EUR,MOCK_FEED
POS00800920260220,PORT008,INS0031,2026-02-20,2528,49.6804,125592.05,-159.76,USD,MOCK_FEED
POS00801020260220,PORT008,INS0032,2026-02-20,688,61.3587,42214.79,881.86,EUR,MOCK_FEED
POS00800120260221,PORT008,INS0023,2026-02-21,2375,48.7728,115835.4,-2852.37,INR,MOCK_FEED
POS00800220260221,PORT008,INS0024,2026-02-21,2137,83.0916,177566.75,4183.17,USD,MOCK_FEED
POS00800320260221,PORT008,INS0025,2026-02-21,2889,25.1028,72521.99,-1910.72,INR,MOCK_FEED
POS00800420260221,PORT008,INS0026,2026-02-21,1363,58.6647,79959.99,1115.43,GBP,MOCK_FEED
POS00800520260221,PORT008,INS0027,2026-02-21,931,19.1801,17856.67,555.94,GBP,MOCK_FEED
POS00800620260221,PORT008,INS0028,2026-02-21,1125,50.6354,56964.82,296.85,INR,MOCK_FEED
POS00800720260221,PORT008,INS0029,2026-02-21,2690,19.5088,52478.67,1809.78,USD,MOCK_FEED
POS00800820260221,PORT008,INS0030,2026-02-21,4582,52.0175,238344.18,6857.03,USD,MOCK_FEED
POS00800920260221,PORT008,INS0031,2026-02-21,495,49.8158,24658.82,-589.86,GBP,MOCK_FEED
POS00801020260221,PORT008,INS0032,2026-02-21,3162,60.8401,192376.4,2753.64,GBP,MOCK_FEED
POS00800120260222,PORT008,INS0023,2026-02-22,793,48.4288,38404.04,-575.07,USD,MOCK_FEED
POS00800220260222,PORT008,INS0024,2026-02-22,4570,81.9871,374681.05,-1619.18,INR,MOCK_FEED
POS00800320260222,PORT008,INS0025,2026-02-22,1219,24.7244,30139.04,-524.24,INR,MOCK_FEED
POS00800420260222,PORT008,INS0026,2026-02-22,2559,58.6894,150186.17,-2945.22,GBP,MOCK_FEED
POS00800520260222,PORT008,INS0027,2026-02-22,4142,19.0035,78712.5,3140.84,INR,MOCK_FEED
POS00800620260222,PORT008,INS0028,2026-02-22,2481,51.6412,128121.82,3369.01,EUR,MOCK_FEED
POS00800720260222,PORT008,INS0029,2026-02-22,209,19.6715,4111.34,92.16,GBP,MOCK_FEED
POS00800820260222,PORT008,INS0030,2026-02-22,1762,51.6761,91053.29,-1764.76,EUR,MOCK_FEED
POS00800920260222,PORT008,INS0031,2026-02-22,2034,49.2319,100137.68,2674.24,USD,MOCK_FEED
POS00801020260222,PORT008,INS0032,2026-02-22,3919,60.0826,235463.71,-3635.36,GBP,MOCK_FEED
POS00800120260223,PORT008,INS0023,2026-02-23,2122,49.1402,104275.5,-1208.84,INR,MOCK_FEED
POS00800220260223,PORT008,INS0024,2026-02-23,1524,80.3883,122511.77,244.36,USD,MOCK_FEED
POS00800320260223,PORT008,INS0025,2026-02-23,3035,24.683,74912.9,-1803.49,GBP,MOCK_FEED
POS00800420260223,PORT008,INS0026,2026-02-23,3861,57.2751,221139.16,-6374.44,EUR,MOCK_FEED
POS00800520260223,PORT008,INS0027,2026-02-23,154,18.9965,2925.46,70.22,INR,MOCK_FEED
POS00800620260223,PORT008,INS0028,2026-02-23,4922,50.8606,250335.87,-2235.84,INR,MOCK_FEED
POS00800720260223,PORT008,INS0029,2026-02-23,4555,19.327,88034.49,2623.68,EUR,MOCK_FEED
POS00800820260223,PORT008,INS0030,2026-02-23,3112,50.9593,158585.34,-4640.34,GBP,MOCK_FEED
POS00800920260223,PORT008,INS0031,2026-02-23,3130,48.973,153285.49,-1373.27,INR,MOCK_FEED
POS00801020260223,PORT008,INS0032,2026-02-23,3457,60.6354,209616.58,2377.98,USD,MOCK_FEED
POS00800120260224,PORT008,INS0023,2026-02-24,642,48.9578,31430.91,281.5,USD,MOCK_FEED
POS00800220260224,PORT008,INS0024,2026-02-24,513,77.7479,39884.67,-376.1,INR,MOCK_FEED
POS00800320260224,PORT008,INS0025,2026-02-24,4793,24.8763,119232.11,1755.05,USD,MOCK_FEED
POS00800420260224,PORT008,INS0026,2026-02-24,3215,57.1178,183633.73,-1039.77,EUR,MOCK_FEED
POS00800520260224,PORT008,INS0027,2026-02-24,2118,19.2596,40791.83,743.56,INR,MOCK_FEED
POS00800620260224,PORT008,INS0028,2026-02-24,4539,51.5769,234107.55,5112.65,EUR,MOCK_FEED
POS00800720260224,PORT008,INS0029,2026-02-24,193,19.7354,3808.93,73.76,USD,MOCK_FEED
POS00800820260224,PORT008,INS0030,2026-02-24,1719,50.8385,87391.38,1269.42,USD,MOCK_FEED
POS00800920260224,PORT008,INS0031,2026-02-24,4895,48.5978,237886.23,-454.83,EUR,MOCK_FEED
POS00801020260224,PORT008,INS0032,2026-02-24,4778,60.6739,289899.89,4561.36,EUR,MOCK_FEED
POS00800120260225,PORT008,INS0023,2026-02-25,102,49.1668,5015.01,-60.97,INR,MOCK_FEED
POS00800220260225,PORT008,INS0024,2026-02-25,2789,78.8155,219816.43,7375.69,GBP,MOCK_FEED
POS00800320260225,PORT008,INS0025,2026-02-25,4693,24.9279,116986.63,3974.94,USD,MOCK_FEED
POS00800420260225,PORT008,INS0026,2026-02-25,1459,56.8426,82933.35,268.1,GBP,MOCK_FEED
POS00800520260225,PORT008,INS0027,2026-02-25,3999,19.3828,77511.82,2228.2,EUR,MOCK_FEED
POS00800620260225,PORT008,INS0028,2026-02-25,4742,51.1106,242366.47,1820.81,INR,MOCK_FEED
POS00800720260225,PORT008,INS0029,2026-02-25,400,19.5177,7807.08,-73.41,USD,MOCK_FEED
POS00800820260225,PORT008,INS0030,2026-02-25,3207,51.3234,164594.14,-4016.37,EUR,MOCK_FEED
POS00800920260225,PORT008,INS0031,2026-02-25,2666,49.0931,130882.2,3905.55,USD,MOCK_FEED
POS00801020260225,PORT008,INS0032,2026-02-25,2574,59.5232,153212.72,593.49,INR,MOCK_FEED
POS00800120260226,PORT008,INS0023,2026-02-26,1705,50.3275,85808.39,-1248.21,USD,MOCK_FEED
POS00800220260226,PORT008,INS0024,2026-02-26,3280,78.2278,256587.18,9512.13,INR,MOCK_FEED
POS00800320260226,PORT008,INS0025,2026-02-26,3321,25.0141,83071.83,-1359.65,INR,MOCK_FEED
POS00800420260226,PORT008,INS0026,2026-02-26,1278,57.0702,72935.72,-1230.29,USD,MOCK_FEED
POS00800520260226,PORT008,INS0027,2026-02-26,2347,19.3542,45424.31,1142.03,GBP,MOCK_FEED
POS00800620260226,PORT008,INS0028,2026-02-26,3071,50.9135,156355.36,1442.38,EUR,MOCK_FEED
POS00800720260226,PORT008,INS0029,2026-02-26,293,19.1976,5624.9,-22.0,INR,MOCK_FEED
POS00800820260226,PORT008,INS0030,2026-02-26,715,51.0507,36501.25,1035.62,GBP,MOCK_FEED
POS00800920260226,PORT008,INS0031,2026-02-26,4508,49.8952,224927.56,2271.56,EUR,MOCK_FEED
POS00801020260226,PORT008,INS0032,2026-02-26,1667,60.1002,100187.03,-2516.42,INR,MOCK_FEED
POS00800120260227,PORT008,INS0023,2026-02-27,2567,49.8777,128036.06,3596.09,USD,MOCK_FEED
POS00800220260227,PORT008,INS0024,2026-02-27,2935,77.5307,227552.6,-6609.02,EUR,MOCK_FEED
POS00800320260227,PORT008,INS0025,2026-02-27,1371,25.1485,34478.59,-406.86,USD,MOCK_FEED
POS00800420260227,PORT008,INS0026,2026-02-27,4422,57.6311,254844.72,7285.79,INR,MOCK_FEED
POS00800520260227,PORT008,INS0027,2026-02-27,2708,19.1295,51802.69,397.63,GBP,MOCK_FEED
POS00800620260227,PORT008,INS0028,2026-02-27,4220,51.4482,217111.4,1490.26,USD,MOCK_FEED
POS00800720260227,PORT008,INS0029,2026-02-27,3072,19.4153,59643.8,1108.59,USD,MOCK_FEED
POS00800820260227,PORT008,INS0030,2026-02-27,1785,51.2474,91476.61,-994.85,EUR,MOCK_FEED
POS00800920260227,PORT008,INS0031,2026-02-27,2269,48.884,110917.8,-906.52,GBP,MOCK_FEED
POS00801020260227,PORT008,INS0032,2026-02-27,4117,57.9531,238592.91,1257.8,INR,MOCK_FEED
POS00800120260228,PORT008,INS0023,2026-02-28,1424,49.8421,70975.15,-10.62,EUR,MOCK_FEED
POS00800220260228,PORT008,INS0024,2026-02-28,3878,76.8921,298187.56,84.3,INR,MOCK_FEED
POS00800320260228,PORT008,INS0025,2026-02-28,4956,24.7341,122582.2,4708.36,INR,MOCK_FEED
POS00800420260228,PORT008,INS0026,2026-02-28,4886,57.9607,283195.98,1321.51,INR,MOCK_FEED
POS00800520260228,PORT008,INS0027,2026-02-28,2897,18.7986,54459.54,-1442.24,GBP,MOCK_FEED
POS00800620260228,PORT008,INS0028,2026-02-28,1555,51.5183,80110.96,-357.4,GBP,MOCK_FEED
POS00800720260228,PORT008,INS0029,2026-02-28,4441,19.7176,87565.86,-290.75,INR,MOCK_FEED
POS00800820260228,PORT008,INS0030,2026-02-28,2481,50.678,125732.12,429.3,EUR,MOCK_FEED
POS00800920260228,PORT008,INS0031,2026-02-28,4530,49.5859,224624.13,-6195.74,USD,MOCK_FEED
POS00801020260228,PORT008,INS0032,2026-02-28,1653,57.5835,95185.53,-1657.5,EUR,MOCK_FEED
POS00800120260301,PORT008,INS0023,2026-03-01,3105,48.5755,150826.93,1443.37,INR,MOCK_FEED
POS00800220260301,PORT008,INS0024,2026-03-01,1095,76.0608,83286.58,3016.75,GBP,MOCK_FEED
POS00800320260301,PORT008,INS0025,2026-03-01,996,24.1179,24021.43,-649.59,GBP,MOCK_FEED
POS00800420260301,PORT008,INS0026,2026-03-01,120,57.9368,6952.42,16.15,INR,MOCK_FEED
POS00800520260301,PORT008,INS0027,2026-03-01,2937,18.9819,55749.84,1325.13,EUR,MOCK_FEED
POS00800620260301,PORT008,INS0028,2026-03-01,4617,51.1206,236023.81,4291.23,USD,MOCK_FEED
POS00800720260301,PORT008,INS0029,2026-03-01,4384,19.9027,87253.44,1706.85,INR,MOCK_FEED
POS00800820260301,PORT008,INS0030,2026-03-01,241,50.0138,12053.33,16.26,EUR,MOCK_FEED
POS00800920260301,PORT008,INS0031,2026-03-01,2391,49.1796,117588.42,2940.03,USD,MOCK_FEED
POS00801020260301,PORT008,INS0032,2026-03-01,2044,56.6909,115876.2,2638.13,USD,MOCK_FEED
POS00800120260302,PORT008,INS0023,2026-03-02,1470,49.0048,72037.06,-643.85,GBP,MOCK_FEED
POS00800220260302,PORT008,INS0024,2026-03-02,2125,75.9148,161318.95,-1204.66,USD,MOCK_FEED
POS00800320260302,PORT008,INS0025,2026-03-02,3187,24.3169,77497.96,760.42,INR,MOCK_FEED
POS00800420260302,PORT008,INS0026,2026-03-02,2926,58.6557,171626.58,2184.76,EUR,MOCK_FEED
POS00800520260302,PORT008,INS0027,2026-03-02,1430,18.7174,26765.88,-648.75,EUR,MOCK_FEED
POS00800620260302,PORT008,INS0028,2026-03-02,1620,51.227,82987.74,593.37,USD,MOCK_FEED
POS00800720260302,PORT008,INS0029,2026-03-02,1627,19.9123,32397.31,234.25,INR,MOCK_FEED
POS00800820260302,PORT008,INS0030,2026-03-02,2552,51.3097,130942.35,5101.56,USD,MOCK_FEED
POS00800920260302,PORT008,INS0031,2026-03-02,1791,48.9929,87746.28,1296.5,USD,MOCK_FEED
POS00801020260302,PORT008,INS0032,2026-03-02,3058,54.6243,167041.11,2131.36,EUR,MOCK_FEED
POS00800120260303,PORT008,INS0023,2026-03-03,4738,49.6307,235150.26,-3391.4,USD,MOCK_FEED
POS00800220260303,PORT008,INS0024,2026-03-03,1779,75.9556,135125.01,1261.29,USD,MOCK_FEED
POS00800320260303,PORT008,INS0025,2026-03-03,3712,24.0463,89259.87,3054.1,USD,MOCK_FEED
POS00800420260303,PORT008,INS0026,2026-03-03,2702,59.327,160301.55,2236.02,USD,MOCK_FEED
POS00800520260303,PORT008,INS0027,2026-03-03,577,18.7411,10813.61,-300.89,USD,MOCK_FEED
POS00800620260303,PORT008,INS0028,2026-03-03,4800,50.7404,243553.92,-6996.15,INR,MOCK_FEED
POS00800720260303,PORT008,INS0029,2026-03-03,840,19.9678,16772.95,362.43,USD,MOCK_FEED
POS00800820260303,PORT008,INS0030,2026-03-03,4366,51.05,222884.3,1618.78,GBP,MOCK_FEED
POS00800920260303,PORT008,INS0031,2026-03-03,4515,50.7632,229195.85,-1835.41,EUR,MOCK_FEED
POS00801020260303,PORT008,INS0032,2026-03-03,3158,56.2655,177686.45,2788.92,EUR,MOCK_FEED
POS00800120260304,PORT008,INS0023,2026-03-04,2840,50.1179,142334.84,-3147.05,GBP,MOCK_FEED
POS00800220260304,PORT008,INS0024,2026-03-04,3704,75.9942,281482.52,-1400.18,USD,MOCK_FEED
POS00800320260304,PORT008,INS0025,2026-03-04,1206,23.9544,28889.01,1130.89,INR,MOCK_FEED
POS00800420260304,PORT008,INS0026,2026-03-04,3617,59.023,213486.19,-2219.04,INR,MOCK_FEED
POS00800520260304,PORT008,INS0027,2026-03-04,567,18.7614,10637.71,42.1,INR,MOCK_FEED
POS00800620260304,PORT008,INS0028,2026-03-04,3290,50.39,165783.1,154.97,USD,MOCK_FEED
POS00800720260304,PORT008,INS0029,2026-03-04,3467,20.1698,69928.7,-281.12,EUR,MOCK_FEED
POS00800820260304,PORT008,INS0030,2026-03-04,3653,51.0586,186517.07,2430.64,USD,MOCK_FEED
POS00800920260304,PORT008,INS0031,2026-03-04,1329,51.198,68042.14,447.64,USD,MOCK_FEED
POS00801020260304,PORT008,INS0032,2026-03-04,4646,55.6414,258509.94,7807.53,INR,MOCK_FEED
POS00800120260305,PORT008,INS0023,2026-03-05,3011,50.8805,153201.19,1255.08,INR,MOCK_FEED
POS00800220260305,PORT008,INS0024,2026-03-05,1337,75.79,101331.23,3796.9,USD,MOCK_FEED
POS00800320260305,PORT008,INS0025,2026-03-05,2724,23.7101,64586.31,-1678.06,EUR,MOCK_FEED
POS00800420260305,PORT008,INS0026,2026-03-05,4418,59.6731,263635.76,7022.0,INR,MOCK_FEED
POS00800520260305,PORT008,INS0027,2026-03-05,779,19.2069,14962.18,535.95,USD,MOCK_FEED
POS00800620260305,PORT008,INS0028,2026-03-05,4428,50.704,224517.31,7124.66,EUR,MOCK_FEED
POS00800720260305,PORT008,INS0029,2026-03-05,2091,20.0497,41923.92,-827.79,USD,MOCK_FEED
POS00800820260305,PORT008,INS0030,2026-03-05,3605,50.9547,183691.69,4919.16,GBP,MOCK_FEED
POS00800920260305,PORT008,INS0031,2026-03-05,3868,51.8619,200601.83,-1338.82,USD,MOCK_FEED
POS00801020260305,PORT008,INS0032,2026-03-05,528,54.8531,28962.44,-708.22,EUR,MOCK_FEED
POS00800120260306,PORT008,INS0023,2026-03-06,1745,49.7958,86893.67,3471.02,EUR,MOCK_FEED
POS00800220260306,PORT008,INS0024,2026-03-06,2648,77.1314,204243.95,4071.93,USD,MOCK_FEED
POS00800320260306,PORT008,INS0025,2026-03-06,2275,24.0143,54632.53,1587.15,EUR,MOCK_FEED
POS00800420260306,PORT008,INS0026,2026-03-06,2827,60.5088,171058.38,3192.96,INR,MOCK_FEED
POS00800520260306,PORT008,INS0027,2026-03-06,4333,19.4155,84127.36,-2115.26,EUR,MOCK_FEED
POS00800620260306,PORT008,INS0028,2026-03-06,2627,50.5083,132685.3,-3255.28,GBP,MOCK_FEED
POS00800720260306,PORT008,INS0029,2026-03-06,3910,19.6742,76926.12,-155.97,USD,MOCK_FEED
POS00800820260306,PORT008,INS0030,2026-03-06,1298,50.5026,65552.37,433.68,EUR,MOCK_FEED
POS00800920260306,PORT008,INS0031,2026-03-06,1606,53.3228,85636.42,1254.14,USD,MOCK_FEED
POS00801020260306,PORT008,INS0032,2026-03-06,960,55.8954,53659.58,293.56,GBP,MOCK_FEED
POS00800120260307,PORT008,INS0023,2026-03-07,2070,50.3524,104229.47,-121.76,EUR,MOCK_FEED
POS00800220260307,PORT008,INS0024,2026-03-07,345,75.6131,26086.52,-92.69,USD,MOCK_FEED
POS00800320260307,PORT008,INS0025,2026-03-07,2960,24.2271,71712.22,965.47,GBP,MOCK_FEED
POS00800420260307,PORT008,INS0026,2026-03-07,864,59.8362,51698.48,403.98,USD,MOCK_FEED
POS00800520260307,PORT008,INS0027,2026-03-07,1531,19.5196,29884.51,1028.31,USD,MOCK_FEED
POS00800620260307,PORT008,INS0028,2026-03-07,1413,51.0612,72149.48,2212.96,INR,MOCK_FEED
POS00800720260307,PORT008,INS0029,2026-03-07,1275,19.8311,25284.65,414.29,USD,MOCK_FEED
POS00800820260307,PORT008,INS0030,2026-03-07,3221,50.6902,163273.13,-4807.5,USD,MOCK_FEED
POS00800920260307,PORT008,INS0031,2026-03-07,2815,51.81,145845.15,-2208.56,GBP,MOCK_FEED
POS00801020260307,PORT008,INS0032,2026-03-07,3514,55.1642,193847.0,1859.1,USD,MOCK_FEED
POS00800120260308,PORT008,INS0023,2026-03-08,695,50.5149,35107.86,699.98,INR,MOCK_FEED
POS00800220260308,PORT008,INS0024,2026-03-08,3161,76.5873,242092.46,-5277.66,USD,MOCK_FEED
POS00800320260308,PORT008,INS0025,2026-03-08,278,24.354,6770.41,220.42,USD,MOCK_FEED
POS00800420260308,PORT008,INS0026,2026-03-08,4207,60.6372,255100.7,9975.15,INR,MOCK_FEED
POS00800520260308,PORT008,INS0027,2026-03-08,5000,19.342,96710.0,-2451.88,USD,MOCK_FEED
POS00800620260308,PORT008,INS0028,2026-03-08,4949,52.357,259114.79,-1562.57,USD,MOCK_FEED
POS00800720260308,PORT008,INS0029,2026-03-08,1788,20.3255,36341.99,-356.98,EUR,MOCK_FEED
POS00800820260308,PORT008,INS0030,2026-03-08,1164,50.9576,59314.65,1711.34,USD,MOCK_FEED
POS00800920260308,PORT008,INS0031,2026-03-08,838,51.4842,43143.76,1224.68,USD,MOCK_FEED
POS00801020260308,PORT008,INS0032,2026-03-08,1868,54.6739,102130.85,1552.79,GBP,MOCK_FEED
POS00800120260309,PORT008,INS0023,2026-03-09,3701,50.735,187770.23,2616.23,GBP,MOCK_FEED
POS00800220260309,PORT008,INS0024,2026-03-09,840,77.5854,65171.74,-673.96,EUR,MOCK_FEED
POS00800320260309,PORT008,INS0025,2026-03-09,3060,24.3133,74398.7,-177.3,EUR,MOCK_FEED
POS00800420260309,PORT008,INS0026,2026-03-09,4151,59.7345,247957.91,7023.02,INR,MOCK_FEED
POS00800520260309,PORT008,INS0027,2026-03-09,2471,19.4954,48173.13,-785.27,USD,MOCK_FEED
POS00800620260309,PORT008,INS0028,2026-03-09,4446,51.7785,230207.21,1103.05,GBP,MOCK_FEED
POS00800720260309,PORT008,INS0029,2026-03-09,4763,20.2093,96256.9,-620.3,EUR,MOCK_FEED
POS00800820260309,PORT008,INS0030,2026-03-09,2811,51.2555,144079.21,254.3,GBP,MOCK_FEED
POS00800920260309,PORT008,INS0031,2026-03-09,3291,52.1592,171655.93,1914.42,INR,MOCK_FEED
POS00801020260309,PORT008,INS0032,2026-03-09,3319,54.8411,182017.61,-376.78,USD,MOCK_FEED
POS00800120260310,PORT008,INS0023,2026-03-10,4557,51.1632,233150.7,3821.09,GBP,MOCK_FEED
POS00800220260310,PORT008,INS0024,2026-03-10,2880,77.7265,223852.32,907.62,EUR,MOCK_FEED
POS00800320260310,PORT008,INS0025,2026-03-10,1660,24.364,40444.24,-542.3,EUR,MOCK_FEED
POS00800420260310,PORT008,INS0026,2026-03-10,3593,59.7535,214694.33,7799.8,INR,MOCK_FEED
POS00800520260310,PORT008,INS0027,2026-03-10,3954,19.3742,76605.59,-1617.67,USD,MOCK_FEED
POS00800620260310,PORT008,INS0028,2026-03-10,472,52.1354,24607.91,-407.26,INR,MOCK_FEED
POS00800720260310,PORT008,INS0029,2026-03-10,256,20.3956,5221.27,-74.3,INR,MOCK_FEED
POS00800820260310,PORT008,INS0030,2026-03-10,1548,51.5278,79765.03,2152.29,EUR,MOCK_FEED
POS00800920260310,PORT008,INS0031,2026-03-10,2960,52.1453,154350.09,3481.67,INR,MOCK_FEED
POS00801020260310,PORT008,INS0032,2026-03-10,542,54.8398,29723.17,-25.0,INR,MOCK_FEED
POS00800120260311,PORT008,INS0023,2026-03-11,3560,51.5342,183461.75,979.67,INR,MOCK_FEED
POS00800220260311,PORT008,INS0024,2026-03-11,2008,76.3483,153307.39,389.17,USD,MOCK_FEED
POS00800320260311,PORT008,INS0025,2026-03-11,2690,24.2194,65150.19,2336.28,USD,MOCK_FEED
POS00800420260311,PORT008,INS0026,2026-03-11,3913,59.2844,231979.86,3500.48,GBP,MOCK_FEED
POS00800520260311,PORT008,INS0027,2026-03-11,470,19.5741,9199.83,286.15,GBP,MOCK_FEED
POS00800620260311,PORT008,INS0028,2026-03-11,2520,52.3325,131877.9,5263.18,USD,MOCK_FEED
POS00800720260311,PORT008,INS0029,2026-03-11,1445,20.3212,29364.13,-275.78,EUR,MOCK_FEED
POS00800820260311,PORT008,INS0030,2026-03-11,3744,50.8778,190486.48,-1706.29,EUR,MOCK_FEED
POS00800920260311,PORT008,INS0031,2026-03-11,2817,52.5929,148154.2,160.8,GBP,MOCK_FEED
POS00801020260311,PORT008,INS0032,2026-03-11,1842,55.3467,101948.62,-2878.54,GBP,MOCK_FEED
POS00800120260312,PORT008,INS0023,2026-03-12,1688,51.3182,86625.12,-1939.3,EUR,MOCK_FEED
POS00800220260312,PORT008,INS0024,2026-03-12,723,76.5977,55380.14,825.61,USD,MOCK_FEED
POS00800320260312,PORT008,INS0025,2026-03-12,3699,23.9474,88581.43,-1573.46,GBP,MOCK_FEED
POS00800420260312,PORT008,INS0026,2026-03-12,667,59.0466,39384.08,-296.16,GBP,MOCK_FEED
POS00800520260312,PORT008,INS0027,2026-03-12,1875,19.5908,36732.75,-641.5,INR,MOCK_FEED
POS00800620260312,PORT008,INS0028,2026-03-12,2993,51.6499,154588.15,843.93,INR,MOCK_FEED
POS00800720260312,PORT008,INS0029,2026-03-12,3487,20.5088,71514.19,-509.22,EUR,MOCK_FEED
POS00800820260312,PORT008,INS0030,2026-03-12,563,51.015,28721.44,740.39,USD,MOCK_FEED
POS00800920260312,PORT008,INS0031,2026-03-12,3600,52.3437,188437.32,-4613.16,INR,MOCK_FEED
POS00801020260312,PORT008,INS0032,2026-03-12,3972,54.6463,217055.1,4730.05,INR,MOCK_FEED
POS00800120260313,PORT008,INS0023,2026-03-13,3288,50.7028,166710.81,3763.34,EUR,MOCK_FEED
POS00800220260313,PORT008,INS0024,2026-03-13,3870,76.2487,295082.47,11308.95,USD,MOCK_FEED
POS00800320260313,PORT008,INS0025,2026-03-13,4062,24.1291,98012.4,-1621.55,GBP,MOCK_FEED
POS00800420260313,PORT008,INS0026,2026-03-13,3928,59.4401,233480.71,8735.15,EUR,MOCK_FEED
POS00800520260313,PORT008,INS0027,2026-03-13,2570,19.3315,49681.95,-257.56,USD,MOCK_FEED
POS00800620260313,PORT008,INS0028,2026-03-13,4292,51.6846,221830.3,-2225.04,INR,MOCK_FEED
POS00800720260313,PORT008,INS0029,2026-03-13,596,20.7225,12350.61,-184.42,INR,MOCK_FEED
POS00800820260313,PORT008,INS0030,2026-03-13,284,51.3546,14584.71,223.14,USD,MOCK_FEED
POS00800920260313,PORT008,INS0031,2026-03-13,1135,52.5012,59588.86,1277.15,INR,MOCK_FEED
POS00801020260313,PORT008,INS0032,2026-03-13,826,54.9312,45373.17,79.73,EUR,MOCK_FEED
POS00800120260314,PORT008,INS0023,2026-03-14,1330,50.7272,67467.18,-1775.05,GBP,MOCK_FEED
POS00800220260314,PORT008,INS0024,2026-03-14,1814,77.8118,141150.61,-405.97,USD,MOCK_FEED
POS00800320260314,PORT008,INS0025,2026-03-14,4054,23.8304,96608.44,-1577.84,GBP,MOCK_FEED
POS00800420260314,PORT008,INS0026,2026-03-14,2027,59.4811,120568.19,-244.93,USD,MOCK_FEED
POS00800520260314,PORT008,INS0027,2026-03-14,2280,19.9556,45498.77,1382.69,GBP,MOCK_FEED
POS00800620260314,PORT008,INS0028,2026-03-14,2219,51.6079,114517.93,2908.86,INR,MOCK_FEED
POS00800720260314,PORT008,INS0029,2026-03-14,2631,20.7473,54586.15,1563.81,GBP,MOCK_FEED
POS00800820260314,PORT008,INS0030,2026-03-14,3786,51.1487,193648.98,-3982.0,EUR,MOCK_FEED
POS00800920260314,PORT008,INS0031,2026-03-14,2327,52.3928,121918.05,1698.35,EUR,MOCK_FEED
POS00801020260314,PORT008,INS0032,2026-03-14,767,54.5033,41804.03,57.8,GBP,MOCK_FEED
POS00800120260315,PORT008,INS0023,2026-03-15,4741,51.044,241999.6,1567.46,USD,MOCK_FEED
POS00800220260315,PORT008,INS0024,2026-03-15,3316,77.2535,256172.61,2291.76,EUR,MOCK_FEED
POS00800320260315,PORT008,INS0025,2026-03-15,4734,23.518,111334.21,2734.68,GBP,MOCK_FEED
POS00800420260315,PORT008,INS0026,2026-03-15,2819,58.7254,165546.9,402.85,EUR,MOCK_FEED
POS00800520260315,PORT008,INS0027,2026-03-15,2876,20.2212,58156.17,-1636.52,EUR,MOCK_FEED
POS00800620260315,PORT008,INS0028,2026-03-15,3393,50.1901,170295.01,5559.88,EUR,MOCK_FEED
POS00800720260315,PORT008,INS0029,2026-03-15,1945,20.3378,39557.02,-823.33,USD,MOCK_FEED
POS00800820260315,PORT008,INS0030,2026-03-15,2290,50.9059,116574.51,3374.8,EUR,MOCK_FEED
POS00800920260315,PORT008,INS0031,2026-03-15,3243,52.9975,171870.89,2284.97,EUR,MOCK_FEED
POS00801020260315,PORT008,INS0032,2026-03-15,4257,54.2277,230847.32,-2334.12,USD,MOCK_FEED
POS00800120260316,PORT008,INS0023,2026-03-16,1021,50.7998,51866.6,499.31,USD,MOCK_FEED
POS00800220260316,PORT008,INS0024,2026-03-16,2770,77.3011,214124.05,1718.53,EUR,MOCK_FEED
POS00800320260316,PORT008,INS0025,2026-03-16,2171,23.4339,50875.0,-583.92,EUR,MOCK_FEED
POS00800420260316,PORT008,INS0026,2026-03-16,2933,60.9392,178734.67,-3268.37,USD,MOCK_FEED
POS00800520260316,PORT008,INS0027,2026-03-16,501,20.1932,10116.79,-8.07,GBP,MOCK_FEED
POS00800620260316,PORT008,INS0028,2026-03-16,931,50.4265,46947.07,-1299.99,EUR,MOCK_FEED
POS00800720260316,PORT008,INS0029,2026-03-16,4083,20.2134,82531.31,-2215.23,USD,MOCK_FEED
POS00800820260316,PORT008,INS0030,2026-03-16,1953,51.0703,99740.3,-622.79,USD,MOCK_FEED
POS00800920260316,PORT008,INS0031,2026-03-16,1605,52.2702,83893.67,-2417.58,GBP,MOCK_FEED
POS00801020260316,PORT008,INS0032,2026-03-16,152,55.3509,8413.34,310.65,USD,MOCK_FEED
POS00800120260317,PORT008,INS0023,2026-03-17,3920,49.6255,194531.96,-3097.04,GBP,MOCK_FEED
POS00800220260317,PORT008,INS0024,2026-03-17,3153,77.3734,243958.33,-2327.31,INR,MOCK_FEED
POS00800320260317,PORT008,INS0025,2026-03-17,3174,23.4426,74406.81,341.19,EUR,MOCK_FEED
POS00800420260317,PORT008,INS0026,2026-03-17,3529,62.3975,220200.78,-4441.23,USD,MOCK_FEED
POS00800520260317,PORT008,INS0027,2026-03-17,2773,20.2416,56129.96,1409.38,EUR,MOCK_FEED
POS00800620260317,PORT008,INS0028,2026-03-17,3294,50.6388,166804.21,-2433.86,INR,MOCK_FEED
POS00800720260317,PORT008,INS0029,2026-03-17,711,19.9513,14185.37,202.85,INR,MOCK_FEED
POS00800820260317,PORT008,INS0030,2026-03-17,3757,50.5584,189947.91,-5359.35,USD,MOCK_FEED
POS00800920260317,PORT008,INS0031,2026-03-17,194,51.5622,10003.07,146.11,INR,MOCK_FEED
POS00801020260317,PORT008,INS0032,2026-03-17,1950,54.6906,106646.67,2800.56,INR,MOCK_FEED
POS00800120260318,PORT008,INS0023,2026-03-18,4874,49.7984,242717.4,-5879.19,EUR,MOCK_FEED
POS00800220260318,PORT008,INS0024,2026-03-18,1154,78.4953,90583.58,2214.91,USD,MOCK_FEED
POS00800320260318,PORT008,INS0025,2026-03-18,4264,23.7581,101304.54,190.54,GBP,MOCK_FEED
POS00800420260318,PORT008,INS0026,2026-03-18,3918,62.1297,243424.16,1716.91,USD,MOCK_FEED
POS00800520260318,PORT008,INS0027,2026-03-18,4704,20.1354,94716.92,534.62,USD,MOCK_FEED
POS00800620260318,PORT008,INS0028,2026-03-18,1430,50.9102,72801.59,646.36,EUR,MOCK_FEED
POS00800720260318,PORT008,INS0029,2026-03-18,4987,19.6008,97749.19,-2085.06,EUR,MOCK_FEED
POS00800820260318,PORT008,INS0030,2026-03-18,3467,50.3937,174714.96,6926.75,EUR,MOCK_FEED
POS00800920260318,PORT008,INS0031,2026-03-18,2307,50.9539,117550.65,1000.18,INR,MOCK_FEED
POS00801020260318,PORT008,INS0032,2026-03-18,425,55.1549,23440.83,44.46,EUR,MOCK_FEED
POS00800120260319,PORT008,INS0023,2026-03-19,2942,49.1411,144573.12,5089.8,GBP,MOCK_FEED
POS00800220260319,PORT008,INS0024,2026-03-19,1055,76.8525,81079.39,-1280.51,INR,MOCK_FEED
POS00800320260319,PORT008,INS0025,2026-03-19,2826,23.5223,66474.02,1530.38,GBP,MOCK_FEED
POS00800420260319,PORT008,INS0026,2026-03-19,1945,61.6651,119938.62,-3356.79,GBP,MOCK_FEED
POS00800520260319,PORT008,INS0027,2026-03-19,4148,20.1805,83708.71,2466.15,EUR,MOCK_FEED
POS00800620260319,PORT008,INS0028,2026-03-19,2560,50.5674,129452.54,-3407.62,GBP,MOCK_FEED
POS00800720260319,PORT008,INS0029,2026-03-19,2447,19.6572,48101.17,516.55,INR,MOCK_FEED
POS00800820260319,PORT008,INS0030,2026-03-19,2108,50.7113,106899.42,660.4,INR,MOCK_FEED
POS00800920260319,PORT008,INS0031,2026-03-19,1725,49.874,86032.65,1772.66,INR,MOCK_FEED
POS00801020260319,PORT008,INS0032,2026-03-19,1712,53.3668,91363.96,1743.27,GBP,MOCK_FEED
POS00800120260320,PORT008,INS0023,2026-03-20,1643,48.4766,79647.05,-2035.29,GBP,MOCK_FEED
POS00800220260320,PORT008,INS0024,2026-03-20,2370,76.5658,181460.95,1224.41,INR,MOCK_FEED
POS00800320260320,PORT008,INS0025,2026-03-20,3681,23.3535,85964.23,2219.94,EUR,MOCK_FEED
POS00800420260320,PORT008,INS0026,2026-03-20,3714,60.7184,225508.14,-6514.99,EUR,MOCK_FEED
POS00800520260320,PORT008,INS0027,2026-03-20,2016,20.7455,41822.93,1175.91,INR,MOCK_FEED
POS00800620260320,PORT008,INS0028,2026-03-20,3077,50.35,154926.95,286.74,USD,MOCK_FEED
POS00800720260320,PORT008,INS0029,2026-03-20,3401,19.6322,66769.11,-689.84,EUR,MOCK_FEED
POS00800820260320,PORT008,INS0030,2026-03-20,1361,49.0461,66751.74,230.79,EUR,MOCK_FEED
POS00800920260320,PORT008,INS0031,2026-03-20,4347,49.2243,213978.03,3509.29,INR,MOCK_FEED
POS00801020260320,PORT008,INS0032,2026-03-20,4869,53.3442,259732.91,-1783.37,INR,MOCK_FEED
POS00800120260321,PORT008,INS0023,2026-03-21,3597,48.5461,174620.32,1902.57,GBP,MOCK_FEED
POS00800220260321,PORT008,INS0024,2026-03-21,447,76.8536,34353.56,166.02,USD,MOCK_FEED
POS00800320260321,PORT008,INS0025,2026-03-21,4892,23.0976,112993.46,1806.05,INR,MOCK_FEED
POS00800420260321,PORT008,INS0026,2026-03-21,1255,60.7725,76269.49,-1551.28,GBP,MOCK_FEED
POS00800520260321,PORT008,INS0027,2026-03-21,2365,20.5954,48708.12,962.6,GBP,MOCK_FEED
POS00800620260321,PORT008,INS0028,2026-03-21,4166,49.8271,207579.7,-1747.32,USD,MOCK_FEED
POS00800720260321,PORT008,INS0029,2026-03-21,1914,19.9,38088.6,143.88,EUR,MOCK_FEED
POS00800820260321,PORT008,INS0030,2026-03-21,2271,49.3212,112008.45,4455.36,EUR,MOCK_FEED
POS00800920260321,PORT008,INS0031,2026-03-21,3163,48.2598,152645.75,499.4,GBP,MOCK_FEED
POS00801020260321,PORT008,INS0032,2026-03-21,4164,54.0569,225092.93,-1507.28,GBP,MOCK_FEED
POS00800120260322,PORT008,INS0023,2026-03-22,2459,48.9139,120279.28,1453.82,USD,MOCK_FEED
POS00800220260322,PORT008,INS0024,2026-03-22,1276,74.9836,95679.07,1025.49,USD,MOCK_FEED
POS00800320260322,PORT008,INS0025,2026-03-22,1701,23.0801,39259.25,-899.81,EUR,MOCK_FEED
POS00800420260322,PORT008,INS0026,2026-03-22,2905,61.9609,179996.41,-4464.3,EUR,MOCK_FEED
POS00800520260322,PORT008,INS0027,2026-03-22,2160,20.8173,44965.37,551.75,EUR,MOCK_FEED
POS00800620260322,PORT008,INS0028,2026-03-22,3051,49.7996,151938.58,-3034.35,GBP,MOCK_FEED
POS00800720260322,PORT008,INS0029,2026-03-22,1655,20.1395,33330.87,369.4,GBP,MOCK_FEED
POS00800820260322,PORT008,INS0030,2026-03-22,641,49.049,31440.41,-737.03,GBP,MOCK_FEED
POS00800920260322,PORT008,INS0031,2026-03-22,242,48.8123,11812.58,70.42,USD,MOCK_FEED
POS00801020260322,PORT008,INS0032,2026-03-22,4647,54.2609,252150.4,-578.41,USD,MOCK_FEED
POS00800120260323,PORT008,INS0023,2026-03-23,2394,48.9737,117243.04,-1448.5,EUR,MOCK_FEED
POS00800220260323,PORT008,INS0024,2026-03-23,1953,75.2107,146886.5,5758.78,INR,MOCK_FEED
POS00800320260323,PORT008,INS0025,2026-03-23,3467,23.3551,80972.13,2944.17,EUR,MOCK_FEED
POS00800420260323,PORT008,INS0026,2026-03-23,1662,61.2673,101826.25,2037.22,EUR,MOCK_FEED
POS00800520260323,PORT008,INS0027,2026-03-23,3761,20.4823,77033.93,1330.15,GBP,MOCK_FEED
POS00800620260323,PORT008,INS0028,2026-03-23,1381,49.8743,68876.41,1354.02,EUR,MOCK_FEED
POS00800720260323,PORT008,INS0029,2026-03-23,3344,20.1847,67497.64,96.83,GBP,MOCK_FEED
POS00800820260323,PORT008,INS0030,2026-03-23,2071,49.1433,101775.77,3063.5,EUR,MOCK_FEED
POS00800920260323,PORT008,INS0031,2026-03-23,2024,48.1417,97438.8,1166.02,GBP,MOCK_FEED
POS00801020260323,PORT008,INS0032,2026-03-23,3604,55.1004,198581.84,6988.33,EUR,MOCK_FEED
POS00800120260324,PORT008,INS0023,2026-03-24,1407,49.1635,69173.04,-390.63,USD,MOCK_FEED
POS00800220260324,PORT008,INS0024,2026-03-24,3866,75.5102,291922.43,5786.7,EUR,MOCK_FEED
POS00800320260324,PORT008,INS0025,2026-03-24,4881,23.3603,114021.62,1010.36,EUR,MOCK_FEED
POS00800420260324,PORT008,INS0026,2026-03-24,3573,60.7224,216961.14,5374.09,INR,MOCK_FEED
POS00800520260324,PORT008,INS0027,2026-03-24,3584,20.7789,74471.58,2756.75,GBP,MOCK_FEED
POS00800620260324,PORT008,INS0028,2026-03-24,3945,50.0842,197582.17,5104.99,EUR,MOCK_FEED
POS00800720260324,PORT008,INS0029,2026-03-24,2836,19.7572,56031.42,-1195.49,GBP,MOCK_FEED
POS00800820260324,PORT008,INS0030,2026-03-24,1653,50.3389,83210.2,1964.71,EUR,MOCK_FEED
POS00800920260324,PORT008,INS0031,2026-03-24,4482,47.8863,214626.4,-6172.75,GBP,MOCK_FEED
POS00801020260324,PORT008,INS0032,2026-03-24,3050,55.8609,170375.74,123.73,INR,MOCK_FEED
POS00800120260325,PORT008,INS0023,2026-03-25,2876,50.0528,143951.85,-1375.46,GBP,MOCK_FEED
POS00800220260325,PORT008,INS0024,2026-03-25,2784,75.0373,208903.84,5913.49,EUR,MOCK_FEED
POS00800320260325,PORT008,INS0025,2026-03-25,4524,23.2478,105173.05,1320.85,EUR,MOCK_FEED
POS00800420260325,PORT008,INS0026,2026-03-25,1846,61.009,112622.61,-1947.42,EUR,MOCK_FEED
POS00800520260325,PORT008,INS0027,2026-03-25,601,20.7105,12447.01,245.43,INR,MOCK_FEED
POS00800620260325,PORT008,INS0028,2026-03-25,4620,48.8257,225574.73,-5912.3,EUR,MOCK_FEED
POS00800720260325,PORT008,INS0029,2026-03-25,594,19.6383,11665.15,-247.63,USD,MOCK_FEED
POS00800820260325,PORT008,INS0030,2026-03-25,3174,49.9968,158689.84,4254.02,EUR,MOCK_FEED
POS00800920260325,PORT008,INS0031,2026-03-25,2952,47.8761,141330.25,73.99,INR,MOCK_FEED
POS00801020260325,PORT008,INS0032,2026-03-25,4787,54.8399,262518.6,-4107.32,USD,MOCK_FEED
POS00800120260326,PORT008,INS0023,2026-03-26,1082,49.6748,53748.13,-470.75,GBP,MOCK_FEED
POS00800220260326,PORT008,INS0024,2026-03-26,3056,75.6796,231276.86,-469.95,INR,MOCK_FEED
POS00800320260326,PORT008,INS0025,2026-03-26,3034,23.7394,72025.34,713.36,EUR,MOCK_FEED
POS00800420260326,PORT008,INS0026,2026-03-26,4013,59.7588,239812.06,6055.67,INR,MOCK_FEED
POS00800520260326,PORT008,INS0027,2026-03-26,2774,20.8002,57699.75,1444.94,GBP,MOCK_FEED
POS00800620260326,PORT008,INS0028,2026-03-26,4007,48.5245,194437.67,5465.72,INR,MOCK_FEED
POS00800720260326,PORT008,INS0029,2026-03-26,3993,20.0285,79973.8,-363.44,USD,MOCK_FEED
POS00800820260326,PORT008,INS0030,2026-03-26,2332,49.7639,116049.41,224.4,INR,MOCK_FEED
POS00800920260326,PORT008,INS0031,2026-03-26,1818,47.7997,86899.85,2373.78,INR,MOCK_FEED
POS00801020260326,PORT008,INS0032,2026-03-26,521,55.5165,28924.1,-801.33,USD,MOCK_FEED
POS00800120260327,PORT008,INS0023,2026-03-27,2387,49.5381,118247.44,-236.34,USD,MOCK_FEED
POS00800220260327,PORT008,INS0024,2026-03-27,3326,74.3476,247280.12,5489.34,INR,MOCK_FEED
POS00800320260327,PORT008,INS0025,2026-03-27,1354,23.7695,32183.9,111.17,EUR,MOCK_FEED
POS00800420260327,PORT008,INS0026,2026-03-27,3660,59.576,218048.16,1477.47,USD,MOCK_FEED
POS00800520260327,PORT008,INS0027,2026-03-27,839,20.6809,17351.28,-18.21,GBP,MOCK_FEED
POS00800620260327,PORT008,INS0028,2026-03-27,747,48.4562,36196.78,-23.24,USD,MOCK_FEED
POS00800720260327,PORT008,INS0029,2026-03-27,4817,20.3489,98020.65,-2624.9,GBP,MOCK_FEED
POS00800820260327,PORT008,INS0030,2026-03-27,3613,49.2771,178038.16,4322.23,USD,MOCK_FEED
POS00800920260327,PORT008,INS0031,2026-03-27,938,48.4586,45454.17,1408.34,INR,MOCK_FEED
POS00801020260327,PORT008,INS0032,2026-03-27,3593,55.4561,199253.77,4413.4,USD,MOCK_FEED
POS00800120260328,PORT008,INS0023,2026-03-28,4388,49.6606,217910.71,-2677.62,GBP,MOCK_FEED
POS00800220260328,PORT008,INS0024,2026-03-28,3315,74.5716,247204.85,9099.64,USD,MOCK_FEED
POS00800320260328,PORT008,INS0025,2026-03-28,1282,24.0717,30859.92,565.68,USD,MOCK_FEED
POS00800420260328,PORT008,INS0026,2026-03-28,371,60.0638,22283.67,658.78,EUR,MOCK_FEED
POS00800520260328,PORT008,INS0027,2026-03-28,2505,20.8199,52153.85,791.21,EUR,MOCK_FEED
POS00800620260328,PORT008,INS0028,2026-03-28,4535,48.5007,219950.67,-2706.14,GBP,MOCK_FEED
POS00800720260328,PORT008,INS0029,2026-03-28,2549,19.9914,50958.08,79.46,EUR,MOCK_FEED
POS00800820260328,PORT008,INS0030,2026-03-28,1776,49.7052,88276.44,-596.45,EUR,MOCK_FEED
POS00800920260328,PORT008,INS0031,2026-03-28,2248,48.9649,110073.1,3089.89,GBP,MOCK_FEED
POS00801020260328,PORT008,INS0032,2026-03-28,833,55.1005,45898.72,-689.05,EUR,MOCK_FEED
POS00800120260329,PORT008,INS0023,2026-03-29,4391,49.3966,216900.47,4986.63,INR,MOCK_FEED
POS00800220260329,PORT008,INS0024,2026-03-29,4222,74.0968,312836.69,2431.73,GBP,MOCK_FEED
POS00800320260329,PORT008,INS0025,2026-03-29,3446,24.0654,82929.37,-996.64,GBP,MOCK_FEED
POS00800420260329,PORT008,INS0026,2026-03-29,3473,59.6513,207168.96,-1533.08,EUR,MOCK_FEED
POS00800520260329,PORT008,INS0027,2026-03-29,3367,20.5641,69239.32,-2028.82,GBP,MOCK_FEED
POS00800620260329,PORT008,INS0028,2026-03-29,4818,49.3451,237744.69,4470.69,EUR,MOCK_FEED
POS00800720260329,PORT008,INS0029,2026-03-29,2550,20.3641,51928.46,2062.28,USD,MOCK_FEED
POS00800820260329,PORT008,INS0030,2026-03-29,2936,49.7126,145956.19,4381.21,USD,MOCK_FEED
POS00800920260329,PORT008,INS0031,2026-03-29,874,48.9478,42780.38,948.07,INR,MOCK_FEED
POS00801020260329,PORT008,INS0032,2026-03-29,1229,55.4162,68106.51,181.62,INR,MOCK_FEED
POS00800120260330,PORT008,INS0023,2026-03-30,4840,49.4447,239312.35,-6130.34,USD,MOCK_FEED
POS00800220260330,PORT008,INS0024,2026-03-30,4721,74.5232,351824.03,-7735.8,GBP,MOCK_FEED
POS00800320260330,PORT008,INS0025,2026-03-30,2930,24.3415,71320.6,818.96,USD,MOCK_FEED
POS00800420260330,PORT008,INS0026,2026-03-30,647,59.2285,38320.84,461.76,GBP,MOCK_FEED
POS00800520260330,PORT008,INS0027,2026-03-30,818,20.2258,16544.7,-428.63,GBP,MOCK_FEED
POS00800620260330,PORT008,INS0028,2026-03-30,1483,48.6648,72169.9,2317.78,INR,MOCK_FEED
POS00800720260330,PORT008,INS0029,2026-03-30,786,20.1718,15855.03,-41.21,GBP,MOCK_FEED
POS00800820260330,PORT008,INS0030,2026-03-30,2301,48.913,112548.81,-1773.39,GBP,MOCK_FEED
POS00800920260330,PORT008,INS0031,2026-03-30,4952,48.9121,242212.72,1760.28,EUR,MOCK_FEED
POS00801020260330,PORT008,INS0032,2026-03-30,3061,55.3709,169490.32,6038.04,GBP,MOCK_FEED
POS00800120260331,PORT008,INS0023,2026-03-31,3845,49.3542,189766.9,-1307.59,GBP,MOCK_FEED
POS00800220260331,PORT008,INS0024,2026-03-31,549,73.6758,40448.01,-862.97,INR,MOCK_FEED
POS00800320260331,PORT008,INS0025,2026-03-31,4384,24.1402,105830.64,-1988.82,INR,MOCK_FEED
POS00800420260331,PORT008,INS0026,2026-03-31,4037,59.3533,239609.27,111.19,INR,MOCK_FEED
POS00800520260331,PORT008,INS0027,2026-03-31,4898,19.7262,96618.93,2185.44,USD,MOCK_FEED
POS00800620260331,PORT008,INS0028,2026-03-31,2464,49.6862,122426.8,-1401.12,INR,MOCK_FEED
POS00800720260331,PORT008,INS0029,2026-03-31,3100,20.4998,63549.38,1265.51,USD,MOCK_FEED
POS00800820260331,PORT008,INS0030,2026-03-31,3082,48.6409,149911.25,2983.73,USD,MOCK_FEED
POS00800920260331,PORT008,INS0031,2026-03-31,2798,48.8711,136741.34,3590.72,INR,MOCK_FEED
POS00801020260331,PORT008,INS0032,2026-03-31,1025,55.705,57097.62,1259.71,USD,MOCK_FEED
POS00800120260401,PORT008,INS0023,2026-04-01,3832,50.4416,193292.21,4036.39,EUR,MOCK_FEED
POS00800220260401,PORT008,INS0024,2026-04-01,3630,74.3349,269835.69,8904.79,GBP,MOCK_FEED
POS00800320260401,PORT008,INS0025,2026-04-01,2475,24.3606,60292.49,-1323.22,GBP,MOCK_FEED
POS00800420260401,PORT008,INS0026,2026-04-01,4936,59.3335,292870.16,-3456.35,INR,MOCK_FEED
POS00800520260401,PORT008,INS0027,2026-04-01,3014,19.9945,60263.42,-245.29,INR,MOCK_FEED
POS00800620260401,PORT008,INS0028,2026-04-01,606,49.2797,29863.5,-391.46,USD,MOCK_FEED
POS00800720260401,PORT008,INS0029,2026-04-01,2158,20.297,43800.93,1387.45,EUR,MOCK_FEED
POS00800820260401,PORT008,INS0030,2026-04-01,2950,49.2133,145179.23,130.31,USD,MOCK_FEED
POS00800920260401,PORT008,INS0031,2026-04-01,3440,49.4172,169995.17,-4362.06,EUR,MOCK_FEED
POS00801020260401,PORT008,INS0032,2026-04-01,1796,55.6723,99987.45,1598.32,EUR,MOCK_FEED
POS00800120260402,PORT008,INS0023,2026-04-02,1632,50.8528,82991.77,682.55,GBP,MOCK_FEED
POS00800220260402,PORT008,INS0024,2026-04-02,444,75.2057,33391.33,92.51,USD,MOCK_FEED
POS00800320260402,PORT008,INS0025,2026-04-02,1228,24.0703,29558.33,-653.98,GBP,MOCK_FEED
POS00800420260402,PORT008,INS0026,2026-04-02,232,59.6377,13835.95,-180.9,EUR,MOCK_FEED
POS00800520260402,PORT008,INS0027,2026-04-02,419,20.0982,8421.15,197.59,USD,MOCK_FEED
POS00800620260402,PORT008,INS0028,2026-04-02,2758,48.2746,133141.35,-2348.27,USD,MOCK_FEED
POS00800720260402,PORT008,INS0029,2026-04-02,2821,20.0354,56519.86,633.2,GBP,MOCK_FEED
POS00800820260402,PORT008,INS0030,2026-04-02,4602,49.2362,226584.99,-1551.79,EUR,MOCK_FEED
POS00800920260402,PORT008,INS0031,2026-04-02,2271,50.8774,115542.58,-3196.05,EUR,MOCK_FEED
POS00801020260402,PORT008,INS0032,2026-04-02,368,55.9135,20576.17,-241.49,USD,MOCK_FEED
POS00800120260403,PORT008,INS0023,2026-04-03,1621,50.8777,82472.75,-1428.84,GBP,MOCK_FEED
POS00800220260403,PORT008,INS0024,2026-04-03,3143,76.7165,241119.96,-797.43,USD,MOCK_FEED
POS00800320260403,PORT008,INS0025,2026-04-03,1435,24.6179,35326.69,779.04,EUR,MOCK_FEED
POS00800420260403,PORT008,INS0026,2026-04-03,483,59.103,28546.75,-104.67,GBP,MOCK_FEED
POS00800520260403,PORT008,INS0027,2026-04-03,1555,19.8798,30913.09,-305.16,USD,MOCK_FEED
POS00800620260403,PORT008,INS0028,2026-04-03,4457,48.9421,218134.94,2199.25,EUR,MOCK_FEED
POS00800720260403,PORT008,INS0029,2026-04-03,3830,19.8475,76015.93,423.85,USD,MOCK_FEED
POS00800820260403,PORT008,INS0030,2026-04-03,1082,49.064,53087.25,1600.23,EUR,MOCK_FEED
POS00800920260403,PORT008,INS0031,2026-04-03,1760,50.9148,89610.05,2041.21,GBP,MOCK_FEED
POS00801020260403,PORT008,INS0032,2026-04-03,3104,55.4341,172067.45,-4124.0,INR,MOCK_FEED
POS00800120260404,PORT008,INS0023,2026-04-04,4782,50.4143,241081.18,-6328.08,EUR,MOCK_FEED
POS00800220260404,PORT008,INS0024,2026-04-04,537,76.9904,41343.84,-1049.42,USD,MOCK_FEED
POS00800320260404,PORT008,INS0025,2026-04-04,222,24.7157,5486.89,25.35,EUR,MOCK_FEED
POS00800420260404,PORT008,INS0026,2026-04-04,1748,58.7957,102774.88,2799.17,USD,MOCK_FEED
POS00800520260404,PORT008,INS0027,2026-04-04,3876,20.0811,77834.34,1463.94,EUR,MOCK_FEED
POS00800620260404,PORT008,INS0028,2026-04-04,2278,48.902,111398.76,4390.42,USD,MOCK_FEED
POS00800720260404,PORT008,INS0029,2026-04-04,4036,19.8087,79947.91,-1154.02,USD,MOCK_FEED
POS00800820260404,PORT008,INS0030,2026-04-04,1088,48.2962,52546.27,1435.73,INR,MOCK_FEED
POS00800920260404,PORT008,INS0031,2026-04-04,3036,50.4909,153290.37,520.96,EUR,MOCK_FEED
POS00801020260404,PORT008,INS0032,2026-04-04,4940,56.2949,278096.81,10648.63,INR,MOCK_FEED
POS00800120260405,PORT008,INS0023,2026-04-05,2421,50.0369,121139.33,763.51,EUR,MOCK_FEED
POS00800220260405,PORT008,INS0024,2026-04-05,1660,75.7635,125767.41,-3701.37,EUR,MOCK_FEED
POS00800320260405,PORT008,INS0025,2026-04-05,4533,24.8163,112492.29,102.01,USD,MOCK_FEED
POS00800420260405,PORT008,INS0026,2026-04-05,2537,59.1123,149967.91,1461.37,EUR,MOCK_FEED
POS00800520260405,PORT008,INS0027,2026-04-05,1961,20.1744,39562.0,-33.95,EUR,MOCK_FEED
POS00800620260405,PORT008,INS0028,2026-04-05,870,47.8259,41608.53,1113.81,INR,MOCK_FEED
POS00800720260405,PORT008,INS0029,2026-04-05,1077,20.1,21647.7,535.87,USD,MOCK_FEED
POS00800820260405,PORT008,INS0030,2026-04-05,4798,47.3024,226956.92,-3941.86,EUR,MOCK_FEED
POS00800920260405,PORT008,INS0031,2026-04-05,3168,51.3511,162680.28,-783.0,USD,MOCK_FEED
POS00801020260405,PORT008,INS0032,2026-04-05,4969,55.9427,277979.28,8534.58,GBP,MOCK_FEED
POS00800120260406,PORT008,INS0023,2026-04-06,2292,50.2102,115081.78,2988.11,EUR,MOCK_FEED
POS00800220260406,PORT008,INS0024,2026-04-06,1794,76.8507,137870.16,93.51,USD,MOCK_FEED
POS00800320260406,PORT008,INS0025,2026-04-06,730,24.9882,18241.39,-47.71,EUR,MOCK_FEED
POS00800420260406,PORT008,INS0026,2026-04-06,4201,59.0127,247912.35,4785.35,USD,MOCK_FEED
POS00800520260406,PORT008,INS0027,2026-04-06,2309,20.332,46946.59,773.81,INR,MOCK_FEED
POS00800620260406,PORT008,INS0028,2026-04-06,2356,48.0267,113150.91,1655.66,GBP,MOCK_FEED
POS00800720260406,PORT008,INS0029,2026-04-06,3032,20.472,62071.1,-538.17,GBP,MOCK_FEED
POS00800820260406,PORT008,INS0030,2026-04-06,2991,47.2089,141201.82,4584.74,GBP,MOCK_FEED
POS00800920260406,PORT008,INS0031,2026-04-06,388,51.8592,20121.37,-311.89,GBP,MOCK_FEED
POS00801020260406,PORT008,INS0032,2026-04-06,1288,57.2323,73715.2,-229.79,INR,MOCK_FEED
POS00800120260407,PORT008,INS0023,2026-04-07,4429,50.2718,222653.8,-5968.96,USD,MOCK_FEED
POS00800220260407,PORT008,INS0024,2026-04-07,2238,76.1991,170533.59,-4460.88,GBP,MOCK_FEED
POS00800320260407,PORT008,INS0025,2026-04-07,746,24.7219,18442.54,-220.92,EUR,MOCK_FEED
POS00800420260407,PORT008,INS0026,2026-04-07,1135,60.0578,68165.6,643.29,USD,MOCK_FEED
POS00800520260407,PORT008,INS0027,2026-04-07,2824,20.7198,58512.72,333.27,USD,MOCK_FEED
POS00800620260407,PORT008,INS0028,2026-04-07,2731,48.5351,132549.36,4163.55,USD,MOCK_FEED
POS00800720260407,PORT008,INS0029,2026-04-07,944,21.1283,19945.12,155.16,INR,MOCK_FEED
POS00800820260407,PORT008,INS0030,2026-04-07,1462,47.6617,69681.41,-1422.17,INR,MOCK_FEED
POS00800920260407,PORT008,INS0031,2026-04-07,2424,50.9698,123550.8,2333.37,GBP,MOCK_FEED
POS00801020260407,PORT008,INS0032,2026-04-07,4478,57.7746,258714.66,5760.5,GBP,MOCK_FEED
POS00800120260408,PORT008,INS0023,2026-04-08,4444,50.1521,222875.93,8394.69,GBP,MOCK_FEED
POS00800220260408,PORT008,INS0024,2026-04-08,4552,74.6355,339740.8,4394.87,GBP,MOCK_FEED
POS00800320260408,PORT008,INS0025,2026-04-08,487,24.822,12088.31,250.06,USD,MOCK_FEED
POS00800420260408,PORT008,INS0026,2026-04-08,3211,58.5331,187949.78,-1273.86,GBP,MOCK_FEED
POS00800520260408,PORT008,INS0027,2026-04-08,2551,20.8313,53140.65,1095.36,USD,MOCK_FEED
POS00800620260408,PORT008,INS0028,2026-04-08,1206,48.8181,58874.63,-355.06,INR,MOCK_FEED
POS00800720260408,PORT008,INS0029,2026-04-08,2347,21.5445,50564.94,-787.13,INR,MOCK_FEED
POS00800820260408,PORT008,INS0030,2026-04-08,770,48.1113,37045.7,1445.67,EUR,MOCK_FEED
POS00800920260408,PORT008,INS0031,2026-04-08,1810,50.3212,91081.37,959.16,INR,MOCK_FEED
POS00801020260408,PORT008,INS0032,2026-04-08,2701,57.7479,155977.08,-175.79,GBP,MOCK_FEED
POS00800120260409,PORT008,INS0023,2026-04-09,2853,50.2717,143425.16,387.76,GBP,MOCK_FEED
POS00800220260409,PORT008,INS0024,2026-04-09,4546,74.9081,340532.22,-4426.12,INR,MOCK_FEED
POS00800320260409,PORT008,INS0025,2026-04-09,415,25.7168,10672.47,-87.67,GBP,MOCK_FEED
POS00800420260409,PORT008,INS0026,2026-04-09,4011,56.711,227467.82,3994.14,GBP,MOCK_FEED
POS00800520260409,PORT008,INS0027,2026-04-09,3269,20.3739,66602.28,859.28,EUR,MOCK_FEED
POS00800620260409,PORT008,INS0028,2026-04-09,690,49.6038,34226.62,818.98,GBP,MOCK_FEED
POS00800720260409,PORT008,INS0029,2026-04-09,2026,21.8559,44280.05,-6.01,INR,MOCK_FEED
POS00800820260409,PORT008,INS0030,2026-04-09,3917,48.0224,188103.74,-1457.69,EUR,MOCK_FEED
POS00800920260409,PORT008,INS0031,2026-04-09,1259,50.7178,63853.71,790.34,EUR,MOCK_FEED
POS00801020260409,PORT008,INS0032,2026-04-09,3651,57.8883,211350.18,1735.48,GBP,MOCK_FEED
POS00800120260410,PORT008,INS0023,2026-04-10,3501,49.5455,173458.8,-3502.75,GBP,MOCK_FEED
POS00800220260410,PORT008,INS0024,2026-04-10,477,75.2122,35876.22,80.57,INR,MOCK_FEED
POS00800320260410,PORT008,INS0025,2026-04-10,558,25.501,14229.56,365.1,USD,MOCK_FEED
POS00800420260410,PORT008,INS0026,2026-04-10,2907,56.9514,165557.72,5207.03,INR,MOCK_FEED
POS00800520260410,PORT008,INS0027,2026-04-10,2877,20.8262,59916.98,458.59,USD,MOCK_FEED
POS00800620260410,PORT008,INS0028,2026-04-10,2336,49.9973,116793.69,456.5,USD,MOCK_FEED
POS00800720260410,PORT008,INS0029,2026-04-10,1445,22.2508,32152.41,-321.68,GBP,MOCK_FEED
POS00800820260410,PORT008,INS0030,2026-04-10,3768,48.356,182205.41,703.02,EUR,MOCK_FEED
POS00800920260410,PORT008,INS0031,2026-04-10,1544,50.4627,77914.41,783.74,EUR,MOCK_FEED
POS00801020260410,PORT008,INS0032,2026-04-10,977,57.818,56488.19,-148.34,USD,MOCK_FEED
POS00800120260411,PORT008,INS0023,2026-04-11,4676,49.6898,232349.5,-58.69,GBP,MOCK_FEED
POS00800220260411,PORT008,INS0024,2026-04-11,445,76.637,34103.47,-693.66,INR,MOCK_FEED
POS00800320260411,PORT008,INS0025,2026-04-11,3935,25.369,99827.01,-44.92,INR,MOCK_FEED
POS00800420260411,PORT008,INS0026,2026-04-11,4256,55.8916,237874.65,-6957.75,INR,MOCK_FEED
POS00800520260411,PORT008,INS0027,2026-04-11,4292,21.0041,90149.6,448.68,USD,MOCK_FEED
POS00800620260411,PORT008,INS0028,2026-04-11,881,49.8246,43895.47,261.05,EUR,MOCK_FEED
POS00800720260411,PORT008,INS0029,2026-04-11,2720,22.4284,61005.25,551.7,EUR,MOCK_FEED
POS00800820260411,PORT008,INS0030,2026-04-11,4609,49.3539,227472.13,6490.48,USD,MOCK_FEED
POS00800920260411,PORT008,INS0031,2026-04-11,4821,50.0251,241171.01,-3245.78,GBP,MOCK_FEED
POS00801020260411,PORT008,INS0032,2026-04-11,3276,57.0919,187033.06,6440.27,USD,MOCK_FEED
POS00800120260412,PORT008,INS0023,2026-04-12,4820,50.6191,243984.06,-3338.16,EUR,MOCK_FEED
POS00800220260412,PORT008,INS0024,2026-04-12,1208,76.8911,92884.45,2536.14,INR,MOCK_FEED
POS00800320260412,PORT008,INS0025,2026-04-12,4458,25.1227,111997.0,1951.43,EUR,MOCK_FEED
POS00800420260412,PORT008,INS0026,2026-04-12,186,54.5435,10145.09,-79.53,USD,MOCK_FEED
POS00800520260412,PORT008,INS0027,2026-04-12,456,20.8964,9528.76,-201.84,USD,MOCK_FEED
POS00800620260412,PORT008,INS0028,2026-04-12,4817,50.0351,241019.08,7737.98,USD,MOCK_FEED
POS00800720260412,PORT008,INS0029,2026-04-12,2588,22.5,58230.0,2328.54,EUR,MOCK_FEED
POS00800820260412,PORT008,INS0030,2026-04-12,3902,50.5022,197059.58,4504.63,USD,MOCK_FEED
POS00800920260412,PORT008,INS0031,2026-04-12,1240,49.9202,61901.05,-1510.14,EUR,MOCK_FEED
POS00801020260412,PORT008,INS0032,2026-04-12,3974,56.5087,224565.57,6800.81,GBP,MOCK_FEED
POS00800120260413,PORT008,INS0023,2026-04-13,4667,49.8027,232429.2,-2310.89,GBP,MOCK_FEED
POS00800220260413,PORT008,INS0024,2026-04-13,3091,77.2946,238917.61,3955.51,USD,MOCK_FEED
POS00800320260413,PORT008,INS0025,2026-04-13,4056,25.0912,101769.91,656.94,INR,MOCK_FEED
POS00800420260413,PORT008,INS0026,2026-04-13,4907,54.271,266307.8,-171.33,USD,MOCK_FEED
POS00800520260413,PORT008,INS0027,2026-04-13,597,20.9967,12535.03,-63.22,USD,MOCK_FEED
POS00800620260413,PORT008,INS0028,2026-04-13,2257,50.3248,113583.07,-2825.36,USD,MOCK_FEED
POS00800720260413,PORT008,INS0029,2026-04-13,3108,22.2661,69203.04,663.38,INR,MOCK_FEED
POS00800820260413,PORT008,INS0030,2026-04-13,1049,51.2804,53793.14,230.28,EUR,MOCK_FEED
POS00800920260413,PORT008,INS0031,2026-04-13,211,50.6638,10690.06,-133.35,EUR,MOCK_FEED
POS00801020260413,PORT008,INS0032,2026-04-13,1460,56.1765,82017.69,-890.95,USD,MOCK_FEED
POS00800120260414,PORT008,INS0023,2026-04-14,1845,49.6912,91680.26,3196.02,INR,MOCK_FEED
POS00800220260414,PORT008,INS0024,2026-04-14,2185,78.3117,171111.06,2022.22,EUR,MOCK_FEED
POS00800320260414,PORT008,INS0025,2026-04-14,457,25.2414,11535.32,-128.07,INR,MOCK_FEED
POS00800420260414,PORT008,INS0026,2026-04-14,2057,54.2017,111492.9,2108.94,EUR,MOCK_FEED
POS00800520260414,PORT008,INS0027,2026-04-14,4291,20.8903,89640.28,-193.78,INR,MOCK_FEED
POS00800620260414,PORT008,INS0028,2026-04-14,2112,49.9319,105456.17,-2494.38,EUR,MOCK_FEED
POS00800720260414,PORT008,INS0029,2026-04-14,4104,22.5705,92629.33,3130.13,INR,MOCK_FEED
POS00800820260414,PORT008,INS0030,2026-04-14,1151,50.0415,57597.77,2009.27,INR,MOCK_FEED
POS00800920260414,PORT008,INS0031,2026-04-14,1065,50.7603,54059.72,-156.07,INR,MOCK_FEED
POS00801020260414,PORT008,INS0032,2026-04-14,2005,56.8018,113887.61,804.83,INR,MOCK_FEED
POS00800120260415,PORT008,INS0023,2026-04-15,2193,50.3962,110518.87,4333.49,INR,MOCK_FEED
POS00800220260415,PORT008,INS0024,2026-04-15,706,79.7101,56275.33,-1111.4,INR,MOCK_FEED
POS00800320260415,PORT008,INS0025,2026-04-15,3319,25.0638,83186.75,289.21,EUR,MOCK_FEED
POS00800420260415,PORT008,INS0026,2026-04-15,827,54.2016,44824.72,341.96,GBP,MOCK_FEED
POS00800520260415,PORT008,INS0027,2026-04-15,1082,21.0284,22752.73,549.52,USD,MOCK_FEED
POS00800620260415,PORT008,INS0028,2026-04-15,2141,50.2638,107614.8,3330.7,USD,MOCK_FEED
POS00800720260415,PORT008,INS0029,2026-04-15,3944,22.2286,87669.6,-13.32,GBP,MOCK_FEED
POS00800820260415,PORT008,INS0030,2026-04-15,4990,50.0013,249506.49,9638.03,GBP,MOCK_FEED
POS00800920260415,PORT008,INS0031,2026-04-15,2503,51.0412,127756.12,-653.63,GBP,MOCK_FEED
POS00801020260415,PORT008,INS0032,2026-04-15,4815,57.3367,276076.21,9434.21,USD,MOCK_FEED
POS00800120260416,PORT008,INS0023,2026-04-16,2007,49.7845,99917.49,349.71,EUR,MOCK_FEED
POS00800220260416,PORT008,INS0024,2026-04-16,3697,79.3645,293410.56,-3926.9,INR,MOCK_FEED
POS00800320260416,PORT008,INS0025,2026-04-16,274,25.0723,6869.81,198.42,GBP,MOCK_FEED
POS00800420260416,PORT008,INS0026,2026-04-16,1088,54.5905,59394.46,-1678.76,EUR,MOCK_FEED
POS00800520260416,PORT008,INS0027,2026-04-16,2531,20.9775,53094.05,510.08,USD,MOCK_FEED
POS00800620260416,PORT008,INS0028,2026-04-16,3315,50.4637,167287.17,534.72,INR,MOCK_FEED
POS00800720260416,PORT008,INS0029,2026-04-16,1112,22.5461,25071.26,255.43,INR,MOCK_FEED
POS00800820260416,PORT008,INS0030,2026-04-16,3100,50.9903,158069.93,1126.56,USD,MOCK_FEED
POS00800920260416,PORT008,INS0031,2026-04-16,4430,50.7624,224877.43,8121.31,USD,MOCK_FEED
POS00801020260416,PORT008,INS0032,2026-04-16,1290,58.3312,75247.25,-1447.44,GBP,MOCK_FEED
POS00800120260417,PORT008,INS0023,2026-04-17,3397,49.9914,169820.79,-3766.86,EUR,MOCK_FEED
POS00800220260417,PORT008,INS0024,2026-04-17,966,79.5066,76803.38,1789.65,USD,MOCK_FEED
POS00800320260417,PORT008,INS0025,2026-04-17,4540,25.4295,115449.93,-1603.73,INR,MOCK_FEED
POS00800420260417,PORT008,INS0026,2026-04-17,4875,54.5786,266070.67,-5487.6,EUR,MOCK_FEED
POS00800520260417,PORT008,INS0027,2026-04-17,973,21.0659,20497.12,-140.87,USD,MOCK_FEED
POS00800620260417,PORT008,INS0028,2026-04-17,1415,49.8571,70547.8,-1360.04,INR,MOCK_FEED
POS00800720260417,PORT008,INS0029,2026-04-17,2019,22.0301,44478.77,7.14,GBP,MOCK_FEED
POS00800820260417,PORT008,INS0030,2026-04-17,4717,51.1481,241265.59,-2755.66,EUR,MOCK_FEED
POS00800920260417,PORT008,INS0031,2026-04-17,1054,50.7277,53467.0,-1321.91,EUR,MOCK_FEED
POS00801020260417,PORT008,INS0032,2026-04-17,1445,58.6987,84819.62,633.37,EUR,MOCK_FEED
POS00800120260418,PORT008,INS0023,2026-04-18,3666,49.8218,182646.72,5313.81,USD,MOCK_FEED
POS00800220260418,PORT008,INS0024,2026-04-18,2829,79.5056,224921.34,8768.52,USD,MOCK_FEED
POS00800320260418,PORT008,INS0025,2026-04-18,2883,25.4304,73315.84,2503.04,EUR,MOCK_FEED
POS00800420260418,PORT008,INS0026,2026-04-18,4932,54.5146,268866.01,2396.4,GBP,MOCK_FEED
POS00800520260418,PORT008,INS0027,2026-04-18,156,21.4855,3351.74,120.05,EUR,MOCK_FEED
POS00800620260418,PORT008,INS0028,2026-04-18,738,49.1776,36293.07,335.88,EUR,MOCK_FEED
POS00800720260418,PORT008,INS0029,2026-04-18,144,21.9933,3167.04,-79.22,USD,MOCK_FEED
POS00800820260418,PORT008,INS0030,2026-04-18,465,50.8301,23636.0,-551.87,EUR,MOCK_FEED
POS00800920260418,PORT008,INS0031,2026-04-18,1707,51.0398,87124.94,196.46,USD,MOCK_FEED
POS00801020260418,PORT008,INS0032,2026-04-18,563,58.4259,32893.78,365.44,INR,MOCK_FEED
POS00800120260419,PORT008,INS0023,2026-04-19,1385,50.0505,69319.94,454.44,USD,MOCK_FEED
POS00800220260419,PORT008,INS0024,2026-04-19,3616,79.199,286383.58,6480.73,INR,MOCK_FEED
POS00800320260419,PORT008,INS0025,2026-04-19,4993,25.8634,129135.96,3185.86,EUR,MOCK_FEED
POS00800420260419,PORT008,INS0026,2026-04-19,3812,54.7006,208518.69,3482.32,USD,MOCK_FEED
POS00800520260419,PORT008,INS0027,2026-04-19,3506,22.0108,77169.86,774.8,EUR,MOCK_FEED
POS00800620260419,PORT008,INS0028,2026-04-19,3014,48.8721,147300.51,1226.88,INR,MOCK_FEED
POS00800720260419,PORT008,INS0029,2026-04-19,1993,21.6579,43164.19,1704.64,GBP,MOCK_FEED
POS00800820260419,PORT008,INS0030,2026-04-19,4066,50.9265,207067.15,-2125.56,EUR,MOCK_FEED
POS00800920260419,PORT008,INS0031,2026-04-19,2920,50.6192,147808.06,-230.92,GBP,MOCK_FEED
POS00801020260419,PORT008,INS0032,2026-04-19,3805,57.8424,220090.33,4028.64,EUR,MOCK_FEED
POS00900120250419,PORT009,INS0026,2025-04-19,3226,44.4798,143491.83,3690.05,EUR,MOCK_FEED
POS00900220250419,PORT009,INS0027,2025-04-19,3718,15.2501,56699.87,-787.53,USD,MOCK_FEED
POS00900320250419,PORT009,INS0028,2025-04-19,3986,44.0945,175760.68,237.59,EUR,MOCK_FEED
POS00900420250419,PORT009,INS0029,2025-04-19,852,23.0292,19620.88,-459.84,EUR,MOCK_FEED
POS00900520250419,PORT009,INS0030,2025-04-19,4421,42.9026,189672.39,1613.18,EUR,MOCK_FEED
POS00900620250419,PORT009,INS0031,2025-04-19,1909,34.0891,65076.09,2168.86,USD,MOCK_FEED
POS00900720250419,PORT009,INS0032,2025-04-19,3115,54.3072,169166.93,5988.64,EUR,MOCK_FEED
POS00900820250419,PORT009,INS0033,2025-04-19,4715,27.4995,129660.14,-826.15,USD,MOCK_FEED
POS00900920250419,PORT009,INS0034,2025-04-19,4762,42.8905,204244.56,4178.83,EUR,MOCK_FEED
POS00901020250419,PORT009,INS0035,2025-04-19,1404,10.4272,14639.79,-273.85,GBP,MOCK_FEED
POS00900120250420,PORT009,INS0026,2025-04-20,4557,44.2854,201808.57,-1218.54,USD,MOCK_FEED
POS00900220250420,PORT009,INS0027,2025-04-20,4077,15.0426,61328.68,2294.09,USD,MOCK_FEED
POS00900320250420,PORT009,INS0028,2025-04-20,4159,44.1436,183593.23,-746.9,USD,MOCK_FEED
POS00900420250420,PORT009,INS0029,2025-04-20,3627,23.401,84875.43,1135.88,USD,MOCK_FEED
POS00900520250420,PORT009,INS0030,2025-04-20,3244,42.758,138706.95,3094.76,INR,MOCK_FEED
POS00900620250420,PORT009,INS0031,2025-04-20,2815,33.8887,95396.69,2380.16,USD,MOCK_FEED
POS00900720250420,PORT009,INS0032,2025-04-20,2378,54.7026,130082.78,1890.1,GBP,MOCK_FEED
POS00900820250420,PORT009,INS0033,2025-04-20,236,27.6509,6525.61,-141.15,USD,MOCK_FEED
POS00900920250420,PORT009,INS0034,2025-04-20,3450,42.3579,146134.76,4966.37,USD,MOCK_FEED
POS00901020250420,PORT009,INS0035,2025-04-20,4947,10.6167,52520.81,-188.36,USD,MOCK_FEED
POS00900120250421,PORT009,INS0026,2025-04-21,2699,44.3815,119785.67,1597.28,GBP,MOCK_FEED
POS00900220250421,PORT009,INS0027,2025-04-21,3618,14.8364,53678.1,-781.23,USD,MOCK_FEED
POS00900320250421,PORT009,INS0028,2025-04-21,1776,43.8426,77864.46,-83.94,INR,MOCK_FEED
POS00900420250421,PORT009,INS0029,2025-04-21,1845,23.8234,43954.17,55.86,EUR,MOCK_FEED
POS00900520250421,PORT009,INS0030,2025-04-21,817,41.6156,33999.95,-721.88,INR,MOCK_FEED
POS00900620250421,PORT009,INS0031,2025-04-21,311,34.4464,10712.83,-132.08,USD,MOCK_FEED
POS00900720250421,PORT009,INS0032,2025-04-21,1781,54.5483,97150.52,1932.16,EUR,MOCK_FEED
POS00900820250421,PORT009,INS0033,2025-04-21,2606,27.7605,72343.86,-1225.84,EUR,MOCK_FEED
POS00900920250421,PORT009,INS0034,2025-04-21,3142,41.9717,131875.08,-2073.37,GBP,MOCK_FEED
POS00901020250421,PORT009,INS0035,2025-04-21,1649,10.6098,17495.56,156.76,INR,MOCK_FEED
POS00900120250422,PORT009,INS0026,2025-04-22,1796,44.1457,79285.68,-984.83,GBP,MOCK_FEED
POS00900220250422,PORT009,INS0027,2025-04-22,4294,15.2513,65489.08,-1705.95,INR,MOCK_FEED
POS00900320250422,PORT009,INS0028,2025-04-22,2758,44.1749,121834.37,-3508.58,INR,MOCK_FEED
POS00900420250422,PORT009,INS0029,2025-04-22,592,24.2373,14348.48,-136.62,USD,MOCK_FEED
POS00900520250422,PORT009,INS0030,2025-04-22,1788,41.7579,74663.13,1651.27,INR,MOCK_FEED
POS00900620250422,PORT009,INS0031,2025-04-22,3403,34.247,116542.54,220.23,INR,MOCK_FEED
POS00900720250422,PORT009,INS0032,2025-04-22,781,55.1368,43061.84,-1072.63,EUR,MOCK_FEED
POS00900820250422,PORT009,INS0033,2025-04-22,2074,27.7155,57481.95,1498.78,GBP,MOCK_FEED
POS00900920250422,PORT009,INS0034,2025-04-22,1962,41.7448,81903.3,-1449.07,USD,MOCK_FEED
POS00901020250422,PORT009,INS0035,2025-04-22,3500,10.373,36305.5,-825.97,USD,MOCK_FEED
POS00900120250423,PORT009,INS0026,2025-04-23,2616,44.425,116215.8,3020.28,EUR,MOCK_FEED
POS00900220250423,PORT009,INS0027,2025-04-23,857,15.1038,12943.96,409.01,EUR,MOCK_FEED
POS00900320250423,PORT009,INS0028,2025-04-23,3181,44.9117,142864.12,4044.91,USD,MOCK_FEED
POS00900420250423,PORT009,INS0029,2025-04-23,4403,24.1229,106213.13,1232.09,USD,MOCK_FEED
POS00900520250423,PORT009,INS0030,2025-04-23,1474,43.056,63464.54,2114.6,GBP,MOCK_FEED
POS00900620250423,PORT009,INS0031,2025-04-23,2558,34.702,88767.72,968.68,INR,MOCK_FEED
POS00900720250423,PORT009,INS0032,2025-04-23,4671,54.7343,255663.92,4613.85,EUR,MOCK_FEED
POS00900820250423,PORT009,INS0033,2025-04-23,1677,27.2097,45630.67,-1315.72,EUR,MOCK_FEED
POS00900920250423,PORT009,INS0034,2025-04-23,4295,42.3291,181803.48,813.43,INR,MOCK_FEED
POS00901020250423,PORT009,INS0035,2025-04-23,1191,10.1772,12121.05,77.61,INR,MOCK_FEED
POS00900120250424,PORT009,INS0026,2025-04-24,654,43.6904,28573.52,-36.76,USD,MOCK_FEED
POS00900220250424,PORT009,INS0027,2025-04-24,2032,15.2831,31055.26,520.27,GBP,MOCK_FEED
POS00900320250424,PORT009,INS0028,2025-04-24,1241,44.3249,55007.2,-1233.63,GBP,MOCK_FEED
POS00900420250424,PORT009,INS0029,2025-04-24,4524,23.7014,107225.13,-1141.86,EUR,MOCK_FEED
POS00900520250424,PORT009,INS0030,2025-04-24,3571,43.2475,154436.82,3599.95,EUR,MOCK_FEED
POS00900620250424,PORT009,INS0031,2025-04-24,1652,34.8582,57585.75,-1486.33,INR,MOCK_FEED
POS00900720250424,PORT009,INS0032,2025-04-24,1400,55.943,78320.2,-603.41,EUR,MOCK_FEED
POS00900820250424,PORT009,INS0033,2025-04-24,3106,27.6298,85818.16,-181.68,USD,MOCK_FEED
POS00900920250424,PORT009,INS0034,2025-04-24,936,42.3493,39638.94,-495.28,GBP,MOCK_FEED
POS00901020250424,PORT009,INS0035,2025-04-24,4961,10.2757,50977.75,-374.17,EUR,MOCK_FEED
POS00900120250425,PORT009,INS0026,2025-04-25,2068,44.3202,91654.17,-990.46,USD,MOCK_FEED
POS00900220250425,PORT009,INS0027,2025-04-25,4584,15.382,70511.09,-1275.69,INR,MOCK_FEED
POS00900320250425,PORT009,INS0028,2025-04-25,1948,43.4827,84704.3,1517.26,USD,MOCK_FEED
POS00900420250425,PORT009,INS0029,2025-04-25,352,24.0334,8459.76,-122.93,GBP,MOCK_FEED
POS00900520250425,PORT009,INS0030,2025-04-25,2933,44.8872,131654.16,2045.46,USD,MOCK_FEED
POS00900620250425,PORT009,INS0031,2025-04-25,1229,35.1267,43170.71,174.17,GBP,MOCK_FEED
POS00900720250425,PORT009,INS0032,2025-04-25,3085,55.1656,170185.88,2438.44,EUR,MOCK_FEED
POS00900820250425,PORT009,INS0033,2025-04-25,3599,27.2702,98145.45,2543.6,EUR,MOCK_FEED
POS00900920250425,PORT009,INS0034,2025-04-25,949,42.7801,40598.31,-229.71,GBP,MOCK_FEED
POS00901020250425,PORT009,INS0035,2025-04-25,2980,10.5074,31312.05,-578.46,EUR,MOCK_FEED
POS00900120250426,PORT009,INS0026,2025-04-26,2212,43.694,96651.13,2955.17,USD,MOCK_FEED
POS00900220250426,PORT009,INS0027,2025-04-26,1937,15.5482,30116.86,-480.72,EUR,MOCK_FEED
POS00900320250426,PORT009,INS0028,2025-04-26,3852,43.378,167092.06,-1744.23,EUR,MOCK_FEED
POS00900420250426,PORT009,INS0029,2025-04-26,3454,24.2004,83588.18,1188.77,USD,MOCK_FEED
POS00900520250426,PORT009,INS0030,2025-04-26,408,45.0263,18370.73,509.94,EUR,MOCK_FEED
POS00900620250426,PORT009,INS0031,2025-04-26,3424,35.3055,120886.03,-2046.99,EUR,MOCK_FEED
POS00900720250426,PORT009,INS0032,2025-04-26,676,54.1711,36619.66,511.27,EUR,MOCK_FEED
POS00900820250426,PORT009,INS0033,2025-04-26,555,27.5994,15317.67,-431.83,USD,MOCK_FEED
POS00900920250426,PORT009,INS0034,2025-04-26,393,43.2581,17000.43,-185.6,GBP,MOCK_FEED
POS00901020250426,PORT009,INS0035,2025-04-26,4693,10.4719,49144.63,-319.79,GBP,MOCK_FEED
POS00900120250427,PORT009,INS0026,2025-04-27,2732,42.6704,116575.53,3096.8,EUR,MOCK_FEED
POS00900220250427,PORT009,INS0027,2025-04-27,1958,15.8899,31112.42,1069.51,EUR,MOCK_FEED
POS00900320250427,PORT009,INS0028,2025-04-27,3397,44.1277,149901.8,-4297.03,INR,MOCK_FEED
POS00900420250427,PORT009,INS0029,2025-04-27,605,24.2466,14669.19,-18.31,EUR,MOCK_FEED
POS00900520250427,PORT009,INS0030,2025-04-27,2078,44.5905,92659.06,1885.0,GBP,MOCK_FEED
POS00900620250427,PORT009,INS0031,2025-04-27,3836,35.0726,134538.49,4556.32,GBP,MOCK_FEED
POS00900720250427,PORT009,INS0032,2025-04-27,2352,54.7443,128758.59,1737.6,INR,MOCK_FEED
POS00900820250427,PORT009,INS0033,2025-04-27,900,28.0911,25281.99,-306.11,USD,MOCK_FEED
POS00900920250427,PORT009,INS0034,2025-04-27,3027,43.4527,131531.32,1491.16,INR,MOCK_FEED
POS00901020250427,PORT009,INS0035,2025-04-27,4519,10.3112,46596.31,1154.66,INR,MOCK_FEED
POS00900120250428,PORT009,INS0026,2025-04-28,2173,43.2565,93996.37,496.32,INR,MOCK_FEED
POS00900220250428,PORT009,INS0027,2025-04-28,1522,16.3132,24828.69,400.53,GBP,MOCK_FEED
POS00900320250428,PORT009,INS0028,2025-04-28,4257,43.9628,187149.64,-4915.73,EUR,MOCK_FEED
POS00900420250428,PORT009,INS0029,2025-04-28,4856,24.4885,118916.16,2267.9,INR,MOCK_FEED
POS00900520250428,PORT009,INS0030,2025-04-28,2388,45.5265,108717.28,-511.08,USD,MOCK_FEED
POS00900620250428,PORT009,INS0031,2025-04-28,235,35.3949,8317.8,-184.65,EUR,MOCK_FEED
POS00900720250428,PORT009,INS0032,2025-04-28,2953,54.4903,160909.86,1774.49,INR,MOCK_FEED
POS00900820250428,PORT009,INS0033,2025-04-28,4742,27.5547,130664.39,823.98,USD,MOCK_FEED
POS00900920250428,PORT009,INS0034,2025-04-28,1914,43.3402,82953.14,2529.29,USD,MOCK_FEED
POS00901020250428,PORT009,INS0035,2025-04-28,1027,10.3291,10607.99,-95.91,EUR,MOCK_FEED
POS00900120250429,PORT009,INS0026,2025-04-29,316,43.1555,13637.14,344.9,GBP,MOCK_FEED
POS00900220250429,PORT009,INS0027,2025-04-29,1285,16.4138,21091.73,-235.59,INR,MOCK_FEED
POS00900320250429,PORT009,INS0028,2025-04-29,2759,43.761,120736.6,2779.99,USD,MOCK_FEED
POS00900420250429,PORT009,INS0029,2025-04-29,508,24.2636,12325.91,313.22,INR,MOCK_FEED
POS00900520250429,PORT009,INS0030,2025-04-29,3012,46.4698,139967.04,4337.37,USD,MOCK_FEED
POS00900620250429,PORT009,INS0031,2025-04-29,4982,35.7692,178202.15,1488.67,USD,MOCK_FEED
POS00900720250429,PORT009,INS0032,2025-04-29,2230,55.3944,123529.51,-2688.07,GBP,MOCK_FEED
POS00900820250429,PORT009,INS0033,2025-04-29,3663,26.9484,98711.99,2043.06,GBP,MOCK_FEED
POS00900920250429,PORT009,INS0034,2025-04-29,574,43.881,25187.69,-240.4,INR,MOCK_FEED
POS00901020250429,PORT009,INS0035,2025-04-29,2483,10.3066,25591.29,-234.16,GBP,MOCK_FEED
POS00900120250430,PORT009,INS0026,2025-04-30,1080,43.0512,46495.3,-1103.62,GBP,MOCK_FEED
POS00900220250430,PORT009,INS0027,2025-04-30,2636,16.1742,42635.19,1119.48,USD,MOCK_FEED
POS00900320250430,PORT009,INS0028,2025-04-30,3045,44.4683,135405.97,1943.92,USD,MOCK_FEED
POS00900420250430,PORT009,INS0029,2025-04-30,1682,24.4008,41042.15,-381.62,GBP,MOCK_FEED
POS00900520250430,PORT009,INS0030,2025-04-30,1641,46.0951,75642.06,1744.42,GBP,MOCK_FEED
POS00900620250430,PORT009,INS0031,2025-04-30,2594,35.674,92538.36,2641.37,EUR,MOCK_FEED
POS00900720250430,PORT009,INS0032,2025-04-30,3840,55.7017,213894.53,-492.46,INR,MOCK_FEED
POS00900820250430,PORT009,INS0033,2025-04-30,4360,27.7231,120872.72,1601.39,GBP,MOCK_FEED
POS00900920250430,PORT009,INS0034,2025-04-30,2209,43.9541,97094.61,479.77,GBP,MOCK_FEED
POS00901020250430,PORT009,INS0035,2025-04-30,3480,10.2879,35801.89,1166.77,USD,MOCK_FEED
POS00900120250501,PORT009,INS0026,2025-05-01,4363,43.2215,188575.4,4077.67,EUR,MOCK_FEED
POS00900220250501,PORT009,INS0027,2025-05-01,3152,15.9856,50386.61,1633.72,INR,MOCK_FEED
POS00900320250501,PORT009,INS0028,2025-05-01,3114,44.704,139208.26,5484.79,EUR,MOCK_FEED
POS00900420250501,PORT009,INS0029,2025-05-01,812,24.3875,19802.65,3.97,EUR,MOCK_FEED
POS00900520250501,PORT009,INS0030,2025-05-01,4560,45.6744,208275.26,8110.54,EUR,MOCK_FEED
POS00900620250501,PORT009,INS0031,2025-05-01,1342,35.8522,48113.65,-1006.11,INR,MOCK_FEED
POS00900720250501,PORT009,INS0032,2025-05-01,3375,56.7378,191490.08,-5107.56,INR,MOCK_FEED
POS00900820250501,PORT009,INS0033,2025-05-01,1327,27.2,36094.4,-347.93,GBP,MOCK_FEED
POS00900920250501,PORT009,INS0034,2025-05-01,3012,44.1613,133013.84,269.57,USD,MOCK_FEED
POS00901020250501,PORT009,INS0035,2025-05-01,542,10.2311,5545.26,-42.17,INR,MOCK_FEED
POS00900120250502,PORT009,INS0026,2025-05-02,4978,42.8517,213315.76,2258.03,EUR,MOCK_FEED
POS00900220250502,PORT009,INS0027,2025-05-02,3171,15.7627,49983.52,-1204.43,EUR,MOCK_FEED
POS00900320250502,PORT009,INS0028,2025-05-02,2916,44.411,129502.48,1891.87,GBP,MOCK_FEED
POS00900420250502,PORT009,INS0029,2025-05-02,2527,24.7847,62630.94,1461.94,INR,MOCK_FEED
POS00900520250502,PORT009,INS0030,2025-05-02,2563,45.7903,117360.54,3546.4,INR,MOCK_FEED
POS00900620250502,PORT009,INS0031,2025-05-02,3327,35.5696,118340.06,3181.0,INR,MOCK_FEED
POS00900720250502,PORT009,INS0032,2025-05-02,842,56.8576,47874.1,1337.55,INR,MOCK_FEED
POS00900820250502,PORT009,INS0033,2025-05-02,1508,27.0016,40718.41,-879.33,INR,MOCK_FEED
POS00900920250502,PORT009,INS0034,2025-05-02,2639,44.9842,118713.3,-1188.74,USD,MOCK_FEED
POS00901020250502,PORT009,INS0035,2025-05-02,1201,10.2225,12277.22,-259.06,USD,MOCK_FEED
POS00900120250503,PORT009,INS0026,2025-05-03,3031,42.8221,129793.79,1941.5,EUR,MOCK_FEED
POS00900220250503,PORT009,INS0027,2025-05-03,2092,15.7627,32975.57,-407.79,EUR,MOCK_FEED
POS00900320250503,PORT009,INS0028,2025-05-03,3143,44.431,139646.63,-3771.32,INR,MOCK_FEED
POS00900420250503,PORT009,INS0029,2025-05-03,3128,24.5501,76792.71,-409.7,USD,MOCK_FEED
POS00900520250503,PORT009,INS0030,2025-05-03,263,46.0304,12106.0,-89.73,INR,MOCK_FEED
POS00900620250503,PORT009,INS0031,2025-05-03,402,35.7691,14379.18,-286.66,GBP,MOCK_FEED
POS00900720250503,PORT009,INS0032,2025-05-03,4075,56.6412,230812.89,99.31,INR,MOCK_FEED
POS00900820250503,PORT009,INS0033,2025-05-03,1093,26.6514,29129.98,-417.09,USD,MOCK_FEED
POS00900920250503,PORT009,INS0034,2025-05-03,1954,44.7384,87418.83,1505.51,INR,MOCK_FEED
POS00901020250503,PORT009,INS0035,2025-05-03,1119,10.1764,11387.39,114.26,GBP,MOCK_FEED
POS00900120250504,PORT009,INS0026,2025-05-04,784,42.9248,33653.04,920.13,USD,MOCK_FEED
POS00900220250504,PORT009,INS0027,2025-05-04,1217,16.021,19497.56,355.33,EUR,MOCK_FEED
POS00900320250504,PORT009,INS0028,2025-05-04,1221,43.84,53528.64,-616.38,INR,MOCK_FEED
POS00900420250504,PORT009,INS0029,2025-05-04,1924,24.525,47186.1,1082.56,EUR,MOCK_FEED
POS00900520250504,PORT009,INS0030,2025-05-04,4172,46.7236,194930.86,-4242.88,GBP,MOCK_FEED
POS00900620250504,PORT009,INS0031,2025-05-04,3559,36.0864,128431.5,3278.08,GBP,MOCK_FEED
POS00900720250504,PORT009,INS0032,2025-05-04,864,56.6964,48985.69,1922.29,INR,MOCK_FEED
POS00900820250504,PORT009,INS0033,2025-05-04,1280,26.3212,33691.14,1327.44,EUR,MOCK_FEED
POS00900920250504,PORT009,INS0034,2025-05-04,966,44.5939,43077.71,-818.69,GBP,MOCK_FEED
POS00901020250504,PORT009,INS0035,2025-05-04,3896,10.0947,39328.95,-13.57,INR,MOCK_FEED
POS00900120250505,PORT009,INS0026,2025-05-05,2600,43.2481,112445.06,-866.43,USD,MOCK_FEED
POS00900220250505,PORT009,INS0027,2025-05-05,3423,16.1753,55368.05,-1122.17,USD,MOCK_FEED
POS00900320250505,PORT009,INS0028,2025-05-05,583,44.5516,25973.58,847.83,GBP,MOCK_FEED
POS00900420250505,PORT009,INS0029,2025-05-05,841,24.3169,20450.51,-148.85,EUR,MOCK_FEED
POS00900520250505,PORT009,INS0030,2025-05-05,1518,47.3805,71923.6,2469.87,GBP,MOCK_FEED
POS00900620250505,PORT009,INS0031,2025-05-05,412,36.4602,15021.6,-27.25,USD,MOCK_FEED
POS00900720250505,PORT009,INS0032,2025-05-05,4812,55.0204,264758.16,-4296.06,EUR,MOCK_FEED
POS00900820250505,PORT009,INS0033,2025-05-05,818,26.2455,21468.82,584.57,INR,MOCK_FEED
POS00900920250505,PORT009,INS0034,2025-05-05,3761,45.1273,169723.78,905.59,INR,MOCK_FEED
POS00901020250505,PORT009,INS0035,2025-05-05,1971,10.0429,19794.56,279.98,USD,MOCK_FEED
POS00900120250506,PORT009,INS0026,2025-05-06,3781,43.6675,165106.82,-3618.06,INR,MOCK_FEED
POS00900220250506,PORT009,INS0027,2025-05-06,3355,16.0971,54005.77,-650.56,GBP,MOCK_FEED
POS00900320250506,PORT009,INS0028,2025-05-06,4452,44.1022,196342.99,307.79,GBP,MOCK_FEED
POS00900420250506,PORT009,INS0029,2025-05-06,1869,23.6677,44234.93,486.91,EUR,MOCK_FEED
POS00900520250506,PORT009,INS0030,2025-05-06,1564,46.7986,73193.01,2438.04,GBP,MOCK_FEED
POS00900620250506,PORT009,INS0031,2025-05-06,2932,35.8175,105016.91,-2793.02,GBP,MOCK_FEED
POS00900720250506,PORT009,INS0032,2025-05-06,2679,54.6501,146407.62,1141.85,USD,MOCK_FEED
POS00900820250506,PORT009,INS0033,2025-05-06,2321,26.2032,60817.63,-539.14,GBP,MOCK_FEED
POS00900920250506,PORT009,INS0034,2025-05-06,248,45.5386,11293.57,-134.83,EUR,MOCK_FEED
POS00901020250506,PORT009,INS0035,2025-05-06,3149,10.2154,32168.29,-461.33,USD,MOCK_FEED
POS00900120250507,PORT009,INS0026,2025-05-07,3182,44.0248,140086.91,4864.76,INR,MOCK_FEED
POS00900220250507,PORT009,INS0027,2025-05-07,2552,15.9628,40737.07,-945.21,USD,MOCK_FEED
POS00900320250507,PORT009,INS0028,2025-05-07,1663,43.326,72051.14,-221.07,GBP,MOCK_FEED
POS00900420250507,PORT009,INS0029,2025-05-07,1513,23.7164,35882.91,-750.34,USD,MOCK_FEED
POS00900520250507,PORT009,INS0030,2025-05-07,1027,48.314,49618.48,206.4,USD,MOCK_FEED
POS00900620250507,PORT009,INS0031,2025-05-07,4214,36.6394,154398.43,6045.5,EUR,MOCK_FEED
POS00900720250507,PORT009,INS0032,2025-05-07,1057,54.4565,57560.52,-1405.92,USD,MOCK_FEED
POS00900820250507,PORT009,INS0033,2025-05-07,2585,26.2964,67976.19,-803.12,GBP,MOCK_FEED
POS00900920250507,PORT009,INS0034,2025-05-07,1914,46.3813,88773.81,2964.36,EUR,MOCK_FEED
POS00901020250507,PORT009,INS0035,2025-05-07,3192,10.4052,33213.4,-807.8,INR,MOCK_FEED
POS00900120250508,PORT009,INS0026,2025-05-08,2036,43.8831,89345.99,-1203.14,GBP,MOCK_FEED
POS00900220250508,PORT009,INS0027,2025-05-08,1576,15.9421,25124.75,-586.6,USD,MOCK_FEED
POS00900320250508,PORT009,INS0028,2025-05-08,2151,43.4137,93382.87,-2578.66,GBP,MOCK_FEED
POS00900420250508,PORT009,INS0029,2025-05-08,3269,23.5499,76984.62,-681.1,GBP,MOCK_FEED
POS00900520250508,PORT009,INS0030,2025-05-08,4611,48.5081,223670.85,6209.09,USD,MOCK_FEED
POS00900620250508,PORT009,INS0031,2025-05-08,4052,37.5709,152237.29,-2449.34,GBP,MOCK_FEED
POS00900720250508,PORT009,INS0032,2025-05-08,1774,54.2587,96254.93,-91.74,EUR,MOCK_FEED
POS00900820250508,PORT009,INS0033,2025-05-08,3923,26.2729,103068.59,-2646.44,USD,MOCK_FEED
POS00900920250508,PORT009,INS0034,2025-05-08,348,45.8619,15959.94,-260.61,USD,MOCK_FEED
POS00901020250508,PORT009,INS0035,2025-05-08,832,10.4216,8670.77,10.49,GBP,MOCK_FEED
POS00900120250509,PORT009,INS0026,2025-05-09,1328,44.1254,58598.53,638.79,GBP,MOCK_FEED
POS00900220250509,PORT009,INS0027,2025-05-09,3962,15.775,62500.55,1194.89,INR,MOCK_FEED
POS00900320250509,PORT009,INS0028,2025-05-09,4399,44.2727,194755.61,1424.44,USD,MOCK_FEED
POS00900420250509,PORT009,INS0029,2025-05-09,3801,23.1427,87965.4,2949.94,GBP,MOCK_FEED
POS00900520250509,PORT009,INS0030,2025-05-09,812,47.6706,38708.53,649.31,GBP,MOCK_FEED
POS00900620250509,PORT009,INS0031,2025-05-09,3581,37.1119,132897.71,-2312.07,INR,MOCK_FEED
POS00900720250509,PORT009,INS0032,2025-05-09,2245,55.0083,123493.63,4326.25,INR,MOCK_FEED
POS00900820250509,PORT009,INS0033,2025-05-09,149,25.5517,3807.2,45.78,GBP,MOCK_FEED
POS00900920250509,PORT009,INS0034,2025-05-09,1078,44.9234,48427.43,1369.09,GBP,MOCK_FEED
POS00901020250509,PORT009,INS0035,2025-05-09,3840,10.5176,40387.58,-779.8,EUR,MOCK_FEED
POS00900120250510,PORT009,INS0026,2025-05-10,692,44.1055,30521.01,138.34,EUR,MOCK_FEED
POS00900220250510,PORT009,INS0027,2025-05-10,2930,16.1879,47430.55,579.41,INR,MOCK_FEED
POS00900320250510,PORT009,INS0028,2025-05-10,1463,43.8658,64175.67,535.67,INR,MOCK_FEED
POS00900420250510,PORT009,INS0029,2025-05-10,4375,23.1584,101318.0,-2367.61,GBP,MOCK_FEED
POS00900520250510,PORT009,INS0030,2025-05-10,3283,48.0656,157799.36,-1726.29,EUR,MOCK_FEED
POS00900620250510,PORT009,INS0031,2025-05-10,771,37.6158,29001.78,-312.35,EUR,MOCK_FEED
POS00900720250510,PORT009,INS0032,2025-05-10,1654,54.5574,90237.94,161.44,INR,MOCK_FEED
POS00900820250510,PORT009,INS0033,2025-05-10,3458,25.0551,86640.54,-1706.2,GBP,MOCK_FEED
POS00900920250510,PORT009,INS0034,2025-05-10,149,44.8176,6677.82,178.43,EUR,MOCK_FEED
POS00901020250510,PORT009,INS0035,2025-05-10,1989,10.6707,21224.02,181.34,USD,MOCK_FEED
POS00900120250511,PORT009,INS0026,2025-05-11,3489,44.6132,155655.45,1417.58,GBP,MOCK_FEED
POS00900220250511,PORT009,INS0027,2025-05-11,2204,16.1318,35554.49,763.49,USD,MOCK_FEED
POS00900320250511,PORT009,INS0028,2025-05-11,1464,43.6796,63946.93,-1073.28,INR,MOCK_FEED
POS00900420250511,PORT009,INS0029,2025-05-11,4690,22.3113,104640.0,1380.33,USD,MOCK_FEED
POS00900520250511,PORT009,INS0030,2025-05-11,844,48.3244,40785.79,-1133.39,INR,MOCK_FEED
POS00900620250511,PORT009,INS0031,2025-05-11,4488,37.1274,166627.77,-1712.88,GBP,MOCK_FEED
POS00900720250511,PORT009,INS0032,2025-05-11,2226,54.7848,121950.96,-618.24,INR,MOCK_FEED
POS00900820250511,PORT009,INS0033,2025-05-11,2168,25.0241,54252.25,-942.25,INR,MOCK_FEED
POS00900920250511,PORT009,INS0034,2025-05-11,2284,45.1182,103049.97,2548.04,EUR,MOCK_FEED
POS00901020250511,PORT009,INS0035,2025-05-11,4167,10.7913,44967.35,-1202.85,INR,MOCK_FEED
POS00900120250512,PORT009,INS0026,2025-05-12,2750,44.7744,123129.6,4316.96,EUR,MOCK_FEED
POS00900220250512,PORT009,INS0027,2025-05-12,3971,16.3568,64952.85,1531.23,USD,MOCK_FEED
POS00900320250512,PORT009,INS0028,2025-05-12,3331,43.3798,144498.11,-600.74,EUR,MOCK_FEED
POS00900420250512,PORT009,INS0029,2025-05-12,3537,22.4052,79247.19,-580.97,GBP,MOCK_FEED
POS00900520250512,PORT009,INS0030,2025-05-12,3065,48.159,147607.33,-4234.24,INR,MOCK_FEED
POS00900620250512,PORT009,INS0031,2025-05-12,1996,36.9776,73807.29,-1056.58,USD,MOCK_FEED
POS00900720250512,PORT009,INS0032,2025-05-12,2203,54.9153,120978.41,3236.82,USD,MOCK_FEED
POS00900820250512,PORT009,INS0033,2025-05-12,856,24.8027,21231.11,613.34,GBP,MOCK_FEED
POS00900920250512,PORT009,INS0034,2025-05-12,1686,45.0053,75878.94,1196.15,GBP,MOCK_FEED
POS00901020250512,PORT009,INS0035,2025-05-12,3602,10.7161,38599.39,1203.84,INR,MOCK_FEED
POS00900120250513,PORT009,INS0026,2025-05-13,4022,44.0378,177120.03,-3831.92,EUR,MOCK_FEED
POS00900220250513,PORT009,INS0027,2025-05-13,4501,16.451,74045.95,-270.0,INR,MOCK_FEED
POS00900320250513,PORT009,INS0028,2025-05-13,4293,43.5633,187017.25,440.52,EUR,MOCK_FEED
POS00900420250513,PORT009,INS0029,2025-05-13,3606,22.4936,81111.92,97.25,INR,MOCK_FEED
POS00900520250513,PORT009,INS0030,2025-05-13,2151,49.0961,105605.71,1763.29,GBP,MOCK_FEED
POS00900620250513,PORT009,INS0031,2025-05-13,256,37.5089,9602.28,-197.14,GBP,MOCK_FEED
POS00900720250513,PORT009,INS0032,2025-05-13,3706,56.3978,209010.25,-3712.94,EUR,MOCK_FEED
POS00900820250513,PORT009,INS0033,2025-05-13,424,24.9364,10573.03,-54.94,EUR,MOCK_FEED
POS00900920250513,PORT009,INS0034,2025-05-13,4839,44.5753,215699.88,3451.98,GBP,MOCK_FEED
POS00901020250513,PORT009,INS0035,2025-05-13,984,10.695,10523.88,14.93,INR,MOCK_FEED
POS00900120250514,PORT009,INS0026,2025-05-14,1481,43.6755,64683.42,-692.73,INR,MOCK_FEED
POS00900220250514,PORT009,INS0027,2025-05-14,245,16.4994,4042.35,-120.47,USD,MOCK_FEED
POS00900320250514,PORT009,INS0028,2025-05-14,1646,43.6199,71798.36,-2004.71,GBP,MOCK_FEED
POS00900420250514,PORT009,INS0029,2025-05-14,4041,22.5863,91271.24,3092.2,EUR,MOCK_FEED
POS00900520250514,PORT009,INS0030,2025-05-14,1226,48.9267,59984.13,2128.17,INR,MOCK_FEED
POS00900620250514,PORT009,INS0031,2025-05-14,1077,37.6393,40537.53,1265.34,GBP,MOCK_FEED
POS00900720250514,PORT009,INS0032,2025-05-14,839,56.2331,47179.57,728.56,GBP,MOCK_FEED
POS00900820250514,PORT009,INS0033,2025-05-14,3774,25.5666,96488.35,-1581.46,GBP,MOCK_FEED
POS00900920250514,PORT009,INS0034,2025-05-14,3973,44.5537,177011.85,3769.47,EUR,MOCK_FEED
POS00901020250514,PORT009,INS0035,2025-05-14,2774,10.6724,29605.24,-803.62,GBP,MOCK_FEED
POS00900120250515,PORT009,INS0026,2025-05-15,3128,44.7103,139853.82,955.4,EUR,MOCK_FEED
POS00900220250515,PORT009,INS0027,2025-05-15,4791,16.3824,78488.08,-2322.78,INR,MOCK_FEED
POS00900320250515,PORT009,INS0028,2025-05-15,817,43.4913,35532.39,-404.99,EUR,MOCK_FEED
POS00900420250515,PORT009,INS0029,2025-05-15,4907,22.4712,110266.18,-893.56,USD,MOCK_FEED
POS00900520250515,PORT009,INS0030,2025-05-15,912,47.9689,43747.64,524.82,GBP,MOCK_FEED
POS00900620250515,PORT009,INS0031,2025-05-15,3299,38.0055,125380.14,4238.92,INR,MOCK_FEED
POS00900720250515,PORT009,INS0032,2025-05-15,2821,56.4704,159303.0,1124.7,INR,MOCK_FEED
POS00900820250515,PORT009,INS0033,2025-05-15,520,26.1216,13583.23,-330.11,GBP,MOCK_FEED
POS00900920250515,PORT009,INS0034,2025-05-15,4258,44.7477,190535.71,2786.61,EUR,MOCK_FEED
POS00901020250515,PORT009,INS0035,2025-05-15,4473,10.8401,48487.77,-463.05,EUR,MOCK_FEED
POS00900120250516,PORT009,INS0026,2025-05-16,1464,45.1986,66170.75,-1566.13,EUR,MOCK_FEED
POS00900220250516,PORT009,INS0027,2025-05-16,1645,16.3896,26960.89,-371.49,GBP,MOCK_FEED
POS00900320250516,PORT009,INS0028,2025-05-16,366,42.8928,15698.76,-17.53,USD,MOCK_FEED
POS00900420250516,PORT009,INS0029,2025-05-16,1571,22.5984,35502.09,126.47,GBP,MOCK_FEED
POS00900520250516,PORT009,INS0030,2025-05-16,3614,47.3577,171150.73,-1751.81,USD,MOCK_FEED
POS00900620250516,PORT009,INS0031,2025-05-16,4124,37.4934,154622.78,5398.16,INR,MOCK_FEED
POS00900720250516,PORT009,INS0032,2025-05-16,4944,57.3287,283433.09,4142.52,INR,MOCK_FEED
POS00900820250516,PORT009,INS0033,2025-05-16,2230,25.9554,57880.54,877.46,INR,MOCK_FEED
POS00900920250516,PORT009,INS0034,2025-05-16,2926,45.8443,134140.42,-1375.37,USD,MOCK_FEED
POS00901020250516,PORT009,INS0035,2025-05-16,4766,10.7544,51255.47,-525.3,GBP,MOCK_FEED
POS00900120250517,PORT009,INS0026,2025-05-17,3364,45.3407,152526.11,-1065.01,GBP,MOCK_FEED
POS00900220250517,PORT009,INS0027,2025-05-17,1205,16.4215,19787.91,479.37,EUR,MOCK_FEED
POS00900320250517,PORT009,INS0028,2025-05-17,1327,42.8467,56857.57,2236.16,USD,MOCK_FEED
POS00900420250517,PORT009,INS0029,2025-05-17,2894,22.8516,66132.53,693.59,GBP,MOCK_FEED
POS00900520250517,PORT009,INS0030,2025-05-17,1365,46.6133,63627.15,1051.18,USD,MOCK_FEED
POS00900620250517,PORT009,INS0031,2025-05-17,2149,37.3279,80217.66,2458.65,EUR,MOCK_FEED
POS00900720250517,PORT009,INS0032,2025-05-17,2334,57.4153,134007.31,2997.48,USD,MOCK_FEED
POS00900820250517,PORT009,INS0033,2025-05-17,1964,25.8569,50782.95,-161.47,USD,MOCK_FEED
POS00900920250517,PORT009,INS0034,2025-05-17,3890,45.4567,176826.56,3903.1,INR,MOCK_FEED
POS00901020250517,PORT009,INS0035,2025-05-17,1220,10.8725,13264.45,248.91,EUR,MOCK_FEED
POS00900120250518,PORT009,INS0026,2025-05-18,305,45.5151,13882.11,6.46,USD,MOCK_FEED
POS00900220250518,PORT009,INS0027,2025-05-18,4716,16.3126,76930.22,2042.54,INR,MOCK_FEED
POS00900320250518,PORT009,INS0028,2025-05-18,1125,42.4101,47711.36,1701.71,EUR,MOCK_FEED
POS00900420250518,PORT009,INS0029,2025-05-18,1146,22.7449,26065.66,727.06,USD,MOCK_FEED
POS00900520250518,PORT009,INS0030,2025-05-18,2876,46.559,133903.68,-3752.0,EUR,MOCK_FEED
POS00900620250518,PORT009,INS0031,2025-05-18,1663,37.1935,61852.79,2405.78,EUR,MOCK_FEED
POS00900720250518,PORT009,INS0032,2025-05-18,2462,56.5279,139171.69,4601.69,EUR,MOCK_FEED
POS00900820250518,PORT009,INS0033,2025-05-18,2132,25.648,54681.54,1144.34,EUR,MOCK_FEED
POS00900920250518,PORT009,INS0034,2025-05-18,4088,45.1971,184765.74,3261.85,USD,MOCK_FEED
POS00901020250518,PORT009,INS0035,2025-05-18,178,10.7915,1920.89,13.6,USD,MOCK_FEED
POS00900120250519,PORT009,INS0026,2025-05-19,2357,45.0126,106094.7,-3028.86,GBP,MOCK_FEED
POS00900220250519,PORT009,INS0027,2025-05-19,235,16.23,3814.05,55.58,GBP,MOCK_FEED
POS00900320250519,PORT009,INS0028,2025-05-19,4623,42.3141,195618.08,-4235.1,EUR,MOCK_FEED
POS00900420250519,PORT009,INS0029,2025-05-19,1939,23.1477,44883.39,1502.43,GBP,MOCK_FEED
POS00900520250519,PORT009,INS0030,2025-05-19,3285,47.6427,156506.27,-4004.63,USD,MOCK_FEED
POS00900620250519,PORT009,INS0031,2025-05-19,2010,37.2489,74870.29,-1930.18,EUR,MOCK_FEED
POS00900720250519,PORT009,INS0032,2025-05-19,2739,57.6427,157883.36,3120.7,USD,MOCK_FEED
POS00900820250519,PORT009,INS0033,2025-05-19,4698,25.9934,122116.99,560.42,USD,MOCK_FEED
POS00900920250519,PORT009,INS0034,2025-05-19,2065,45.9701,94928.26,-2044.48,USD,MOCK_FEED
POS00901020250519,PORT009,INS0035,2025-05-19,4733,10.6952,50620.38,-1443.74,USD,MOCK_FEED
POS00900120250520,PORT009,INS0026,2025-05-20,2922,45.3769,132591.3,3475.49,GBP,MOCK_FEED
POS00900220250520,PORT009,INS0027,2025-05-20,2508,16.42,41181.36,638.82,USD,MOCK_FEED
POS00900320250520,PORT009,INS0028,2025-05-20,202,42.8893,8663.64,-129.23,GBP,MOCK_FEED
POS00900420250520,PORT009,INS0029,2025-05-20,4560,23.5172,107238.43,-2043.18,EUR,MOCK_FEED
POS00900520250520,PORT009,INS0030,2025-05-20,4184,48.5626,203185.92,3033.26,USD,MOCK_FEED
POS00900620250520,PORT009,INS0031,2025-05-20,4823,37.1786,179312.39,-5309.58,GBP,MOCK_FEED
POS00900720250520,PORT009,INS0032,2025-05-20,1153,57.4497,66239.5,-543.95,EUR,MOCK_FEED
POS00900820250520,PORT009,INS0033,2025-05-20,2775,26.1993,72703.06,-625.08,GBP,MOCK_FEED
POS00900920250520,PORT009,INS0034,2025-05-20,4069,46.52,189289.88,6845.05,USD,MOCK_FEED
POS00901020250520,PORT009,INS0035,2025-05-20,3555,10.767,38276.68,479.98,USD,MOCK_FEED
POS00900120250521,PORT009,INS0026,2025-05-21,3349,46.0664,154276.37,5392.74,USD,MOCK_FEED
POS00900220250521,PORT009,INS0027,2025-05-21,580,16.4638,9549.0,-266.01,EUR,MOCK_FEED
POS00900320250521,PORT009,INS0028,2025-05-21,789,42.2223,33313.39,665.7,INR,MOCK_FEED
POS00900420250521,PORT009,INS0029,2025-05-21,2984,23.5223,70190.54,2654.85,USD,MOCK_FEED
POS00900520250521,PORT009,INS0030,2025-05-21,2196,48.556,106628.98,-45.41,INR,MOCK_FEED
POS00900620250521,PORT009,INS0031,2025-05-21,4488,37.2877,167347.2,-4662.42,USD,MOCK_FEED
POS00900720250521,PORT009,INS0032,2025-05-21,1708,58.4278,99794.68,-1821.4,USD,MOCK_FEED
POS00900820250521,PORT009,INS0033,2025-05-21,2228,27.0501,60267.62,-1404.33,GBP,MOCK_FEED
POS00900920250521,PORT009,INS0034,2025-05-21,1565,45.2136,70759.28,1904.23,USD,MOCK_FEED
POS00901020250521,PORT009,INS0035,2025-05-21,3360,10.7266,36041.38,1155.54,INR,MOCK_FEED
POS00900120250522,PORT009,INS0026,2025-05-22,278,46.3552,12886.75,-320.82,INR,MOCK_FEED
POS00900220250522,PORT009,INS0027,2025-05-22,3624,16.4591,59647.78,-775.93,EUR,MOCK_FEED
POS00900320250522,PORT009,INS0028,2025-05-22,3412,41.7779,142546.19,-3690.62,USD,MOCK_FEED
POS00900420250522,PORT009,INS0029,2025-05-22,4391,23.569,103491.48,-1516.5,EUR,MOCK_FEED
POS00900520250522,PORT009,INS0030,2025-05-22,3754,48.7967,183182.81,6806.36,INR,MOCK_FEED
POS00900620250522,PORT009,INS0031,2025-05-22,4468,37.5838,167924.42,5104.1,USD,MOCK_FEED
POS00900720250522,PORT009,INS0032,2025-05-22,4412,58.1555,256582.07,-6092.97,USD,MOCK_FEED
POS00900820250522,PORT009,INS0033,2025-05-22,1921,26.7927,51468.78,-1070.11,USD,MOCK_FEED
POS00900920250522,PORT009,INS0034,2025-05-22,178,45.0513,8019.13,26.62,EUR,MOCK_FEED
POS00901020250522,PORT009,INS0035,2025-05-22,4114,10.7624,44276.51,413.51,EUR,MOCK_FEED
POS00900120250523,PORT009,INS0026,2025-05-23,2057,46.4567,95561.43,1321.06,GBP,MOCK_FEED
POS00900220250523,PORT009,INS0027,2025-05-23,1327,16.7738,22258.83,404.4,EUR,MOCK_FEED
POS00900320250523,PORT009,INS0028,2025-05-23,2859,41.42,118419.78,3466.29,GBP,MOCK_FEED
POS00900420250523,PORT009,INS0029,2025-05-23,266,23.8042,6331.92,77.64,USD,MOCK_FEED
POS00900520250523,PORT009,INS0030,2025-05-23,475,48.838,23198.05,862.84,USD,MOCK_FEED
POS00900620250523,PORT009,INS0031,2025-05-23,4182,37.6943,157637.56,311.7,USD,MOCK_FEED
POS00900720250523,PORT009,INS0032,2025-05-23,895,58.8146,52639.07,-896.06,INR,MOCK_FEED
POS00900820250523,PORT009,INS0033,2025-05-23,4501,27.2317,122569.88,-2471.87,INR,MOCK_FEED
POS00900920250523,PORT009,INS0034,2025-05-23,3385,45.8815,155308.88,-3263.46,INR,MOCK_FEED
POS00901020250523,PORT009,INS0035,2025-05-23,1859,10.962,20378.36,491.81,INR,MOCK_FEED
POS00900120250524,PORT009,INS0026,2025-05-24,233,46.5761,10852.23,-278.28,EUR,MOCK_FEED
POS00900220250524,PORT009,INS0027,2025-05-24,972,16.6948,16227.35,-270.41,INR,MOCK_FEED
POS00900320250524,PORT009,INS0028,2025-05-24,3364,42.0604,141491.19,4197.44,EUR,MOCK_FEED
POS00900420250524,PORT009,INS0029,2025-05-24,3534,23.6062,83424.31,-1135.73,EUR,MOCK_FEED
POS00900520250524,PORT009,INS0030,2025-05-24,3157,48.9554,154552.2,-4116.15,EUR,MOCK_FEED
POS00900620250524,PORT009,INS0031,2025-05-24,4622,37.7823,174629.79,1661.78,USD,MOCK_FEED
POS00900720250524,PORT009,INS0032,2025-05-24,3735,60.1534,224672.95,4992.91,GBP,MOCK_FEED
POS00900820250524,PORT009,INS0033,2025-05-24,2904,27.1524,78850.57,413.92,USD,MOCK_FEED
POS00900920250524,PORT009,INS0034,2025-05-24,4202,45.9718,193173.5,-2428.06,GBP,MOCK_FEED
POS00901020250524,PORT009,INS0035,2025-05-24,1230,10.8157,13303.31,-153.13,USD,MOCK_FEED
POS00900120250525,PORT009,INS0026,2025-05-25,2890,46.5678,134580.94,4974.65,INR,MOCK_FEED
POS00900220250525,PORT009,INS0027,2025-05-25,2057,16.8887,34740.06,-1041.48,USD,MOCK_FEED
POS00900320250525,PORT009,INS0028,2025-05-25,4868,42.4105,206454.31,2217.07,EUR,MOCK_FEED
POS00900420250525,PORT009,INS0029,2025-05-25,2591,23.5642,61054.84,-293.41,EUR,MOCK_FEED
POS00900520250525,PORT009,INS0030,2025-05-25,1064,49.3736,52533.51,1620.26,EUR,MOCK_FEED
POS00900620250525,PORT009,INS0031,2025-05-25,2947,37.4224,110283.81,3193.97,GBP,MOCK_FEED
POS00900720250525,PORT009,INS0032,2025-05-25,3692,59.7969,220770.15,5472.67,GBP,MOCK_FEED
POS00900820250525,PORT009,INS0033,2025-05-25,4857,27.2761,132480.02,-141.89,USD,MOCK_FEED
POS00900920250525,PORT009,INS0034,2025-05-25,1514,45.4839,68862.62,-998.05,INR,MOCK_FEED
POS00901020250525,PORT009,INS0035,2025-05-25,876,10.8657,9518.35,192.63,USD,MOCK_FEED
POS00900120250526,PORT009,INS0026,2025-05-26,2329,47.3982,110390.41,574.94,USD,MOCK_FEED
POS00900220250526,PORT009,INS0027,2025-05-26,4474,16.557,74076.02,2455.4,USD,MOCK_FEED
POS00900320250526,PORT009,INS0028,2025-05-26,910,42.3175,38508.93,100.32,EUR,MOCK_FEED
POS00900420250526,PORT009,INS0029,2025-05-26,3118,23.3894,72928.15,-1370.95,GBP,MOCK_FEED
POS00900520250526,PORT009,INS0030,2025-05-26,859,48.6092,41755.3,-346.54,EUR,MOCK_FEED
POS00900620250526,PORT009,INS0031,2025-05-26,2915,36.6139,106729.52,-756.52,EUR,MOCK_FEED
POS00900720250526,PORT009,INS0032,2025-05-26,4101,58.8282,241254.45,-2317.83,EUR,MOCK_FEED
POS00900820250526,PORT009,INS0033,2025-05-26,2522,26.814,67624.91,524.67,USD,MOCK_FEED
POS00900920250526,PORT009,INS0034,2025-05-26,364,45.1503,16434.71,-234.8,INR,MOCK_FEED
POS00901020250526,PORT009,INS0035,2025-05-26,3878,10.7229,41583.41,-804.85,INR,MOCK_FEED
POS00900120250527,PORT009,INS0026,2025-05-27,2136,47.0011,100394.35,1482.95,INR,MOCK_FEED
POS00900220250527,PORT009,INS0027,2025-05-27,1594,16.4429,26209.98,-779.91,INR,MOCK_FEED
POS00900320250527,PORT009,INS0028,2025-05-27,2953,43.0759,127203.13,-3735.53,EUR,MOCK_FEED
POS00900420250527,PORT009,INS0029,2025-05-27,536,23.29,12483.44,251.06,USD,MOCK_FEED
POS00900520250527,PORT009,INS0030,2025-05-27,258,48.7092,12566.97,-121.11,USD,MOCK_FEED
POS00900620250527,PORT009,INS0031,2025-05-27,2913,36.8709,107404.93,-2958.29,EUR,MOCK_FEED
POS00900720250527,PORT009,INS0032,2025-05-27,4546,58.134,264277.16,-1395.01,EUR,MOCK_FEED
POS00900820250527,PORT009,INS0033,2025-05-27,337,26.1411,8809.55,227.46,USD,MOCK_FEED
POS00900920250527,PORT009,INS0034,2025-05-27,677,45.4646,30779.53,279.44,USD,MOCK_FEED
POS00901020250527,PORT009,INS0035,2025-05-27,4597,10.5743,48610.06,1060.64,EUR,MOCK_FEED
POS00900120250528,PORT009,INS0026,2025-05-28,3546,47.1187,167082.91,-2527.12,USD,MOCK_FEED
POS00900220250528,PORT009,INS0027,2025-05-28,4282,16.3081,69831.28,1406.41,INR,MOCK_FEED
POS00900320250528,PORT009,INS0028,2025-05-28,969,43.7955,42437.84,1643.07,USD,MOCK_FEED
POS00900420250528,PORT009,INS0029,2025-05-28,2259,23.409,52880.93,-443.47,GBP,MOCK_FEED
POS00900520250528,PORT009,INS0030,2025-05-28,2789,49.2334,137311.95,1260.17,INR,MOCK_FEED
POS00900620250528,PORT009,INS0031,2025-05-28,490,36.8624,18062.58,-379.66,GBP,MOCK_FEED
POS00900720250528,PORT009,INS0032,2025-05-28,3438,58.8542,202340.74,-384.15,EUR,MOCK_FEED
POS00900820250528,PORT009,INS0033,2025-05-28,3991,26.5384,105914.75,3534.24,USD,MOCK_FEED
POS00900920250528,PORT009,INS0034,2025-05-28,1251,45.3913,56784.52,872.5,GBP,MOCK_FEED
POS00901020250528,PORT009,INS0035,2025-05-28,1402,10.6685,14957.24,274.17,USD,MOCK_FEED
POS00900120250529,PORT009,INS0026,2025-05-29,264,46.3089,12225.55,-274.48,INR,MOCK_FEED
POS00900220250529,PORT009,INS0027,2025-05-29,166,16.5377,2745.26,72.58,EUR,MOCK_FEED
POS00900320250529,PORT009,INS0028,2025-05-29,1625,43.3825,70496.56,1026.71,EUR,MOCK_FEED
POS00900420250529,PORT009,INS0029,2025-05-29,4399,22.8578,100551.46,3008.54,EUR,MOCK_FEED
POS00900520250529,PORT009,INS0030,2025-05-29,2245,50.0708,112408.95,32.44,USD,MOCK_FEED
POS00900620250529,PORT009,INS0031,2025-05-29,4853,36.7854,178519.55,5080.59,GBP,MOCK_FEED
POS00900720250529,PORT009,INS0032,2025-05-29,1083,59.7038,64659.22,-433.93,GBP,MOCK_FEED
POS00900820250529,PORT009,INS0033,2025-05-29,1848,27.203,50271.14,-1341.85,GBP,MOCK_FEED
POS00900920250529,PORT009,INS0034,2025-05-29,4714,45.4394,214201.33,-1650.81,USD,MOCK_FEED
POS00901020250529,PORT009,INS0035,2025-05-29,1515,10.7643,16307.91,-128.68,EUR,MOCK_FEED
POS00900120250530,PORT009,INS0026,2025-05-30,773,46.0404,35589.23,1034.86,EUR,MOCK_FEED
POS00900220250530,PORT009,INS0027,2025-05-30,3025,16.4711,49825.08,-784.5,EUR,MOCK_FEED
POS00900320250530,PORT009,INS0028,2025-05-30,2303,42.1705,97118.66,1739.36,USD,MOCK_FEED
POS00900420250530,PORT009,INS0029,2025-05-30,1132,23.1219,26173.99,16.0,GBP,MOCK_FEED
POS00900520250530,PORT009,INS0030,2025-05-30,2111,49.9582,105461.76,2345.97,INR,MOCK_FEED
POS00900620250530,PORT009,INS0031,2025-05-30,2599,36.419,94652.98,2032.84,INR,MOCK_FEED
POS00900720250530,PORT009,INS0032,2025-05-30,3735,59.0432,220526.35,3106.23,INR,MOCK_FEED
POS00900820250530,PORT009,INS0033,2025-05-30,1854,26.8522,49783.98,-983.5,GBP,MOCK_FEED
POS00900920250530,PORT009,INS0034,2025-05-30,504,44.3935,22374.32,359.38,EUR,MOCK_FEED
POS00901020250530,PORT009,INS0035,2025-05-30,2501,10.8751,27198.63,-584.38,EUR,MOCK_FEED
POS00900120250531,PORT009,INS0026,2025-05-31,1208,46.0326,55607.38,-1565.18,INR,MOCK_FEED
POS00900220250531,PORT009,INS0027,2025-05-31,574,16.5998,9528.29,-264.51,INR,MOCK_FEED
POS00900320250531,PORT009,INS0028,2025-05-31,2053,41.7708,85755.45,-798.25,USD,MOCK_FEED
POS00900420250531,PORT009,INS0029,2025-05-31,2964,23.4967,69644.22,1010.38,USD,MOCK_FEED
POS00900520250531,PORT009,INS0030,2025-05-31,4544,48.6748,221178.29,2158.04,USD,MOCK_FEED
POS00900620250531,PORT009,INS0031,2025-05-31,3748,37.1107,139090.9,803.96,EUR,MOCK_FEED
POS00900720250531,PORT009,INS0032,2025-05-31,147,58.9765,8669.55,-31.57,EUR,MOCK_FEED
POS00900820250531,PORT009,INS0033,2025-05-31,401,26.7268,10717.45,352.58,USD,MOCK_FEED
POS00900920250531,PORT009,INS0034,2025-05-31,109,44.5248,4853.2,46.52,USD,MOCK_FEED
POS00901020250531,PORT009,INS0035,2025-05-31,4160,10.8602,45178.43,437.5,USD,MOCK_FEED
POS00900120250601,PORT009,INS0026,2025-06-01,574,47.1912,27087.75,586.74,USD,MOCK_FEED
POS00900220250601,PORT009,INS0027,2025-06-01,372,16.4799,6130.52,121.07,EUR,MOCK_FEED
POS00900320250601,PORT009,INS0028,2025-06-01,4280,41.6192,178130.18,3994.95,GBP,MOCK_FEED
POS00900420250601,PORT009,INS0029,2025-06-01,602,23.6655,14246.63,341.09,INR,MOCK_FEED
POS00900520250601,PORT009,INS0030,2025-06-01,1907,48.1618,91844.55,576.98,GBP,MOCK_FEED
POS00900620250601,PORT009,INS0031,2025-06-01,1435,36.6302,52564.34,-95.12,USD,MOCK_FEED
POS00900720250601,PORT009,INS0032,2025-06-01,2024,59.4927,120413.22,-2642.1,GBP,MOCK_FEED
POS00900820250601,PORT009,INS0033,2025-06-01,2043,27.4198,56018.65,194.83,USD,MOCK_FEED
POS00900920250601,PORT009,INS0034,2025-06-01,3664,44.4223,162763.31,-2807.27,USD,MOCK_FEED
POS00901020250601,PORT009,INS0035,2025-06-01,469,10.9602,5140.33,108.09,USD,MOCK_FEED
POS00900120250602,PORT009,INS0026,2025-06-02,1510,47.4762,71689.06,1929.58,USD,MOCK_FEED
POS00900220250602,PORT009,INS0027,2025-06-02,2652,16.8636,44722.27,-922.03,GBP,MOCK_FEED
POS00900320250602,PORT009,INS0028,2025-06-02,2046,42.0944,86125.14,2420.59,INR,MOCK_FEED
POS00900420250602,PORT009,INS0029,2025-06-02,1267,23.3309,29560.25,-687.81,GBP,MOCK_FEED
POS00900520250602,PORT009,INS0030,2025-06-02,3723,47.9523,178526.41,5070.34,USD,MOCK_FEED
POS00900620250602,PORT009,INS0031,2025-06-02,3815,36.8298,140505.69,5497.89,INR,MOCK_FEED
POS00900720250602,PORT009,INS0032,2025-06-02,833,59.5801,49630.22,1657.68,EUR,MOCK_FEED
POS00900820250602,PORT009,INS0033,2025-06-02,2843,27.6513,78612.65,2525.05,INR,MOCK_FEED
POS00900920250602,PORT009,INS0034,2025-06-02,486,44.41,21583.26,-154.07,EUR,MOCK_FEED
POS00901020250602,PORT009,INS0035,2025-06-02,3998,10.7685,43052.46,-1024.86,GBP,MOCK_FEED
POS00900120250603,PORT009,INS0026,2025-06-03,1273,47.091,59946.84,1561.52,USD,MOCK_FEED
POS00900220250603,PORT009,INS0027,2025-06-03,2199,16.9299,37228.85,-450.2,EUR,MOCK_FEED
POS00900320250603,PORT009,INS0028,2025-06-03,2375,41.4061,98339.49,-897.9,EUR,MOCK_FEED
POS00900420250603,PORT009,INS0029,2025-06-03,231,23.5272,5434.78,154.25,GBP,MOCK_FEED
POS00900520250603,PORT009,INS0030,2025-06-03,3016,47.4569,143130.01,5414.03,USD,MOCK_FEED
POS00900620250603,PORT009,INS0031,2025-06-03,1798,36.6672,65927.63,2521.75,INR,MOCK_FEED
POS00900720250603,PORT009,INS0032,2025-06-03,3134,59.7104,187132.39,-3156.71,GBP,MOCK_FEED
POS00900820250603,PORT009,INS0033,2025-06-03,2633,28.486,75003.64,1670.04,INR,MOCK_FEED
POS00900920250603,PORT009,INS0034,2025-06-03,4033,43.9961,177436.27,472.25,GBP,MOCK_FEED
POS00901020250603,PORT009,INS0035,2025-06-03,3609,10.6647,38488.9,225.1,GBP,MOCK_FEED
POS00900120250604,PORT009,INS0026,2025-06-04,2356,48.2414,113656.74,1234.03,USD,MOCK_FEED
POS00900220250604,PORT009,INS0027,2025-06-04,3967,17.0706,67719.07,2438.02,GBP,MOCK_FEED
POS00900320250604,PORT009,INS0028,2025-06-04,3450,40.979,141377.55,1593.86,GBP,MOCK_FEED
POS00900420250604,PORT009,INS0029,2025-06-04,2204,23.7416,52326.49,243.65,INR,MOCK_FEED
POS00900520250604,PORT009,INS0030,2025-06-04,4775,46.4079,221597.72,6046.89,USD,MOCK_FEED
POS00900620250604,PORT009,INS0031,2025-06-04,1189,36.1356,42965.23,594.29,INR,MOCK_FEED
POS00900720250604,PORT009,INS0032,2025-06-04,1414,60.3486,85332.92,2191.25,GBP,MOCK_FEED
POS00900820250604,PORT009,INS0033,2025-06-04,4007,29.1252,116704.68,67.76,USD,MOCK_FEED
POS00900920250604,PORT009,INS0034,2025-06-04,677,43.3432,29343.35,-439.85,USD,MOCK_FEED
POS00901020250604,PORT009,INS0035,2025-06-04,806,10.6922,8617.91,148.74,GBP,MOCK_FEED
POS00900120250605,PORT009,INS0026,2025-06-05,1622,47.1524,76481.19,1541.99,USD,MOCK_FEED
POS00900220250605,PORT009,INS0027,2025-06-05,2222,17.044,37871.77,676.08,INR,MOCK_FEED
POS00900320250605,PORT009,INS0028,2025-06-05,4814,40.9538,197151.59,6200.89,USD,MOCK_FEED
POS00900420250605,PORT009,INS0029,2025-06-05,1021,23.3505,23840.86,634.05,EUR,MOCK_FEED
POS00900520250605,PORT009,INS0030,2025-06-05,3072,45.7483,140538.78,-1207.05,GBP,MOCK_FEED
POS00900620250605,PORT009,INS0031,2025-06-05,4420,36.9982,163532.04,-33.24,USD,MOCK_FEED
POS00900720250605,PORT009,INS0032,2025-06-05,1505,60.3977,90898.54,-1848.67,INR,MOCK_FEED
POS00900820250605,PORT009,INS0033,2025-06-05,3355,29.1453,97782.48,744.58,GBP,MOCK_FEED
POS00900920250605,PORT009,INS0034,2025-06-05,815,42.9865,35034.0,-172.9,EUR,MOCK_FEED
POS00901020250605,PORT009,INS0035,2025-06-05,473,10.544,4987.31,159.26,USD,MOCK_FEED
POS00900120250606,PORT009,INS0026,2025-06-06,3593,46.9623,168735.54,-1933.08,GBP,MOCK_FEED
POS00900220250606,PORT009,INS0027,2025-06-06,2047,17.0558,34913.22,752.01,EUR,MOCK_FEED
POS00900320250606,PORT009,INS0028,2025-06-06,193,41.1484,7941.64,8.52,USD,MOCK_FEED
POS00900420250606,PORT009,INS0029,2025-06-06,179,23.3554,4180.62,78.6,EUR,MOCK_FEED
POS00900520250606,PORT009,INS0030,2025-06-06,2213,46.2449,102339.96,-2141.77,INR,MOCK_FEED
POS00900620250606,PORT009,INS0031,2025-06-06,1557,37.3481,58150.99,751.65,EUR,MOCK_FEED
POS00900720250606,PORT009,INS0032,2025-06-06,298,60.5663,18048.76,-111.32,USD,MOCK_FEED
POS00900820250606,PORT009,INS0033,2025-06-06,3675,29.2301,107420.62,1150.24,EUR,MOCK_FEED
POS00900920250606,PORT009,INS0034,2025-06-06,3703,42.9246,158949.79,4650.08,USD,MOCK_FEED
POS00901020250606,PORT009,INS0035,2025-06-06,4542,10.4654,47533.85,-455.79,USD,MOCK_FEED
POS00900120250607,PORT009,INS0026,2025-06-07,4294,46.6126,200154.5,-1279.67,INR,MOCK_FEED
POS00900220250607,PORT009,INS0027,2025-06-07,571,16.8803,9638.65,360.95,USD,MOCK_FEED
POS00900320250607,PORT009,INS0028,2025-06-07,4568,41.2489,188424.98,-790.83,EUR,MOCK_FEED
POS00900420250607,PORT009,INS0029,2025-06-07,3761,23.7077,89164.66,-2562.41,USD,MOCK_FEED
POS00900520250607,PORT009,INS0030,2025-06-07,4882,46.809,228521.54,2636.58,EUR,MOCK_FEED
POS00900620250607,PORT009,INS0031,2025-06-07,3633,36.5128,132651.0,-918.47,GBP,MOCK_FEED
POS00900720250607,PORT009,INS0032,2025-06-07,3905,60.4302,235979.93,-1220.55,INR,MOCK_FEED
POS00900820250607,PORT009,INS0033,2025-06-07,2296,29.3895,67478.29,2017.88,GBP,MOCK_FEED
POS00900920250607,PORT009,INS0034,2025-06-07,1550,41.6758,64597.49,983.97,GBP,MOCK_FEED
POS00901020250607,PORT009,INS0035,2025-06-07,3027,10.4129,31519.85,-459.0,GBP,MOCK_FEED
POS00900120250608,PORT009,INS0026,2025-06-08,4647,46.0846,214155.14,-1074.76,USD,MOCK_FEED
POS00900220250608,PORT009,INS0027,2025-06-08,427,16.8275,7185.34,82.88,GBP,MOCK_FEED
POS00900320250608,PORT009,INS0028,2025-06-08,1983,41.7244,82739.49,861.1,GBP,MOCK_FEED
POS00900420250608,PORT009,INS0029,2025-06-08,250,24.1847,6046.18,103.4,INR,MOCK_FEED
POS00900520250608,PORT009,INS0030,2025-06-08,1530,46.776,71567.28,640.69,GBP,MOCK_FEED
POS00900620250608,PORT009,INS0031,2025-06-08,135,36.8204,4970.75,-141.83,INR,MOCK_FEED
POS00900720250608,PORT009,INS0032,2025-06-08,733,59.8989,43905.89,-198.97,INR,MOCK_FEED
POS00900820250608,PORT009,INS0033,2025-06-08,272,29.7847,8101.44,-12.62,USD,MOCK_FEED
POS00900920250608,PORT009,INS0034,2025-06-08,4267,42.3558,180732.2,5070.54,GBP,MOCK_FEED
POS00901020250608,PORT009,INS0035,2025-06-08,1831,10.4707,19171.85,-248.84,GBP,MOCK_FEED
POS00900120250609,PORT009,INS0026,2025-06-09,4269,46.9135,200273.73,-1970.98,GBP,MOCK_FEED
POS00900220250609,PORT009,INS0027,2025-06-09,2428,17.0057,41289.84,1278.66,INR,MOCK_FEED
POS00900320250609,PORT009,INS0028,2025-06-09,4461,41.8261,186586.23,-3089.21,EUR,MOCK_FEED
POS00900420250609,PORT009,INS0029,2025-06-09,413,24.2758,10025.91,-184.96,USD,MOCK_FEED
POS00900520250609,PORT009,INS0030,2025-06-09,1851,46.141,85406.99,-1201.13,USD,MOCK_FEED
POS00900620250609,PORT009,INS0031,2025-06-09,3214,36.7163,118006.19,-2791.78,INR,MOCK_FEED
POS00900720250609,PORT009,INS0032,2025-06-09,4147,61.251,254007.9,-2563.39,GBP,MOCK_FEED
POS00900820250609,PORT009,INS0033,2025-06-09,3140,30.1584,94697.38,2961.95,INR,MOCK_FEED
POS00900920250609,PORT009,INS0034,2025-06-09,482,42.1877,20334.47,-17.67,GBP,MOCK_FEED
POS00901020250609,PORT009,INS0035,2025-06-09,3550,10.5195,37344.23,-190.13,GBP,MOCK_FEED
POS00900120250610,PORT009,INS0026,2025-06-10,4401,46.8134,206025.77,3708.84,INR,MOCK_FEED
POS00900220250610,PORT009,INS0027,2025-06-10,2469,16.9155,41764.37,1339.79,USD,MOCK_FEED
POS00900320250610,PORT009,INS0028,2025-06-10,2501,42.5598,106442.06,4019.18,EUR,MOCK_FEED
POS00900420250610,PORT009,INS0029,2025-06-10,744,24.4754,18209.7,700.61,EUR,MOCK_FEED
POS00900520250610,PORT009,INS0030,2025-06-10,1796,46.4607,83443.42,750.77,GBP,MOCK_FEED
POS00900620250610,PORT009,INS0031,2025-06-10,2577,36.4854,94022.88,2146.59,GBP,MOCK_FEED
POS00900720250610,PORT009,INS0032,2025-06-10,157,61.8306,9707.4,-162.83,INR,MOCK_FEED
POS00900820250610,PORT009,INS0033,2025-06-10,3985,30.1483,120140.98,-149.61,INR,MOCK_FEED
POS00900920250610,PORT009,INS0034,2025-06-10,1757,43.2258,75947.73,1335.0,GBP,MOCK_FEED
POS00901020250610,PORT009,INS0035,2025-06-10,3107,10.488,32586.22,431.9,INR,MOCK_FEED
POS00900120250611,PORT009,INS0026,2025-06-11,3387,46.516,157549.69,-1711.41,INR,MOCK_FEED
POS00900220250611,PORT009,INS0027,2025-06-11,1975,17.3957,34356.51,1332.92,INR,MOCK_FEED
POS00900320250611,PORT009,INS0028,2025-06-11,3721,41.8706,155800.5,4026.94,GBP,MOCK_FEED
POS00900420250611,PORT009,INS0029,2025-06-11,1655,24.1143,39909.17,468.29,INR,MOCK_FEED
POS00900520250611,PORT009,INS0030,2025-06-11,2391,46.5982,111416.3,2796.8,INR,MOCK_FEED
POS00900620250611,PORT009,INS0031,2025-06-11,2555,36.5939,93497.41,3142.79,USD,MOCK_FEED
POS00900720250611,PORT009,INS0032,2025-06-11,3089,62.105,191842.35,2381.31,INR,MOCK_FEED
POS00900820250611,PORT009,INS0033,2025-06-11,494,30.5521,15092.74,81.7,EUR,MOCK_FEED
POS00900920250611,PORT009,INS0034,2025-06-11,4443,43.3381,192551.18,-641.11,INR,MOCK_FEED
POS00901020250611,PORT009,INS0035,2025-06-11,3062,10.5494,32302.26,271.56,INR,MOCK_FEED
POS00900120250612,PORT009,INS0026,2025-06-12,3194,46.4212,148269.31,-3276.42,GBP,MOCK_FEED
POS00900220250612,PORT009,INS0027,2025-06-12,3821,17.3583,66326.06,-472.1,USD,MOCK_FEED
POS00900320250612,PORT009,INS0028,2025-06-12,4836,42.1553,203863.03,3349.88,USD,MOCK_FEED
POS00900420250612,PORT009,INS0029,2025-06-12,2474,23.7231,58690.95,-821.47,USD,MOCK_FEED
POS00900520250612,PORT009,INS0030,2025-06-12,4960,47.2848,234532.61,8494.94,INR,MOCK_FEED
POS00900620250612,PORT009,INS0031,2025-06-12,818,36.1287,29553.28,290.53,GBP,MOCK_FEED
POS00900720250612,PORT009,INS0032,2025-06-12,3313,61.8428,204885.2,3332.89,GBP,MOCK_FEED
POS00900820250612,PORT009,INS0033,2025-06-12,806,30.9994,24985.52,537.08,GBP,MOCK_FEED
POS00900920250612,PORT009,INS0034,2025-06-12,4199,43.6372,183232.6,6884.04,INR,MOCK_FEED
POS00901020250612,PORT009,INS0035,2025-06-12,3050,10.4962,32013.41,-398.76,USD,MOCK_FEED
POS00900120250613,PORT009,INS0026,2025-06-13,380,47.0181,17866.88,79.34,INR,MOCK_FEED
POS00900220250613,PORT009,INS0027,2025-06-13,464,17.2842,8019.87,-234.94,INR,MOCK_FEED
POS00900320250613,PORT009,INS0028,2025-06-13,1308,41.894,54797.35,1664.25,USD,MOCK_FEED
POS00900420250613,PORT009,INS0029,2025-06-13,4507,23.1736,104443.42,1262.55,USD,MOCK_FEED
POS00900520250613,PORT009,INS0030,2025-06-13,4353,49.019,213379.71,830.01,USD,MOCK_FEED
POS00900620250613,PORT009,INS0031,2025-06-13,3630,36.4306,132243.08,309.23,GBP,MOCK_FEED
POS00900720250613,PORT009,INS0032,2025-06-13,1794,61.1585,109718.35,2626.32,INR,MOCK_FEED
POS00900820250613,PORT009,INS0033,2025-06-13,1133,30.5559,34619.83,401.61,EUR,MOCK_FEED
POS00900920250613,PORT009,INS0034,2025-06-13,3915,43.7806,171401.05,6527.43,INR,MOCK_FEED
POS00901020250613,PORT009,INS0035,2025-06-13,3355,10.3115,34595.08,193.49,INR,MOCK_FEED
POS00900120250614,PORT009,INS0026,2025-06-14,3372,47.117,158878.52,25.28,GBP,MOCK_FEED
POS00900220250614,PORT009,INS0027,2025-06-14,1496,17.2881,25863.0,717.35,USD,MOCK_FEED
POS00900320250614,PORT009,INS0028,2025-06-14,3888,42.677,165928.18,4420.64,GBP,MOCK_FEED
POS00900420250614,PORT009,INS0029,2025-06-14,4710,22.6427,106647.12,3700.28,EUR,MOCK_FEED
POS00900520250614,PORT009,INS0030,2025-06-14,1485,49.6785,73772.57,583.16,EUR,MOCK_FEED
POS00900620250614,PORT009,INS0031,2025-06-14,4113,36.3247,149403.49,5670.46,EUR,MOCK_FEED
POS00900720250614,PORT009,INS0032,2025-06-14,582,61.6724,35893.34,-40.36,USD,MOCK_FEED
POS00900820250614,PORT009,INS0033,2025-06-14,2850,30.226,86144.1,-678.42,USD,MOCK_FEED
POS00900920250614,PORT009,INS0034,2025-06-14,1188,44.2282,52543.1,544.1,USD,MOCK_FEED
POS00901020250614,PORT009,INS0035,2025-06-14,1644,10.2466,16845.41,157.46,USD,MOCK_FEED
POS00900120250615,PORT009,INS0026,2025-06-15,2638,47.0082,124007.63,-127.36,INR,MOCK_FEED
POS00900220250615,PORT009,INS0027,2025-06-15,2723,17.2118,46867.73,1753.34,INR,MOCK_FEED
POS00900320250615,PORT009,INS0028,2025-06-15,2482,42.6109,105760.25,-1338.16,GBP,MOCK_FEED
POS00900420250615,PORT009,INS0029,2025-06-15,2589,22.5846,58471.53,958.83,INR,MOCK_FEED
POS00900520250615,PORT009,INS0030,2025-06-15,2828,50.5728,143019.88,-3163.72,EUR,MOCK_FEED
POS00900620250615,PORT009,INS0031,2025-06-15,2600,35.5179,92346.54,-1487.88,GBP,MOCK_FEED
POS00900720250615,PORT009,INS0032,2025-06-15,4280,61.3902,262750.06,2052.67,GBP,MOCK_FEED
POS00900820250615,PORT009,INS0033,2025-06-15,1732,29.8476,51696.04,-80.18,EUR,MOCK_FEED
POS00900920250615,PORT009,INS0034,2025-06-15,4671,43.9901,205477.76,-2022.52,GBP,MOCK_FEED
POS00901020250615,PORT009,INS0035,2025-06-15,2267,10.3981,23572.49,752.03,INR,MOCK_FEED
POS00900120250616,PORT009,INS0026,2025-06-16,4771,46.9802,224142.53,4552.19,INR,MOCK_FEED
POS00900220250616,PORT009,INS0027,2025-06-16,4754,17.2455,81985.11,2282.85,USD,MOCK_FEED
POS00900320250616,PORT009,INS0028,2025-06-16,4682,42.7812,200301.58,87.66,INR,MOCK_FEED
POS00900420250616,PORT009,INS0029,2025-06-16,353,22.8862,8078.83,-103.16,GBP,MOCK_FEED
POS00900520250616,PORT009,INS0030,2025-06-16,2267,51.0135,115647.6,-238.27,INR,MOCK_FEED
POS00900620250616,PORT009,INS0031,2025-06-16,1007,35.5776,35826.64,1304.61,USD,MOCK_FEED
POS00900720250616,PORT009,INS0032,2025-06-16,4037,62.1688,250975.45,8934.82,USD,MOCK_FEED
POS00900820250616,PORT009,INS0033,2025-06-16,1982,29.558,58583.96,2200.93,USD,MOCK_FEED
POS00900920250616,PORT009,INS0034,2025-06-16,784,43.7384,34290.91,-725.94,EUR,MOCK_FEED
POS00901020250616,PORT009,INS0035,2025-06-16,4610,10.1815,46936.71,1832.55,USD,MOCK_FEED
POS00900120250617,PORT009,INS0026,2025-06-17,3543,45.8878,162580.48,696.87,GBP,MOCK_FEED
POS00900220250617,PORT009,INS0027,2025-06-17,4857,17.361,84322.38,182.02,USD,MOCK_FEED
POS00900320250617,PORT009,INS0028,2025-06-17,3846,42.8644,164856.48,-661.33,EUR,MOCK_FEED
POS00900420250617,PORT009,INS0029,2025-06-17,2798,22.7706,63712.14,761.47,GBP,MOCK_FEED
POS00900520250617,PORT009,INS0030,2025-06-17,1912,51.0695,97644.88,-969.49,GBP,MOCK_FEED
POS00900620250617,PORT009,INS0031,2025-06-17,3264,35.2152,114942.41,-864.5,EUR,MOCK_FEED
POS00900720250617,PORT009,INS0032,2025-06-17,3406,62.8446,214048.71,7392.7,EUR,MOCK_FEED
POS00900820250617,PORT009,INS0033,2025-06-17,3200,29.6499,94879.68,191.16,EUR,MOCK_FEED
POS00900920250617,PORT009,INS0034,2025-06-17,2730,43.2576,118093.25,1614.42,USD,MOCK_FEED
POS00901020250617,PORT009,INS0035,2025-06-17,4011,10.1785,40825.96,994.98,GBP,MOCK_FEED
POS00900120250618,PORT009,INS0026,2025-06-18,976,45.5418,44448.8,1515.46,INR,MOCK_FEED
POS00900220250618,PORT009,INS0027,2025-06-18,1263,17.204,21728.65,487.91,GBP,MOCK_FEED
POS00900320250618,PORT009,INS0028,2025-06-18,128,43.3276,5545.93,-134.57,EUR,MOCK_FEED
POS00900420250618,PORT009,INS0029,2025-06-18,2474,22.8829,56612.29,921.65,USD,MOCK_FEED
POS00900520250618,PORT009,INS0030,2025-06-18,1802,51.2819,92409.98,2504.48,USD,MOCK_FEED
POS00900620250618,PORT009,INS0031,2025-06-18,1484,35.4675,52633.77,238.08,GBP,MOCK_FEED
POS00900720250618,PORT009,INS0032,2025-06-18,4436,62.9381,279193.41,-1515.37,EUR,MOCK_FEED
POS00900820250618,PORT009,INS0033,2025-06-18,4366,29.7821,130028.65,769.44,INR,MOCK_FEED
POS00900920250618,PORT009,INS0034,2025-06-18,3523,42.4354,149499.91,-3443.71,INR,MOCK_FEED
POS00901020250618,PORT009,INS0035,2025-06-18,1261,9.9407,12535.22,-322.26,USD,MOCK_FEED
POS00900120250619,PORT009,INS0026,2025-06-19,229,45.4929,10417.87,147.6,EUR,MOCK_FEED
POS00900220250619,PORT009,INS0027,2025-06-19,2075,17.7208,36770.66,-422.73,INR,MOCK_FEED
POS00900320250619,PORT009,INS0028,2025-06-19,1421,42.8846,60939.02,-1095.47,EUR,MOCK_FEED
POS00900420250619,PORT009,INS0029,2025-06-19,692,22.5613,15612.42,-442.66,EUR,MOCK_FEED
POS00900520250619,PORT009,INS0030,2025-06-19,4673,50.5426,236185.57,-4836.25,GBP,MOCK_FEED
POS00900620250619,PORT009,INS0031,2025-06-19,2635,35.9349,94688.46,-2146.55,EUR,MOCK_FEED
POS00900720250619,PORT009,INS0032,2025-06-19,3313,62.2253,206152.42,-3292.38,INR,MOCK_FEED
POS00900820250619,PORT009,INS0033,2025-06-19,3053,29.2063,89166.83,2595.85,INR,MOCK_FEED
POS00900920250619,PORT009,INS0034,2025-06-19,4382,41.6625,182565.08,-1480.56,INR,MOCK_FEED
POS00901020250619,PORT009,INS0035,2025-06-19,2301,10.0204,23056.94,-619.6,INR,MOCK_FEED
POS00900120250620,PORT009,INS0026,2025-06-20,3518,44.6626,157123.03,4278.87,USD,MOCK_FEED
POS00900220250620,PORT009,INS0027,2025-06-20,2821,17.3918,49062.27,401.28,INR,MOCK_FEED
POS00900320250620,PORT009,INS0028,2025-06-20,1591,42.8293,68141.42,1630.78,INR,MOCK_FEED
POS00900420250620,PORT009,INS0029,2025-06-20,541,22.4702,12156.38,190.91,INR,MOCK_FEED
POS00900520250620,PORT009,INS0030,2025-06-20,1379,49.909,68824.51,476.22,EUR,MOCK_FEED
POS00900620250620,PORT009,INS0031,2025-06-20,3152,36.3754,114655.26,-1911.85,GBP,MOCK_FEED
POS00900720250620,PORT009,INS0032,2025-06-20,1248,60.2309,75168.16,-1863.19,EUR,MOCK_FEED
POS00900820250620,PORT009,INS0033,2025-06-20,2936,28.8958,84838.07,1949.82,INR,MOCK_FEED
POS00900920250620,PORT009,INS0034,2025-06-20,4670,40.969,191325.23,-5059.12,INR,MOCK_FEED
POS00901020250620,PORT009,INS0035,2025-06-20,4220,9.752,41153.44,665.88,INR,MOCK_FEED
POS00900120250621,PORT009,INS0026,2025-06-21,2867,46.3351,132842.73,-2935.34,INR,MOCK_FEED
POS00900220250621,PORT009,INS0027,2025-06-21,4215,17.7547,74836.06,1134.9,USD,MOCK_FEED
POS00900320250621,PORT009,INS0028,2025-06-21,1022,42.2395,43168.77,1333.63,GBP,MOCK_FEED
POS00900420250621,PORT009,INS0029,2025-06-21,4882,22.6976,110809.68,-3276.3,GBP,MOCK_FEED
POS00900520250621,PORT009,INS0030,2025-06-21,402,49.6104,19943.38,-90.12,EUR,MOCK_FEED
POS00900620250621,PORT009,INS0031,2025-06-21,4546,36.3007,165022.98,-540.05,GBP,MOCK_FEED
POS00900720250621,PORT009,INS0032,2025-06-21,4643,60.259,279782.54,4105.2,USD,MOCK_FEED
POS00900820250621,PORT009,INS0033,2025-06-21,3617,28.8674,104413.39,-1182.16,GBP,MOCK_FEED
POS00900920250621,PORT009,INS0034,2025-06-21,493,41.1907,20307.02,-10.25,GBP,MOCK_FEED
POS00901020250621,PORT009,INS0035,2025-06-21,1461,9.7472,14240.66,2.23,INR,MOCK_FEED
POS00900120250622,PORT009,INS0026,2025-06-22,4498,46.3221,208356.81,1540.26,EUR,MOCK_FEED
POS00900220250622,PORT009,INS0027,2025-06-22,3438,17.9014,61545.01,1180.44,INR,MOCK_FEED
POS00900320250622,PORT009,INS0028,2025-06-22,1970,42.1552,83045.74,793.62,INR,MOCK_FEED
POS00900420250622,PORT009,INS0029,2025-06-22,1117,22.7033,25359.59,853.71,EUR,MOCK_FEED
POS00900520250622,PORT009,INS0030,2025-06-22,1205,50.3885,60718.14,1435.97,USD,MOCK_FEED
POS00900620250622,PORT009,INS0031,2025-06-22,1691,36.297,61378.23,1133.74,GBP,MOCK_FEED
POS00900720250622,PORT009,INS0032,2025-06-22,2359,60.9007,143664.75,-1485.24,GBP,MOCK_FEED
POS00900820250622,PORT009,INS0033,2025-06-22,206,29.2288,6021.13,-136.61,EUR,MOCK_FEED
POS00900920250622,PORT009,INS0034,2025-06-22,3353,41.1262,137896.15,-1835.72,EUR,MOCK_FEED
POS00901020250622,PORT009,INS0035,2025-06-22,1402,9.7503,13669.92,-339.06,USD,MOCK_FEED
POS00900120250623,PORT009,INS0026,2025-06-23,3699,46.4397,171780.45,4984.07,GBP,MOCK_FEED
POS00900220250623,PORT009,INS0027,2025-06-23,2309,18.0743,41733.56,-348.53,INR,MOCK_FEED
POS00900320250623,PORT009,INS0028,2025-06-23,2196,41.7998,91792.36,775.29,EUR,MOCK_FEED
POS00900420250623,PORT009,INS0029,2025-06-23,121,22.8891,2769.58,107.95,USD,MOCK_FEED
POS00900520250623,PORT009,INS0030,2025-06-23,1614,49.544,79964.02,-1953.02,USD,MOCK_FEED
POS00900620250623,PORT009,INS0031,2025-06-23,3095,36.258,112218.51,130.91,INR,MOCK_FEED
POS00900720250623,PORT009,INS0032,2025-06-23,3802,60.5021,230028.98,4327.9,USD,MOCK_FEED
POS00900820250623,PORT009,INS0033,2025-06-23,2296,29.9762,68825.36,2428.2,GBP,MOCK_FEED
POS00900920250623,PORT009,INS0034,2025-06-23,1690,40.9054,69130.13,13.38,EUR,MOCK_FEED
POS00901020250623,PORT009,INS0035,2025-06-23,1013,9.802,9929.43,141.39,EUR,MOCK_FEED
POS00900120250624,PORT009,INS0026,2025-06-24,3205,45.7976,146781.31,-4329.23,GBP,MOCK_FEED
POS00900220250624,PORT009,INS0027,2025-06-24,2554,18.0219,46027.93,-673.05,EUR,MOCK_FEED
POS00900320250624,PORT009,INS0028,2025-06-24,3908,41.4847,162122.21,3145.7,EUR,MOCK_FEED
POS00900420250624,PORT009,INS0029,2025-06-24,1255,22.5186,28260.84,210.6,INR,MOCK_FEED
POS00900520250624,PORT009,INS0030,2025-06-24,611,49.3833,30173.2,-489.11,GBP,MOCK_FEED
POS00900620250624,PORT009,INS0031,2025-06-24,426,36.3742,15495.41,506.99,USD,MOCK_FEED
POS00900720250624,PORT009,INS0032,2025-06-24,493,60.5767,29864.31,-887.29,EUR,MOCK_FEED
POS00900820250624,PORT009,INS0033,2025-06-24,1271,29.915,38021.96,1463.08,EUR,MOCK_FEED
POS00900920250624,PORT009,INS0034,2025-06-24,2250,40.445,91001.25,2474.75,INR,MOCK_FEED
POS00901020250624,PORT009,INS0035,2025-06-24,2202,9.7326,21431.19,-223.43,USD,MOCK_FEED
POS00900120250625,PORT009,INS0026,2025-06-25,4928,45.5511,224475.82,-1585.88,GBP,MOCK_FEED
POS00900220250625,PORT009,INS0027,2025-06-25,1200,18.175,21810.0,171.84,EUR,MOCK_FEED
POS00900320250625,PORT009,INS0028,2025-06-25,2309,41.808,96534.67,-2581.06,GBP,MOCK_FEED
POS00900420250625,PORT009,INS0029,2025-06-25,2354,22.546,53073.28,-356.86,INR,MOCK_FEED
POS00900520250625,PORT009,INS0030,2025-06-25,4372,49.5781,216755.45,-5304.72,EUR,MOCK_FEED
POS00900620250625,PORT009,INS0031,2025-06-25,1869,35.9534,67196.9,2196.94,USD,MOCK_FEED
POS00900720250625,PORT009,INS0032,2025-06-25,4867,60.6713,295287.22,9446.04,EUR,MOCK_FEED
POS00900820250625,PORT009,INS0033,2025-06-25,3080,30.0337,92503.8,3318.21,GBP,MOCK_FEED
POS00900920250625,PORT009,INS0034,2025-06-25,1961,40.307,79042.03,2310.43,INR,MOCK_FEED
POS00901020250625,PORT009,INS0035,2025-06-25,3192,9.5953,30628.2,-717.41,USD,MOCK_FEED
POS00900120250626,PORT009,INS0026,2025-06-26,4659,45.7516,213156.7,-298.9,EUR,MOCK_FEED
POS00900220250626,PORT009,INS0027,2025-06-26,4780,18.2018,87004.6,2412.18,EUR,MOCK_FEED
POS00900320250626,PORT009,INS0028,2025-06-26,416,42.2236,17565.02,266.84,EUR,MOCK_FEED
POS00900420250626,PORT009,INS0029,2025-06-26,657,22.887,15036.76,-55.56,INR,MOCK_FEED
POS00900520250626,PORT009,INS0030,2025-06-26,307,49.3209,15141.52,-46.24,INR,MOCK_FEED
POS00900620250626,PORT009,INS0031,2025-06-26,2457,35.8739,88142.17,2644.61,GBP,MOCK_FEED
POS00900720250626,PORT009,INS0032,2025-06-26,1911,61.4917,117510.64,4155.66,GBP,MOCK_FEED
POS00900820250626,PORT009,INS0033,2025-06-26,3756,30.535,114689.46,2974.05,USD,MOCK_FEED
POS00900920250626,PORT009,INS0034,2025-06-26,487,40.9507,19942.99,-276.09,INR,MOCK_FEED
POS00901020250626,PORT009,INS0035,2025-06-26,2097,9.6588,20254.5,61.13,INR,MOCK_FEED
POS00900120250627,PORT009,INS0026,2025-06-27,3880,45.3431,175931.23,3237.04,EUR,MOCK_FEED
POS00900220250627,PORT009,INS0027,2025-06-27,902,17.961,16200.82,-435.22,EUR,MOCK_FEED
POS00900320250627,PORT009,INS0028,2025-06-27,1220,41.5215,50656.23,-719.61,EUR,MOCK_FEED
POS00900420250627,PORT009,INS0029,2025-06-27,4159,22.9291,95362.13,1948.43,INR,MOCK_FEED
POS00900520250627,PORT009,INS0030,2025-06-27,317,49.2511,15612.6,-350.34,USD,MOCK_FEED
POS00900620250627,PORT009,INS0031,2025-06-27,3389,36.3644,123238.95,-1804.88,GBP,MOCK_FEED
POS00900720250627,PORT009,INS0032,2025-06-27,4555,62.7789,285957.89,657.41,EUR,MOCK_FEED
POS00900820250627,PORT009,INS0033,2025-06-27,2480,30.8754,76570.99,-1602.41,EUR,MOCK_FEED
POS00900920250627,PORT009,INS0034,2025-06-27,4299,40.9888,176210.85,-1364.6,GBP,MOCK_FEED
POS00901020250627,PORT009,INS0035,2025-06-27,4619,9.4816,43795.51,1257.54,EUR,MOCK_FEED
POS00900120250628,PORT009,INS0026,2025-06-28,864,45.1552,39014.09,980.49,EUR,MOCK_FEED
POS00900220250628,PORT009,INS0027,2025-06-28,3703,17.868,66165.2,-1455.83,USD,MOCK_FEED
POS00900320250628,PORT009,INS0028,2025-06-28,1306,42.5375,55553.97,843.48,GBP,MOCK_FEED
POS00900420250628,PORT009,INS0029,2025-06-28,329,22.9844,7561.87,101.54,INR,MOCK_FEED
POS00900520250628,PORT009,INS0030,2025-06-28,2407,49.7888,119841.64,-967.38,INR,MOCK_FEED
POS00900620250628,PORT009,INS0031,2025-06-28,4510,36.4451,164367.4,161.99,GBP,MOCK_FEED
POS00900720250628,PORT009,INS0032,2025-06-28,4678,63.4792,296955.7,-7811.92,INR,MOCK_FEED
POS00900820250628,PORT009,INS0033,2025-06-28,4481,31.5603,141421.7,1361.77,INR,MOCK_FEED
POS00900920250628,PORT009,INS0034,2025-06-28,1718,41.3361,71015.42,1910.46,USD,MOCK_FEED
POS00901020250628,PORT009,INS0035,2025-06-28,4046,9.4262,38138.41,1323.66,EUR,MOCK_FEED
POS00900120250629,PORT009,INS0026,2025-06-29,2322,44.9046,104268.48,-3104.91,GBP,MOCK_FEED
POS00900220250629,PORT009,INS0027,2025-06-29,332,17.4867,5805.58,-173.56,EUR,MOCK_FEED
POS00900320250629,PORT009,INS0028,2025-06-29,1217,42.5099,51734.55,-601.32,EUR,MOCK_FEED
POS00900420250629,PORT009,INS0029,2025-06-29,3183,22.9465,73038.71,2459.3,GBP,MOCK_FEED
POS00900520250629,PORT009,INS0030,2025-06-29,714,49.8333,35580.98,881.98,EUR,MOCK_FEED
POS00900620250629,PORT009,INS0031,2025-06-29,3757,36.5887,137463.75,-2386.02,USD,MOCK_FEED
POS00900720250629,PORT009,INS0032,2025-06-29,673,64.2933,43269.39,-1225.28,USD,MOCK_FEED
POS00900820250629,PORT009,INS0033,2025-06-29,390,31.8736,12430.7,213.3,USD,MOCK_FEED
POS00900920250629,PORT009,INS0034,2025-06-29,3578,41.609,148877.0,-2458.26,INR,MOCK_FEED
POS00901020250629,PORT009,INS0035,2025-06-29,346,9.5689,3310.84,18.65,INR,MOCK_FEED
POS00900120250630,PORT009,INS0026,2025-06-30,2240,45.3213,101519.71,-2519.82,USD,MOCK_FEED
POS00900220250630,PORT009,INS0027,2025-06-30,2049,17.1249,35088.92,996.52,USD,MOCK_FEED
POS00900320250630,PORT009,INS0028,2025-06-30,3177,42.7865,135932.71,1646.88,GBP,MOCK_FEED
POS00900420250630,PORT009,INS0029,2025-06-30,3934,22.7649,89557.12,2171.25,EUR,MOCK_FEED
POS00900520250630,PORT009,INS0030,2025-06-30,3749,49.0361,183836.34,350.16,GBP,MOCK_FEED
POS00900620250630,PORT009,INS0031,2025-06-30,1933,37.7069,72887.44,2440.62,USD,MOCK_FEED
POS00900720250630,PORT009,INS0032,2025-06-30,625,64.5064,40316.5,584.16,INR,MOCK_FEED
POS00900820250630,PORT009,INS0033,2025-06-30,1585,31.4865,49906.1,-352.61,USD,MOCK_FEED
POS00900920250630,PORT009,INS0034,2025-06-30,2337,41.1936,96269.44,-2771.71,GBP,MOCK_FEED
POS00901020250630,PORT009,INS0035,2025-06-30,4119,9.4513,38929.9,-43.32,USD,MOCK_FEED
POS00900120250701,PORT009,INS0026,2025-07-01,4866,46.0303,223983.44,3151.07,INR,MOCK_FEED
POS00900220250701,PORT009,INS0027,2025-07-01,2559,17.0461,43620.97,1128.99,EUR,MOCK_FEED
POS00900320250701,PORT009,INS0028,2025-07-01,935,42.2005,39457.47,660.78,INR,MOCK_FEED
POS00900420250701,PORT009,INS0029,2025-07-01,3981,22.1794,88296.19,-1129.71,EUR,MOCK_FEED
POS00900520250701,PORT009,INS0030,2025-07-01,1192,49.89,59468.88,-1241.65,USD,MOCK_FEED
POS00900620250701,PORT009,INS0031,2025-07-01,3638,37.9565,138085.75,116.02,INR,MOCK_FEED
POS00900720250701,PORT009,INS0032,2025-07-01,4206,63.3488,266445.05,9813.62,USD,MOCK_FEED
POS00900820250701,PORT009,INS0033,2025-07-01,781,31.1941,24362.59,123.93,GBP,MOCK_FEED
POS00900920250701,PORT009,INS0034,2025-07-01,3943,40.7636,160730.87,368.93,USD,MOCK_FEED
POS00901020250701,PORT009,INS0035,2025-07-01,121,9.3194,1127.65,-24.51,EUR,MOCK_FEED
POS00900120250702,PORT009,INS0026,2025-07-02,4263,47.259,201465.12,2703.45,GBP,MOCK_FEED
POS00900220250702,PORT009,INS0027,2025-07-02,3427,16.5876,56845.71,1109.48,INR,MOCK_FEED
POS00900320250702,PORT009,INS0028,2025-07-02,1855,42.3183,78500.45,-876.94,GBP,MOCK_FEED
POS00900420250702,PORT009,INS0029,2025-07-02,4189,22.3747,93727.62,2263.76,USD,MOCK_FEED
POS00900520250702,PORT009,INS0030,2025-07-02,1214,50.648,61486.67,-75.56,INR,MOCK_FEED
POS00900620250702,PORT009,INS0031,2025-07-02,674,38.0231,25627.57,-697.18,INR,MOCK_FEED
POS00900720250702,PORT009,INS0032,2025-07-02,571,63.4977,36257.19,1158.43,INR,MOCK_FEED
POS00900820250702,PORT009,INS0033,2025-07-02,3722,31.7715,118253.52,4340.62,GBP,MOCK_FEED
POS00900920250702,PORT009,INS0034,2025-07-02,1569,39.9549,62689.24,-1334.46,INR,MOCK_FEED
POS00901020250702,PORT009,INS0035,2025-07-02,3361,9.2907,31226.04,-828.5,USD,MOCK_FEED
POS00900120250703,PORT009,INS0026,2025-07-03,787,46.9931,36983.57,1368.71,GBP,MOCK_FEED
POS00900220250703,PORT009,INS0027,2025-07-03,2497,16.7783,41895.42,1350.26,EUR,MOCK_FEED
POS00900320250703,PORT009,INS0028,2025-07-03,3062,42.5126,130173.58,2242.05,EUR,MOCK_FEED
POS00900420250703,PORT009,INS0029,2025-07-03,558,22.4778,12542.61,-207.96,EUR,MOCK_FEED
POS00900520250703,PORT009,INS0030,2025-07-03,1457,50.8956,74154.89,-1045.75,GBP,MOCK_FEED
POS00900620250703,PORT009,INS0031,2025-07-03,4638,38.6771,179384.39,-5238.8,EUR,MOCK_FEED
POS00900720250703,PORT009,INS0032,2025-07-03,138,63.6773,8787.47,122.03,GBP,MOCK_FEED
POS00900820250703,PORT009,INS0033,2025-07-03,2645,32.0572,84791.29,561.54,USD,MOCK_FEED
POS00900920250703,PORT009,INS0034,2025-07-03,2595,40.5549,105239.97,4065.76,EUR,MOCK_FEED
POS00901020250703,PORT009,INS0035,2025-07-03,722,9.4291,6807.81,-182.69,USD,MOCK_FEED
POS00900120250704,PORT009,INS0026,2025-07-04,2666,46.8223,124828.25,-3453.41,USD,MOCK_FEED
POS00900220250704,PORT009,INS0027,2025-07-04,3858,16.6813,64356.46,1346.06,USD,MOCK_FEED
POS00900320250704,PORT009,INS0028,2025-07-04,4901,43.0276,210878.27,-1130.09,GBP,MOCK_FEED
POS00900420250704,PORT009,INS0029,2025-07-04,4833,22.4022,108269.83,2966.07,INR,MOCK_FEED
POS00900520250704,PORT009,INS0030,2025-07-04,4327,50.6179,219023.65,3192.97,EUR,MOCK_FEED
POS00900620250704,PORT009,INS0031,2025-07-04,1930,38.451,74210.43,828.78,INR,MOCK_FEED
POS00900720250704,PORT009,INS0032,2025-07-04,1023,63.965,65436.2,2321.14,USD,MOCK_FEED
POS00900820250704,PORT009,INS0033,2025-07-04,2132,31.9267,68067.72,1425.9,EUR,MOCK_FEED
POS00900920250704,PORT009,INS0034,2025-07-04,142,40.1793,5705.46,168.32,USD,MOCK_FEED
POS00901020250704,PORT009,INS0035,2025-07-04,4034,9.3542,37734.84,948.49,EUR,MOCK_FEED
POS00900120250705,PORT009,INS0026,2025-07-05,4415,47.3049,208851.13,-2814.11,USD,MOCK_FEED
POS00900220250705,PORT009,INS0027,2025-07-05,3756,16.764,62965.58,2406.17,GBP,MOCK_FEED
POS00900320250705,PORT009,INS0028,2025-07-05,4215,42.8657,180678.93,6017.09,INR,MOCK_FEED
POS00900420250705,PORT009,INS0029,2025-07-05,1307,22.1838,28994.23,459.06,EUR,MOCK_FEED
POS00900520250705,PORT009,INS0030,2025-07-05,937,50.3961,47221.15,984.0,USD,MOCK_FEED
POS00900620250705,PORT009,INS0031,2025-07-05,1753,38.8605,68122.46,22.05,INR,MOCK_FEED
POS00900720250705,PORT009,INS0032,2025-07-05,3477,63.8002,221833.3,-1202.14,USD,MOCK_FEED
POS00900820250705,PORT009,INS0033,2025-07-05,1666,32.0526,53399.63,-1590.45,GBP,MOCK_FEED
POS00900920250705,PORT009,INS0034,2025-07-05,582,41.0412,23885.98,123.12,INR,MOCK_FEED
POS00901020250705,PORT009,INS0035,2025-07-05,4287,9.5479,40931.85,-1174.67,INR,MOCK_FEED
POS00900120250706,PORT009,INS0026,2025-07-06,1505,47.8883,72071.89,-1783.01,GBP,MOCK_FEED
POS00900220250706,PORT009,INS0027,2025-07-06,4511,16.6123,74938.09,-1857.41,EUR,MOCK_FEED
POS00900320250706,PORT009,INS0028,2025-07-06,2075,42.5002,88187.91,3243.59,USD,MOCK_FEED
POS00900420250706,PORT009,INS0029,2025-07-06,2307,22.7382,52457.03,1918.78,GBP,MOCK_FEED
POS00900520250706,PORT009,INS0030,2025-07-06,2695,49.9736,134678.85,816.76,INR,MOCK_FEED
POS00900620250706,PORT009,INS0031,2025-07-06,3729,39.4366,147059.08,3375.54,EUR,MOCK_FEED
POS00900720250706,PORT009,INS0032,2025-07-06,1409,64.7678,91257.83,-835.24,INR,MOCK_FEED
POS00900820250706,PORT009,INS0033,2025-07-06,2039,32.1528,65559.56,-424.16,INR,MOCK_FEED
POS00900920250706,PORT009,INS0034,2025-07-06,2585,41.162,106403.77,-2595.47,USD,MOCK_FEED
POS00901020250706,PORT009,INS0035,2025-07-06,4045,9.8332,39775.29,586.36,EUR,MOCK_FEED
POS00900120250707,PORT009,INS0026,2025-07-07,1195,48.7547,58261.87,319.21,EUR,MOCK_FEED
POS00900220250707,PORT009,INS0027,2025-07-07,1257,16.586,20848.6,-291.28,EUR,MOCK_FEED
POS00900320250707,PORT009,INS0028,2025-07-07,3320,42.2099,140136.87,-3703.12,USD,MOCK_FEED
POS00900420250707,PORT009,INS0029,2025-07-07,2455,22.494,55222.77,-1245.08,INR,MOCK_FEED
POS00900520250707,PORT009,INS0030,2025-07-07,2022,49.4429,99973.54,-184.94,USD,MOCK_FEED
POS00900620250707,PORT009,INS0031,2025-07-07,568,39.221,22277.53,249.47,GBP,MOCK_FEED
POS00900720250707,PORT009,INS0032,2025-07-07,2686,64.0513,172041.79,4125.08,EUR,MOCK_FEED
POS00900820250707,PORT009,INS0033,2025-07-07,1594,32.5153,51829.39,889.3,USD,MOCK_FEED
POS00900920250707,PORT009,INS0034,2025-07-07,4163,40.912,170316.66,3042.14,USD,MOCK_FEED
POS00901020250707,PORT009,INS0035,2025-07-07,3068,9.7608,29946.13,-688.85,INR,MOCK_FEED
POS00900120250708,PORT009,INS0026,2025-07-08,3929,48.3927,190134.92,4324.16,USD,MOCK_FEED
POS00900220250708,PORT009,INS0027,2025-07-08,2753,16.6549,45850.94,-476.14,GBP,MOCK_FEED
POS00900320250708,PORT009,INS0028,2025-07-08,1537,41.7868,64226.31,-1896.47,INR,MOCK_FEED
POS00900420250708,PORT009,INS0029,2025-07-08,2336,22.9655,53647.41,730.0,USD,MOCK_FEED
POS00900520250708,PORT009,INS0030,2025-07-08,2371,49.0509,116299.68,-2212.65,GBP,MOCK_FEED
POS00900620250708,PORT009,INS0031,2025-07-08,2241,38.9526,87292.78,-1507.12,EUR,MOCK_FEED
POS00900720250708,PORT009,INS0032,2025-07-08,3516,64.5021,226789.38,797.93,EUR,MOCK_FEED
POS00900820250708,PORT009,INS0033,2025-07-08,3230,32.5907,105267.96,-1625.97,INR,MOCK_FEED
POS00900920250708,PORT009,INS0034,2025-07-08,4709,41.2602,194294.28,-2207.77,EUR,MOCK_FEED
POS00901020250708,PORT009,INS0035,2025-07-08,1106,9.8176,10858.27,401.02,INR,MOCK_FEED
POS00900120250709,PORT009,INS0026,2025-07-09,174,48.2986,8403.96,-211.77,INR,MOCK_FEED
POS00900220250709,PORT009,INS0027,2025-07-09,947,16.7509,15863.1,-301.1,INR,MOCK_FEED
POS00900320250709,PORT009,INS0028,2025-07-09,3140,42.6049,133779.39,-1774.76,USD,MOCK_FEED
POS00900420250709,PORT009,INS0029,2025-07-09,836,22.4854,18797.79,527.55,INR,MOCK_FEED
POS00900520250709,PORT009,INS0030,2025-07-09,1655,49.1354,81319.09,1547.06,GBP,MOCK_FEED
POS00900620250709,PORT009,INS0031,2025-07-09,3103,39.4579,122437.86,-1112.03,EUR,MOCK_FEED
POS00900720250709,PORT009,INS0032,2025-07-09,1858,64.5473,119928.88,-2919.3,INR,MOCK_FEED
POS00900820250709,PORT009,INS0033,2025-07-09,2976,32.5512,96872.37,-1168.97,USD,MOCK_FEED
POS00900920250709,PORT009,INS0034,2025-07-09,1461,42.3604,61888.54,-152.09,GBP,MOCK_FEED
POS00901020250709,PORT009,INS0035,2025-07-09,1621,9.7135,15745.58,-217.98,GBP,MOCK_FEED
POS00900120250710,PORT009,INS0026,2025-07-10,4503,48.7295,219428.94,8446.58,EUR,MOCK_FEED
POS00900220250710,PORT009,INS0027,2025-07-10,4023,16.7374,67334.56,1302.34,GBP,MOCK_FEED
POS00900320250710,PORT009,INS0028,2025-07-10,3851,42.0936,162102.45,-2374.81,GBP,MOCK_FEED
POS00900420250710,PORT009,INS0029,2025-07-10,1038,22.3029,23150.41,-285.52,EUR,MOCK_FEED
POS00900520250710,PORT009,INS0030,2025-07-10,3446,49.4075,170258.24,44.26,INR,MOCK_FEED
POS00900620250710,PORT009,INS0031,2025-07-10,4330,39.8047,172354.35,6586.96,EUR,MOCK_FEED
POS00900720250710,PORT009,INS0032,2025-07-10,2246,64.7254,145373.25,3760.91,GBP,MOCK_FEED
POS00900820250710,PORT009,INS0033,2025-07-10,4950,32.4409,160582.45,348.4,INR,MOCK_FEED
POS00900920250710,PORT009,INS0034,2025-07-10,553,42.9306,23740.62,376.22,USD,MOCK_FEED
POS00901020250710,PORT009,INS0035,2025-07-10,3163,9.8615,31191.92,-352.05,INR,MOCK_FEED
POS00900120250711,PORT009,INS0026,2025-07-11,956,48.8525,46702.99,903.67,EUR,MOCK_FEED
POS00900220250711,PORT009,INS0027,2025-07-11,1639,16.7661,27479.64,1036.89,GBP,MOCK_FEED
POS00900320250711,PORT009,INS0028,2025-07-11,4260,42.8614,182589.56,1176.74,EUR,MOCK_FEED
POS00900420250711,PORT009,INS0029,2025-07-11,4417,22.4204,99030.91,-1900.85,GBP,MOCK_FEED
POS00900520250711,PORT009,INS0030,2025-07-11,468,49.9221,23363.54,526.69,USD,MOCK_FEED
POS00900620250711,PORT009,INS0031,2025-07-11,3904,39.8043,155395.99,5534.41,INR,MOCK_FEED
POS00900720250711,PORT009,INS0032,2025-07-11,4620,66.3969,306753.68,-3674.11,EUR,MOCK_FEED
POS00900820250711,PORT009,INS0033,2025-07-11,4140,32.6968,135364.75,-495.14,INR,MOCK_FEED
POS00900920250711,PORT009,INS0034,2025-07-11,1208,42.7984,51700.47,488.29,USD,MOCK_FEED
POS00901020250711,PORT009,INS0035,2025-07-11,477,9.7305,4641.45,181.37,EUR,MOCK_FEED
POS00900120250712,PORT009,INS0026,2025-07-12,3931,47.6594,187349.1,-378.37,USD,MOCK_FEED
POS00900220250712,PORT009,INS0027,2025-07-12,4940,17.0408,84181.55,1861.47,GBP,MOCK_FEED
POS00900320250712,PORT009,INS0028,2025-07-12,1137,43.0892,48992.42,-1000.06,EUR,MOCK_FEED
POS00900420250712,PORT009,INS0029,2025-07-12,2133,22.169,47286.48,-291.37,GBP,MOCK_FEED
POS00900520250712,PORT009,INS0030,2025-07-12,3064,49.4834,151617.14,-3920.63,INR,MOCK_FEED
POS00900620250712,PORT009,INS0031,2025-07-12,717,39.4016,28250.95,-38.64,INR,MOCK_FEED
POS00900720250712,PORT009,INS0032,2025-07-12,635,65.9683,41889.87,615.07,GBP,MOCK_FEED
POS00900820250712,PORT009,INS0033,2025-07-12,2654,32.6217,86577.99,-2032.16,INR,MOCK_FEED
POS00900920250712,PORT009,INS0034,2025-07-12,3473,44.0063,152833.88,-1102.72,INR,MOCK_FEED
POS00901020250712,PORT009,INS0035,2025-07-12,3254,9.6909,31534.19,-142.44,USD,MOCK_FEED
POS00900120250713,PORT009,INS0026,2025-07-13,4614,46.7951,215912.59,-3652.56,GBP,MOCK_FEED
POS00900220250713,PORT009,INS0027,2025-07-13,2332,17.0439,39746.37,-231.77,INR,MOCK_FEED
POS00900320250713,PORT009,INS0028,2025-07-13,3118,42.6793,133074.06,-3375.02,GBP,MOCK_FEED
POS00900420250713,PORT009,INS0029,2025-07-13,692,22.96,15888.32,-126.53,EUR,MOCK_FEED
POS00900520250713,PORT009,INS0030,2025-07-13,3533,49.5462,175046.72,33.73,EUR,MOCK_FEED
POS00900620250713,PORT009,INS0031,2025-07-13,2491,39.9185,99436.98,-146.06,INR,MOCK_FEED
POS00900720250713,PORT009,INS0032,2025-07-13,2866,66.1368,189548.07,-2589.31,INR,MOCK_FEED
POS00900820250713,PORT009,INS0033,2025-07-13,4447,32.6203,145062.47,286.02,EUR,MOCK_FEED
POS00900920250713,PORT009,INS0034,2025-07-13,552,44.0661,24324.49,-698.33,GBP,MOCK_FEED
POS00901020250713,PORT009,INS0035,2025-07-13,370,9.8491,3644.17,-93.66,GBP,MOCK_FEED
POS00900120250714,PORT009,INS0026,2025-07-14,3660,46.946,171822.36,-196.16,USD,MOCK_FEED
POS00900220250714,PORT009,INS0027,2025-07-14,427,16.9267,7227.7,-145.95,USD,MOCK_FEED
POS00900320250714,PORT009,INS0028,2025-07-14,736,42.4245,31224.43,253.12,USD,MOCK_FEED
POS00900420250714,PORT009,INS0029,2025-07-14,3909,23.7121,92690.6,147.29,USD,MOCK_FEED
POS00900520250714,PORT009,INS0030,2025-07-14,1729,49.3149,85265.46,407.2,USD,MOCK_FEED
POS00900620250714,PORT009,INS0031,2025-07-14,4331,40.193,174075.88,1792.11,USD,MOCK_FEED
POS00900720250714,PORT009,INS0032,2025-07-14,3536,66.9419,236706.56,-2551.95,INR,MOCK_FEED
POS00900820250714,PORT009,INS0033,2025-07-14,4007,32.2206,129107.94,-3657.0,USD,MOCK_FEED
POS00900920250714,PORT009,INS0034,2025-07-14,3484,45.2169,157535.68,-4194.87,INR,MOCK_FEED
POS00901020250714,PORT009,INS0035,2025-07-14,3059,9.7969,29968.72,-114.43,GBP,MOCK_FEED
POS00900120250715,PORT009,INS0026,2025-07-15,3826,47.8834,183201.89,-4768.36,GBP,MOCK_FEED
POS00900220250715,PORT009,INS0027,2025-07-15,2488,16.8117,41827.51,-557.36,USD,MOCK_FEED
POS00900320250715,PORT009,INS0028,2025-07-15,136,43.6964,5942.71,-116.7,GBP,MOCK_FEED
POS00900420250715,PORT009,INS0029,2025-07-15,2014,23.5189,47367.06,-1368.48,INR,MOCK_FEED
POS00900520250715,PORT009,INS0030,2025-07-15,2622,49.2176,129048.55,-566.94,INR,MOCK_FEED
POS00900620250715,PORT009,INS0031,2025-07-15,607,40.3743,24507.2,866.68,GBP,MOCK_FEED
POS00900720250715,PORT009,INS0032,2025-07-15,3260,66.2237,215889.26,-128.17,INR,MOCK_FEED
POS00900820250715,PORT009,INS0033,2025-07-15,1097,31.9586,35058.58,325.45,GBP,MOCK_FEED
POS00900920250715,PORT009,INS0034,2025-07-15,988,45.5748,45027.9,823.68,EUR,MOCK_FEED
POS00901020250715,PORT009,INS0035,2025-07-15,4387,9.9041,43449.29,598.49,INR,MOCK_FEED
POS00900120250716,PORT009,INS0026,2025-07-16,779,47.0329,36638.63,-1040.04,EUR,MOCK_FEED
POS00900220250716,PORT009,INS0027,2025-07-16,4037,16.8909,68188.56,2688.94,USD,MOCK_FEED
POS00900320250716,PORT009,INS0028,2025-07-16,1207,43.4387,52430.51,976.35,GBP,MOCK_FEED
POS00900420250716,PORT009,INS0029,2025-07-16,1690,23.2437,39281.85,-1081.84,USD,MOCK_FEED
POS00900520250716,PORT009,INS0030,2025-07-16,807,48.7678,39355.61,-1144.52,USD,MOCK_FEED
POS00900620250716,PORT009,INS0031,2025-07-16,3552,40.4578,143706.11,-1794.52,INR,MOCK_FEED
POS00900720250716,PORT009,INS0032,2025-07-16,3448,66.2861,228554.47,587.25,USD,MOCK_FEED
POS00900820250716,PORT009,INS0033,2025-07-16,2794,32.3577,90407.41,-2016.25,GBP,MOCK_FEED
POS00900920250716,PORT009,INS0034,2025-07-16,3909,45.9703,179697.9,456.96,USD,MOCK_FEED
POS00901020250716,PORT009,INS0035,2025-07-16,1191,9.9051,11796.97,2.21,GBP,MOCK_FEED
POS00900120250717,PORT009,INS0026,2025-07-17,3701,47.4171,175490.69,5230.15,GBP,MOCK_FEED
POS00900220250717,PORT009,INS0027,2025-07-17,1879,16.6283,31244.58,685.43,USD,MOCK_FEED
POS00900320250717,PORT009,INS0028,2025-07-17,2458,42.3736,104154.31,-1735.24,INR,MOCK_FEED
POS00900420250717,PORT009,INS0029,2025-07-17,1581,23.137,36579.6,933.08,EUR,MOCK_FEED
POS00900520250717,PORT009,INS0030,2025-07-17,1543,49.385,76201.05,-457.33,EUR,MOCK_FEED
POS00900620250717,PORT009,INS0031,2025-07-17,3009,40.2303,121052.97,-712.28,USD,MOCK_FEED
POS00900720250717,PORT009,INS0032,2025-07-17,4693,66.2808,311055.79,-7433.55,GBP,MOCK_FEED
POS00900820250717,PORT009,INS0033,2025-07-17,4069,32.2098,131061.68,-754.41,INR,MOCK_FEED
POS00900920250717,PORT009,INS0034,2025-07-17,126,46.3997,5846.36,69.77,USD,MOCK_FEED
POS00901020250717,PORT009,INS0035,2025-07-17,4653,10.0021,46539.77,-1102.54,GBP,MOCK_FEED
POS00900120250718,PORT009,INS0026,2025-07-18,1719,48.1892,82837.23,-1977.62,INR,MOCK_FEED
POS00900220250718,PORT009,INS0027,2025-07-18,1112,16.4779,18323.42,540.65,USD,MOCK_FEED
POS00900320250718,PORT009,INS0028,2025-07-18,2068,41.6722,86178.11,-476.56,EUR,MOCK_FEED
POS00900420250718,PORT009,INS0029,2025-07-18,4270,23.5043,100363.36,343.56,EUR,MOCK_FEED
POS00900520250718,PORT009,INS0030,2025-07-18,2528,48.9061,123634.62,-1793.38,EUR,MOCK_FEED
POS00900620250718,PORT009,INS0031,2025-07-18,4978,40.2718,200473.02,3858.43,EUR,MOCK_FEED
POS00900720250718,PORT009,INS0032,2025-07-18,830,66.4076,55118.31,1947.67,USD,MOCK_FEED
POS00900820250718,PORT009,INS0033,2025-07-18,1539,32.0399,49309.41,599.67,INR,MOCK_FEED
POS00900920250718,PORT009,INS0034,2025-07-18,2402,45.7535,109899.91,1610.26,INR,MOCK_FEED
POS00901020250718,PORT009,INS0035,2025-07-18,1907,10.1654,19385.42,-97.1,EUR,MOCK_FEED
POS00900120250719,PORT009,INS0026,2025-07-19,2512,48.3132,121362.76,-2923.11,GBP,MOCK_FEED
POS00900220250719,PORT009,INS0027,2025-07-19,1501,16.0466,24085.95,-263.26,INR,MOCK_FEED
POS00900320250719,PORT009,INS0028,2025-07-19,3081,42.0427,129533.56,-3278.84,INR,MOCK_FEED
POS00900420250719,PORT009,INS0029,2025-07-19,4301,23.8104,102408.53,3951.33,USD,MOCK_FEED
POS00900520250719,PORT009,INS0030,2025-07-19,2417,48.1151,116294.2,-2556.06,USD,MOCK_FEED
POS00900620250719,PORT009,INS0031,2025-07-19,2664,40.2723,107285.41,-382.01,INR,MOCK_FEED
POS00900720250719,PORT009,INS0032,2025-07-19,4801,67.2027,322640.16,-9300.77,EUR,MOCK_FEED
POS00900820250719,PORT009,INS0033,2025-07-19,2063,31.9987,66013.32,1509.02,INR,MOCK_FEED
POS00900920250719,PORT009,INS0034,2025-07-19,214,45.5636,9750.61,-181.76,GBP,MOCK_FEED
POS00901020250719,PORT009,INS0035,2025-07-19,2851,10.0322,28601.8,4.17,USD,MOCK_FEED
POS00900120250720,PORT009,INS0026,2025-07-20,3916,48.7611,190948.47,4127.96,USD,MOCK_FEED
POS00900220250720,PORT009,INS0027,2025-07-20,2291,15.9598,36563.9,-78.52,GBP,MOCK_FEED
POS00900320250720,PORT009,INS0028,2025-07-20,3745,41.7749,156447.0,347.7,GBP,MOCK_FEED
POS00900420250720,PORT009,INS0029,2025-07-20,755,23.5142,17753.22,482.0,INR,MOCK_FEED
POS00900520250720,PORT009,INS0030,2025-07-20,3643,48.0671,175108.45,-760.55,GBP,MOCK_FEED
POS00900620250720,PORT009,INS0031,2025-07-20,3558,41.2414,146736.9,-1014.53,USD,MOCK_FEED
POS00900720250720,PORT009,INS0032,2025-07-20,2018,67.1792,135567.63,374.61,EUR,MOCK_FEED
POS00900820250720,PORT009,INS0033,2025-07-20,1064,32.1604,34218.67,-491.75,GBP,MOCK_FEED
POS00900920250720,PORT009,INS0034,2025-07-20,1457,45.9767,66988.05,-524.54,EUR,MOCK_FEED
POS00901020250720,PORT009,INS0035,2025-07-20,2253,10.1143,22787.52,183.0,USD,MOCK_FEED
POS00900120250721,PORT009,INS0026,2025-07-21,1845,49.2896,90939.31,2888.24,EUR,MOCK_FEED
POS00900220250721,PORT009,INS0027,2025-07-21,3291,16.3003,53644.29,23.31,USD,MOCK_FEED
POS00900320250721,PORT009,INS0028,2025-07-21,1068,41.5426,44367.5,174.3,GBP,MOCK_FEED
POS00900420250721,PORT009,INS0029,2025-07-21,4996,22.914,114478.34,-3181.21,USD,MOCK_FEED
POS00900520250721,PORT009,INS0030,2025-07-21,4835,48.8373,236128.35,4164.96,EUR,MOCK_FEED
POS00900620250721,PORT009,INS0031,2025-07-21,353,41.1223,14516.17,-62.56,USD,MOCK_FEED
POS00900720250721,PORT009,INS0032,2025-07-21,4270,67.4736,288112.27,5628.9,USD,MOCK_FEED
POS00900820250721,PORT009,INS0033,2025-07-21,304,32.5747,9902.71,207.47,INR,MOCK_FEED
POS00900920250721,PORT009,INS0034,2025-07-21,3769,46.6106,175675.35,-2414.35,USD,MOCK_FEED
POS00901020250721,PORT009,INS0035,2025-07-21,1737,9.9806,17336.3,393.97,INR,MOCK_FEED
POS00900120250722,PORT009,INS0026,2025-07-22,5000,49.2953,246476.5,7106.62,EUR,MOCK_FEED
POS00900220250722,PORT009,INS0027,2025-07-22,2819,16.1025,45392.95,-605.52,EUR,MOCK_FEED
POS00900320250722,PORT009,INS0028,2025-07-22,1736,41.9698,72859.57,478.75,GBP,MOCK_FEED
POS00900420250722,PORT009,INS0029,2025-07-22,3856,23.053,88892.37,-2576.71,EUR,MOCK_FEED
POS00900520250722,PORT009,INS0030,2025-07-22,596,48.4875,28898.55,1001.39,USD,MOCK_FEED
POS00900620250722,PORT009,INS0031,2025-07-22,3122,41.7357,130298.86,4553.31,USD,MOCK_FEED
POS00900720250722,PORT009,INS0032,2025-07-22,4583,67.7142,310334.18,-6482.5,INR,MOCK_FEED
POS00900820250722,PORT009,INS0033,2025-07-22,3161,32.9438,104135.35,-1759.4,GBP,MOCK_FEED
POS00900920250722,PORT009,INS0034,2025-07-22,4703,46.7564,219895.35,2088.08,GBP,MOCK_FEED
POS00901020250722,PORT009,INS0035,2025-07-22,1051,9.8606,10363.49,326.4,EUR,MOCK_FEED
POS00900120250723,PORT009,INS0026,2025-07-23,1320,48.9279,64584.83,-1504.86,EUR,MOCK_FEED
POS00900220250723,PORT009,INS0027,2025-07-23,851,16.0354,13646.13,340.83,EUR,MOCK_FEED
POS00900320250723,PORT009,INS0028,2025-07-23,3672,42.2552,155161.09,1769.53,USD,MOCK_FEED
POS00900420250723,PORT009,INS0029,2025-07-23,3902,22.9872,89696.05,2005.21,USD,MOCK_FEED
POS00900520250723,PORT009,INS0030,2025-07-23,1038,49.6098,51494.97,550.04,GBP,MOCK_FEED
POS00900620250723,PORT009,INS0031,2025-07-23,1890,42.0447,79464.48,-1265.42,INR,MOCK_FEED
POS00900720250723,PORT009,INS0032,2025-07-23,2114,66.9872,141610.94,20.32,USD,MOCK_FEED
POS00900820250723,PORT009,INS0033,2025-07-23,4164,32.6814,136085.35,-3311.31,GBP,MOCK_FEED
POS00900920250723,PORT009,INS0034,2025-07-23,4185,46.4995,194600.41,30.43,INR,MOCK_FEED
POS00901020250723,PORT009,INS0035,2025-07-23,4639,9.8576,45729.41,-614.66,INR,MOCK_FEED
POS00900120250724,PORT009,INS0026,2025-07-24,3828,48.1678,184386.34,4985.74,INR,MOCK_FEED
POS00900220250724,PORT009,INS0027,2025-07-24,4988,16.2003,80807.1,2950.25,INR,MOCK_FEED
POS00900320250724,PORT009,INS0028,2025-07-24,1799,43.1382,77605.62,94.33,EUR,MOCK_FEED
POS00900420250724,PORT009,INS0029,2025-07-24,448,23.3413,10456.9,200.71,USD,MOCK_FEED
POS00900520250724,PORT009,INS0030,2025-07-24,4232,49.3573,208880.09,1698.62,EUR,MOCK_FEED
POS00900620250724,PORT009,INS0031,2025-07-24,4731,41.6405,197001.21,6909.87,USD,MOCK_FEED
POS00900720250724,PORT009,INS0032,2025-07-24,1416,67.2009,95156.47,2823.88,GBP,MOCK_FEED
POS00900820250724,PORT009,INS0033,2025-07-24,542,32.2951,17503.94,501.09,USD,MOCK_FEED
POS00900920250724,PORT009,INS0034,2025-07-24,3804,46.0396,175134.64,4266.47,USD,MOCK_FEED
POS00901020250724,PORT009,INS0035,2025-07-24,4190,9.9718,41781.84,-92.85,GBP,MOCK_FEED
POS00900120250725,PORT009,INS0026,2025-07-25,2454,47.7371,117146.84,-2092.41,USD,MOCK_FEED
POS00900220250725,PORT009,INS0027,2025-07-25,3222,15.9936,51531.38,1568.95,GBP,MOCK_FEED
POS00900320250725,PORT009,INS0028,2025-07-25,705,43.2024,30457.69,182.13,EUR,MOCK_FEED
POS00900420250725,PORT009,INS0029,2025-07-25,708,23.3047,16499.73,616.76,EUR,MOCK_FEED
POS00900520250725,PORT009,INS0030,2025-07-25,2468,50.1981,123888.91,-858.2,INR,MOCK_FEED
POS00900620250725,PORT009,INS0031,2025-07-25,2317,41.553,96278.3,2989.52,EUR,MOCK_FEED
POS00900720250725,PORT009,INS0032,2025-07-25,1867,67.2512,125557.99,2983.84,GBP,MOCK_FEED
POS00900820250725,PORT009,INS0033,2025-07-25,3009,33.022,99363.2,1269.01,EUR,MOCK_FEED
POS00900920250725,PORT009,INS0034,2025-07-25,4929,45.7134,225321.35,-5741.2,EUR,MOCK_FEED
POS00901020250725,PORT009,INS0035,2025-07-25,654,10.0706,6586.17,-173.14,USD,MOCK_FEED
POS00900120250726,PORT009,INS0026,2025-07-26,749,49.0027,36703.02,-840.21,EUR,MOCK_FEED
POS00900220250726,PORT009,INS0027,2025-07-26,3441,16.051,55231.49,-568.4,USD,MOCK_FEED
POS00900320250726,PORT009,INS0028,2025-07-26,4605,43.1832,198858.64,-5701.82,INR,MOCK_FEED
POS00900420250726,PORT009,INS0029,2025-07-26,4685,23.2664,109003.08,3839.13,USD,MOCK_FEED
POS00900520250726,PORT009,INS0030,2025-07-26,988,49.0848,48495.78,-140.98,EUR,MOCK_FEED
POS00900620250726,PORT009,INS0031,2025-07-26,4770,40.7265,194265.4,-4420.78,EUR,MOCK_FEED
POS00900720250726,PORT009,INS0032,2025-07-26,771,66.3551,51159.78,-1011.17,EUR,MOCK_FEED
POS00900820250726,PORT009,INS0033,2025-07-26,2725,32.9458,89777.3,-600.48,INR,MOCK_FEED
POS00900920250726,PORT009,INS0034,2025-07-26,3188,45.9808,146586.79,1319.43,USD,MOCK_FEED
POS00901020250726,PORT009,INS0035,2025-07-26,4488,9.9182,44512.88,-314.17,USD,MOCK_FEED
POS00900120250727,PORT009,INS0026,2025-07-27,4850,48.5235,235338.98,-2749.62,INR,MOCK_FEED
POS00900220250727,PORT009,INS0027,2025-07-27,2160,16.1447,34872.55,726.39,GBP,MOCK_FEED
POS00900320250727,PORT009,INS0028,2025-07-27,206,43.9351,9050.63,-42.52,GBP,MOCK_FEED
POS00900420250727,PORT009,INS0029,2025-07-27,2012,23.4009,47082.61,-492.81,GBP,MOCK_FEED
POS00900520250727,PORT009,INS0030,2025-07-27,2304,49.8763,114915.0,-1325.87,GBP,MOCK_FEED
POS00900620250727,PORT009,INS0031,2025-07-27,747,40.7173,30415.82,-337.9,INR,MOCK_FEED
POS00900720250727,PORT009,INS0032,2025-07-27,213,66.3346,14129.27,-403.03,INR,MOCK_FEED
POS00900820250727,PORT009,INS0033,2025-07-27,3498,33.3191,116550.21,-2088.21,GBP,MOCK_FEED
POS00900920250727,PORT009,INS0034,2025-07-27,3464,46.3101,160418.19,3637.37,INR,MOCK_FEED
POS00901020250727,PORT009,INS0035,2025-07-27,2843,10.005,28444.22,-738.39,USD,MOCK_FEED
POS00900120250728,PORT009,INS0026,2025-07-28,3837,47.9511,183988.37,-2052.43,USD,MOCK_FEED
POS00900220250728,PORT009,INS0027,2025-07-28,4847,16.3736,79362.84,-1078.84,GBP,MOCK_FEED
POS00900320250728,PORT009,INS0028,2025-07-28,2008,44.466,89287.73,-1903.94,INR,MOCK_FEED
POS00900420250728,PORT009,INS0029,2025-07-28,4053,23.4643,95100.81,-2038.87,USD,MOCK_FEED
POS00900520250728,PORT009,INS0030,2025-07-28,1085,50.7017,55011.34,-547.4,GBP,MOCK_FEED
POS00900620250728,PORT009,INS0031,2025-07-28,2019,40.7563,82286.97,-1485.72,EUR,MOCK_FEED
POS00900720250728,PORT009,INS0032,2025-07-28,903,67.29,60762.87,36.92,USD,MOCK_FEED
POS00900820250728,PORT009,INS0033,2025-07-28,3499,33.5441,117370.81,91.34,INR,MOCK_FEED
POS00900920250728,PORT009,INS0034,2025-07-28,181,46.3641,8391.9,-108.93,GBP,MOCK_FEED
POS00901020250728,PORT009,INS0035,2025-07-28,4796,9.9384,47664.57,-89.77,USD,MOCK_FEED
POS00900120250729,PORT009,INS0026,2025-07-29,3672,48.6681,178709.26,1782.84,GBP,MOCK_FEED
POS00900220250729,PORT009,INS0027,2025-07-29,1806,16.5504,29890.02,-12.79,USD,MOCK_FEED
POS00900320250729,PORT009,INS0028,2025-07-29,2502,42.8237,107144.9,2056.93,EUR,MOCK_FEED
POS00900420250729,PORT009,INS0029,2025-07-29,1870,22.4993,42073.69,-861.99,EUR,MOCK_FEED
POS00900520250729,PORT009,INS0030,2025-07-29,4179,49.8804,208450.19,-3115.63,EUR,MOCK_FEED
POS00900620250729,PORT009,INS0031,2025-07-29,4910,40.209,197426.19,6098.6,EUR,MOCK_FEED
POS00900720250729,PORT009,INS0032,2025-07-29,3541,64.7193,229171.04,6761.27,INR,MOCK_FEED
POS00900820250729,PORT009,INS0033,2025-07-29,4045,33.7608,136562.44,-3847.16,EUR,MOCK_FEED
POS00900920250729,PORT009,INS0034,2025-07-29,455,46.3286,21079.51,-583.25,INR,MOCK_FEED
POS00901020250729,PORT009,INS0035,2025-07-29,4524,9.9555,45038.68,689.11,EUR,MOCK_FEED
POS00900120250730,PORT009,INS0026,2025-07-30,2154,48.0292,103454.9,-243.5,GBP,MOCK_FEED
POS00900220250730,PORT009,INS0027,2025-07-30,218,16.4587,3588.0,-64.19,EUR,MOCK_FEED
POS00900320250730,PORT009,INS0028,2025-07-30,3979,43.6107,173526.98,3842.61,EUR,MOCK_FEED
POS00900420250730,PORT009,INS0029,2025-07-30,2950,22.6747,66890.37,2365.8,GBP,MOCK_FEED
POS00900520250730,PORT009,INS0030,2025-07-30,2616,49.1312,128527.22,-3787.69,GBP,MOCK_FEED
POS00900620250730,PORT009,INS0031,2025-07-30,2307,39.7521,91708.09,2187.91,GBP,MOCK_FEED
POS00900720250730,PORT009,INS0032,2025-07-30,2272,64.7938,147211.51,-2121.43,INR,MOCK_FEED
POS00900820250730,PORT009,INS0033,2025-07-30,3468,33.6825,116810.91,639.64,INR,MOCK_FEED
POS00900920250730,PORT009,INS0034,2025-07-30,275,47.3217,13013.47,-43.35,INR,MOCK_FEED
POS00901020250730,PORT009,INS0035,2025-07-30,1576,10.1083,15930.68,302.52,GBP,MOCK_FEED
POS00900120250731,PORT009,INS0026,2025-07-31,370,49.3492,18259.2,-433.12,INR,MOCK_FEED
POS00900220250731,PORT009,INS0027,2025-07-31,3909,16.4927,64469.96,1274.83,GBP,MOCK_FEED
POS00900320250731,PORT009,INS0028,2025-07-31,3701,43.8106,162143.03,-3891.19,EUR,MOCK_FEED
POS00900420250731,PORT009,INS0029,2025-07-31,255,22.8096,5816.45,-6.7,INR,MOCK_FEED
POS00900520250731,PORT009,INS0030,2025-07-31,4898,48.5006,237555.94,1560.33,USD,MOCK_FEED
POS00900620250731,PORT009,INS0031,2025-07-31,2507,39.6954,99516.37,-135.35,EUR,MOCK_FEED
POS00900720250731,PORT009,INS0032,2025-07-31,2255,65.3102,147274.5,423.27,EUR,MOCK_FEED
POS00900820250731,PORT009,INS0033,2025-07-31,705,34.03,23991.15,822.45,USD,MOCK_FEED
POS00900920250731,PORT009,INS0034,2025-07-31,1284,47.549,61052.92,-210.89,INR,MOCK_FEED
POS00901020250731,PORT009,INS0035,2025-07-31,2354,10.1581,23912.17,-428.46,INR,MOCK_FEED
POS00900120250801,PORT009,INS0026,2025-08-01,4843,49.6323,240369.23,-7141.64,EUR,MOCK_FEED
POS00900220250801,PORT009,INS0027,2025-08-01,929,16.5939,15415.73,509.97,USD,MOCK_FEED
POS00900320250801,PORT009,INS0028,2025-08-01,1307,44.0892,57624.58,885.26,GBP,MOCK_FEED
POS00900420250801,PORT009,INS0029,2025-08-01,659,23.3357,15378.23,321.32,USD,MOCK_FEED
POS00900520250801,PORT009,INS0030,2025-08-01,3256,47.8853,155914.54,5760.97,USD,MOCK_FEED
POS00900620250801,PORT009,INS0031,2025-08-01,2655,39.8196,105721.04,3426.3,USD,MOCK_FEED
POS00900720250801,PORT009,INS0032,2025-08-01,2128,65.556,139503.17,4329.44,GBP,MOCK_FEED
POS00900820250801,PORT009,INS0033,2025-08-01,4673,34.4009,160755.41,-4763.3,GBP,MOCK_FEED
POS00900920250801,PORT009,INS0034,2025-08-01,3990,48.1636,192172.76,1204.02,EUR,MOCK_FEED
POS00901020250801,PORT009,INS0035,2025-08-01,1420,10.2616,14571.47,87.99,INR,MOCK_FEED
POS00900120250802,PORT009,INS0026,2025-08-02,2046,50.1273,102560.46,2356.45,USD,MOCK_FEED
POS00900220250802,PORT009,INS0027,2025-08-02,188,17.0354,3202.66,15.28,EUR,MOCK_FEED
POS00900320250802,PORT009,INS0028,2025-08-02,2932,43.7151,128172.67,-2601.33,GBP,MOCK_FEED
POS00900420250802,PORT009,INS0029,2025-08-02,531,23.0242,12225.85,487.63,INR,MOCK_FEED
POS00900520250802,PORT009,INS0030,2025-08-02,4196,48.2722,202550.15,-2545.81,USD,MOCK_FEED
POS00900620250802,PORT009,INS0031,2025-08-02,3205,39.6761,127161.9,319.19,GBP,MOCK_FEED
POS00900720250802,PORT009,INS0032,2025-08-02,4405,66.1713,291484.58,3156.82,INR,MOCK_FEED
POS00900820250802,PORT009,INS0033,2025-08-02,2861,34.7737,99487.56,2546.6,EUR,MOCK_FEED
POS00900920250802,PORT009,INS0034,2025-08-02,627,48.3655,30325.17,-592.89,GBP,MOCK_FEED
POS00901020250802,PORT009,INS0035,2025-08-02,1903,10.1158,19250.37,194.64,USD,MOCK_FEED
POS00900120250803,PORT009,INS0026,2025-08-03,2705,50.5175,136649.84,569.98,EUR,MOCK_FEED
POS00900220250803,PORT009,INS0027,2025-08-03,2477,17.2438,42712.89,1633.38,INR,MOCK_FEED
POS00900320250803,PORT009,INS0028,2025-08-03,4447,43.0149,191287.26,6442.88,USD,MOCK_FEED
POS00900420250803,PORT009,INS0029,2025-08-03,611,23.0411,14078.11,55.61,EUR,MOCK_FEED
POS00900520250803,PORT009,INS0030,2025-08-03,2717,48.5364,131873.4,4480.35,GBP,MOCK_FEED
POS00900620250803,PORT009,INS0031,2025-08-03,2785,39.5735,110212.2,2509.23,INR,MOCK_FEED
POS00900720250803,PORT009,INS0032,2025-08-03,619,66.7259,41303.33,405.08,USD,MOCK_FEED
POS00900820250803,PORT009,INS0033,2025-08-03,1887,34.0838,64316.13,-1919.83,INR,MOCK_FEED
POS00900920250803,PORT009,INS0034,2025-08-03,3399,49.5339,168365.73,-1545.59,USD,MOCK_FEED
POS00901020250803,PORT009,INS0035,2025-08-03,4267,9.8873,42189.11,186.74,GBP,MOCK_FEED
POS00900120250804,PORT009,INS0026,2025-08-04,1114,50.7782,56566.91,2200.95,INR,MOCK_FEED
POS00900220250804,PORT009,INS0027,2025-08-04,1144,17.1235,19589.28,284.52,INR,MOCK_FEED
POS00900320250804,PORT009,INS0028,2025-08-04,936,43.8631,41055.86,-255.08,EUR,MOCK_FEED
POS00900420250804,PORT009,INS0029,2025-08-04,1087,22.7881,24770.66,572.75,INR,MOCK_FEED
POS00900520250804,PORT009,INS0030,2025-08-04,317,48.407,15345.02,149.32,EUR,MOCK_FEED
POS00900620250804,PORT009,INS0031,2025-08-04,726,39.517,28689.34,-365.22,EUR,MOCK_FEED
POS00900720250804,PORT009,INS0032,2025-08-04,1176,65.6406,77193.35,-1934.39,GBP,MOCK_FEED
POS00900820250804,PORT009,INS0033,2025-08-04,4039,34.464,139200.1,859.11,INR,MOCK_FEED
POS00900920250804,PORT009,INS0034,2025-08-04,1041,49.6438,51679.2,1720.26,EUR,MOCK_FEED
POS00901020250804,PORT009,INS0035,2025-08-04,1817,10.0465,18254.49,-34.3,EUR,MOCK_FEED
POS00900120250805,PORT009,INS0026,2025-08-05,3197,51.5508,164807.91,-522.26,GBP,MOCK_FEED
POS00900220250805,PORT009,INS0027,2025-08-05,2853,16.914,48255.64,1735.65,INR,MOCK_FEED
POS00900320250805,PORT009,INS0028,2025-08-05,1260,44.2205,55717.83,-624.56,GBP,MOCK_FEED
POS00900420250805,PORT009,INS0029,2025-08-05,2323,22.7164,52770.2,75.05,USD,MOCK_FEED
POS00900520250805,PORT009,INS0030,2025-08-05,3702,48.9504,181214.38,3525.5,EUR,MOCK_FEED
POS00900620250805,PORT009,INS0031,2025-08-05,2941,39.7636,116944.75,-3420.35,GBP,MOCK_FEED
POS00900720250805,PORT009,INS0032,2025-08-05,1657,65.3436,108274.35,-1724.04,USD,MOCK_FEED
POS00900820250805,PORT009,INS0033,2025-08-05,1159,34.8271,40364.61,-331.2,GBP,MOCK_FEED
POS00900920250805,PORT009,INS0034,2025-08-05,3324,49.7944,165516.59,-3320.03,GBP,MOCK_FEED
POS00901020250805,PORT009,INS0035,2025-08-05,2499,10.0251,25052.72,55.51,INR,MOCK_FEED
POS00900120250806,PORT009,INS0026,2025-08-06,4685,52.594,246402.89,4231.35,INR,MOCK_FEED
POS00900220250806,PORT009,INS0027,2025-08-06,4810,16.986,81702.66,1658.52,GBP,MOCK_FEED
POS00900320250806,PORT009,INS0028,2025-08-06,3893,44.2267,172174.54,3893.3,USD,MOCK_FEED
POS00900420250806,PORT009,INS0029,2025-08-06,4762,22.9111,109102.66,3959.25,USD,MOCK_FEED
POS00900520250806,PORT009,INS0030,2025-08-06,2249,48.5869,109271.94,342.68,INR,MOCK_FEED
POS00900620250806,PORT009,INS0031,2025-08-06,4281,40.0249,171346.6,-785.0,GBP,MOCK_FEED
POS00900720250806,PORT009,INS0032,2025-08-06,2799,66.2142,185333.55,-1194.69,EUR,MOCK_FEED
POS00900820250806,PORT009,INS0033,2025-08-06,4103,35.2742,144730.04,-1567.88,EUR,MOCK_FEED
POS00900920250806,PORT009,INS0034,2025-08-06,2641,49.8557,131668.9,320.19,USD,MOCK_FEED
POS00901020250806,PORT009,INS0035,2025-08-06,1116,10.2164,11401.5,273.47,USD,MOCK_FEED
POS00900120250807,PORT009,INS0026,2025-08-07,3441,52.7105,181376.83,3559.18,EUR,MOCK_FEED
POS00900220250807,PORT009,INS0027,2025-08-07,4928,17.0179,83864.21,-1652.96,EUR,MOCK_FEED
POS00900320250807,PORT009,INS0028,2025-08-07,3042,43.2732,131637.07,881.17,EUR,MOCK_FEED
POS00900420250807,PORT009,INS0029,2025-08-07,120,22.9043,2748.52,-60.68,EUR,MOCK_FEED
POS00900520250807,PORT009,INS0030,2025-08-07,4771,49.5055,236190.74,852.22,EUR,MOCK_FEED
POS00900620250807,PORT009,INS0031,2025-08-07,2864,40.6808,116509.81,4194.29,USD,MOCK_FEED
POS00900720250807,PORT009,INS0032,2025-08-07,757,67.5263,51117.41,-1434.44,INR,MOCK_FEED
POS00900820250807,PORT009,INS0033,2025-08-07,2889,35.8535,103580.76,627.22,INR,MOCK_FEED
POS00900920250807,PORT009,INS0034,2025-08-07,4696,50.1989,235734.03,1396.66,EUR,MOCK_FEED
POS00901020250807,PORT009,INS0035,2025-08-07,1168,10.601,12381.97,-236.94,INR,MOCK_FEED
POS00900120250808,PORT009,INS0026,2025-08-08,2886,53.7573,155143.57,5093.66,USD,MOCK_FEED
POS00900220250808,PORT009,INS0027,2025-08-08,3442,17.1383,58990.03,-1412.9,EUR,MOCK_FEED
POS00900320250808,PORT009,INS0028,2025-08-08,1296,43.8441,56821.95,769.4,INR,MOCK_FEED
POS00900420250808,PORT009,INS0029,2025-08-08,2438,23.3882,57020.43,-760.57,GBP,MOCK_FEED
POS00900520250808,PORT009,INS0030,2025-08-08,3632,50.335,182816.72,-1032.08,EUR,MOCK_FEED
POS00900620250808,PORT009,INS0031,2025-08-08,1052,41.1231,43261.5,610.24,USD,MOCK_FEED
POS00900720250808,PORT009,INS0032,2025-08-08,2172,68.2828,148310.24,365.11,USD,MOCK_FEED
POS00900820250808,PORT009,INS0033,2025-08-08,2337,36.23,84669.51,-1309.56,EUR,MOCK_FEED
POS00900920250808,PORT009,INS0034,2025-08-08,3598,50.43,181447.14,4284.61,EUR,MOCK_FEED
POS00901020250808,PORT009,INS0035,2025-08-08,1900,10.7833,20488.27,739.17,EUR,MOCK_FEED
POS00900120250809,PORT009,INS0026,2025-08-09,2537,53.6085,136004.76,-275.68,INR,MOCK_FEED
POS00900220250809,PORT009,INS0027,2025-08-09,4479,17.2848,77418.62,2024.17,EUR,MOCK_FEED
POS00900320250809,PORT009,INS0028,2025-08-09,3153,44.1566,139225.76,-2222.15,USD,MOCK_FEED
POS00900420250809,PORT009,INS0029,2025-08-09,2671,23.7601,63463.23,-1881.37,INR,MOCK_FEED
POS00900520250809,PORT009,INS0030,2025-08-09,1142,49.3514,56359.3,-930.93,INR,MOCK_FEED
POS00900620250809,PORT009,INS0031,2025-08-09,3412,41.4989,141594.25,-4227.12,USD,MOCK_FEED
POS00900720250809,PORT009,INS0032,2025-08-09,4907,68.5031,336144.71,3109.82,INR,MOCK_FEED
POS00900820250809,PORT009,INS0033,2025-08-09,3505,36.4591,127789.15,4924.72,EUR,MOCK_FEED
POS00900920250809,PORT009,INS0034,2025-08-09,1449,50.5587,73259.56,1849.65,EUR,MOCK_FEED
POS00901020250809,PORT009,INS0035,2025-08-09,1677,10.8989,18277.46,-342.12,GBP,MOCK_FEED
POS00900120250810,PORT009,INS0026,2025-08-10,2983,53.8707,160696.3,3716.51,EUR,MOCK_FEED
POS00900220250810,PORT009,INS0027,2025-08-10,1139,17.3188,19726.11,301.36,USD,MOCK_FEED
POS00900320250810,PORT009,INS0028,2025-08-10,1689,43.6701,73758.8,1736.22,GBP,MOCK_FEED
POS00900420250810,PORT009,INS0029,2025-08-10,591,24.2685,14342.68,247.61,EUR,MOCK_FEED
POS00900520250810,PORT009,INS0030,2025-08-10,718,48.4539,34789.9,774.19,INR,MOCK_FEED
POS00900620250810,PORT009,INS0031,2025-08-10,4398,41.9093,184317.1,3529.75,INR,MOCK_FEED
POS00900720250810,PORT009,INS0032,2025-08-10,3199,67.8772,217139.16,6640.45,INR,MOCK_FEED
POS00900820250810,PORT009,INS0033,2025-08-10,2797,36.5022,102096.65,-682.45,GBP,MOCK_FEED
POS00900920250810,PORT009,INS0034,2025-08-10,3971,51.2329,203445.85,-4666.26,EUR,MOCK_FEED
POS00901020250810,PORT009,INS0035,2025-08-10,4197,10.8843,45681.41,287.01,USD,MOCK_FEED
POS00900120250811,PORT009,INS0026,2025-08-11,2260,54.7431,123719.41,3323.55,INR,MOCK_FEED
POS00900220250811,PORT009,INS0027,2025-08-11,1434,17.2636,24756.0,113.95,EUR,MOCK_FEED
POS00900320250811,PORT009,INS0028,2025-08-11,503,43.4549,21857.81,-37.27,USD,MOCK_FEED
POS00900420250811,PORT009,INS0029,2025-08-11,1117,24.6925,27581.52,527.61,EUR,MOCK_FEED
POS00900520250811,PORT009,INS0030,2025-08-11,656,48.153,31588.37,-429.93,USD,MOCK_FEED
POS00900620250811,PORT009,INS0031,2025-08-11,3187,42.1891,134456.66,3103.78,EUR,MOCK_FEED
POS00900720250811,PORT009,INS0032,2025-08-11,4787,69.0746,330660.11,652.57,INR,MOCK_FEED
POS00900820250811,PORT009,INS0033,2025-08-11,4647,36.6261,170201.49,-2502.36,EUR,MOCK_FEED
POS00900920250811,PORT009,INS0034,2025-08-11,2948,50.6058,149185.9,4958.31,USD,MOCK_FEED
POS00901020250811,PORT009,INS0035,2025-08-11,4179,11.1287,46506.84,10.21,USD,MOCK_FEED
POS00900120250812,PORT009,INS0026,2025-08-12,176,55.2256,9719.71,-69.97,INR,MOCK_FEED
POS00900220250812,PORT009,INS0027,2025-08-12,4888,17.5462,85765.83,-2341.95,EUR,MOCK_FEED
POS00900320250812,PORT009,INS0028,2025-08-12,4789,43.3459,207583.52,5303.87,USD,MOCK_FEED
POS00900420250812,PORT009,INS0029,2025-08-12,4728,24.6311,116455.84,-3025.28,GBP,MOCK_FEED
POS00900520250812,PORT009,INS0030,2025-08-12,1464,49.1273,71922.37,-886.33,GBP,MOCK_FEED
POS00900620250812,PORT009,INS0031,2025-08-12,1234,41.6722,51423.49,243.72,USD,MOCK_FEED
POS00900720250812,PORT009,INS0032,2025-08-12,547,69.0767,37784.95,1410.17,INR,MOCK_FEED
POS00900820250812,PORT009,INS0033,2025-08-12,3599,37.0266,133258.73,-1324.36,USD,MOCK_FEED
POS00900920250812,PORT009,INS0034,2025-08-12,4022,50.9792,205038.34,1820.67,USD,MOCK_FEED
POS00901020250812,PORT009,INS0035,2025-08-12,4965,11.1453,55336.41,426.59,INR,MOCK_FEED
POS00900120250813,PORT009,INS0026,2025-08-13,4735,55.5358,262962.01,8278.44,INR,MOCK_FEED
POS00900220250813,PORT009,INS0027,2025-08-13,2552,17.4508,44534.44,-846.64,EUR,MOCK_FEED
POS00900320250813,PORT009,INS0028,2025-08-13,3124,42.6274,133168.0,-2669.72,USD,MOCK_FEED
POS00900420250813,PORT009,INS0029,2025-08-13,1876,24.2601,45511.95,-77.85,GBP,MOCK_FEED
POS00900520250813,PORT009,INS0030,2025-08-13,2015,48.6696,98069.24,-607.76,INR,MOCK_FEED
POS00900620250813,PORT009,INS0031,2025-08-13,1071,42.3172,45321.72,-817.88,USD,MOCK_FEED
POS00900720250813,PORT009,INS0032,2025-08-13,991,69.4794,68854.09,1713.91,EUR,MOCK_FEED
POS00900820250813,PORT009,INS0033,2025-08-13,3782,37.1865,140639.34,-3124.54,GBP,MOCK_FEED
POS00900920250813,PORT009,INS0034,2025-08-13,216,50.5646,10921.95,396.61,EUR,MOCK_FEED
POS00901020250813,PORT009,INS0035,2025-08-13,878,11.2024,9835.71,32.9,EUR,MOCK_FEED
POS00900120250814,PORT009,INS0026,2025-08-14,2222,55.9068,124224.91,-3114.06,EUR,MOCK_FEED
POS00900220250814,PORT009,INS0027,2025-08-14,2807,17.2848,48518.43,-995.66,INR,MOCK_FEED
POS00900320250814,PORT009,INS0028,2025-08-14,1838,42.1427,77458.28,2411.65,GBP,MOCK_FEED
POS00900420250814,PORT009,INS0029,2025-08-14,4049,24.5117,99247.87,2914.4,USD,MOCK_FEED
POS00900520250814,PORT009,INS0030,2025-08-14,4008,48.8956,195973.56,-4747.98,USD,MOCK_FEED
POS00900620250814,PORT009,INS0031,2025-08-14,2625,42.7995,112348.69,2392.67,USD,MOCK_FEED
POS00900720250814,PORT009,INS0032,2025-08-14,235,70.0245,16455.76,532.33,GBP,MOCK_FEED
POS00900820250814,PORT009,INS0033,2025-08-14,1716,37.0699,63611.95,624.42,USD,MOCK_FEED
POS00900920250814,PORT009,INS0034,2025-08-14,579,50.636,29318.24,-195.56,USD,MOCK_FEED
POS00901020250814,PORT009,INS0035,2025-08-14,833,11.2798,9396.07,96.61,INR,MOCK_FEED
POS00900120250815,PORT009,INS0026,2025-08-15,2094,55.7368,116712.86,2919.07,USD,MOCK_FEED
POS00900220250815,PORT009,INS0027,2025-08-15,168,17.403,2923.7,52.72,GBP,MOCK_FEED
POS00900320250815,PORT009,INS0028,2025-08-15,3256,41.4545,134975.85,-2247.67,EUR,MOCK_FEED
POS00900420250815,PORT009,INS0029,2025-08-15,4004,24.4732,97990.69,318.18,USD,MOCK_FEED
POS00900520250815,PORT009,INS0030,2025-08-15,3887,49.2211,191322.42,3938.2,GBP,MOCK_FEED
POS00900620250815,PORT009,INS0031,2025-08-15,4333,42.6252,184694.99,-336.16,GBP,MOCK_FEED
POS00900720250815,PORT009,INS0032,2025-08-15,2600,68.6925,178600.5,-248.22,EUR,MOCK_FEED
POS00900820250815,PORT009,INS0033,2025-08-15,1204,37.9027,45634.85,1621.9,USD,MOCK_FEED
POS00900920250815,PORT009,INS0034,2025-08-15,1414,50.977,72081.48,-20.18,INR,MOCK_FEED
POS00901020250815,PORT009,INS0035,2025-08-15,4656,11.2242,52259.88,576.36,USD,MOCK_FEED
POS00900120250816,PORT009,INS0026,2025-08-16,2646,54.8481,145128.07,-3735.32,EUR,MOCK_FEED
POS00900220250816,PORT009,INS0027,2025-08-16,2670,17.1759,45859.65,1781.71,USD,MOCK_FEED
POS00900320250816,PORT009,INS0028,2025-08-16,1785,42.1551,75246.85,-575.06,EUR,MOCK_FEED
POS00900420250816,PORT009,INS0029,2025-08-16,101,24.189,2443.09,64.12,USD,MOCK_FEED
POS00900520250816,PORT009,INS0030,2025-08-16,2108,48.2387,101687.18,-3004.74,EUR,MOCK_FEED
POS00900620250816,PORT009,INS0031,2025-08-16,2397,42.6597,102255.3,3090.68,INR,MOCK_FEED
POS00900720250816,PORT009,INS0032,2025-08-16,2013,67.0699,135011.71,4543.23,USD,MOCK_FEED
POS00900820250816,PORT009,INS0033,2025-08-16,317,38.0061,12047.93,38.23,USD,MOCK_FEED
POS00900920250816,PORT009,INS0034,2025-08-16,3500,51.0868,178803.8,5484.58,USD,MOCK_FEED
POS00901020250816,PORT009,INS0035,2025-08-16,3807,11.2717,42911.36,-189.61,USD,MOCK_FEED
POS00900120250817,PORT009,INS0026,2025-08-17,1225,55.8889,68463.9,-1834.02,INR,MOCK_FEED
POS00900220250817,PORT009,INS0027,2025-08-17,4931,17.5775,86674.65,-1754.8,GBP,MOCK_FEED
POS00900320250817,PORT009,INS0028,2025-08-17,4279,42.6893,182667.51,3282.5,EUR,MOCK_FEED
POS00900420250817,PORT009,INS0029,2025-08-17,551,24.3811,13433.99,-135.28,GBP,MOCK_FEED
POS00900520250817,PORT009,INS0030,2025-08-17,1777,47.7095,84779.78,-243.57,USD,MOCK_FEED
POS00900620250817,PORT009,INS0031,2025-08-17,349,43.6696,15240.69,392.05,GBP,MOCK_FEED
POS00900720250817,PORT009,INS0032,2025-08-17,4670,68.1673,318341.29,8853.27,INR,MOCK_FEED
POS00900820250817,PORT009,INS0033,2025-08-17,845,37.1617,31401.64,45.13,EUR,MOCK_FEED
POS00900920250817,PORT009,INS0034,2025-08-17,1997,51.3336,102513.2,-2335.67,USD,MOCK_FEED
POS00901020250817,PORT009,INS0035,2025-08-17,4208,11.1201,46793.38,-196.38,USD,MOCK_FEED
POS00900120250818,PORT009,INS0026,2025-08-18,3262,55.5393,181169.2,-2330.02,INR,MOCK_FEED
POS00900220250818,PORT009,INS0027,2025-08-18,2227,17.5361,39052.89,419.55,USD,MOCK_FEED
POS00900320250818,PORT009,INS0028,2025-08-18,4482,41.8785,187699.44,1309.63,INR,MOCK_FEED
POS00900420250818,PORT009,INS0029,2025-08-18,164,24.8471,4074.92,-115.45,EUR,MOCK_FEED
POS00900520250818,PORT009,INS0030,2025-08-18,3854,47.7589,184062.8,-4460.61,EUR,MOCK_FEED
POS00900620250818,PORT009,INS0031,2025-08-18,1441,43.8697,63216.24,-926.78,INR,MOCK_FEED
POS00900720250818,PORT009,INS0032,2025-08-18,939,67.3223,63215.64,-242.88,EUR,MOCK_FEED
POS00900820250818,PORT009,INS0033,2025-08-18,1412,36.806,51970.07,1938.56,USD,MOCK_FEED
POS00900920250818,PORT009,INS0034,2025-08-18,2493,51.8579,129281.74,1395.03,INR,MOCK_FEED
POS00901020250818,PORT009,INS0035,2025-08-18,4160,11.147,46371.52,-746.93,EUR,MOCK_FEED
POS00900120250819,PORT009,INS0026,2025-08-19,933,55.5376,51816.58,-699.82,INR,MOCK_FEED
POS00900220250819,PORT009,INS0027,2025-08-19,664,17.5379,11645.17,402.28,USD,MOCK_FEED
POS00900320250819,PORT009,INS0028,2025-08-19,4713,41.8775,197368.66,2831.68,GBP,MOCK_FEED
POS00900420250819,PORT009,INS0029,2025-08-19,2823,24.5727,69368.73,-1914.89,INR,MOCK_FEED
POS00900520250819,PORT009,INS0030,2025-08-19,2868,48.6569,139547.99,4716.83,USD,MOCK_FEED
POS00900620250819,PORT009,INS0031,2025-08-19,3746,43.8689,164332.9,5975.43,USD,MOCK_FEED
POS00900720250819,PORT009,INS0032,2025-08-19,1430,67.5678,96621.95,3074.77,USD,MOCK_FEED
POS00900820250819,PORT009,INS0033,2025-08-19,1025,36.2883,37195.51,670.58,EUR,MOCK_FEED
POS00900920250819,PORT009,INS0034,2025-08-19,4655,51.2385,238515.22,4802.55,INR,MOCK_FEED
POS00901020250819,PORT009,INS0035,2025-08-19,788,11.3532,8946.32,291.4,USD,MOCK_FEED
POS00900120250820,PORT009,INS0026,2025-08-20,2096,55.1781,115653.3,-2245.06,EUR,MOCK_FEED
POS00900220250820,PORT009,INS0027,2025-08-20,4861,17.5255,85191.46,-398.79,USD,MOCK_FEED
POS00900320250820,PORT009,INS0028,2025-08-20,4182,41.7266,174500.64,6592.62,USD,MOCK_FEED
POS00900420250820,PORT009,INS0029,2025-08-20,3520,23.867,84011.84,1231.41,EUR,MOCK_FEED
POS00900520250820,PORT009,INS0030,2025-08-20,1722,49.6712,85533.81,-372.37,EUR,MOCK_FEED
POS00900620250820,PORT009,INS0031,2025-08-20,1929,43.75,84393.75,182.31,USD,MOCK_FEED
POS00900720250820,PORT009,INS0032,2025-08-20,4531,67.8688,307513.53,7316.42,USD,MOCK_FEED
POS00900820250820,PORT009,INS0033,2025-08-20,2138,36.1508,77290.41,-401.37,EUR,MOCK_FEED
POS00900920250820,PORT009,INS0034,2025-08-20,4368,51.1502,223424.07,8934.0,USD,MOCK_FEED
POS00901020250820,PORT009,INS0035,2025-08-20,660,11.184,7381.44,-51.18,EUR,MOCK_FEED
POS00900120250821,PORT009,INS0026,2025-08-21,1943,55.8987,108611.17,-615.13,EUR,MOCK_FEED
POS00900220250821,PORT009,INS0027,2025-08-21,2752,17.1907,47308.81,772.68,USD,MOCK_FEED
POS00900320250821,PORT009,INS0028,2025-08-21,2541,41.8114,106242.77,-1231.9,GBP,MOCK_FEED
POS00900420250821,PORT009,INS0029,2025-08-21,278,24.1002,6699.86,-145.83,GBP,MOCK_FEED
POS00900520250821,PORT009,INS0030,2025-08-21,2701,49.6778,134179.74,-2751.19,USD,MOCK_FEED
POS00900620250821,PORT009,INS0031,2025-08-21,2834,43.5215,123339.93,2409.39,GBP,MOCK_FEED
POS00900720250821,PORT009,INS0032,2025-08-21,2872,66.9825,192373.74,6601.5,INR,MOCK_FEED
POS00900820250821,PORT009,INS0033,2025-08-21,4458,37.1497,165613.36,4648.67,GBP,MOCK_FEED
POS00900920250821,PORT009,INS0034,2025-08-21,116,51.4617,5969.56,-125.18,INR,MOCK_FEED
POS00901020250821,PORT009,INS0035,2025-08-21,582,11.134,6479.99,173.29,EUR,MOCK_FEED
POS00900120250822,PORT009,INS0026,2025-08-22,3949,56.4618,222967.65,6786.21,EUR,MOCK_FEED
POS00900220250822,PORT009,INS0027,2025-08-22,4087,16.942,69241.95,2661.42,USD,MOCK_FEED
POS00900320250822,PORT009,INS0028,2025-08-22,4348,41.7375,181474.65,-1856.59,INR,MOCK_FEED
POS00900420250822,PORT009,INS0029,2025-08-22,3176,23.6114,74989.81,-2132.63,GBP,MOCK_FEED
POS00900520250822,PORT009,INS0030,2025-08-22,3038,49.3642,149968.44,-382.63,USD,MOCK_FEED
POS00900620250822,PORT009,INS0031,2025-08-22,406,43.8177,17789.99,661.52,GBP,MOCK_FEED
POS00900720250822,PORT009,INS0032,2025-08-22,1421,67.1411,95407.5,3353.4,USD,MOCK_FEED
POS00900820250822,PORT009,INS0033,2025-08-22,2470,37.4047,92389.61,2103.41,EUR,MOCK_FEED
POS00900920250822,PORT009,INS0034,2025-08-22,3846,51.0086,196179.08,6058.75,INR,MOCK_FEED
POS00901020250822,PORT009,INS0035,2025-08-22,1113,11.1212,12377.9,-204.43,INR,MOCK_FEED
POS00900120250823,PORT009,INS0026,2025-08-23,3068,55.5871,170541.22,2442.43,EUR,MOCK_FEED
POS00900220250823,PORT009,INS0027,2025-08-23,609,17.0134,10361.16,210.12,INR,MOCK_FEED
POS00900320250823,PORT009,INS0028,2025-08-23,2612,41.7556,109065.63,4233.43,INR,MOCK_FEED
POS00900420250823,PORT009,INS0029,2025-08-23,4580,23.1548,106048.98,-2612.2,USD,MOCK_FEED
POS00900520250823,PORT009,INS0030,2025-08-23,4819,49.7707,239845.0,2173.08,EUR,MOCK_FEED
POS00900620250823,PORT009,INS0031,2025-08-23,2339,43.1418,100908.67,-1173.26,USD,MOCK_FEED
POS00900720250823,PORT009,INS0032,2025-08-23,3447,66.4643,229102.44,2711.02,EUR,MOCK_FEED
POS00900820250823,PORT009,INS0033,2025-08-23,4420,37.3655,165155.51,1693.85,INR,MOCK_FEED
POS00900920250823,PORT009,INS0034,2025-08-23,4166,51.2361,213449.59,6158.66,INR,MOCK_FEED
POS00901020250823,PORT009,INS0035,2025-08-23,459,11.2188,5149.43,14.27,INR,MOCK_FEED
POS00900120250824,PORT009,INS0026,2025-08-24,1089,55.5684,60513.99,1570.8,USD,MOCK_FEED
POS00900220250824,PORT009,INS0027,2025-08-24,2616,16.9338,44298.82,-845.62,EUR,MOCK_FEED
POS00900320250824,PORT009,INS0028,2025-08-24,3476,41.792,145268.99,4748.34,USD,MOCK_FEED
POS00900420250824,PORT009,INS0029,2025-08-24,3607,23.1985,83676.99,644.53,INR,MOCK_FEED
POS00900520250824,PORT009,INS0030,2025-08-24,4003,49.7937,199324.18,2607.48,EUR,MOCK_FEED
POS00900620250824,PORT009,INS0031,2025-08-24,2155,43.3131,93339.73,1123.55,GBP,MOCK_FEED
POS00900720250824,PORT009,INS0032,2025-08-24,2159,67.317,145337.4,-4325.09,INR,MOCK_FEED
POS00900820250824,PORT009,INS0033,2025-08-24,1293,37.3524,48296.65,-614.21,EUR,MOCK_FEED
POS00900920250824,PORT009,INS0034,2025-08-24,1475,51.5081,75974.45,-1687.09,EUR,MOCK_FEED
POS00901020250824,PORT009,INS0035,2025-08-24,3608,11.0867,40000.81,-177.45,USD,MOCK_FEED
POS00900120250825,PORT009,INS0026,2025-08-25,335,55.834,18704.39,571.07,INR,MOCK_FEED
POS00900220250825,PORT009,INS0027,2025-08-25,2299,16.8071,38639.52,48.01,EUR,MOCK_FEED
POS00900320250825,PORT009,INS0028,2025-08-25,2748,40.8443,112240.14,3868.59,USD,MOCK_FEED
POS00900420250825,PORT009,INS0029,2025-08-25,2911,23.9726,69784.24,1162.83,EUR,MOCK_FEED
POS00900520250825,PORT009,INS0030,2025-08-25,277,49.8415,13806.1,262.08,INR,MOCK_FEED
POS00900620250825,PORT009,INS0031,2025-08-25,4938,43.4486,214549.19,4700.43,GBP,MOCK_FEED
POS00900720250825,PORT009,INS0032,2025-08-25,3017,67.7842,204504.93,-1523.91,USD,MOCK_FEED
POS00900820250825,PORT009,INS0033,2025-08-25,3865,38.6794,149495.88,1046.72,INR,MOCK_FEED
POS00900920250825,PORT009,INS0034,2025-08-25,2168,49.464,107237.95,-148.34,EUR,MOCK_FEED
POS00901020250825,PORT009,INS0035,2025-08-25,1423,11.3806,16194.59,515.03,GBP,MOCK_FEED
POS00900120250826,PORT009,INS0026,2025-08-26,369,56.7312,20933.81,-595.31,INR,MOCK_FEED
POS00900220250826,PORT009,INS0027,2025-08-26,1769,16.8876,29874.16,1034.31,GBP,MOCK_FEED
POS00900320250826,PORT009,INS0028,2025-08-26,995,41.4564,41249.12,1469.42,INR,MOCK_FEED
POS00900420250826,PORT009,INS0029,2025-08-26,1920,23.9513,45986.5,-1264.93,GBP,MOCK_FEED
POS00900520250826,PORT009,INS0030,2025-08-26,2350,49.772,116964.2,3769.57,USD,MOCK_FEED
POS00900620250826,PORT009,INS0031,2025-08-26,3099,43.1616,133757.8,942.71,INR,MOCK_FEED
POS00900720250826,PORT009,INS0032,2025-08-26,3553,68.1667,242196.29,4324.41,USD,MOCK_FEED
POS00900820250826,PORT009,INS0033,2025-08-26,3096,38.6818,119758.85,4633.58,USD,MOCK_FEED
POS00900920250826,PORT009,INS0034,2025-08-26,2947,49.201,144995.35,-3445.74,GBP,MOCK_FEED
POS00901020250826,PORT009,INS0035,2025-08-26,1454,11.4839,16697.59,597.23,INR,MOCK_FEED
POS00900120250827,PORT009,INS0026,2025-08-27,1903,55.7737,106137.35,-1398.54,GBP,MOCK_FEED
POS00900220250827,PORT009,INS0027,2025-08-27,4262,17.0363,72608.71,2542.81,EUR,MOCK_FEED
POS00900320250827,PORT009,INS0028,2025-08-27,1966,40.8757,80361.63,1998.77,EUR,MOCK_FEED
POS00900420250827,PORT009,INS0029,2025-08-27,3372,23.9842,80874.72,1267.77,GBP,MOCK_FEED
POS00900520250827,PORT009,INS0030,2025-08-27,2026,49.186,99650.84,-230.09,USD,MOCK_FEED
POS00900620250827,PORT009,INS0031,2025-08-27,3852,43.7479,168516.91,2098.6,USD,MOCK_FEED
POS00900720250827,PORT009,INS0032,2025-08-27,3488,67.6504,235964.6,4444.1,INR,MOCK_FEED
POS00900820250827,PORT009,INS0033,2025-08-27,1237,38.8273,48029.37,-1066.66,INR,MOCK_FEED
POS00900920250827,PORT009,INS0034,2025-08-27,1009,49.8033,50251.53,604.37,EUR,MOCK_FEED
POS00901020250827,PORT009,INS0035,2025-08-27,4500,11.4997,51748.65,212.34,USD,MOCK_FEED
POS00900120250828,PORT009,INS0026,2025-08-28,3021,55.6971,168260.94,643.44,GBP,MOCK_FEED
POS00900220250828,PORT009,INS0027,2025-08-28,2638,17.3899,45874.56,-860.15,GBP,MOCK_FEED
POS00900320250828,PORT009,INS0028,2025-08-28,1717,40.6855,69857.0,-484.77,GBP,MOCK_FEED
POS00900420250828,PORT009,INS0029,2025-08-28,3497,23.5179,82242.1,234.42,GBP,MOCK_FEED
POS00900520250828,PORT009,INS0030,2025-08-28,4880,50.4369,246132.07,1831.48,INR,MOCK_FEED
POS00900620250828,PORT009,INS0031,2025-08-28,4724,43.6473,206189.85,7332.91,USD,MOCK_FEED
POS00900720250828,PORT009,INS0032,2025-08-28,4909,68.0205,333912.63,6699.98,INR,MOCK_FEED
POS00900820250828,PORT009,INS0033,2025-08-28,4095,38.9785,159616.96,1766.96,INR,MOCK_FEED
POS00900920250828,PORT009,INS0034,2025-08-28,1062,49.2801,52335.47,1932.2,GBP,MOCK_FEED
POS00901020250828,PORT009,INS0035,2025-08-28,3674,11.4159,41942.02,1158.91,USD,MOCK_FEED
POS00900120250829,PORT009,INS0026,2025-08-29,1028,55.7795,57341.33,767.47,INR,MOCK_FEED
POS00900220250829,PORT009,INS0027,2025-08-29,1621,17.3246,28083.18,-463.86,EUR,MOCK_FEED
POS00900320250829,PORT009,INS0028,2025-08-29,1211,40.3391,48850.65,-1090.07,EUR,MOCK_FEED
POS00900420250829,PORT009,INS0029,2025-08-29,3715,23.0494,85628.52,-98.68,EUR,MOCK_FEED
POS00900520250829,PORT009,INS0030,2025-08-29,802,51.0319,40927.58,-1124.57,INR,MOCK_FEED
POS00900620250829,PORT009,INS0031,2025-08-29,2590,43.4647,112573.57,2598.73,INR,MOCK_FEED
POS00900720250829,PORT009,INS0032,2025-08-29,4691,67.8278,318180.21,7724.15,GBP,MOCK_FEED
POS00900820250829,PORT009,INS0033,2025-08-29,1170,38.3769,44900.97,-1203.66,USD,MOCK_FEED
POS00900920250829,PORT009,INS0034,2025-08-29,2349,50.0308,117522.35,2497.64,EUR,MOCK_FEED
POS00901020250829,PORT009,INS0035,2025-08-29,1095,11.3188,12394.09,-196.63,INR,MOCK_FEED
POS00900120250830,PORT009,INS0026,2025-08-30,4627,55.6778,257621.18,-7338.64,USD,MOCK_FEED
POS00900220250830,PORT009,INS0027,2025-08-30,1122,17.2248,19326.23,681.78,EUR,MOCK_FEED
POS00900320250830,PORT009,INS0028,2025-08-30,703,40.5387,28498.71,718.25,EUR,MOCK_FEED
POS00900420250830,PORT009,INS0029,2025-08-30,4374,23.5677,103085.12,1113.8,INR,MOCK_FEED
POS00900520250830,PORT009,INS0030,2025-08-30,1981,51.68,102378.08,3204.93,USD,MOCK_FEED
POS00900620250830,PORT009,INS0031,2025-08-30,645,44.025,28396.12,357.89,EUR,MOCK_FEED
POS00900720250830,PORT009,INS0032,2025-08-30,2041,68.9268,140679.6,-493.81,GBP,MOCK_FEED
POS00900820250830,PORT009,INS0033,2025-08-30,1488,38.196,56835.65,87.99,GBP,MOCK_FEED
POS00900920250830,PORT009,INS0034,2025-08-30,2789,49.5933,138315.71,4166.78,INR,MOCK_FEED
POS00901020250830,PORT009,INS0035,2025-08-30,2961,11.1779,33097.76,1190.38,INR,MOCK_FEED
POS00900120250831,PORT009,INS0026,2025-08-31,4418,55.068,243290.42,151.25,INR,MOCK_FEED
POS00900220250831,PORT009,INS0027,2025-08-31,2071,17.2678,35761.61,-1067.68,INR,MOCK_FEED
POS00900320250831,PORT009,INS0028,2025-08-31,231,41.2306,9524.27,-155.48,EUR,MOCK_FEED
POS00900420250831,PORT009,INS0029,2025-08-31,1356,24.0023,32547.12,-431.86,INR,MOCK_FEED
POS00900520250831,PORT009,INS0030,2025-08-31,4561,51.5951,235325.25,570.07,GBP,MOCK_FEED
POS00900620250831,PORT009,INS0031,2025-08-31,723,44.4151,32112.12,-185.44,GBP,MOCK_FEED
POS00900720250831,PORT009,INS0032,2025-08-31,2744,67.3562,184825.41,-374.02,USD,MOCK_FEED
POS00900820250831,PORT009,INS0033,2025-08-31,3055,38.3691,117217.6,2247.35,EUR,MOCK_FEED
POS00900920250831,PORT009,INS0034,2025-08-31,3176,49.857,158345.83,2251.97,GBP,MOCK_FEED
POS00901020250831,PORT009,INS0035,2025-08-31,3434,11.3062,38825.49,-1091.6,GBP,MOCK_FEED
POS00900120250901,PORT009,INS0026,2025-09-01,155,54.8339,8499.25,149.47,INR,MOCK_FEED
POS00900220250901,PORT009,INS0027,2025-09-01,2851,17.2785,49261.0,-555.11,EUR,MOCK_FEED
POS00900320250901,PORT009,INS0028,2025-09-01,3788,41.1759,155974.31,-341.26,GBP,MOCK_FEED
POS00900420250901,PORT009,INS0029,2025-09-01,729,24.4149,17798.46,616.1,EUR,MOCK_FEED
POS00900520250901,PORT009,INS0030,2025-09-01,3130,51.4921,161170.27,2274.4,EUR,MOCK_FEED
POS00900620250901,PORT009,INS0031,2025-09-01,3769,44.0803,166138.65,-1969.72,INR,MOCK_FEED
POS00900720250901,PORT009,INS0032,2025-09-01,1759,66.1614,116377.9,-1845.52,USD,MOCK_FEED
POS00900820250901,PORT009,INS0033,2025-09-01,2916,38.091,111073.36,45.86,EUR,MOCK_FEED
POS00900920250901,PORT009,INS0034,2025-09-01,1539,48.6151,74818.64,1877.01,USD,MOCK_FEED
POS00901020250901,PORT009,INS0035,2025-09-01,157,11.0586,1736.2,29.93,GBP,MOCK_FEED
POS00900120250902,PORT009,INS0026,2025-09-02,4251,54.8113,233002.84,-6093.72,GBP,MOCK_FEED
POS00900220250902,PORT009,INS0027,2025-09-02,3486,17.2325,60072.5,189.06,INR,MOCK_FEED
POS00900320250902,PORT009,INS0028,2025-09-02,2636,40.9097,107837.97,-2868.02,INR,MOCK_FEED
POS00900420250902,PORT009,INS0029,2025-09-02,3669,24.4331,89645.04,2932.78,EUR,MOCK_FEED
POS00900520250902,PORT009,INS0030,2025-09-02,4629,50.6764,234581.06,4120.58,INR,MOCK_FEED
POS00900620250902,PORT009,INS0031,2025-09-02,3104,43.8844,136217.18,-1853.98,EUR,MOCK_FEED
POS00900720250902,PORT009,INS0032,2025-09-02,4766,67.08,319703.28,-3390.48,EUR,MOCK_FEED
POS00900820250902,PORT009,INS0033,2025-09-02,2123,36.9276,78397.29,-1048.75,GBP,MOCK_FEED
POS00900920250902,PORT009,INS0034,2025-09-02,1171,48.5968,56906.85,-1645.86,USD,MOCK_FEED
POS00901020250902,PORT009,INS0035,2025-09-02,3992,10.9861,43856.51,103.1,USD,MOCK_FEED
POS00900120250903,PORT009,INS0026,2025-09-03,3556,55.2752,196558.61,-1705.32,EUR,MOCK_FEED
POS00900220250903,PORT009,INS0027,2025-09-03,3778,17.5451,66285.39,1952.28,EUR,MOCK_FEED
POS00900320250903,PORT009,INS0028,2025-09-03,1943,40.9799,79623.95,548.15,EUR,MOCK_FEED
POS00900420250903,PORT009,INS0029,2025-09-03,2388,23.9725,57246.33,1349.33,USD,MOCK_FEED
POS00900520250903,PORT009,INS0030,2025-09-03,406,50.1866,20375.76,144.33,INR,MOCK_FEED
POS00900620250903,PORT009,INS0031,2025-09-03,4920,44.6473,219664.72,-5466.63,EUR,MOCK_FEED
POS00900720250903,PORT009,INS0032,2025-09-03,3578,67.0722,239984.33,4848.04,USD,MOCK_FEED
POS00900820250903,PORT009,INS0033,2025-09-03,2882,36.4283,104986.36,682.89,EUR,MOCK_FEED
POS00900920250903,PORT009,INS0034,2025-09-03,2304,49.9076,114987.11,2943.37,EUR,MOCK_FEED
POS00901020250903,PORT009,INS0035,2025-09-03,3876,11.0339,42767.4,-1241.22,INR,MOCK_FEED
POS00900120250904,PORT009,INS0026,2025-09-04,2295,55.654,127725.93,-1478.17,INR,MOCK_FEED
POS00900220250904,PORT009,INS0027,2025-09-04,2608,17.3278,45190.9,1178.35,USD,MOCK_FEED
POS00900320250904,PORT009,INS0028,2025-09-04,636,41.1874,26195.19,42.31,EUR,MOCK_FEED
POS00900420250904,PORT009,INS0029,2025-09-04,410,24.3388,9978.91,-173.72,USD,MOCK_FEED
POS00900520250904,PORT009,INS0030,2025-09-04,217,49.8141,10809.66,211.25,GBP,MOCK_FEED
POS00900620250904,PORT009,INS0031,2025-09-04,550,44.8794,24683.67,776.33,USD,MOCK_FEED
POS00900720250904,PORT009,INS0032,2025-09-04,4880,66.8141,326052.81,-581.0,INR,MOCK_FEED
POS00900820250904,PORT009,INS0033,2025-09-04,4546,37.0821,168575.23,-4591.2,GBP,MOCK_FEED
POS00900920250904,PORT009,INS0034,2025-09-04,4363,49.9405,217890.4,4366.27,USD,MOCK_FEED
POS00901020250904,PORT009,INS0035,2025-09-04,292,11.1093,3243.92,-59.45,EUR,MOCK_FEED
POS00900120250905,PORT009,INS0026,2025-09-05,390,56.4301,22007.74,81.72,GBP,MOCK_FEED
POS00900220250905,PORT009,INS0027,2025-09-05,2203,17.5423,38645.69,301.43,INR,MOCK_FEED
POS00900320250905,PORT009,INS0028,2025-09-05,353,41.5591,14670.36,-407.81,EUR,MOCK_FEED
POS00900420250905,PORT009,INS0029,2025-09-05,4262,24.8547,105930.73,-2986.88,USD,MOCK_FEED
POS00900520250905,PORT009,INS0030,2025-09-05,675,49.807,33619.72,64.82,USD,MOCK_FEED
POS00900620250905,PORT009,INS0031,2025-09-05,3956,44.9577,177852.66,-4124.51,EUR,MOCK_FEED
POS00900720250905,PORT009,INS0032,2025-09-05,2231,66.489,148336.96,-4047.53,EUR,MOCK_FEED
POS00900820250905,PORT009,INS0033,2025-09-05,256,36.8561,9435.16,-5.0,USD,MOCK_FEED
POS00900920250905,PORT009,INS0034,2025-09-05,274,50.2416,13766.2,-62.97,INR,MOCK_FEED
POS00901020250905,PORT009,INS0035,2025-09-05,1539,11.2105,17252.96,-114.9,GBP,MOCK_FEED
POS00900120250906,PORT009,INS0026,2025-09-06,2095,55.9031,117116.99,-398.96,EUR,MOCK_FEED
POS00900220250906,PORT009,INS0027,2025-09-06,2400,17.7366,42567.84,-552.06,INR,MOCK_FEED
POS00900320250906,PORT009,INS0028,2025-09-06,2652,42.2953,112167.14,3246.07,EUR,MOCK_FEED
POS00900420250906,PORT009,INS0029,2025-09-06,426,25.2492,10756.16,349.6,USD,MOCK_FEED
POS00900520250906,PORT009,INS0030,2025-09-06,541,49.6383,26854.32,-417.09,GBP,MOCK_FEED
POS00900620250906,PORT009,INS0031,2025-09-06,372,45.2068,16816.93,221.58,USD,MOCK_FEED
POS00900720250906,PORT009,INS0032,2025-09-06,3611,67.5418,243893.44,-2247.79,INR,MOCK_FEED
POS00900820250906,PORT009,INS0033,2025-09-06,3430,36.6095,125570.58,1685.93,GBP,MOCK_FEED
POS00900920250906,PORT009,INS0034,2025-09-06,755,51.3435,38764.34,1403.01,EUR,MOCK_FEED
POS00901020250906,PORT009,INS0035,2025-09-06,3944,11.3592,44800.68,-1172.44,USD,MOCK_FEED
POS00900120250907,PORT009,INS0026,2025-09-07,432,56.5642,24435.73,179.33,USD,MOCK_FEED
POS00900220250907,PORT009,INS0027,2025-09-07,1375,17.894,24604.25,983.33,INR,MOCK_FEED
POS00900320250907,PORT009,INS0028,2025-09-07,4406,42.9615,189288.37,1897.05,INR,MOCK_FEED
POS00900420250907,PORT009,INS0029,2025-09-07,4450,25.4248,113140.36,-218.66,EUR,MOCK_FEED
POS00900520250907,PORT009,INS0030,2025-09-07,1281,49.1874,63009.06,-1561.11,GBP,MOCK_FEED
POS00900620250907,PORT009,INS0031,2025-09-07,3662,44.5823,163260.38,747.38,INR,MOCK_FEED
POS00900720250907,PORT009,INS0032,2025-09-07,1286,67.1903,86406.73,115.01,USD,MOCK_FEED
POS00900820250907,PORT009,INS0033,2025-09-07,4637,36.5185,169336.28,-284.15,GBP,MOCK_FEED
POS00900920250907,PORT009,INS0034,2025-09-07,1492,51.2744,76501.4,-1132.44,GBP,MOCK_FEED
POS00901020250907,PORT009,INS0035,2025-09-07,914,11.5137,10523.52,181.55,GBP,MOCK_FEED
POS00900120250908,PORT009,INS0026,2025-09-08,1999,55.9064,111756.89,-2939.32,GBP,MOCK_FEED
POS00900220250908,PORT009,INS0027,2025-09-08,1300,17.6867,22992.71,-599.52,INR,MOCK_FEED
POS00900320250908,PORT009,INS0028,2025-09-08,560,43.3479,24274.82,216.79,GBP,MOCK_FEED
POS00900420250908,PORT009,INS0029,2025-09-08,2603,25.199,65593.0,2211.55,EUR,MOCK_FEED
POS00900520250908,PORT009,INS0030,2025-09-08,4120,48.8613,201308.56,2205.95,GBP,MOCK_FEED
POS00900620250908,PORT009,INS0031,2025-09-08,4450,43.6783,194368.43,2565.82,INR,MOCK_FEED
POS00900720250908,PORT009,INS0032,2025-09-08,4344,66.6781,289649.67,1469.76,INR,MOCK_FEED
POS00900820250908,PORT009,INS0033,2025-09-08,3805,36.1262,137460.19,209.84,USD,MOCK_FEED
POS00900920250908,PORT009,INS0034,2025-09-08,869,51.438,44699.62,-526.62,USD,MOCK_FEED
POS00901020250908,PORT009,INS0035,2025-09-08,1243,11.4523,14235.21,44.1,INR,MOCK_FEED
POS00900120250909,PORT009,INS0026,2025-09-09,484,54.8836,26563.66,-480.46,GBP,MOCK_FEED
POS00900220250909,PORT009,INS0027,2025-09-09,4177,17.5383,73257.48,-40.99,USD,MOCK_FEED
POS00900320250909,PORT009,INS0028,2025-09-09,4842,43.214,209242.19,-6026.48,GBP,MOCK_FEED
POS00900420250909,PORT009,INS0029,2025-09-09,2934,25.272,74148.05,683.59,GBP,MOCK_FEED
POS00900520250909,PORT009,INS0030,2025-09-09,827,48.6087,40199.39,-1201.25,EUR,MOCK_FEED
POS00900620250909,PORT009,INS0031,2025-09-09,2825,44.0541,124452.83,2563.04,GBP,MOCK_FEED
POS00900720250909,PORT009,INS0032,2025-09-09,3450,66.2824,228674.28,2553.5,EUR,MOCK_FEED
POS00900820250909,PORT009,INS0033,2025-09-09,1713,36.1301,61890.86,-1391.57,GBP,MOCK_FEED
POS00900920250909,PORT009,INS0034,2025-09-09,1047,51.6267,54053.15,1992.89,GBP,MOCK_FEED
POS00901020250909,PORT009,INS0035,2025-09-09,3618,11.5527,41797.67,1386.33,EUR,MOCK_FEED
POS00900120250910,PORT009,INS0026,2025-09-10,1213,54.0958,65618.21,2520.34,EUR,MOCK_FEED
POS00900220250910,PORT009,INS0027,2025-09-10,240,17.5974,4223.38,88.97,EUR,MOCK_FEED
POS00900320250910,PORT009,INS0028,2025-09-10,1541,42.238,65088.76,-842.54,GBP,MOCK_FEED
POS00900420250910,PORT009,INS0029,2025-09-10,3327,25.1773,83764.88,591.42,GBP,MOCK_FEED
POS00900520250910,PORT009,INS0030,2025-09-10,3138,48.1622,151132.98,-1087.78,INR,MOCK_FEED
POS00900620250910,PORT009,INS0031,2025-09-10,1851,43.848,81162.65,-1800.46,USD,MOCK_FEED
POS00900720250910,PORT009,INS0032,2025-09-10,3527,65.1462,229770.65,8595.31,EUR,MOCK_FEED
POS00900820250910,PORT009,INS0033,2025-09-10,1214,35.6573,43287.96,-224.46,INR,MOCK_FEED
POS00900920250910,PORT009,INS0034,2025-09-10,4395,51.9123,228154.56,-6155.85,USD,MOCK_FEED
POS00901020250910,PORT009,INS0035,2025-09-10,2683,11.482,30806.21,620.0,USD,MOCK_FEED
POS00900120250911,PORT009,INS0026,2025-09-11,3381,54.337,183713.4,-324.13,GBP,MOCK_FEED
POS00900220250911,PORT009,INS0027,2025-09-11,4477,17.7413,79427.8,2675.32,USD,MOCK_FEED
POS00900320250911,PORT009,INS0028,2025-09-11,1433,42.6458,61111.43,137.43,GBP,MOCK_FEED
POS00900420250911,PORT009,INS0029,2025-09-11,365,25.2207,9205.56,-105.26,INR,MOCK_FEED
POS00900520250911,PORT009,INS0030,2025-09-11,1302,47.5533,61914.4,1203.94,INR,MOCK_FEED
POS00900620250911,PORT009,INS0031,2025-09-11,2264,44.5953,100963.76,-2542.09,INR,MOCK_FEED
POS00900720250911,PORT009,INS0032,2025-09-11,3886,66.3851,257972.5,5598.32,USD,MOCK_FEED
POS00900820250911,PORT009,INS0033,2025-09-11,535,35.1431,18801.56,-131.04,INR,MOCK_FEED
POS00900920250911,PORT009,INS0034,2025-09-11,2337,51.617,120628.93,266.72,GBP,MOCK_FEED
POS00901020250911,PORT009,INS0035,2025-09-11,768,11.4266,8775.63,6.77,USD,MOCK_FEED
POS00900120250912,PORT009,INS0026,2025-09-12,893,54.2337,48430.69,-339.37,GBP,MOCK_FEED
POS00900220250912,PORT009,INS0027,2025-09-12,3711,17.7892,66015.72,1035.21,GBP,MOCK_FEED
POS00900320250912,PORT009,INS0028,2025-09-12,1632,42.7383,69748.91,1382.8,INR,MOCK_FEED
POS00900420250912,PORT009,INS0029,2025-09-12,1929,25.5834,49350.38,1855.1,GBP,MOCK_FEED
POS00900520250912,PORT009,INS0030,2025-09-12,3507,48.989,171804.42,5890.18,GBP,MOCK_FEED
POS00900620250912,PORT009,INS0031,2025-09-12,1516,46.0444,69803.31,791.65,EUR,MOCK_FEED
POS00900720250912,PORT009,INS0032,2025-09-12,4487,65.7741,295128.39,-1552.54,INR,MOCK_FEED
POS00900820250912,PORT009,INS0033,2025-09-12,2085,35.5124,74043.35,-164.83,USD,MOCK_FEED
POS00900920250912,PORT009,INS0034,2025-09-12,1668,52.0326,86790.38,2928.19,INR,MOCK_FEED
POS00901020250912,PORT009,INS0035,2025-09-12,4436,11.1646,49526.17,1951.95,INR,MOCK_FEED
POS00900120250913,PORT009,INS0026,2025-09-13,3749,54.9217,205901.45,6886.0,USD,MOCK_FEED
POS00900220250913,PORT009,INS0027,2025-09-13,3095,18.1478,56167.44,-1296.95,EUR,MOCK_FEED
POS00900320250913,PORT009,INS0028,2025-09-13,4115,43.4714,178884.81,-1816.98,GBP,MOCK_FEED
POS00900420250913,PORT009,INS0029,2025-09-13,1587,25.8631,41044.74,1037.55,EUR,MOCK_FEED
POS00900520250913,PORT009,INS0030,2025-09-13,2235,48.2451,107827.8,-2778.96,GBP,MOCK_FEED
POS00900620250913,PORT009,INS0031,2025-09-13,3589,45.4992,163296.63,3532.68,USD,MOCK_FEED
POS00900720250913,PORT009,INS0032,2025-09-13,331,66.1376,21891.55,352.03,GBP,MOCK_FEED
POS00900820250913,PORT009,INS0033,2025-09-13,900,35.8383,32254.47,-956.92,INR,MOCK_FEED
POS00900920250913,PORT009,INS0034,2025-09-13,1580,51.7085,81699.43,426.93,USD,MOCK_FEED
POS00901020250913,PORT009,INS0035,2025-09-13,4924,11.1541,54922.79,1803.2,EUR,MOCK_FEED
POS00900120250914,PORT009,INS0026,2025-09-14,4242,55.8099,236745.6,7864.07,INR,MOCK_FEED
POS00900220250914,PORT009,INS0027,2025-09-14,1446,18.0872,26154.09,-401.39,INR,MOCK_FEED
POS00900320250914,PORT009,INS0028,2025-09-14,4696,43.6356,204912.78,-3913.93,EUR,MOCK_FEED
POS00900420250914,PORT009,INS0029,2025-09-14,4499,24.9351,112183.01,121.04,EUR,MOCK_FEED
POS00900520250914,PORT009,INS0030,2025-09-14,2223,48.9808,108884.32,1528.95,INR,MOCK_FEED
POS00900620250914,PORT009,INS0031,2025-09-14,4446,46.5255,206852.37,-986.48,EUR,MOCK_FEED
POS00900720250914,PORT009,INS0032,2025-09-14,4648,66.4257,308746.65,5239.44,INR,MOCK_FEED
POS00900820250914,PORT009,INS0033,2025-09-14,3398,35.7042,121322.87,-1488.46,USD,MOCK_FEED
POS00900920250914,PORT009,INS0034,2025-09-14,4242,52.1058,221032.8,-1958.96,GBP,MOCK_FEED
POS00901020250914,PORT009,INS0035,2025-09-14,3867,11.2345,43443.81,1550.58,EUR,MOCK_FEED
POS00900120250915,PORT009,INS0026,2025-09-15,2352,55.405,130312.56,-2384.7,EUR,MOCK_FEED
POS00900220250915,PORT009,INS0027,2025-09-15,2691,18.1526,48848.65,-356.24,GBP,MOCK_FEED
POS00900320250915,PORT009,INS0028,2025-09-15,1517,43.6198,66171.24,1653.36,GBP,MOCK_FEED
POS00900420250915,PORT009,INS0029,2025-09-15,1617,24.815,40125.86,883.87,INR,MOCK_FEED
POS00900520250915,PORT009,INS0030,2025-09-15,2319,48.3679,112165.16,2672.23,USD,MOCK_FEED
POS00900620250915,PORT009,INS0031,2025-09-15,2728,46.5131,126887.74,-2597.97,EUR,MOCK_FEED
POS00900720250915,PORT009,INS0032,2025-09-15,4743,65.4655,310502.87,-3322.56,USD,MOCK_FEED
POS00900820250915,PORT009,INS0033,2025-09-15,4343,35.3615,153574.99,-1213.28,GBP,MOCK_FEED
POS00900920250915,PORT009,INS0034,2025-09-15,2194,51.4436,112867.26,-2683.57,GBP,MOCK_FEED
POS00901020250915,PORT009,INS0035,2025-09-15,3618,11.4445,41406.2,268.22,GBP,MOCK_FEED
POS00900120250916,PORT009,INS0026,2025-09-16,4203,55.2686,232293.93,8571.19,EUR,MOCK_FEED
POS00900220250916,PORT009,INS0027,2025-09-16,2184,18.0663,39456.8,70.14,GBP,MOCK_FEED
POS00900320250916,PORT009,INS0028,2025-09-16,2808,44.374,124602.19,-1451.25,INR,MOCK_FEED
POS00900420250916,PORT009,INS0029,2025-09-16,2690,24.791,66687.79,-1092.32,INR,MOCK_FEED
POS00900520250916,PORT009,INS0030,2025-09-16,2545,48.9725,124635.01,3321.26,EUR,MOCK_FEED
POS00900620250916,PORT009,INS0031,2025-09-16,1219,45.6805,55684.53,864.06,EUR,MOCK_FEED
POS00900720250916,PORT009,INS0032,2025-09-16,1880,65.7183,123550.4,2284.92,INR,MOCK_FEED
POS00900820250916,PORT009,INS0033,2025-09-16,1471,35.4646,52168.43,-1436.01,USD,MOCK_FEED
POS00900920250916,PORT009,INS0034,2025-09-16,783,52.1283,40816.46,-1042.23,EUR,MOCK_FEED
POS00901020250916,PORT009,INS0035,2025-09-16,4014,11.3927,45730.3,903.87,USD,MOCK_FEED
POS00900120250917,PORT009,INS0026,2025-09-17,2456,55.2765,135759.08,5395.13,USD,MOCK_FEED
POS00900220250917,PORT009,INS0027,2025-09-17,2225,17.9779,40000.83,963.36,GBP,MOCK_FEED
POS00900320250917,PORT009,INS0028,2025-09-17,2444,44.2187,108070.5,-1299.7,INR,MOCK_FEED
POS00900420250917,PORT009,INS0029,2025-09-17,4841,24.8092,120101.34,-1695.22,INR,MOCK_FEED
POS00900520250917,PORT009,INS0030,2025-09-17,2870,49.7892,142895.0,2455.53,GBP,MOCK_FEED
POS00900620250917,PORT009,INS0031,2025-09-17,1998,45.2759,90461.25,1957.15,GBP,MOCK_FEED
POS00900720250917,PORT009,INS0032,2025-09-17,1671,66.8877,111769.35,2419.39,GBP,MOCK_FEED
POS00900820250917,PORT009,INS0033,2025-09-17,2304,34.9049,80420.89,675.51,EUR,MOCK_FEED
POS00900920250917,PORT009,INS0034,2025-09-17,420,52.669,22120.98,751.62,EUR,MOCK_FEED
POS00901020250917,PORT009,INS0035,2025-09-17,4522,11.4056,51576.12,1224.82,USD,MOCK_FEED
POS00900120250918,PORT009,INS0026,2025-09-18,431,55.6639,23991.14,917.9,INR,MOCK_FEED
POS00900220250918,PORT009,INS0027,2025-09-18,3756,18.1029,67994.49,-1462.49,USD,MOCK_FEED
POS00900320250918,PORT009,INS0028,2025-09-18,2172,44.2583,96129.03,1097.89,INR,MOCK_FEED
POS00900420250918,PORT009,INS0029,2025-09-18,761,24.5042,18647.7,-88.7,GBP,MOCK_FEED
POS00900520250918,PORT009,INS0030,2025-09-18,1962,50.2891,98667.21,2058.35,EUR,MOCK_FEED
POS00900620250918,PORT009,INS0031,2025-09-18,814,44.8586,36514.9,1308.89,GBP,MOCK_FEED
POS00900720250918,PORT009,INS0032,2025-09-18,1244,66.1039,82233.25,1796.6,EUR,MOCK_FEED
POS00900820250918,PORT009,INS0033,2025-09-18,2453,34.3493,84258.83,2093.52,USD,MOCK_FEED
POS00900920250918,PORT009,INS0034,2025-09-18,3666,51.9235,190351.55,5375.5,GBP,MOCK_FEED
POS00901020250918,PORT009,INS0035,2025-09-18,1239,11.4225,14152.48,-352.45,GBP,MOCK_FEED
POS00900120250919,PORT009,INS0026,2025-09-19,2236,55.7546,124667.29,4385.01,INR,MOCK_FEED
POS00900220250919,PORT009,INS0027,2025-09-19,1804,17.952,32385.41,1232.69,EUR,MOCK_FEED
POS00900320250919,PORT009,INS0028,2025-09-19,369,44.8899,16564.37,69.02,EUR,MOCK_FEED
POS00900420250919,PORT009,INS0029,2025-09-19,208,24.2939,5053.13,-65.32,USD,MOCK_FEED
POS00900520250919,PORT009,INS0030,2025-09-19,1585,50.6115,80219.23,662.02,INR,MOCK_FEED
POS00900620250919,PORT009,INS0031,2025-09-19,3817,44.5476,170038.19,-711.47,GBP,MOCK_FEED
POS00900720250919,PORT009,INS0032,2025-09-19,771,65.0218,50131.81,-978.56,EUR,MOCK_FEED
POS00900820250919,PORT009,INS0033,2025-09-19,2179,33.7671,73578.51,831.07,USD,MOCK_FEED
POS00900920250919,PORT009,INS0034,2025-09-19,3925,54.0918,212310.32,1210.11,GBP,MOCK_FEED
POS00901020250919,PORT009,INS0035,2025-09-19,1898,11.3892,21616.7,-76.03,GBP,MOCK_FEED
POS00900120250920,PORT009,INS0026,2025-09-20,2559,56.2062,143831.67,-3562.17,INR,MOCK_FEED
POS00900220250920,PORT009,INS0027,2025-09-20,1687,18.2743,30828.74,305.0,USD,MOCK_FEED
POS00900320250920,PORT009,INS0028,2025-09-20,1231,45.251,55703.98,1481.98,EUR,MOCK_FEED
POS00900420250920,PORT009,INS0029,2025-09-20,3560,24.1935,86128.86,-312.75,EUR,MOCK_FEED
POS00900520250920,PORT009,INS0030,2025-09-20,1583,51.0374,80792.2,1849.78,EUR,MOCK_FEED
POS00900620250920,PORT009,INS0031,2025-09-20,3640,44.797,163061.08,-2506.24,USD,MOCK_FEED
POS00900720250920,PORT009,INS0032,2025-09-20,1355,65.3247,88514.97,3429.01,EUR,MOCK_FEED
POS00900820250920,PORT009,INS0033,2025-09-20,856,33.8827,29003.59,256.08,EUR,MOCK_FEED
POS00900920250920,PORT009,INS0034,2025-09-20,1905,53.3803,101689.47,1811.33,USD,MOCK_FEED
POS00901020250920,PORT009,INS0035,2025-09-20,344,11.1341,3830.13,58.97,USD,MOCK_FEED
POS00900120250921,PORT009,INS0026,2025-09-21,1706,55.9434,95439.44,-1991.51,EUR,MOCK_FEED
POS00900220250921,PORT009,INS0027,2025-09-21,4433,18.0041,79812.18,-2096.57,USD,MOCK_FEED
POS00900320250921,PORT009,INS0028,2025-09-21,2421,45.4032,109921.15,-409.71,INR,MOCK_FEED
POS00900420250921,PORT009,INS0029,2025-09-21,892,24.3187,21692.28,96.44,USD,MOCK_FEED
POS00900520250921,PORT009,INS0030,2025-09-21,3963,50.5765,200434.67,2969.18,INR,MOCK_FEED
POS00900620250921,PORT009,INS0031,2025-09-21,1173,44.1864,51830.65,-1117.76,INR,MOCK_FEED
POS00900720250921,PORT009,INS0032,2025-09-21,2857,66.1442,188973.98,6448.84,GBP,MOCK_FEED
POS00900820250921,PORT009,INS0033,2025-09-21,3708,34.3692,127440.99,3993.73,EUR,MOCK_FEED
POS00900920250921,PORT009,INS0034,2025-09-21,343,52.2693,17928.37,263.43,EUR,MOCK_FEED
POS00901020250921,PORT009,INS0035,2025-09-21,1203,11.0759,13324.31,-315.53,GBP,MOCK_FEED
POS00900120250922,PORT009,INS0026,2025-09-22,665,56.8254,37788.89,-450.02,INR,MOCK_FEED
POS00900220250922,PORT009,INS0027,2025-09-22,626,18.0385,11292.1,313.32,EUR,MOCK_FEED
POS00900320250922,PORT009,INS0028,2025-09-22,4567,44.4279,202902.22,5399.67,EUR,MOCK_FEED
POS00900420250922,PORT009,INS0029,2025-09-22,1590,24.796,39425.64,-823.96,INR,MOCK_FEED
POS00900520250922,PORT009,INS0030,2025-09-22,3538,49.9559,176743.97,1443.33,GBP,MOCK_FEED
POS00900620250922,PORT009,INS0031,2025-09-22,2287,44.3465,101420.45,2868.92,INR,MOCK_FEED
POS00900720250922,PORT009,INS0032,2025-09-22,1894,66.4448,125846.45,3868.77,GBP,MOCK_FEED
POS00900820250922,PORT009,INS0033,2025-09-22,3559,34.3145,122125.31,2391.93,GBP,MOCK_FEED
POS00900920250922,PORT009,INS0034,2025-09-22,3719,52.8177,196429.03,5131.64,USD,MOCK_FEED
POS00901020250922,PORT009,INS0035,2025-09-22,2888,11.1777,32281.2,1086.42,GBP,MOCK_FEED
POS00900120250923,PORT009,INS0026,2025-09-23,1708,56.4137,96354.6,469.17,GBP,MOCK_FEED
POS00900220250923,PORT009,INS0027,2025-09-23,1877,17.9343,33662.68,-735.71,EUR,MOCK_FEED
POS00900320250923,PORT009,INS0028,2025-09-23,935,44.0332,41171.04,-153.66,INR,MOCK_FEED
POS00900420250923,PORT009,INS0029,2025-09-23,2497,24.8571,62068.18,-51.84,GBP,MOCK_FEED
POS00900520250923,PORT009,INS0030,2025-09-23,4157,49.9646,207702.84,-25.14,INR,MOCK_FEED
POS00900620250923,PORT009,INS0031,2025-09-23,4602,44.501,204793.6,632.98,INR,MOCK_FEED
POS00900720250923,PORT009,INS0032,2025-09-23,2600,65.8648,171248.48,-3519.62,GBP,MOCK_FEED
POS00900820250923,PORT009,INS0033,2025-09-23,1781,34.2706,61035.94,-404.42,INR,MOCK_FEED
POS00900920250923,PORT009,INS0034,2025-09-23,501,53.7882,26947.89,-402.33,EUR,MOCK_FEED
POS00901020250923,PORT009,INS0035,2025-09-23,1431,11.3557,16250.01,395.1,INR,MOCK_FEED
POS00900120250924,PORT009,INS0026,2025-09-24,195,56.2247,10963.82,52.75,INR,MOCK_FEED
POS00900220250924,PORT009,INS0027,2025-09-24,1013,17.9884,18222.25,464.57,GBP,MOCK_FEED
POS00900320250924,PORT009,INS0028,2025-09-24,4503,43.9599,197951.43,-141.32,USD,MOCK_FEED
POS00900420250924,PORT009,INS0029,2025-09-24,4055,24.6835,100091.59,-697.48,INR,MOCK_FEED
POS00900520250924,PORT009,INS0030,2025-09-24,4561,49.9982,228041.79,1110.98,GBP,MOCK_FEED
POS00900620250924,PORT009,INS0031,2025-09-24,360,44.1701,15901.24,571.96,EUR,MOCK_FEED
POS00900720250924,PORT009,INS0032,2025-09-24,2587,66.2498,171388.23,2738.89,GBP,MOCK_FEED
POS00900820250924,PORT009,INS0033,2025-09-24,4972,34.8605,173326.41,-2253.5,USD,MOCK_FEED
POS00900920250924,PORT009,INS0034,2025-09-24,4727,53.1782,251373.35,-2121.11,GBP,MOCK_FEED
POS00901020250924,PORT009,INS0035,2025-09-24,2736,11.3178,30965.5,1163.74,EUR,MOCK_FEED
POS00900120250925,PORT009,INS0026,2025-09-25,2617,56.8803,148855.75,426.82,USD,MOCK_FEED
POS00900220250925,PORT009,INS0027,2025-09-25,445,18.0706,8041.42,57.52,GBP,MOCK_FEED
POS00900320250925,PORT009,INS0028,2025-09-25,3363,43.4734,146201.04,4635.74,USD,MOCK_FEED
POS00900420250925,PORT009,INS0029,2025-09-25,729,23.9985,17494.91,674.13,USD,MOCK_FEED
POS00900520250925,PORT009,INS0030,2025-09-25,224,50.1556,11234.85,319.6,USD,MOCK_FEED
POS00900620250925,PORT009,INS0031,2025-09-25,2339,43.1999,101044.57,-1565.67,INR,MOCK_FEED
POS00900720250925,PORT009,INS0032,2025-09-25,4842,66.6156,322552.74,-6857.58,GBP,MOCK_FEED
POS00900820250925,PORT009,INS0033,2025-09-25,1462,34.5992,50584.03,1458.23,INR,MOCK_FEED
POS00900920250925,PORT009,INS0034,2025-09-25,2321,52.8711,122713.82,-3463.56,EUR,MOCK_FEED
POS00901020250925,PORT009,INS0035,2025-09-25,3570,11.0373,39403.16,-146.44,GBP,MOCK_FEED
POS00900120250926,PORT009,INS0026,2025-09-26,1106,57.2775,63348.92,1761.95,USD,MOCK_FEED
POS00900220250926,PORT009,INS0027,2025-09-26,218,18.1727,3961.65,135.38,USD,MOCK_FEED
POS00900320250926,PORT009,INS0028,2025-09-26,2598,43.7025,113539.1,1383.49,USD,MOCK_FEED
POS00900420250926,PORT009,INS0029,2025-09-26,618,23.7501,14677.56,212.77,INR,MOCK_FEED
POS00900520250926,PORT009,INS0030,2025-09-26,2010,50.6387,101783.79,-752.85,GBP,MOCK_FEED
POS00900620250926,PORT009,INS0031,2025-09-26,1695,43.7154,74097.6,-255.01,EUR,MOCK_FEED
POS00900720250926,PORT009,INS0032,2025-09-26,3882,65.6613,254897.17,5280.37,EUR,MOCK_FEED
POS00900820250926,PORT009,INS0033,2025-09-26,472,34.5567,16310.76,113.56,EUR,MOCK_FEED
POS00900920250926,PORT009,INS0034,2025-09-26,362,53.1348,19234.8,206.42,EUR,MOCK_FEED
POS00901020250926,PORT009,INS0035,2025-09-26,875,11.2485,9842.44,-0.11,GBP,MOCK_FEED
POS00900120250927,PORT009,INS0026,2025-09-27,1900,58.2566,110687.54,2304.51,GBP,MOCK_FEED
POS00900220250927,PORT009,INS0027,2025-09-27,268,18.2579,4893.12,91.28,GBP,MOCK_FEED
POS00900320250927,PORT009,INS0028,2025-09-27,3070,43.6967,134148.87,-3939.68,GBP,MOCK_FEED
POS00900420250927,PORT009,INS0029,2025-09-27,2447,23.5422,57607.76,47.35,GBP,MOCK_FEED
POS00900520250927,PORT009,INS0030,2025-09-27,4495,50.112,225253.44,-6620.23,INR,MOCK_FEED
POS00900620250927,PORT009,INS0031,2025-09-27,3097,43.1101,133511.98,3729.01,INR,MOCK_FEED
POS00900720250927,PORT009,INS0032,2025-09-27,4124,65.9774,272090.8,3423.7,EUR,MOCK_FEED
POS00900820250927,PORT009,INS0033,2025-09-27,3448,34.7995,119988.68,3490.53,INR,MOCK_FEED
POS00900920250927,PORT009,INS0034,2025-09-27,330,52.7696,17413.97,128.11,GBP,MOCK_FEED
POS00901020250927,PORT009,INS0035,2025-09-27,3236,10.9164,35325.47,700.69,INR,MOCK_FEED
POS00900120250928,PORT009,INS0026,2025-09-28,4293,58.8321,252566.21,-7164.12,GBP,MOCK_FEED
POS00900220250928,PORT009,INS0027,2025-09-28,3051,18.0564,55090.08,979.48,GBP,MOCK_FEED
POS00900320250928,PORT009,INS0028,2025-09-28,579,44.0703,25516.7,424.13,USD,MOCK_FEED
POS00900420250928,PORT009,INS0029,2025-09-28,4586,22.9649,105317.03,-581.73,GBP,MOCK_FEED
POS00900520250928,PORT009,INS0030,2025-09-28,1540,51.0205,78571.57,2516.55,INR,MOCK_FEED
POS00900620250928,PORT009,INS0031,2025-09-28,4946,44.0328,217786.23,-3767.13,INR,MOCK_FEED
POS00900720250928,PORT009,INS0032,2025-09-28,434,65.4164,28390.72,-333.61,USD,MOCK_FEED
POS00900820250928,PORT009,INS0033,2025-09-28,2051,34.6427,71052.18,-2113.0,USD,MOCK_FEED
POS00900920250928,PORT009,INS0034,2025-09-28,957,54.0588,51734.27,708.82,INR,MOCK_FEED
POS00901020250928,PORT009,INS0035,2025-09-28,2837,11.097,31482.19,740.73,EUR,MOCK_FEED
POS00900120250929,PORT009,INS0026,2025-09-29,4310,58.4262,251816.92,1385.94,INR,MOCK_FEED
POS00900220250929,PORT009,INS0027,2025-09-29,821,17.5759,14429.81,-262.01,INR,MOCK_FEED
POS00900320250929,PORT009,INS0028,2025-09-29,3910,44.5055,174016.51,-1355.75,USD,MOCK_FEED
POS00900420250929,PORT009,INS0029,2025-09-29,2219,23.0142,51068.51,1509.5,INR,MOCK_FEED
POS00900520250929,PORT009,INS0030,2025-09-29,1658,50.9138,84415.08,-1067.8,EUR,MOCK_FEED
POS00900620250929,PORT009,INS0031,2025-09-29,1239,43.5504,53958.95,1054.06,GBP,MOCK_FEED
POS00900720250929,PORT009,INS0032,2025-09-29,1824,66.6906,121643.65,-2996.56,USD,MOCK_FEED
POS00900820250929,PORT009,INS0033,2025-09-29,4561,34.3874,156840.93,3121.69,INR,MOCK_FEED
POS00900920250929,PORT009,INS0034,2025-09-29,4390,55.0099,241493.46,6633.85,GBP,MOCK_FEED
POS00901020250929,PORT009,INS0035,2025-09-29,2167,10.8881,23594.51,-275.15,GBP,MOCK_FEED
POS00900120250930,PORT009,INS0026,2025-09-30,3450,57.9549,199944.4,7399.5,USD,MOCK_FEED
POS00900220250930,PORT009,INS0027,2025-09-30,520,17.6315,9168.38,354.69,INR,MOCK_FEED
POS00900320250930,PORT009,INS0028,2025-09-30,4076,44.4203,181057.14,2104.29,INR,MOCK_FEED
POS00900420250930,PORT009,INS0029,2025-09-30,884,22.6017,19979.9,180.56,GBP,MOCK_FEED
POS00900520250930,PORT009,INS0030,2025-09-30,4930,51.1649,252242.96,7863.84,GBP,MOCK_FEED
POS00900620250930,PORT009,INS0031,2025-09-30,4319,43.8441,189362.67,5260.15,GBP,MOCK_FEED
POS00900720250930,PORT009,INS0032,2025-09-30,4360,66.289,289020.04,5414.7,EUR,MOCK_FEED
POS00900820250930,PORT009,INS0033,2025-09-30,681,34.4235,23442.4,890.0,INR,MOCK_FEED
POS00900920250930,PORT009,INS0034,2025-09-30,1737,54.5267,94712.88,-788.84,GBP,MOCK_FEED
POS00901020250930,PORT009,INS0035,2025-09-30,1957,10.713,20965.34,169.59,USD,MOCK_FEED
POS00900120251001,PORT009,INS0026,2025-10-01,1514,56.9821,86270.9,-845.92,INR,MOCK_FEED
POS00900220251001,PORT009,INS0027,2025-10-01,403,17.3387,6987.5,-143.8,EUR,MOCK_FEED
POS00900320251001,PORT009,INS0028,2025-10-01,1446,44.5727,64452.12,-484.85,EUR,MOCK_FEED
POS00900420251001,PORT009,INS0029,2025-10-01,2205,22.4642,49533.56,281.65,INR,MOCK_FEED
POS00900520251001,PORT009,INS0030,2025-10-01,4922,51.539,253674.96,-910.06,GBP,MOCK_FEED
POS00900620251001,PORT009,INS0031,2025-10-01,4731,43.0725,203776.0,4863.32,GBP,MOCK_FEED
POS00900720251001,PORT009,INS0032,2025-10-01,4359,66.1313,288266.34,3648.86,INR,MOCK_FEED
POS00900820251001,PORT009,INS0033,2025-10-01,4514,34.7658,156932.82,4450.82,USD,MOCK_FEED
POS00900920251001,PORT009,INS0034,2025-10-01,4094,54.7855,224291.84,5198.95,GBP,MOCK_FEED
POS00901020251001,PORT009,INS0035,2025-10-01,3783,10.5736,39999.93,321.76,USD,MOCK_FEED
POS00900120251002,PORT009,INS0026,2025-10-02,1234,57.4899,70942.54,-592.68,USD,MOCK_FEED
POS00900220251002,PORT009,INS0027,2025-10-02,683,17.201,11748.28,-87.95,EUR,MOCK_FEED
POS00900320251002,PORT009,INS0028,2025-10-02,4699,44.3144,208233.37,-3127.06,EUR,MOCK_FEED
POS00900420251002,PORT009,INS0029,2025-10-02,3349,22.4557,75204.14,834.14,GBP,MOCK_FEED
POS00900520251002,PORT009,INS0030,2025-10-02,2968,51.5014,152856.16,-4474.02,GBP,MOCK_FEED
POS00900620251002,PORT009,INS0031,2025-10-02,4238,43.5824,184702.21,771.8,INR,MOCK_FEED
POS00900720251002,PORT009,INS0032,2025-10-02,1921,68.1764,130966.86,4335.57,INR,MOCK_FEED
POS00900820251002,PORT009,INS0033,2025-10-02,325,34.723,11284.98,-261.09,INR,MOCK_FEED
POS00900920251002,PORT009,INS0034,2025-10-02,3663,56.2816,206159.5,-4415.4,EUR,MOCK_FEED
POS00901020251002,PORT009,INS0035,2025-10-02,1752,10.4563,18319.44,568.54,USD,MOCK_FEED
POS00900120251003,PORT009,INS0026,2025-10-03,978,57.6858,56416.71,96.74,GBP,MOCK_FEED
POS00900220251003,PORT009,INS0027,2025-10-03,4192,17.1664,71961.55,-31.42,USD,MOCK_FEED
POS00900320251003,PORT009,INS0028,2025-10-03,1574,43.366,68258.08,333.64,USD,MOCK_FEED
POS00900420251003,PORT009,INS0029,2025-10-03,2702,22.5426,60910.11,1494.04,EUR,MOCK_FEED
POS00900520251003,PORT009,INS0030,2025-10-03,3457,51.0087,176337.08,3572.41,USD,MOCK_FEED
POS00900620251003,PORT009,INS0031,2025-10-03,331,42.2249,13976.44,451.65,GBP,MOCK_FEED
POS00900720251003,PORT009,INS0032,2025-10-03,1622,67.3039,109166.93,1365.99,EUR,MOCK_FEED
POS00900820251003,PORT009,INS0033,2025-10-03,1900,34.4489,65452.91,-1602.02,INR,MOCK_FEED
POS00900920251003,PORT009,INS0034,2025-10-03,4391,57.0949,250703.71,2702.03,EUR,MOCK_FEED
POS00901020251003,PORT009,INS0035,2025-10-03,2726,10.4226,28412.01,813.57,INR,MOCK_FEED
POS00900120251004,PORT009,INS0026,2025-10-04,4870,59.0619,287631.45,822.28,GBP,MOCK_FEED
POS00900220251004,PORT009,INS0027,2025-10-04,4722,17.0861,80680.56,-1191.5,USD,MOCK_FEED
POS00900320251004,PORT009,INS0028,2025-10-04,2993,43.1414,129122.21,1133.36,EUR,MOCK_FEED
POS00900420251004,PORT009,INS0029,2025-10-04,245,22.4575,5502.09,-115.13,INR,MOCK_FEED
POS00900520251004,PORT009,INS0030,2025-10-04,3817,50.6461,193316.16,-3523.74,EUR,MOCK_FEED
POS00900620251004,PORT009,INS0031,2025-10-04,516,42.071,21708.64,407.04,EUR,MOCK_FEED
POS00900720251004,PORT009,INS0032,2025-10-04,1549,68.5405,106169.23,-1750.14,USD,MOCK_FEED
POS00900820251004,PORT009,INS0033,2025-10-04,3866,34.539,133527.77,52.06,INR,MOCK_FEED
POS00900920251004,PORT009,INS0034,2025-10-04,3601,56.2036,202389.16,1727.37,EUR,MOCK_FEED
POS00901020251004,PORT009,INS0035,2025-10-04,603,10.3855,6262.46,-123.43,USD,MOCK_FEED
POS00900120251005,PORT009,INS0026,2025-10-05,1236,57.9031,71568.23,-1026.06,INR,MOCK_FEED
POS00900220251005,PORT009,INS0027,2025-10-05,3399,17.116,58177.28,-1032.84,INR,MOCK_FEED
POS00900320251005,PORT009,INS0028,2025-10-05,3876,43.988,170497.49,-4970.42,GBP,MOCK_FEED
POS00900420251005,PORT009,INS0029,2025-10-05,3977,22.3859,89028.72,-144.12,USD,MOCK_FEED
POS00900520251005,PORT009,INS0030,2025-10-05,1982,51.0589,101198.74,2835.86,INR,MOCK_FEED
POS00900620251005,PORT009,INS0031,2025-10-05,3578,42.2348,151116.11,-2041.69,GBP,MOCK_FEED
POS00900720251005,PORT009,INS0032,2025-10-05,560,69.6637,39011.67,49.76,INR,MOCK_FEED
POS00900820251005,PORT009,INS0033,2025-10-05,421,34.5299,14537.09,294.91,USD,MOCK_FEED
POS00900920251005,PORT009,INS0034,2025-10-05,3477,55.6461,193481.49,3652.48,GBP,MOCK_FEED
POS00901020251005,PORT009,INS0035,2025-10-05,2671,10.4083,27800.57,-330.23,GBP,MOCK_FEED
POS00900120251006,PORT009,INS0026,2025-10-06,2848,57.135,162720.48,2472.44,GBP,MOCK_FEED
POS00900220251006,PORT009,INS0027,2025-10-06,324,17.1511,5556.96,-125.13,EUR,MOCK_FEED
POS00900320251006,PORT009,INS0028,2025-10-06,297,43.7157,12983.56,-323.78,GBP,MOCK_FEED
POS00900420251006,PORT009,INS0029,2025-10-06,3766,22.2631,83842.83,-1281.93,INR,MOCK_FEED
POS00900520251006,PORT009,INS0030,2025-10-06,766,51.4369,39400.67,831.76,USD,MOCK_FEED
POS00900620251006,PORT009,INS0031,2025-10-06,1189,43.2659,51443.16,-493.55,INR,MOCK_FEED
POS00900720251006,PORT009,INS0032,2025-10-06,4407,69.539,306458.37,-6551.78,INR,MOCK_FEED
POS00900820251006,PORT009,INS0033,2025-10-06,3546,34.2834,121568.94,-1329.14,INR,MOCK_FEED
POS00900920251006,PORT009,INS0034,2025-10-06,2260,56.1146,126819.0,-1750.34,EUR,MOCK_FEED
POS00901020251006,PORT009,INS0035,2025-10-06,4039,10.3609,41847.68,-1055.97,INR,MOCK_FEED
POS00900120251007,PORT009,INS0026,2025-10-07,1426,57.5783,82106.66,-575.5,EUR,MOCK_FEED
POS00900220251007,PORT009,INS0027,2025-10-07,4028,17.293,69656.2,722.73,INR,MOCK_FEED
POS00900320251007,PORT009,INS0028,2025-10-07,2497,44.0409,109970.13,363.42,EUR,MOCK_FEED
POS00900420251007,PORT009,INS0029,2025-10-07,3185,22.4107,71378.08,2823.75,USD,MOCK_FEED
POS00900520251007,PORT009,INS0030,2025-10-07,119,51.4537,6122.99,-142.21,EUR,MOCK_FEED
POS00900620251007,PORT009,INS0031,2025-10-07,994,43.3353,43075.29,-973.51,GBP,MOCK_FEED
POS00900720251007,PORT009,INS0032,2025-10-07,4352,69.7718,303646.87,3194.43,EUR,MOCK_FEED
POS00900820251007,PORT009,INS0033,2025-10-07,4893,33.9035,165889.83,6545.44,GBP,MOCK_FEED
POS00900920251007,PORT009,INS0034,2025-10-07,4497,56.0374,252000.19,-3367.98,EUR,MOCK_FEED
POS00901020251007,PORT009,INS0035,2025-10-07,1854,10.3355,19162.02,75.19,INR,MOCK_FEED
POS00900120251008,PORT009,INS0026,2025-10-08,1176,57.9757,68179.42,1250.35,USD,MOCK_FEED
POS00900220251008,PORT009,INS0027,2025-10-08,3875,17.1113,66306.29,145.09,EUR,MOCK_FEED
POS00900320251008,PORT009,INS0028,2025-10-08,3923,44.4722,174464.44,6392.44,INR,MOCK_FEED
POS00900420251008,PORT009,INS0029,2025-10-08,247,22.4299,5540.19,94.59,GBP,MOCK_FEED
POS00900520251008,PORT009,INS0030,2025-10-08,1242,52.1305,64746.08,-1770.36,USD,MOCK_FEED
POS00900620251008,PORT009,INS0031,2025-10-08,1267,43.4822,55091.95,-939.31,USD,MOCK_FEED
POS00900720251008,PORT009,INS0032,2025-10-08,3854,69.8434,269176.46,-2661.95,EUR,MOCK_FEED
POS00900820251008,PORT009,INS0033,2025-10-08,1413,33.7503,47689.17,1413.54,INR,MOCK_FEED
POS00900920251008,PORT009,INS0034,2025-10-08,2859,57.3824,164056.28,-2101.08,EUR,MOCK_FEED
POS00901020251008,PORT009,INS0035,2025-10-08,1524,10.3279,15739.72,-217.12,EUR,MOCK_FEED
POS00900120251009,PORT009,INS0026,2025-10-09,3960,57.7499,228689.6,-565.9,INR,MOCK_FEED
POS00900220251009,PORT009,INS0027,2025-10-09,2243,17.3467,38908.65,1156.57,USD,MOCK_FEED
POS00900320251009,PORT009,INS0028,2025-10-09,4227,43.9509,185780.45,-5210.01,EUR,MOCK_FEED
POS00900420251009,PORT009,INS0029,2025-10-09,4851,22.5855,109562.26,-1628.15,INR,MOCK_FEED
POS00900520251009,PORT009,INS0030,2025-10-09,429,53.2429,22841.2,479.48,USD,MOCK_FEED
POS00900620251009,PORT009,INS0031,2025-10-09,4342,43.8415,190359.79,2455.98,GBP,MOCK_FEED
POS00900720251009,PORT009,INS0032,2025-10-09,3702,69.5176,257354.16,-3178.0,INR,MOCK_FEED
POS00900820251009,PORT009,INS0033,2025-10-09,3385,33.5833,113679.47,-1623.19,GBP,MOCK_FEED
POS00900920251009,PORT009,INS0034,2025-10-09,1491,57.5024,85736.08,406.85,INR,MOCK_FEED
POS00901020251009,PORT009,INS0035,2025-10-09,2847,10.439,29719.83,809.61,USD,MOCK_FEED
POS00900120251010,PORT009,INS0026,2025-10-10,4558,57.674,262878.09,-2276.79,USD,MOCK_FEED
POS00900220251010,PORT009,INS0027,2025-10-10,4692,17.2588,80978.29,3105.85,EUR,MOCK_FEED
POS00900320251010,PORT009,INS0028,2025-10-10,1686,43.494,73330.88,-945.38,GBP,MOCK_FEED
POS00900420251010,PORT009,INS0029,2025-10-10,2343,22.8329,53497.48,948.74,EUR,MOCK_FEED
POS00900520251010,PORT009,INS0030,2025-10-10,4539,53.5607,243112.02,-1993.1,EUR,MOCK_FEED
POS00900620251010,PORT009,INS0031,2025-10-10,3111,44.5337,138544.34,-1759.21,GBP,MOCK_FEED
POS00900720251010,PORT009,INS0032,2025-10-10,4119,70.0157,288394.67,4448.57,EUR,MOCK_FEED
POS00900820251010,PORT009,INS0033,2025-10-10,2847,33.2939,94787.73,693.87,EUR,MOCK_FEED
POS00900920251010,PORT009,INS0034,2025-10-10,3953,56.681,224059.99,6353.19,EUR,MOCK_FEED
POS00901020251010,PORT009,INS0035,2025-10-10,1127,10.2902,11597.06,46.03,GBP,MOCK_FEED
POS00900120251011,PORT009,INS0026,2025-10-11,2634,57.4787,151398.9,5856.15,EUR,MOCK_FEED
POS00900220251011,PORT009,INS0027,2025-10-11,2949,17.4467,51450.32,-1451.85,EUR,MOCK_FEED
POS00900320251011,PORT009,INS0028,2025-10-11,3703,44.2615,163900.33,-3922.69,USD,MOCK_FEED
POS00900420251011,PORT009,INS0029,2025-10-11,3996,22.293,89082.83,2224.86,GBP,MOCK_FEED
POS00900520251011,PORT009,INS0030,2025-10-11,451,52.81,23817.31,-473.85,INR,MOCK_FEED
POS00900620251011,PORT009,INS0031,2025-10-11,2674,44.814,119832.64,1490.82,EUR,MOCK_FEED
POS00900720251011,PORT009,INS0032,2025-10-11,2473,69.3503,171503.29,-1832.6,INR,MOCK_FEED
POS00900820251011,PORT009,INS0033,2025-10-11,4204,32.7983,137884.05,4018.41,GBP,MOCK_FEED
POS00900920251011,PORT009,INS0034,2025-10-11,3068,56.2256,172500.14,5494.32,USD,MOCK_FEED
POS00901020251011,PORT009,INS0035,2025-10-11,2654,10.2806,27284.71,491.3,EUR,MOCK_FEED
POS00900120251012,PORT009,INS0026,2025-10-12,2475,58.075,143735.62,4947.62,EUR,MOCK_FEED
POS00900220251012,PORT009,INS0027,2025-10-12,4987,17.2071,85811.81,1122.85,GBP,MOCK_FEED
POS00900320251012,PORT009,INS0028,2025-10-12,2543,44.9613,114336.59,-339.06,GBP,MOCK_FEED
POS00900420251012,PORT009,INS0029,2025-10-12,3765,22.1522,83403.03,-1353.64,GBP,MOCK_FEED
POS00900520251012,PORT009,INS0030,2025-10-12,2743,52.6808,144503.43,-3905.5,USD,MOCK_FEED
POS00900620251012,PORT009,INS0031,2025-10-12,773,44.0598,34058.23,731.9,USD,MOCK_FEED
POS00900720251012,PORT009,INS0032,2025-10-12,1176,69.333,81535.61,-310.35,USD,MOCK_FEED
POS00900820251012,PORT009,INS0033,2025-10-12,397,32.8777,13052.45,263.7,INR,MOCK_FEED
POS00900920251012,PORT009,INS0034,2025-10-12,311,56.4071,17542.61,-467.78,INR,MOCK_FEED
POS00901020251012,PORT009,INS0035,2025-10-12,4710,10.2676,48360.4,1758.9,USD,MOCK_FEED
POS00900120251013,PORT009,INS0026,2025-10-13,136,57.7866,7858.98,7.51,INR,MOCK_FEED
POS00900220251013,PORT009,INS0027,2025-10-13,4908,17.2343,84585.94,473.9,INR,MOCK_FEED
POS00900320251013,PORT009,INS0028,2025-10-13,4419,45.1429,199486.48,3515.73,INR,MOCK_FEED
POS00900420251013,PORT009,INS0029,2025-10-13,392,21.8824,8577.9,39.96,GBP,MOCK_FEED
POS00900520251013,PORT009,INS0030,2025-10-13,606,52.7307,31954.8,-124.86,EUR,MOCK_FEED
POS00900620251013,PORT009,INS0031,2025-10-13,2114,44.7739,94652.02,1151.11,GBP,MOCK_FEED
POS00900720251013,PORT009,INS0032,2025-10-13,460,69.3666,31908.64,679.0,GBP,MOCK_FEED
POS00900820251013,PORT009,INS0033,2025-10-13,4865,32.72,159182.8,-2844.96,GBP,MOCK_FEED
POS00900920251013,PORT009,INS0034,2025-10-13,4033,56.2121,226703.4,8299.98,INR,MOCK_FEED
POS00901020251013,PORT009,INS0035,2025-10-13,319,10.0908,3218.97,-46.27,EUR,MOCK_FEED
POS00900120251014,PORT009,INS0026,2025-10-14,2425,58.3913,141598.9,2965.59,USD,MOCK_FEED
POS00900220251014,PORT009,INS0027,2025-10-14,1530,17.2577,26404.28,560.81,INR,MOCK_FEED
POS00900320251014,PORT009,INS0028,2025-10-14,108,44.9945,4859.41,-124.98,USD,MOCK_FEED
POS00900420251014,PORT009,INS0029,2025-10-14,4319,22.1591,95705.15,1569.63,GBP,MOCK_FEED
POS00900520251014,PORT009,INS0030,2025-10-14,360,51.1809,18425.12,621.63,EUR,MOCK_FEED
POS00900620251014,PORT009,INS0031,2025-10-14,2213,45.3783,100422.18,-2292.74,GBP,MOCK_FEED
POS00900720251014,PORT009,INS0032,2025-10-14,173,69.6651,12052.06,-324.43,GBP,MOCK_FEED
POS00900820251014,PORT009,INS0033,2025-10-14,2288,32.4886,74333.92,1108.33,EUR,MOCK_FEED
POS00900920251014,PORT009,INS0034,2025-10-14,232,55.5996,12899.11,-75.33,INR,MOCK_FEED
POS00901020251014,PORT009,INS0035,2025-10-14,3190,10.1,32219.0,1120.31,EUR,MOCK_FEED
POS00900120251015,PORT009,INS0026,2025-10-15,2777,56.7889,157702.78,2036.64,USD,MOCK_FEED
POS00900220251015,PORT009,INS0027,2025-10-15,2567,17.1812,44104.14,130.91,EUR,MOCK_FEED
POS00900320251015,PORT009,INS0028,2025-10-15,1241,45.9294,56998.39,-771.56,USD,MOCK_FEED
POS00900420251015,PORT009,INS0029,2025-10-15,2628,21.9066,57570.54,-673.5,INR,MOCK_FEED
POS00900520251015,PORT009,INS0030,2025-10-15,2442,51.5619,125914.16,1338.68,GBP,MOCK_FEED
POS00900620251015,PORT009,INS0031,2025-10-15,3781,44.9065,169791.48,2863.9,USD,MOCK_FEED
POS00900720251015,PORT009,INS0032,2025-10-15,2400,69.5703,166968.72,4752.77,USD,MOCK_FEED
POS00900820251015,PORT009,INS0033,2025-10-15,791,33.4932,26493.12,761.85,INR,MOCK_FEED
POS00900920251015,PORT009,INS0034,2025-10-15,707,55.714,39389.8,895.32,INR,MOCK_FEED
POS00901020251015,PORT009,INS0035,2025-10-15,1351,10.0958,13639.43,20.29,EUR,MOCK_FEED
POS00900120251016,PORT009,INS0026,2025-10-16,3620,56.4489,204345.02,-1617.75,EUR,MOCK_FEED
POS00900220251016,PORT009,INS0027,2025-10-16,3329,17.1815,57197.21,1600.24,GBP,MOCK_FEED
POS00900320251016,PORT009,INS0028,2025-10-16,2484,45.4273,112841.41,-671.58,GBP,MOCK_FEED
POS00900420251016,PORT009,INS0029,2025-10-16,2692,21.5586,58035.75,1210.33,GBP,MOCK_FEED
POS00900520251016,PORT009,INS0030,2025-10-16,2570,51.0522,131204.15,-2510.67,USD,MOCK_FEED
POS00900620251016,PORT009,INS0031,2025-10-16,2500,44.601,111502.5,-2076.62,USD,MOCK_FEED
POS00900720251016,PORT009,INS0032,2025-10-16,1527,68.7209,104936.81,701.36,EUR,MOCK_FEED
POS00900820251016,PORT009,INS0033,2025-10-16,1548,33.6571,52101.19,-126.7,USD,MOCK_FEED
POS00900920251016,PORT009,INS0034,2025-10-16,3180,55.7871,177402.98,5887.1,INR,MOCK_FEED
POS00901020251016,PORT009,INS0035,2025-10-16,3278,10.1293,33203.85,1132.48,INR,MOCK_FEED
POS00900120251017,PORT009,INS0026,2025-10-17,3763,55.9039,210366.38,-4205.38,EUR,MOCK_FEED
POS00900220251017,PORT009,INS0027,2025-10-17,2832,17.2332,48804.42,1269.53,GBP,MOCK_FEED
POS00900320251017,PORT009,INS0028,2025-10-17,2104,45.5313,95797.86,-2607.01,GBP,MOCK_FEED
POS00900420251017,PORT009,INS0029,2025-10-17,292,21.6853,6332.11,144.92,GBP,MOCK_FEED
POS00900520251017,PORT009,INS0030,2025-10-17,1733,50.7361,87925.66,-2336.26,USD,MOCK_FEED
POS00900620251017,PORT009,INS0031,2025-10-17,1421,44.8163,63683.96,119.16,USD,MOCK_FEED
POS00900720251017,PORT009,INS0032,2025-10-17,2439,68.3501,166705.89,5554.63,GBP,MOCK_FEED
POS00900820251017,PORT009,INS0033,2025-10-17,575,33.0653,19012.55,705.12,GBP,MOCK_FEED
POS00900920251017,PORT009,INS0034,2025-10-17,2510,56.3275,141382.02,3335.78,EUR,MOCK_FEED
POS00901020251017,PORT009,INS0035,2025-10-17,4629,10.2376,47389.85,-49.72,GBP,MOCK_FEED
POS00900120251018,PORT009,INS0026,2025-10-18,1178,55.0209,64814.62,307.77,EUR,MOCK_FEED
POS00900220251018,PORT009,INS0027,2025-10-18,4110,17.1747,70588.02,1716.0,USD,MOCK_FEED
POS00900320251018,PORT009,INS0028,2025-10-18,4448,45.9272,204284.19,6557.77,EUR,MOCK_FEED
POS00900420251018,PORT009,INS0029,2025-10-18,4327,21.7475,94101.43,-1312.81,GBP,MOCK_FEED
POS00900520251018,PORT009,INS0030,2025-10-18,4261,51.0219,217404.32,-5224.31,EUR,MOCK_FEED
POS00900620251018,PORT009,INS0031,2025-10-18,2885,45.4651,131166.81,3209.46,USD,MOCK_FEED
POS00900720251018,PORT009,INS0032,2025-10-18,4417,68.6204,303096.31,3704.4,USD,MOCK_FEED
POS00900820251018,PORT009,INS0033,2025-10-18,1454,33.1987,48270.91,758.2,INR,MOCK_FEED
POS00900920251018,PORT009,INS0034,2025-10-18,113,56.4318,6376.79,-159.33,USD,MOCK_FEED
POS00901020251018,PORT009,INS0035,2025-10-18,4258,10.1584,43254.47,187.68,USD,MOCK_FEED
POS00900120251019,PORT009,INS0026,2025-10-19,4778,54.9039,262330.83,-3726.36,USD,MOCK_FEED
POS00900220251019,PORT009,INS0027,2025-10-19,4485,17.1067,76723.55,820.92,USD,MOCK_FEED
POS00900320251019,PORT009,INS0028,2025-10-19,1267,45.793,58019.73,-1592.12,GBP,MOCK_FEED
POS00900420251019,PORT009,INS0029,2025-10-19,2700,21.447,57906.9,962.61,INR,MOCK_FEED
POS00900520251019,PORT009,INS0030,2025-10-19,1323,50.443,66736.09,2286.5,GBP,MOCK_FEED
POS00900620251019,PORT009,INS0031,2025-10-19,1131,44.8115,50681.81,1764.67,INR,MOCK_FEED
POS00900720251019,PORT009,INS0032,2025-10-19,1059,67.2368,71203.77,1784.69,INR,MOCK_FEED
POS00900820251019,PORT009,INS0033,2025-10-19,1947,32.8269,63913.97,-726.73,EUR,MOCK_FEED
POS00900920251019,PORT009,INS0034,2025-10-19,2796,56.1864,157097.17,1209.42,GBP,MOCK_FEED
POS00901020251019,PORT009,INS0035,2025-10-19,2100,10.2548,21535.08,5.01,USD,MOCK_FEED
POS00900120251020,PORT009,INS0026,2025-10-20,4513,55.4684,250328.89,-6077.99,EUR,MOCK_FEED
POS00900220251020,PORT009,INS0027,2025-10-20,3603,16.9163,60949.43,218.17,INR,MOCK_FEED
POS00900320251020,PORT009,INS0028,2025-10-20,2214,46.7204,103438.97,-3018.51,INR,MOCK_FEED
POS00900420251020,PORT009,INS0029,2025-10-20,3099,21.5352,66737.58,-411.68,GBP,MOCK_FEED
POS00900520251020,PORT009,INS0030,2025-10-20,3630,50.294,182567.22,-4098.56,INR,MOCK_FEED
POS00900620251020,PORT009,INS0031,2025-10-20,1358,45.0313,61152.51,1646.4,EUR,MOCK_FEED
POS00900720251020,PORT009,INS0032,2025-10-20,2343,66.0314,154711.57,-2311.28,EUR,MOCK_FEED
POS00900820251020,PORT009,INS0033,2025-10-20,555,33.2286,18441.87,307.22,INR,MOCK_FEED
POS00900920251020,PORT009,INS0034,2025-10-20,3674,56.2284,206583.14,4781.36,INR,MOCK_FEED
POS00901020251020,PORT009,INS0035,2025-10-20,1989,10.2957,20478.15,-496.14,INR,MOCK_FEED
POS00900120251021,PORT009,INS0026,2025-10-21,631,56.0243,35351.33,-84.05,EUR,MOCK_FEED
POS00900220251021,PORT009,INS0027,2025-10-21,2288,17.1142,39157.29,1223.63,EUR,MOCK_FEED
POS00900320251021,PORT009,INS0028,2025-10-21,1316,46.4108,61076.61,548.78,GBP,MOCK_FEED
POS00900420251021,PORT009,INS0029,2025-10-21,1679,21.3865,35907.93,-619.77,GBP,MOCK_FEED
POS00900520251021,PORT009,INS0030,2025-10-21,4071,49.6351,202064.49,-4211.78,GBP,MOCK_FEED
POS00900620251021,PORT009,INS0031,2025-10-21,3863,44.5645,172152.66,-199.73,GBP,MOCK_FEED
POS00900720251021,PORT009,INS0032,2025-10-21,1729,64.0238,110697.15,4267.49,GBP,MOCK_FEED
POS00900820251021,PORT009,INS0033,2025-10-21,3646,33.2594,121263.77,2898.22,INR,MOCK_FEED
POS00900920251021,PORT009,INS0034,2025-10-21,3002,58.3383,175131.58,6012.57,EUR,MOCK_FEED
POS00901020251021,PORT009,INS0035,2025-10-21,2908,10.4229,30309.79,341.81,EUR,MOCK_FEED
POS00900120251022,PORT009,INS0026,2025-10-22,3330,57.1631,190353.12,5738.21,INR,MOCK_FEED
POS00900220251022,PORT009,INS0027,2025-10-22,2007,17.1026,34324.92,-739.21,INR,MOCK_FEED
POS00900320251022,PORT009,INS0028,2025-10-22,3796,47.0696,178676.2,5295.81,INR,MOCK_FEED
POS00900420251022,PORT009,INS0029,2025-10-22,2717,21.1921,57578.94,1976.93,INR,MOCK_FEED
POS00900520251022,PORT009,INS0030,2025-10-22,3547,49.4512,175403.41,6952.76,EUR,MOCK_FEED
POS00900620251022,PORT009,INS0031,2025-10-22,3158,44.7029,141171.76,1302.84,USD,MOCK_FEED
POS00900720251022,PORT009,INS0032,2025-10-22,889,63.5872,56529.02,-226.56,EUR,MOCK_FEED
POS00900820251022,PORT009,INS0033,2025-10-22,2813,32.7621,92159.79,-2522.35,EUR,MOCK_FEED
POS00900920251022,PORT009,INS0034,2025-10-22,3942,57.9343,228377.01,4403.57,USD,MOCK_FEED
POS00901020251022,PORT009,INS0035,2025-10-22,2851,10.5606,30108.27,-196.29,USD,MOCK_FEED
POS00900120251023,PORT009,INS0026,2025-10-23,4862,57.9696,281848.2,-3913.46,EUR,MOCK_FEED
POS00900220251023,PORT009,INS0027,2025-10-23,1242,17.2377,21409.22,645.02,USD,MOCK_FEED
POS00900320251023,PORT009,INS0028,2025-10-23,2575,47.7992,123082.94,1265.44,INR,MOCK_FEED
POS00900420251023,PORT009,INS0029,2025-10-23,2382,21.1388,50352.62,-901.94,GBP,MOCK_FEED
POS00900520251023,PORT009,INS0030,2025-10-23,2566,49.9782,128244.06,4632.33,GBP,MOCK_FEED
POS00900620251023,PORT009,INS0031,2025-10-23,2633,44.9176,118268.04,-279.87,INR,MOCK_FEED
POS00900720251023,PORT009,INS0032,2025-10-23,4405,62.8047,276654.7,7040.56,INR,MOCK_FEED
POS00900820251023,PORT009,INS0033,2025-10-23,1140,32.6799,37255.09,881.17,EUR,MOCK_FEED
POS00900920251023,PORT009,INS0034,2025-10-23,2797,56.6054,158325.3,5669.85,EUR,MOCK_FEED
POS00901020251023,PORT009,INS0035,2025-10-23,3118,10.4749,32660.74,1030.27,USD,MOCK_FEED
POS00900120251024,PORT009,INS0026,2025-10-24,372,57.2865,21310.58,-581.12,EUR,MOCK_FEED
POS00900220251024,PORT009,INS0027,2025-10-24,3470,16.8744,58554.17,1446.01,INR,MOCK_FEED
POS00900320251024,PORT009,INS0028,2025-10-24,1331,47.7866,63603.96,246.78,USD,MOCK_FEED
POS00900420251024,PORT009,INS0029,2025-10-24,3430,21.6741,74342.16,-1305.97,EUR,MOCK_FEED
POS00900520251024,PORT009,INS0030,2025-10-24,3271,49.6023,162249.12,5468.99,USD,MOCK_FEED
POS00900620251024,PORT009,INS0031,2025-10-24,4583,43.931,201335.77,2269.15,GBP,MOCK_FEED
POS00900720251024,PORT009,INS0032,2025-10-24,1530,63.6048,97315.34,1287.27,EUR,MOCK_FEED
POS00900820251024,PORT009,INS0033,2025-10-24,4811,33.2934,160174.55,3209.68,INR,MOCK_FEED
POS00900920251024,PORT009,INS0034,2025-10-24,2282,56.1334,128096.42,776.71,INR,MOCK_FEED
POS00901020251024,PORT009,INS0035,2025-10-24,2962,10.5177,31153.43,-929.03,EUR,MOCK_FEED
POS00900120251025,PORT009,INS0026,2025-10-25,221,56.2291,12426.63,13.45,EUR,MOCK_FEED
POS00900220251025,PORT009,INS0027,2025-10-25,4233,17.1684,72673.84,393.2,USD,MOCK_FEED
POS00900320251025,PORT009,INS0028,2025-10-25,3037,46.6126,141562.47,-1515.72,EUR,MOCK_FEED
POS00900420251025,PORT009,INS0029,2025-10-25,148,22.0495,3263.33,-3.13,INR,MOCK_FEED
POS00900520251025,PORT009,INS0030,2025-10-25,1122,49.7505,55820.06,-397.45,EUR,MOCK_FEED
POS00900620251025,PORT009,INS0031,2025-10-25,3248,44.2475,143715.88,-2361.78,INR,MOCK_FEED
POS00900720251025,PORT009,INS0032,2025-10-25,967,62.7623,60691.14,-1105.18,USD,MOCK_FEED
POS00900820251025,PORT009,INS0033,2025-10-25,691,32.9516,22769.56,346.54,USD,MOCK_FEED
POS00900920251025,PORT009,INS0034,2025-10-25,3584,56.6666,203093.09,-5971.9,EUR,MOCK_FEED
POS00901020251025,PORT009,INS0035,2025-10-25,2422,10.4469,25302.39,-283.43,GBP,MOCK_FEED
POS00900120251026,PORT009,INS0026,2025-10-26,954,57.7706,55113.15,597.18,EUR,MOCK_FEED
POS00900220251026,PORT009,INS0027,2025-10-26,2600,17.3076,44999.76,-1299.24,GBP,MOCK_FEED
POS00900320251026,PORT009,INS0028,2025-10-26,2635,46.0537,121351.5,560.35,GBP,MOCK_FEED
POS00900420251026,PORT009,INS0029,2025-10-26,4794,21.695,104005.83,534.39,USD,MOCK_FEED
POS00900520251026,PORT009,INS0030,2025-10-26,2857,50.9784,145645.29,5272.46,EUR,MOCK_FEED
POS00900620251026,PORT009,INS0031,2025-10-26,823,44.4997,36623.25,379.78,INR,MOCK_FEED
POS00900720251026,PORT009,INS0032,2025-10-26,2177,61.9302,134822.05,4488.43,USD,MOCK_FEED
POS00900820251026,PORT009,INS0033,2025-10-26,453,32.6325,14782.52,-136.23,EUR,MOCK_FEED
POS00900920251026,PORT009,INS0034,2025-10-26,2648,57.1218,151258.53,4572.08,INR,MOCK_FEED
POS00901020251026,PORT009,INS0035,2025-10-26,1294,10.4641,13540.55,-383.56,EUR,MOCK_FEED
POS00900120251027,PORT009,INS0026,2025-10-27,2057,57.9067,119114.08,2720.2,GBP,MOCK_FEED
POS00900220251027,PORT009,INS0027,2025-10-27,1355,17.4958,23706.81,930.24,EUR,MOCK_FEED
POS00900320251027,PORT009,INS0028,2025-10-27,4821,45.7687,220650.9,76.44,INR,MOCK_FEED
POS00900420251027,PORT009,INS0029,2025-10-27,1846,21.9629,40543.51,-953.79,EUR,MOCK_FEED
POS00900520251027,PORT009,INS0030,2025-10-27,3656,50.9564,186296.6,-2799.14,EUR,MOCK_FEED
POS00900620251027,PORT009,INS0031,2025-10-27,4007,44.7267,179219.89,-2285.83,INR,MOCK_FEED
POS00900720251027,PORT009,INS0032,2025-10-27,1357,62.7866,85201.42,-701.4,GBP,MOCK_FEED
POS00900820251027,PORT009,INS0033,2025-10-27,954,32.9415,31426.19,938.71,EUR,MOCK_FEED
POS00900920251027,PORT009,INS0034,2025-10-27,3213,56.3445,181034.88,2479.21,EUR,MOCK_FEED
POS00901020251027,PORT009,INS0035,2025-10-27,1257,10.3923,13063.12,432.11,INR,MOCK_FEED
POS00900120251028,PORT009,INS0026,2025-10-28,3089,58.6015,181020.03,2623.0,INR,MOCK_FEED
POS00900220251028,PORT009,INS0027,2025-10-28,751,17.4459,13101.87,187.45,EUR,MOCK_FEED
POS00900320251028,PORT009,INS0028,2025-10-28,4414,46.2938,204340.83,-4323.12,USD,MOCK_FEED
POS00900420251028,PORT009,INS0029,2025-10-28,4801,21.9263,105268.17,-2370.82,EUR,MOCK_FEED
POS00900520251028,PORT009,INS0030,2025-10-28,3077,51.2007,157544.55,2686.32,INR,MOCK_FEED
POS00900620251028,PORT009,INS0031,2025-10-28,2504,43.8711,109853.23,1755.51,USD,MOCK_FEED
POS00900720251028,PORT009,INS0032,2025-10-28,2194,61.8303,135655.68,-3443.12,USD,MOCK_FEED
POS00900820251028,PORT009,INS0033,2025-10-28,3409,32.943,112302.69,-2547.67,EUR,MOCK_FEED
POS00900920251028,PORT009,INS0034,2025-10-28,1262,57.0133,71950.78,1480.82,EUR,MOCK_FEED
POS00901020251028,PORT009,INS0035,2025-10-28,1512,10.5421,15939.66,294.0,GBP,MOCK_FEED
POS00900120251029,PORT009,INS0026,2025-10-29,3495,59.9309,209458.5,7574.51,GBP,MOCK_FEED
POS00900220251029,PORT009,INS0027,2025-10-29,2191,17.3611,38038.17,468.59,INR,MOCK_FEED
POS00900320251029,PORT009,INS0028,2025-10-29,2179,45.7339,99654.17,2773.36,GBP,MOCK_FEED
POS00900420251029,PORT009,INS0029,2025-10-29,843,21.5315,18151.05,324.92,USD,MOCK_FEED
POS00900520251029,PORT009,INS0030,2025-10-29,3246,51.1317,165973.5,4443.15,USD,MOCK_FEED
POS00900620251029,PORT009,INS0031,2025-10-29,1160,43.5675,50538.3,-219.78,GBP,MOCK_FEED
POS00900720251029,PORT009,INS0032,2025-10-29,779,61.2959,47749.51,1681.41,INR,MOCK_FEED
POS00900820251029,PORT009,INS0033,2025-10-29,466,33.3469,15539.66,474.85,EUR,MOCK_FEED
POS00900920251029,PORT009,INS0034,2025-10-29,4110,57.2834,235434.77,-7033.86,EUR,MOCK_FEED
POS00901020251029,PORT009,INS0035,2025-10-29,2037,10.8112,22022.41,691.2,GBP,MOCK_FEED
POS00900120251030,PORT009,INS0026,2025-10-30,681,59.4528,40487.36,1555.32,INR,MOCK_FEED
POS00900220251030,PORT009,INS0027,2025-10-30,2908,17.5039,50901.34,1374.35,EUR,MOCK_FEED
POS00900320251030,PORT009,INS0028,2025-10-30,1750,45.7653,80089.28,2257.04,USD,MOCK_FEED
POS00900420251030,PORT009,INS0029,2025-10-30,3772,21.3599,80569.54,1518.82,INR,MOCK_FEED
POS00900520251030,PORT009,INS0030,2025-10-30,2686,51.0487,137116.81,887.64,EUR,MOCK_FEED
POS00900620251030,PORT009,INS0031,2025-10-30,894,43.3056,38715.21,880.02,GBP,MOCK_FEED
POS00900720251030,PORT009,INS0032,2025-10-30,2293,60.5675,138881.28,1522.77,EUR,MOCK_FEED
POS00900820251030,PORT009,INS0033,2025-10-30,4118,32.852,135284.54,-1239.0,USD,MOCK_FEED
POS00900920251030,PORT009,INS0034,2025-10-30,4082,56.8316,231986.59,6447.47,EUR,MOCK_FEED
POS00901020251030,PORT009,INS0035,2025-10-30,209,10.829,2263.26,2.79,INR,MOCK_FEED
POS00900120251031,PORT009,INS0026,2025-10-31,4164,59.1355,246240.22,-1227.6,EUR,MOCK_FEED
POS00900220251031,PORT009,INS0027,2025-10-31,1924,17.5889,33841.04,-788.07,INR,MOCK_FEED
POS00900320251031,PORT009,INS0028,2025-10-31,3691,45.9027,169426.87,-758.63,EUR,MOCK_FEED
POS00900420251031,PORT009,INS0029,2025-10-31,3226,21.1644,68276.35,-1551.52,USD,MOCK_FEED
POS00900520251031,PORT009,INS0030,2025-10-31,1946,51.0654,99373.27,-2870.19,USD,MOCK_FEED
POS00900620251031,PORT009,INS0031,2025-10-31,4354,43.9916,191539.43,-3156.19,EUR,MOCK_FEED
POS00900720251031,PORT009,INS0032,2025-10-31,4408,60.1671,265216.58,2905.28,USD,MOCK_FEED
POS00900820251031,PORT009,INS0033,2025-10-31,4820,32.9616,158874.91,2583.44,INR,MOCK_FEED
POS00900920251031,PORT009,INS0034,2025-10-31,2672,56.9186,152086.5,5393.9,EUR,MOCK_FEED
POS00901020251031,PORT009,INS0035,2025-10-31,3425,10.7091,36678.67,1118.23,GBP,MOCK_FEED
POS00900120251101,PORT009,INS0026,2025-11-01,4041,60.3078,243703.82,5976.59,INR,MOCK_FEED
POS00900220251101,PORT009,INS0027,2025-11-01,2686,17.3682,46650.99,928.94,USD,MOCK_FEED
POS00900320251101,PORT009,INS0028,2025-11-01,4330,46.0042,199198.19,1490.22,GBP,MOCK_FEED
POS00900420251101,PORT009,INS0029,2025-11-01,1747,21.0375,36752.51,-906.25,EUR,MOCK_FEED
POS00900520251101,PORT009,INS0030,2025-11-01,4880,50.6492,247168.1,-4535.11,INR,MOCK_FEED
POS00900620251101,PORT009,INS0031,2025-11-01,2043,44.8203,91567.87,3618.04,INR,MOCK_FEED
POS00900720251101,PORT009,INS0032,2025-11-01,3406,60.2332,205154.28,2794.46,EUR,MOCK_FEED
POS00900820251101,PORT009,INS0033,2025-11-01,3072,33.5349,103019.21,276.49,GBP,MOCK_FEED
POS00900920251101,PORT009,INS0034,2025-11-01,578,57.9806,33512.79,1302.42,USD,MOCK_FEED
POS00901020251101,PORT009,INS0035,2025-11-01,3286,10.6152,34881.55,1185.46,GBP,MOCK_FEED
POS00900120251102,PORT009,INS0026,2025-11-02,1479,60.4693,89434.09,-1639.83,USD,MOCK_FEED
POS00900220251102,PORT009,INS0027,2025-11-02,258,17.3679,4480.92,100.63,EUR,MOCK_FEED
POS00900320251102,PORT009,INS0028,2025-11-02,3293,45.3586,149365.87,-926.05,EUR,MOCK_FEED
POS00900420251102,PORT009,INS0029,2025-11-02,816,20.847,17011.15,-372.72,EUR,MOCK_FEED
POS00900520251102,PORT009,INS0030,2025-11-02,3833,50.2832,192735.51,3047.57,USD,MOCK_FEED
POS00900620251102,PORT009,INS0031,2025-11-02,160,44.981,7196.96,85.96,USD,MOCK_FEED
POS00900720251102,PORT009,INS0032,2025-11-02,800,60.6825,48546.0,-1364.29,GBP,MOCK_FEED
POS00900820251102,PORT009,INS0033,2025-11-02,819,33.343,27307.92,810.73,USD,MOCK_FEED
POS00900920251102,PORT009,INS0034,2025-11-02,4707,57.3595,269991.17,10113.88,USD,MOCK_FEED
POS00901020251102,PORT009,INS0035,2025-11-02,3191,10.796,34450.04,-900.54,USD,MOCK_FEED
POS00900120251103,PORT009,INS0026,2025-11-03,3039,60.443,183686.28,2886.89,EUR,MOCK_FEED
POS00900220251103,PORT009,INS0027,2025-11-03,4666,17.4467,81406.3,-2342.73,GBP,MOCK_FEED
POS00900320251103,PORT009,INS0028,2025-11-03,2196,45.1503,99150.06,-2831.3,USD,MOCK_FEED
POS00900420251103,PORT009,INS0029,2025-11-03,729,20.4333,14895.88,-411.55,USD,MOCK_FEED
POS00900520251103,PORT009,INS0030,2025-11-03,2755,49.7381,137028.47,4975.07,EUR,MOCK_FEED
POS00900620251103,PORT009,INS0031,2025-11-03,2926,45.0732,131884.18,889.38,EUR,MOCK_FEED
POS00900720251103,PORT009,INS0032,2025-11-03,4161,61.4503,255694.7,-2489.4,GBP,MOCK_FEED
POS00900820251103,PORT009,INS0033,2025-11-03,1947,32.8055,63872.31,1770.6,INR,MOCK_FEED
POS00900920251103,PORT009,INS0034,2025-11-03,3538,57.9023,204858.34,-1860.25,GBP,MOCK_FEED
POS00901020251103,PORT009,INS0035,2025-11-03,3471,11.0513,38359.06,-339.38,USD,MOCK_FEED
POS00900120251104,PORT009,INS0026,2025-11-04,1216,60.2032,73207.09,410.89,USD,MOCK_FEED
POS00900220251104,PORT009,INS0027,2025-11-04,1171,17.6055,20616.04,-243.86,INR,MOCK_FEED
POS00900320251104,PORT009,INS0028,2025-11-04,1496,45.5612,68159.56,-936.48,INR,MOCK_FEED
POS00900420251104,PORT009,INS0029,2025-11-04,2260,20.2771,45826.25,-834.05,GBP,MOCK_FEED
POS00900520251104,PORT009,INS0030,2025-11-04,879,51.0095,44837.35,939.15,GBP,MOCK_FEED
POS00900620251104,PORT009,INS0031,2025-11-04,4866,45.5701,221744.11,1546.3,USD,MOCK_FEED
POS00900720251104,PORT009,INS0032,2025-11-04,4227,62.218,262995.49,-3918.15,USD,MOCK_FEED
POS00900820251104,PORT009,INS0033,2025-11-04,4344,33.0808,143703.0,3626.4,EUR,MOCK_FEED
POS00900920251104,PORT009,INS0034,2025-11-04,1322,58.2367,76988.92,-1960.53,EUR,MOCK_FEED
POS00901020251104,PORT009,INS0035,2025-11-04,3595,10.8739,39091.67,-226.03,INR,MOCK_FEED
POS00900120251105,PORT009,INS0026,2025-11-05,1452,60.0614,87209.15,-1909.51,EUR,MOCK_FEED
POS00900220251105,PORT009,INS0027,2025-11-05,1102,17.5417,19330.95,677.22,GBP,MOCK_FEED
POS00900320251105,PORT009,INS0028,2025-11-05,2427,46.5526,112983.16,-1900.78,EUR,MOCK_FEED
POS00900420251105,PORT009,INS0029,2025-11-05,1143,20.8528,23834.75,-291.6,INR,MOCK_FEED
POS00900520251105,PORT009,INS0030,2025-11-05,116,50.9038,5904.84,72.96,INR,MOCK_FEED
POS00900620251105,PORT009,INS0031,2025-11-05,3491,45.345,158299.39,-4734.93,EUR,MOCK_FEED
POS00900720251105,PORT009,INS0032,2025-11-05,3506,62.0273,217467.71,-4290.72,GBP,MOCK_FEED
POS00900820251105,PORT009,INS0033,2025-11-05,3180,33.5353,106642.25,-512.68,INR,MOCK_FEED
POS00900920251105,PORT009,INS0034,2025-11-05,2491,56.7733,141422.29,1725.21,GBP,MOCK_FEED
POS00901020251105,PORT009,INS0035,2025-11-05,3447,10.7334,36998.03,1001.88,GBP,MOCK_FEED
POS00900120251106,PORT009,INS0026,2025-11-06,204,60.8433,12412.03,-254.55,GBP,MOCK_FEED
POS00900220251106,PORT009,INS0027,2025-11-06,1491,17.9555,26771.65,-224.87,INR,MOCK_FEED
POS00900320251106,PORT009,INS0028,2025-11-06,2097,46.6311,97785.42,2305.81,USD,MOCK_FEED
POS00900420251106,PORT009,INS0029,2025-11-06,3333,20.7541,69173.42,2424.7,INR,MOCK_FEED
POS00900520251106,PORT009,INS0030,2025-11-06,2741,51.0276,139866.65,-3878.09,GBP,MOCK_FEED
POS00900620251106,PORT009,INS0031,2025-11-06,1156,44.8013,51790.3,116.9,USD,MOCK_FEED
POS00900720251106,PORT009,INS0032,2025-11-06,4629,61.4916,284644.62,-6719.38,GBP,MOCK_FEED
POS00900820251106,PORT009,INS0033,2025-11-06,3175,33.0052,104791.51,1724.43,GBP,MOCK_FEED
POS00900920251106,PORT009,INS0034,2025-11-06,4046,57.6008,233052.84,-2019.44,EUR,MOCK_FEED
POS00901020251106,PORT009,INS0035,2025-11-06,790,10.7084,8459.64,-209.01,GBP,MOCK_FEED
POS00900120251107,PORT009,INS0026,2025-11-07,3133,59.3921,186075.45,5871.65,EUR,MOCK_FEED
POS00900220251107,PORT009,INS0027,2025-11-07,3122,18.1319,56607.79,-574.22,INR,MOCK_FEED
POS00900320251107,PORT009,INS0028,2025-11-07,968,46.6752,45181.59,-657.37,USD,MOCK_FEED
POS00900420251107,PORT009,INS0029,2025-11-07,1202,20.8857,25104.61,716.33,INR,MOCK_FEED
POS00900520251107,PORT009,INS0030,2025-11-07,4712,50.5553,238216.57,-1451.04,EUR,MOCK_FEED
POS00900620251107,PORT009,INS0031,2025-11-07,134,45.6707,6119.87,-18.56,GBP,MOCK_FEED
POS00900720251107,PORT009,INS0032,2025-11-07,2243,60.061,134716.82,3483.66,GBP,MOCK_FEED
POS00900820251107,PORT009,INS0033,2025-11-07,4513,32.5732,147002.85,1747.54,EUR,MOCK_FEED
POS00900920251107,PORT009,INS0034,2025-11-07,2194,57.3429,125810.32,-627.17,GBP,MOCK_FEED
POS00901020251107,PORT009,INS0035,2025-11-07,3664,10.5578,38683.78,426.99,INR,MOCK_FEED
POS00900120251108,PORT009,INS0026,2025-11-08,2088,60.426,126169.49,-1995.81,USD,MOCK_FEED
POS00900220251108,PORT009,INS0027,2025-11-08,4031,17.6798,71267.27,2243.56,EUR,MOCK_FEED
POS00900320251108,PORT009,INS0028,2025-11-08,761,46.2199,35173.34,-596.86,USD,MOCK_FEED
POS00900420251108,PORT009,INS0029,2025-11-08,3191,20.8447,66515.44,-982.53,INR,MOCK_FEED
POS00900520251108,PORT009,INS0030,2025-11-08,283,49.1365,13905.63,-139.11,INR,MOCK_FEED
POS00900620251108,PORT009,INS0031,2025-11-08,4626,46.5579,215376.85,832.69,GBP,MOCK_FEED
POS00900720251108,PORT009,INS0032,2025-11-08,952,60.5285,57623.13,1129.45,GBP,MOCK_FEED
POS00900820251108,PORT009,INS0033,2025-11-08,4851,32.0948,155691.87,5184.15,INR,MOCK_FEED
POS00900920251108,PORT009,INS0034,2025-11-08,3212,57.0097,183115.16,-77.04,EUR,MOCK_FEED
POS00901020251108,PORT009,INS0035,2025-11-08,3816,10.6331,40575.91,-462.18,GBP,MOCK_FEED
POS00900120251109,PORT009,INS0026,2025-11-09,4264,60.7287,258947.18,-7193.74,EUR,MOCK_FEED
POS00900220251109,PORT009,INS0027,2025-11-09,3285,17.3882,57120.24,222.73,INR,MOCK_FEED
POS00900320251109,PORT009,INS0028,2025-11-09,264,46.848,12367.87,325.16,USD,MOCK_FEED
POS00900420251109,PORT009,INS0029,2025-11-09,4809,20.9363,100682.67,3980.39,GBP,MOCK_FEED
POS00900520251109,PORT009,INS0030,2025-11-09,449,49.5168,22233.04,-106.83,INR,MOCK_FEED
POS00900620251109,PORT009,INS0031,2025-11-09,3450,46.7133,161160.88,1515.44,EUR,MOCK_FEED
POS00900720251109,PORT009,INS0032,2025-11-09,2732,60.2861,164701.63,-566.97,EUR,MOCK_FEED
POS00900820251109,PORT009,INS0033,2025-11-09,4079,32.1251,131038.28,-2442.39,EUR,MOCK_FEED
POS00900920251109,PORT009,INS0034,2025-11-09,173,57.4847,9944.85,-118.38,EUR,MOCK_FEED
POS00901020251109,PORT009,INS0035,2025-11-09,547,10.5675,5780.42,-47.81,USD,MOCK_FEED
POS00900120251110,PORT009,INS0026,2025-11-10,4821,59.8092,288340.15,-6210.55,GBP,MOCK_FEED
POS00900220251110,PORT009,INS0027,2025-11-10,3055,17.1642,52436.63,-1535.58,INR,MOCK_FEED
POS00900320251110,PORT009,INS0028,2025-11-10,128,46.6591,5972.36,-100.12,EUR,MOCK_FEED
POS00900420251110,PORT009,INS0029,2025-11-10,4916,21.1004,103729.57,3937.25,EUR,MOCK_FEED
POS00900520251110,PORT009,INS0030,2025-11-10,3494,49.8282,174099.73,2114.97,USD,MOCK_FEED
POS00900620251110,PORT009,INS0031,2025-11-10,2141,47.2864,101240.18,-507.83,USD,MOCK_FEED
POS00900720251110,PORT009,INS0032,2025-11-10,1827,60.9478,111351.63,-3310.17,GBP,MOCK_FEED
POS00900820251110,PORT009,INS0033,2025-11-10,2159,32.1237,69355.07,-464.46,USD,MOCK_FEED
POS00900920251110,PORT009,INS0034,2025-11-10,2531,56.2066,142258.9,4132.5,INR,MOCK_FEED
POS00901020251110,PORT009,INS0035,2025-11-10,417,10.3622,4321.04,-34.07,GBP,MOCK_FEED
POS00900120251111,PORT009,INS0026,2025-11-11,3318,60.6366,201192.24,-2284.98,GBP,MOCK_FEED
POS00900220251111,PORT009,INS0027,2025-11-11,3833,17.2412,66085.52,282.65,GBP,MOCK_FEED
POS00900320251111,PORT009,INS0028,2025-11-11,4512,46.9813,211979.63,5456.18,GBP,MOCK_FEED
POS00900420251111,PORT009,INS0029,2025-11-11,4235,21.0153,88999.8,-1796.35,EUR,MOCK_FEED
POS00900520251111,PORT009,INS0030,2025-11-11,971,49.6463,48206.56,-460.4,USD,MOCK_FEED
POS00900620251111,PORT009,INS0031,2025-11-11,1834,47.8949,87839.25,1333.91,GBP,MOCK_FEED
POS00900720251111,PORT009,INS0032,2025-11-11,1439,59.8587,86136.67,-2213.53,GBP,MOCK_FEED
POS00900820251111,PORT009,INS0033,2025-11-11,4107,32.3576,132892.66,-2410.27,GBP,MOCK_FEED
POS00900920251111,PORT009,INS0034,2025-11-11,2031,55.6562,113037.74,825.63,INR,MOCK_FEED
POS00901020251111,PORT009,INS0035,2025-11-11,3311,10.346,34255.61,-34.85,USD,MOCK_FEED
POS00900120251112,PORT009,INS0026,2025-11-12,3104,60.1533,186715.84,-2814.25,EUR,MOCK_FEED
POS00900220251112,PORT009,INS0027,2025-11-12,2075,17.2264,35744.78,88.19,INR,MOCK_FEED
POS00900320251112,PORT009,INS0028,2025-11-12,4092,46.9916,192289.63,3090.11,USD,MOCK_FEED
POS00900420251112,PORT009,INS0029,2025-11-12,1089,20.8824,22740.93,515.17,INR,MOCK_FEED
POS00900520251112,PORT009,INS0030,2025-11-12,2289,49.6683,113690.74,-1993.44,INR,MOCK_FEED
POS00900620251112,PORT009,INS0031,2025-11-12,2257,47.284,106719.99,-1279.42,INR,MOCK_FEED
POS00900720251112,PORT009,INS0032,2025-11-12,1658,58.606,97168.75,646.1,USD,MOCK_FEED
POS00900820251112,PORT009,INS0033,2025-11-12,2745,31.8913,87541.62,-1019.47,INR,MOCK_FEED
POS00900920251112,PORT009,INS0034,2025-11-12,4348,55.9999,243487.57,-6520.76,USD,MOCK_FEED
POS00901020251112,PORT009,INS0035,2025-11-12,519,10.417,5406.42,-53.4,GBP,MOCK_FEED
POS00900120251113,PORT009,INS0026,2025-11-13,4679,60.0435,280943.54,-4933.71,USD,MOCK_FEED
POS00900220251113,PORT009,INS0027,2025-11-13,2398,17.0791,40955.68,-1108.49,EUR,MOCK_FEED
POS00900320251113,PORT009,INS0028,2025-11-13,1474,46.4747,68503.71,-271.0,GBP,MOCK_FEED
POS00900420251113,PORT009,INS0029,2025-11-13,188,20.4616,3846.78,-94.35,USD,MOCK_FEED
POS00900520251113,PORT009,INS0030,2025-11-13,3925,49.2112,193153.96,-217.61,GBP,MOCK_FEED
POS00900620251113,PORT009,INS0031,2025-11-13,4336,47.7403,207001.94,-4841.12,GBP,MOCK_FEED
POS00900720251113,PORT009,INS0032,2025-11-13,4225,58.0689,245341.1,-193.7,GBP,MOCK_FEED
POS00900820251113,PORT009,INS0033,2025-11-13,476,31.5793,15031.75,-297.08,USD,MOCK_FEED
POS00900920251113,PORT009,INS0034,2025-11-13,3246,56.5483,183555.78,-4774.9,INR,MOCK_FEED
POS00901020251113,PORT009,INS0035,2025-11-13,3950,10.5383,41626.28,1221.08,EUR,MOCK_FEED
POS00900120251114,PORT009,INS0026,2025-11-14,3376,59.8875,202180.2,3059.71,USD,MOCK_FEED
POS00900220251114,PORT009,INS0027,2025-11-14,2098,17.2975,36290.15,-604.91,INR,MOCK_FEED
POS00900320251114,PORT009,INS0028,2025-11-14,790,46.4658,36707.98,720.15,GBP,MOCK_FEED
POS00900420251114,PORT009,INS0029,2025-11-14,3320,20.5225,68134.7,1361.06,INR,MOCK_FEED
POS00900520251114,PORT009,INS0030,2025-11-14,3685,49.4467,182211.09,-5124.54,EUR,MOCK_FEED
POS00900620251114,PORT009,INS0031,2025-11-14,1092,47.7281,52119.09,-460.94,EUR,MOCK_FEED
POS00900720251114,PORT009,INS0032,2025-11-14,122,57.917,7065.87,264.09,USD,MOCK_FEED
POS00900820251114,PORT009,INS0033,2025-11-14,1360,31.9649,43472.26,-567.02,EUR,MOCK_FEED
POS00900920251114,PORT009,INS0034,2025-11-14,2531,56.9682,144186.51,1150.99,EUR,MOCK_FEED
POS00901020251114,PORT009,INS0035,2025-11-14,4153,10.3948,43169.6,-829.82,GBP,MOCK_FEED
POS00900120251115,PORT009,INS0026,2025-11-15,579,61.0013,35319.75,-656.4,USD,MOCK_FEED
POS00900220251115,PORT009,INS0027,2025-11-15,3243,16.9792,55063.55,-8.81,EUR,MOCK_FEED
POS00900320251115,PORT009,INS0028,2025-11-15,4078,46.7415,190611.84,4142.32,USD,MOCK_FEED
POS00900420251115,PORT009,INS0029,2025-11-15,1306,20.4282,26679.23,11.9,USD,MOCK_FEED
POS00900520251115,PORT009,INS0030,2025-11-15,3644,48.9481,178366.88,1308.47,GBP,MOCK_FEED
POS00900620251115,PORT009,INS0031,2025-11-15,2563,47.3017,121234.26,2771.42,EUR,MOCK_FEED
POS00900720251115,PORT009,INS0032,2025-11-15,1142,59.7317,68213.6,1992.15,INR,MOCK_FEED
POS00900820251115,PORT009,INS0033,2025-11-15,4290,32.1661,137992.57,4591.51,GBP,MOCK_FEED
POS00900920251115,PORT009,INS0034,2025-11-15,506,56.6965,28688.43,315.85,EUR,MOCK_FEED
POS00901020251115,PORT009,INS0035,2025-11-15,4524,10.2535,46386.83,670.37,USD,MOCK_FEED
POS00900120251116,PORT009,INS0026,2025-11-16,715,60.786,43461.99,224.29,INR,MOCK_FEED
POS00900220251116,PORT009,INS0027,2025-11-16,4085,16.9952,69425.39,2567.18,USD,MOCK_FEED
POS00900320251116,PORT009,INS0028,2025-11-16,4907,46.6824,229070.54,6440.7,EUR,MOCK_FEED
POS00900420251116,PORT009,INS0029,2025-11-16,3076,20.4551,62919.89,661.25,INR,MOCK_FEED
POS00900520251116,PORT009,INS0030,2025-11-16,2274,48.3958,110052.05,3049.68,INR,MOCK_FEED
POS00900620251116,PORT009,INS0031,2025-11-16,392,47.3127,18546.58,-431.84,USD,MOCK_FEED
POS00900720251116,PORT009,INS0032,2025-11-16,3645,58.9388,214831.93,5580.33,INR,MOCK_FEED
POS00900820251116,PORT009,INS0033,2025-11-16,4832,31.8234,153770.67,4094.88,EUR,MOCK_FEED
POS00900920251116,PORT009,INS0034,2025-11-16,282,58.1208,16390.07,-480.19,INR,MOCK_FEED
POS00901020251116,PORT009,INS0035,2025-11-16,1010,10.2316,10333.92,-144.85,USD,MOCK_FEED
POS00900120251117,PORT009,INS0026,2025-11-17,2113,60.0594,126905.51,2789.48,INR,MOCK_FEED
POS00900220251117,PORT009,INS0027,2025-11-17,1945,16.8653,32803.01,127.43,EUR,MOCK_FEED
POS00900320251117,PORT009,INS0028,2025-11-17,1264,46.609,58913.78,410.46,INR,MOCK_FEED
POS00900420251117,PORT009,INS0029,2025-11-17,1911,20.4316,39044.79,1429.84,GBP,MOCK_FEED
POS00900520251117,PORT009,INS0030,2025-11-17,416,48.1807,20043.17,697.16,INR,MOCK_FEED
POS00900620251117,PORT009,INS0031,2025-11-17,3895,48.175,187641.62,-3742.12,GBP,MOCK_FEED
POS00900720251117,PORT009,INS0032,2025-11-17,3217,60.5368,194746.89,-3354.31,GBP,MOCK_FEED
POS00900820251117,PORT009,INS0033,2025-11-17,954,31.8598,30394.25,-829.4,GBP,MOCK_FEED
POS00900920251117,PORT009,INS0034,2025-11-17,2696,57.5234,155083.09,-80.71,INR,MOCK_FEED
POS00901020251117,PORT009,INS0035,2025-11-17,1460,10.0971,14741.77,-13.67,GBP,MOCK_FEED
POS00900120251118,PORT009,INS0026,2025-11-18,4006,60.2327,241292.2,-4427.92,INR,MOCK_FEED
POS00900220251118,PORT009,INS0027,2025-11-18,2938,16.551,48626.84,1694.6,INR,MOCK_FEED
POS00900320251118,PORT009,INS0028,2025-11-18,4168,46.9112,195525.88,5266.7,INR,MOCK_FEED
POS00900420251118,PORT009,INS0029,2025-11-18,4707,20.5006,96496.32,233.46,EUR,MOCK_FEED
POS00900520251118,PORT009,INS0030,2025-11-18,895,48.3239,43249.89,1064.93,INR,MOCK_FEED
POS00900620251118,PORT009,INS0031,2025-11-18,4692,48.7026,228512.6,6514.99,EUR,MOCK_FEED
POS00900720251118,PORT009,INS0032,2025-11-18,2724,61.54,167634.96,366.19,USD,MOCK_FEED
POS00900820251118,PORT009,INS0033,2025-11-18,1646,31.3057,51529.18,1598.69,GBP,MOCK_FEED
POS00900920251118,PORT009,INS0034,2025-11-18,668,57.2332,38231.78,1163.77,GBP,MOCK_FEED
POS00901020251118,PORT009,INS0035,2025-11-18,4624,10.2199,47256.82,439.62,INR,MOCK_FEED
POS00900120251119,PORT009,INS0026,2025-11-19,2518,60.8245,153156.09,2266.58,USD,MOCK_FEED
POS00900220251119,PORT009,INS0027,2025-11-19,1957,16.6225,32530.23,-919.93,EUR,MOCK_FEED
POS00900320251119,PORT009,INS0028,2025-11-19,2263,46.5221,105279.51,1128.22,INR,MOCK_FEED
POS00900420251119,PORT009,INS0029,2025-11-19,1758,20.5721,36165.75,259.78,GBP,MOCK_FEED
POS00900520251119,PORT009,INS0030,2025-11-19,3110,48.6453,151286.88,-1432.11,INR,MOCK_FEED
POS00900620251119,PORT009,INS0031,2025-11-19,2940,49.3342,145042.55,5515.59,GBP,MOCK_FEED
POS00900720251119,PORT009,INS0032,2025-11-19,1296,60.5865,78520.1,2126.66,USD,MOCK_FEED
POS00900820251119,PORT009,INS0033,2025-11-19,3431,31.0714,106605.97,-1515.38,USD,MOCK_FEED
POS00900920251119,PORT009,INS0034,2025-11-19,2271,57.4437,130454.64,2602.05,INR,MOCK_FEED
POS00901020251119,PORT009,INS0035,2025-11-19,773,10.4751,8097.25,161.16,EUR,MOCK_FEED
POS00900120251120,PORT009,INS0026,2025-11-20,4484,62.4466,280010.55,2115.12,EUR,MOCK_FEED
POS00900220251120,PORT009,INS0027,2025-11-20,1379,16.74,23084.46,910.79,INR,MOCK_FEED
POS00900320251120,PORT009,INS0028,2025-11-20,4353,47.5319,206906.36,6664.03,INR,MOCK_FEED
POS00900420251120,PORT009,INS0029,2025-11-20,2163,21.0369,45502.81,-578.03,GBP,MOCK_FEED
POS00900520251120,PORT009,INS0030,2025-11-20,1940,49.3736,95784.78,2302.86,USD,MOCK_FEED
POS00900620251120,PORT009,INS0031,2025-11-20,915,49.0099,44844.06,1319.87,EUR,MOCK_FEED
POS00900720251120,PORT009,INS0032,2025-11-20,4698,60.1096,282394.9,2639.13,EUR,MOCK_FEED
POS00900820251120,PORT009,INS0033,2025-11-20,4884,31.085,151819.14,-148.88,EUR,MOCK_FEED
POS00900920251120,PORT009,INS0034,2025-11-20,3898,57.5123,224182.95,-6428.89,INR,MOCK_FEED
POS00901020251120,PORT009,INS0035,2025-11-20,4702,10.4972,49357.83,1340.68,INR,MOCK_FEED
POS00900120251121,PORT009,INS0026,2025-11-21,3039,62.1803,188965.93,4160.98,USD,MOCK_FEED
POS00900220251121,PORT009,INS0027,2025-11-21,891,16.652,14836.93,397.94,EUR,MOCK_FEED
POS00900320251121,PORT009,INS0028,2025-11-21,160,48.1353,7701.65,-35.96,INR,MOCK_FEED
POS00900420251121,PORT009,INS0029,2025-11-21,1699,21.2678,36133.99,742.05,INR,MOCK_FEED
POS00900520251121,PORT009,INS0030,2025-11-21,2422,49.4449,119755.55,-1931.63,EUR,MOCK_FEED
POS00900620251121,PORT009,INS0031,2025-11-21,3671,49.2811,180910.92,5274.35,EUR,MOCK_FEED
POS00900720251121,PORT009,INS0032,2025-11-21,1019,58.8824,60001.17,-1725.95,GBP,MOCK_FEED
POS00900820251121,PORT009,INS0033,2025-11-21,1701,31.9568,54358.52,-115.05,GBP,MOCK_FEED
POS00900920251121,PORT009,INS0034,2025-11-21,2764,58.5149,161735.18,566.26,EUR,MOCK_FEED
POS00901020251121,PORT009,INS0035,2025-11-21,2546,10.489,26704.99,838.59,INR,MOCK_FEED
POS00900120251122,PORT009,INS0026,2025-11-22,453,62.8167,28455.97,-504.42,INR,MOCK_FEED
POS00900220251122,PORT009,INS0027,2025-11-22,2356,17.0289,40120.09,1111.26,USD,MOCK_FEED
POS00900320251122,PORT009,INS0028,2025-11-22,4789,48.852,233952.23,-6031.41,EUR,MOCK_FEED
POS00900420251122,PORT009,INS0029,2025-11-22,4073,21.1063,85965.96,1620.05,USD,MOCK_FEED
POS00900520251122,PORT009,INS0030,2025-11-22,992,49.6083,49211.43,572.35,GBP,MOCK_FEED
POS00900620251122,PORT009,INS0031,2025-11-22,4235,49.935,211474.73,7659.43,INR,MOCK_FEED
POS00900720251122,PORT009,INS0032,2025-11-22,3685,58.2467,214639.09,3936.26,GBP,MOCK_FEED
POS00900820251122,PORT009,INS0033,2025-11-22,3779,32.3309,122178.47,-1691.52,GBP,MOCK_FEED
POS00900920251122,PORT009,INS0034,2025-11-22,539,58.358,31454.96,1152.35,INR,MOCK_FEED
POS00901020251122,PORT009,INS0035,2025-11-22,525,10.5125,5519.06,-105.12,GBP,MOCK_FEED
POS00900120251123,PORT009,INS0026,2025-11-23,1510,62.4602,94314.9,752.61,EUR,MOCK_FEED
POS00900220251123,PORT009,INS0027,2025-11-23,3619,17.4028,62980.73,-1334.95,USD,MOCK_FEED
POS00900320251123,PORT009,INS0028,2025-11-23,935,48.8578,45682.04,737.12,GBP,MOCK_FEED
POS00900420251123,PORT009,INS0029,2025-11-23,4630,20.9086,96806.82,-1220.77,EUR,MOCK_FEED
POS00900520251123,PORT009,INS0030,2025-11-23,4679,49.9305,233624.81,6907.81,USD,MOCK_FEED
POS00900620251123,PORT009,INS0031,2025-11-23,203,50.0767,10165.57,336.54,USD,MOCK_FEED
POS00900720251123,PORT009,INS0032,2025-11-23,3228,58.0873,187505.8,7492.23,GBP,MOCK_FEED
POS00900820251123,PORT009,INS0033,2025-11-23,1187,32.1533,38165.97,665.3,EUR,MOCK_FEED
POS00900920251123,PORT009,INS0034,2025-11-23,333,58.4224,19454.66,-90.7,USD,MOCK_FEED
POS00901020251123,PORT009,INS0035,2025-11-23,983,10.2725,10097.87,290.44,USD,MOCK_FEED
POS00900120251124,PORT009,INS0026,2025-11-24,123,61.4321,7556.15,241.43,EUR,MOCK_FEED
POS00900220251124,PORT009,INS0027,2025-11-24,1324,17.343,22962.13,-447.12,EUR,MOCK_FEED
POS00900320251124,PORT009,INS0028,2025-11-24,1269,49.3231,62591.01,1645.25,GBP,MOCK_FEED
POS00900420251124,PORT009,INS0029,2025-11-24,447,20.6962,9251.2,92.46,USD,MOCK_FEED
POS00900520251124,PORT009,INS0030,2025-11-24,1812,50.2407,91036.15,2357.83,EUR,MOCK_FEED
POS00900620251124,PORT009,INS0031,2025-11-24,4009,49.9096,200087.59,2645.41,GBP,MOCK_FEED
POS00900720251124,PORT009,INS0032,2025-11-24,2882,57.9335,166964.35,4760.14,GBP,MOCK_FEED
POS00900820251124,PORT009,INS0033,2025-11-24,106,32.3643,3430.62,-54.51,EUR,MOCK_FEED
POS00900920251124,PORT009,INS0034,2025-11-24,2691,58.395,157140.95,2122.63,GBP,MOCK_FEED
POS00901020251124,PORT009,INS0035,2025-11-24,1171,10.2793,12037.06,-179.87,GBP,MOCK_FEED
POS00900120251125,PORT009,INS0026,2025-11-25,4390,62.1353,272773.97,-247.3,EUR,MOCK_FEED
POS00900220251125,PORT009,INS0027,2025-11-25,1079,17.2606,18624.19,514.55,INR,MOCK_FEED
POS00900320251125,PORT009,INS0028,2025-11-25,4423,49.1213,217263.51,1030.79,GBP,MOCK_FEED
POS00900420251125,PORT009,INS0029,2025-11-25,2403,21.066,50621.6,-1117.13,INR,MOCK_FEED
POS00900520251125,PORT009,INS0030,2025-11-25,4637,50.4465,233920.42,3136.79,GBP,MOCK_FEED
POS00900620251125,PORT009,INS0031,2025-11-25,3962,49.4314,195847.21,-2583.35,EUR,MOCK_FEED
POS00900720251125,PORT009,INS0032,2025-11-25,4279,57.908,247788.33,2744.26,EUR,MOCK_FEED
POS00900820251125,PORT009,INS0033,2025-11-25,162,31.9246,5171.79,164.05,GBP,MOCK_FEED
POS00900920251125,PORT009,INS0034,2025-11-25,2050,58.6833,120300.76,652.47,EUR,MOCK_FEED
POS00901020251125,PORT009,INS0035,2025-11-25,2515,10.3008,25906.51,-254.71,USD,MOCK_FEED
POS00900120251126,PORT009,INS0026,2025-11-26,3192,64.055,204463.56,4111.77,INR,MOCK_FEED
POS00900220251126,PORT009,INS0027,2025-11-26,4942,17.5077,86523.05,1549.65,EUR,MOCK_FEED
POS00900320251126,PORT009,INS0028,2025-11-26,4880,49.3765,240957.32,9199.15,EUR,MOCK_FEED
POS00900420251126,PORT009,INS0029,2025-11-26,4071,20.8424,84849.41,-2247.51,GBP,MOCK_FEED
POS00900520251126,PORT009,INS0030,2025-11-26,724,50.1673,36321.13,-251.73,INR,MOCK_FEED
POS00900620251126,PORT009,INS0031,2025-11-26,654,49.4489,32339.58,556.59,USD,MOCK_FEED
POS00900720251126,PORT009,INS0032,2025-11-26,2360,57.016,134557.76,2891.36,INR,MOCK_FEED
POS00900820251126,PORT009,INS0033,2025-11-26,2686,31.07,83454.02,-2347.69,USD,MOCK_FEED
POS00900920251126,PORT009,INS0034,2025-11-26,4722,60.2381,284444.31,7658.99,GBP,MOCK_FEED
POS00901020251126,PORT009,INS0035,2025-11-26,4249,10.3245,43868.8,-437.8,EUR,MOCK_FEED
POS00900120251127,PORT009,INS0026,2025-11-27,1427,64.0306,91371.67,2921.86,GBP,MOCK_FEED
POS00900220251127,PORT009,INS0027,2025-11-27,1041,17.6695,18393.95,604.14,USD,MOCK_FEED
POS00900320251127,PORT009,INS0028,2025-11-27,2131,50.1368,106841.52,2332.49,EUR,MOCK_FEED
POS00900420251127,PORT009,INS0029,2025-11-27,4013,21.1794,84992.93,319.65,INR,MOCK_FEED
POS00900520251127,PORT009,INS0030,2025-11-27,1511,49.9136,75419.45,-938.58,EUR,MOCK_FEED
POS00900620251127,PORT009,INS0031,2025-11-27,2734,49.2377,134615.87,-71.77,GBP,MOCK_FEED
POS00900720251127,PORT009,INS0032,2025-11-27,3177,56.5536,179670.79,-122.93,INR,MOCK_FEED
POS00900820251127,PORT009,INS0033,2025-11-27,1661,31.3846,52129.82,1945.44,GBP,MOCK_FEED
POS00900920251127,PORT009,INS0034,2025-11-27,2131,60.9022,129782.59,1912.96,EUR,MOCK_FEED
POS00901020251127,PORT009,INS0035,2025-11-27,243,10.3761,2521.39,61.32,GBP,MOCK_FEED
POS00900120251128,PORT009,INS0026,2025-11-28,3932,61.883,243323.96,7108.65,USD,MOCK_FEED
POS00900220251128,PORT009,INS0027,2025-11-28,539,17.7761,9581.32,103.52,EUR,MOCK_FEED
POS00900320251128,PORT009,INS0028,2025-11-28,803,50.534,40578.8,979.16,INR,MOCK_FEED
POS00900420251128,PORT009,INS0029,2025-11-28,1618,21.6306,34998.31,-216.57,USD,MOCK_FEED
POS00900520251128,PORT009,INS0030,2025-11-28,2317,50.303,116552.05,-549.99,USD,MOCK_FEED
POS00900620251128,PORT009,INS0031,2025-11-28,2156,50.2763,108395.7,-1684.54,INR,MOCK_FEED
POS00900720251128,PORT009,INS0032,2025-11-28,2195,57.0491,125222.77,3480.82,GBP,MOCK_FEED
POS00900820251128,PORT009,INS0033,2025-11-28,2254,30.7974,69417.34,1435.47,EUR,MOCK_FEED
POS00900920251128,PORT009,INS0034,2025-11-28,4018,60.6897,243851.21,7245.02,EUR,MOCK_FEED
POS00901020251128,PORT009,INS0035,2025-11-28,3894,10.3769,40407.65,-906.16,GBP,MOCK_FEED
POS00900120251129,PORT009,INS0026,2025-11-29,156,62.7551,9789.8,-224.54,GBP,MOCK_FEED
POS00900220251129,PORT009,INS0027,2025-11-29,3732,17.5551,65515.63,1896.31,EUR,MOCK_FEED
POS00900320251129,PORT009,INS0028,2025-11-29,2987,50.4747,150767.93,4661.88,INR,MOCK_FEED
POS00900420251129,PORT009,INS0029,2025-11-29,3005,21.6191,64965.4,98.64,USD,MOCK_FEED
POS00900520251129,PORT009,INS0030,2025-11-29,1409,50.2405,70788.86,859.39,EUR,MOCK_FEED
POS00900620251129,PORT009,INS0031,2025-11-29,138,50.6512,6989.87,206.75,GBP,MOCK_FEED
POS00900720251129,PORT009,INS0032,2025-11-29,2072,56.4077,116876.75,4194.43,GBP,MOCK_FEED
POS00900820251129,PORT009,INS0033,2025-11-29,1706,30.8015,52547.36,1353.93,USD,MOCK_FEED
POS00900920251129,PORT009,INS0034,2025-11-29,105,61.5713,6464.99,-143.53,USD,MOCK_FEED
POS00901020251129,PORT009,INS0035,2025-11-29,3479,10.4665,36412.95,-887.4,INR,MOCK_FEED
POS00900120251130,PORT009,INS0026,2025-11-30,3963,62.6448,248261.34,-4095.35,USD,MOCK_FEED
POS00900220251130,PORT009,INS0027,2025-11-30,4828,17.6423,85177.02,2563.88,EUR,MOCK_FEED
POS00900320251130,PORT009,INS0028,2025-11-30,2681,50.7261,135996.67,-2591.23,GBP,MOCK_FEED
POS00900420251130,PORT009,INS0029,2025-11-30,3333,21.7752,72576.74,-172.42,INR,MOCK_FEED
POS00900520251130,PORT009,INS0030,2025-11-30,3083,50.0168,154201.79,2788.33,EUR,MOCK_FEED
POS00900620251130,PORT009,INS0031,2025-11-30,4382,50.421,220944.82,-5805.35,USD,MOCK_FEED
POS00900720251130,PORT009,INS0032,2025-11-30,2502,56.0744,140298.15,-4164.45,GBP,MOCK_FEED
POS00900820251130,PORT009,INS0033,2025-11-30,2577,30.813,79405.1,-54.78,GBP,MOCK_FEED
POS00900920251130,PORT009,INS0034,2025-11-30,419,60.902,25517.94,-464.4,EUR,MOCK_FEED
POS00901020251130,PORT009,INS0035,2025-11-30,3489,10.5725,36887.45,1160.12,GBP,MOCK_FEED
POS00900120251201,PORT009,INS0026,2025-12-01,2724,62.556,170402.54,2612.7,USD,MOCK_FEED
POS00900220251201,PORT009,INS0027,2025-12-01,345,17.7054,6108.36,194.66,USD,MOCK_FEED
POS00900320251201,PORT009,INS0028,2025-12-01,4174,50.4709,210665.54,-1576.27,INR,MOCK_FEED
POS00900420251201,PORT009,INS0029,2025-12-01,1967,21.2511,41800.91,354.45,EUR,MOCK_FEED
POS00900520251201,PORT009,INS0030,2025-12-01,710,50.3544,35751.62,-760.94,GBP,MOCK_FEED
POS00900620251201,PORT009,INS0031,2025-12-01,755,51.2629,38703.49,-141.42,INR,MOCK_FEED
POS00900720251201,PORT009,INS0032,2025-12-01,1676,55.6856,93329.07,1434.61,INR,MOCK_FEED
POS00900820251201,PORT009,INS0033,2025-12-01,2975,31.1777,92753.66,1503.85,EUR,MOCK_FEED
POS00900920251201,PORT009,INS0034,2025-12-01,499,60.7999,30339.15,-6.16,INR,MOCK_FEED
POS00901020251201,PORT009,INS0035,2025-12-01,3361,10.3481,34779.96,177.65,INR,MOCK_FEED
POS00900120251202,PORT009,INS0026,2025-12-02,683,62.2623,42525.15,-529.52,EUR,MOCK_FEED
POS00900220251202,PORT009,INS0027,2025-12-02,4156,17.7027,73572.42,-1739.27,EUR,MOCK_FEED
POS00900320251202,PORT009,INS0028,2025-12-02,2384,49.9607,119106.31,-252.04,INR,MOCK_FEED
POS00900420251202,PORT009,INS0029,2025-12-02,2171,21.5991,46891.65,-603.49,INR,MOCK_FEED
POS00900520251202,PORT009,INS0030,2025-12-02,4788,50.2235,240470.12,5649.76,USD,MOCK_FEED
POS00900620251202,PORT009,INS0031,2025-12-02,3833,50.4263,193284.01,-4390.36,EUR,MOCK_FEED
POS00900720251202,PORT009,INS0032,2025-12-02,1562,56.0399,87534.32,-607.28,EUR,MOCK_FEED
POS00900820251202,PORT009,INS0033,2025-12-02,4183,30.9863,129615.69,-532.92,GBP,MOCK_FEED
POS00900920251202,PORT009,INS0034,2025-12-02,4201,59.8846,251575.2,7884.65,INR,MOCK_FEED
POS00901020251202,PORT009,INS0035,2025-12-02,1816,10.4859,19042.39,-564.63,USD,MOCK_FEED
POS00900120251203,PORT009,INS0026,2025-12-03,202,62.2825,12581.07,-340.41,GBP,MOCK_FEED
POS00900220251203,PORT009,INS0027,2025-12-03,1314,17.8502,23455.16,222.98,GBP,MOCK_FEED
POS00900320251203,PORT009,INS0028,2025-12-03,1811,50.8303,92053.67,-92.08,INR,MOCK_FEED
POS00900420251203,PORT009,INS0029,2025-12-03,3245,21.0978,68462.36,-1032.09,INR,MOCK_FEED
POS00900520251203,PORT009,INS0030,2025-12-03,2879,48.5889,139887.44,4989.28,USD,MOCK_FEED
POS00900620251203,PORT009,INS0031,2025-12-03,4943,50.3088,248676.4,5592.78,USD,MOCK_FEED
POS00900720251203,PORT009,INS0032,2025-12-03,3728,55.5182,206971.85,-5201.23,INR,MOCK_FEED
POS00900820251203,PORT009,INS0033,2025-12-03,3657,31.3754,114739.84,-1102.38,INR,MOCK_FEED
POS00900920251203,PORT009,INS0034,2025-12-03,2040,59.9885,122376.54,2360.76,USD,MOCK_FEED
POS00901020251203,PORT009,INS0035,2025-12-03,236,10.2958,2429.81,-4.36,EUR,MOCK_FEED
POS00900120251204,PORT009,INS0026,2025-12-04,2061,62.1563,128104.13,4475.24,GBP,MOCK_FEED
POS00900220251204,PORT009,INS0027,2025-12-04,2906,17.8602,51901.74,488.22,INR,MOCK_FEED
POS00900320251204,PORT009,INS0028,2025-12-04,2179,50.7616,110609.53,-1054.21,EUR,MOCK_FEED
POS00900420251204,PORT009,INS0029,2025-12-04,2000,21.2339,42467.8,-853.38,USD,MOCK_FEED
POS00900520251204,PORT009,INS0030,2025-12-04,3474,48.5351,168610.94,-1357.61,EUR,MOCK_FEED
POS00900620251204,PORT009,INS0031,2025-12-04,2835,50.2413,142434.09,1814.11,EUR,MOCK_FEED
POS00900720251204,PORT009,INS0032,2025-12-04,3247,54.6041,177299.51,5431.95,INR,MOCK_FEED
POS00900820251204,PORT009,INS0033,2025-12-04,3666,31.0596,113864.49,2020.25,EUR,MOCK_FEED
POS00900920251204,PORT009,INS0034,2025-12-04,1762,60.1612,106004.03,804.37,INR,MOCK_FEED
POS00901020251204,PORT009,INS0035,2025-12-04,4994,10.395,51912.63,234.09,INR,MOCK_FEED
POS00900120251205,PORT009,INS0026,2025-12-05,3748,63.2803,237174.56,4627.25,EUR,MOCK_FEED
POS00900220251205,PORT009,INS0027,2025-12-05,1885,17.7658,33488.53,-95.2,GBP,MOCK_FEED
POS00900320251205,PORT009,INS0028,2025-12-05,117,50.8887,5953.98,229.45,USD,MOCK_FEED
POS00900420251205,PORT009,INS0029,2025-12-05,1003,20.9237,20986.47,-432.37,INR,MOCK_FEED
POS00900520251205,PORT009,INS0030,2025-12-05,3516,48.1673,169356.23,5612.85,USD,MOCK_FEED
POS00900620251205,PORT009,INS0031,2025-12-05,4827,50.7774,245102.51,6896.87,GBP,MOCK_FEED
POS00900720251205,PORT009,INS0032,2025-12-05,3894,54.5316,212346.05,-395.72,INR,MOCK_FEED
POS00900820251205,PORT009,INS0033,2025-12-05,4409,30.9934,136649.9,-1221.88,INR,MOCK_FEED
POS00900920251205,PORT009,INS0034,2025-12-05,3680,59.985,220744.8,-6201.88,GBP,MOCK_FEED
POS00901020251205,PORT009,INS0035,2025-12-05,1392,10.3558,14415.27,-255.93,USD,MOCK_FEED
POS00900120251206,PORT009,INS0026,2025-12-06,4584,62.4303,286180.5,-7655.79,USD,MOCK_FEED
POS00900220251206,PORT009,INS0027,2025-12-06,2157,17.7041,38187.74,-328.47,INR,MOCK_FEED
POS00900320251206,PORT009,INS0028,2025-12-06,747,51.1919,38240.35,739.09,INR,MOCK_FEED
POS00900420251206,PORT009,INS0029,2025-12-06,1443,20.7455,29935.76,-505.94,INR,MOCK_FEED
POS00900520251206,PORT009,INS0030,2025-12-06,3532,47.8113,168869.51,5195.28,INR,MOCK_FEED
POS00900620251206,PORT009,INS0031,2025-12-06,3752,50.3482,188906.45,-3469.06,GBP,MOCK_FEED
POS00900720251206,PORT009,INS0032,2025-12-06,1535,53.3444,81883.65,-16.84,GBP,MOCK_FEED
POS00900820251206,PORT009,INS0033,2025-12-06,1052,31.3835,33015.44,-462.47,EUR,MOCK_FEED
POS00900920251206,PORT009,INS0034,2025-12-06,4716,59.5457,280817.52,-5209.4,GBP,MOCK_FEED
POS00901020251206,PORT009,INS0035,2025-12-06,597,10.1984,6088.44,109.23,EUR,MOCK_FEED
POS00900120251207,PORT009,INS0026,2025-12-07,2293,62.0091,142186.87,-1930.01,USD,MOCK_FEED
POS00900220251207,PORT009,INS0027,2025-12-07,2737,17.8262,48790.31,-973.66,INR,MOCK_FEED
POS00900320251207,PORT009,INS0028,2025-12-07,980,51.7566,50721.47,-59.17,INR,MOCK_FEED
POS00900420251207,PORT009,INS0029,2025-12-07,2081,20.7247,43128.1,-382.32,EUR,MOCK_FEED
POS00900520251207,PORT009,INS0030,2025-12-07,1966,47.5219,93428.06,3630.42,INR,MOCK_FEED
POS00900620251207,PORT009,INS0031,2025-12-07,4958,49.7968,246892.53,-4503.8,INR,MOCK_FEED
POS00900720251207,PORT009,INS0032,2025-12-07,4397,53.0552,233283.71,-6180.14,EUR,MOCK_FEED
POS00900820251207,PORT009,INS0033,2025-12-07,3893,31.2999,121850.51,4451.56,GBP,MOCK_FEED
POS00900920251207,PORT009,INS0034,2025-12-07,4535,59.1796,268379.49,-3173.66,GBP,MOCK_FEED
POS00901020251207,PORT009,INS0035,2025-12-07,215,10.3561,2226.56,34.93,EUR,MOCK_FEED
POS00900120251208,PORT009,INS0026,2025-12-08,1217,62.8201,76452.06,2893.94,INR,MOCK_FEED
POS00900220251208,PORT009,INS0027,2025-12-08,1262,17.7558,22407.82,-211.18,INR,MOCK_FEED
POS00900320251208,PORT009,INS0028,2025-12-08,2526,51.408,129856.61,4823.56,GBP,MOCK_FEED
POS00900420251208,PORT009,INS0029,2025-12-08,191,20.7959,3972.02,-65.81,GBP,MOCK_FEED
POS00900520251208,PORT009,INS0030,2025-12-08,2473,48.6945,120421.5,-2666.02,GBP,MOCK_FEED
POS00900620251208,PORT009,INS0031,2025-12-08,677,49.8293,33734.44,862.95,INR,MOCK_FEED
POS00900720251208,PORT009,INS0032,2025-12-08,2931,53.504,156820.22,2328.61,GBP,MOCK_FEED
POS00900820251208,PORT009,INS0033,2025-12-08,4832,31.2101,150807.2,199.33,USD,MOCK_FEED
POS00900920251208,PORT009,INS0034,2025-12-08,4496,58.6245,263575.75,5035.78,EUR,MOCK_FEED
POS00901020251208,PORT009,INS0035,2025-12-08,3304,10.2255,33785.05,225.82,USD,MOCK_FEED
POS00900120251209,PORT009,INS0026,2025-12-09,4913,61.6508,302890.38,5508.72,INR,MOCK_FEED
POS00900220251209,PORT009,INS0027,2025-12-09,1327,17.5609,23303.31,905.75,EUR,MOCK_FEED
POS00900320251209,PORT009,INS0028,2025-12-09,1504,50.9941,76695.13,2214.76,EUR,MOCK_FEED
POS00900420251209,PORT009,INS0029,2025-12-09,4267,20.5936,87872.89,1759.25,GBP,MOCK_FEED
POS00900520251209,PORT009,INS0030,2025-12-09,2991,48.5632,145252.53,1012.36,GBP,MOCK_FEED
POS00900620251209,PORT009,INS0031,2025-12-09,4440,50.1722,222764.57,3143.16,GBP,MOCK_FEED
POS00900720251209,PORT009,INS0032,2025-12-09,3705,53.0428,196523.57,-5883.15,EUR,MOCK_FEED
POS00900820251209,PORT009,INS0033,2025-12-09,4113,30.9811,127425.26,1093.71,EUR,MOCK_FEED
POS00900920251209,PORT009,INS0034,2025-12-09,345,58.1802,20072.17,302.45,EUR,MOCK_FEED
POS00901020251209,PORT009,INS0035,2025-12-09,1858,10.2828,19105.44,-528.29,USD,MOCK_FEED
POS00900120251210,PORT009,INS0026,2025-12-10,4702,62.7609,295101.75,-7130.46,GBP,MOCK_FEED
POS00900220251210,PORT009,INS0027,2025-12-10,4397,17.1936,75600.26,-1934.75,EUR,MOCK_FEED
POS00900320251210,PORT009,INS0028,2025-12-10,1690,49.7821,84131.75,46.87,EUR,MOCK_FEED
POS00900420251210,PORT009,INS0029,2025-12-10,3844,20.3038,78047.81,-846.51,INR,MOCK_FEED
POS00900520251210,PORT009,INS0030,2025-12-10,1578,47.4321,74847.85,-1614.94,EUR,MOCK_FEED
POS00900620251210,PORT009,INS0031,2025-12-10,4738,50.7156,240290.51,8948.36,USD,MOCK_FEED
POS00900720251210,PORT009,INS0032,2025-12-10,1785,54.2908,96909.08,-172.85,GBP,MOCK_FEED
POS00900820251210,PORT009,INS0033,2025-12-10,1298,31.2035,40502.14,-172.02,EUR,MOCK_FEED
POS00900920251210,PORT009,INS0034,2025-12-10,1543,57.6677,88981.26,3530.44,USD,MOCK_FEED
POS00901020251210,PORT009,INS0035,2025-12-10,1132,10.2182,11567.0,-125.43,GBP,MOCK_FEED
POS00900120251211,PORT009,INS0026,2025-12-11,3815,63.9104,243818.18,360.61,EUR,MOCK_FEED
POS00900220251211,PORT009,INS0027,2025-12-11,2209,17.3926,38420.25,-1129.33,INR,MOCK_FEED
POS00900320251211,PORT009,INS0028,2025-12-11,4919,49.7306,244624.82,8534.25,EUR,MOCK_FEED
POS00900420251211,PORT009,INS0029,2025-12-11,1033,20.0295,20690.47,-49.67,USD,MOCK_FEED
POS00900520251211,PORT009,INS0030,2025-12-11,1244,47.7044,59344.27,1864.75,USD,MOCK_FEED
POS00900620251211,PORT009,INS0031,2025-12-11,2629,50.6698,133210.9,-2439.11,EUR,MOCK_FEED
POS00900720251211,PORT009,INS0032,2025-12-11,2749,54.7355,150467.89,406.09,USD,MOCK_FEED
POS00900820251211,PORT009,INS0033,2025-12-11,1715,30.9971,53160.03,-212.67,EUR,MOCK_FEED
POS00900920251211,PORT009,INS0034,2025-12-11,3278,57.7501,189304.83,6014.92,USD,MOCK_FEED
POS00901020251211,PORT009,INS0035,2025-12-11,4452,10.406,46327.51,-967.63,EUR,MOCK_FEED
POS00900120251212,PORT009,INS0026,2025-12-12,4922,64.2764,316368.44,-2557.0,USD,MOCK_FEED
POS00900220251212,PORT009,INS0027,2025-12-12,471,17.5256,8254.56,14.02,USD,MOCK_FEED
POS00900320251212,PORT009,INS0028,2025-12-12,4667,49.0081,228720.8,1232.49,USD,MOCK_FEED
POS00900420251212,PORT009,INS0029,2025-12-12,3416,20.2301,69106.02,179.24,EUR,MOCK_FEED
POS00900520251212,PORT009,INS0030,2025-12-12,4613,47.2363,217901.05,-456.61,EUR,MOCK_FEED
POS00900620251212,PORT009,INS0031,2025-12-12,3869,50.9067,196958.02,4418.37,EUR,MOCK_FEED
POS00900720251212,PORT009,INS0032,2025-12-12,3201,53.8493,172371.61,5832.11,EUR,MOCK_FEED
POS00900820251212,PORT009,INS0033,2025-12-12,1410,31.6958,44691.08,526.04,EUR,MOCK_FEED
POS00900920251212,PORT009,INS0034,2025-12-12,1115,57.3407,63934.88,674.01,INR,MOCK_FEED
POS00901020251212,PORT009,INS0035,2025-12-12,1338,10.5942,14175.04,-191.69,EUR,MOCK_FEED
POS00900120251213,PORT009,INS0026,2025-12-13,3418,63.1415,215817.65,-2271.68,EUR,MOCK_FEED
POS00900220251213,PORT009,INS0027,2025-12-13,878,17.3769,15256.92,545.46,GBP,MOCK_FEED
POS00900320251213,PORT009,INS0028,2025-12-13,3046,49.3286,150254.92,840.65,USD,MOCK_FEED
POS00900420251213,PORT009,INS0029,2025-12-13,433,20.1233,8713.39,-223.95,GBP,MOCK_FEED
POS00900520251213,PORT009,INS0030,2025-12-13,2425,47.8542,116046.43,3723.58,INR,MOCK_FEED
POS00900620251213,PORT009,INS0031,2025-12-13,221,50.6945,11203.48,428.61,INR,MOCK_FEED
POS00900720251213,PORT009,INS0032,2025-12-13,4070,53.3892,217294.04,-5729.38,USD,MOCK_FEED
POS00900820251213,PORT009,INS0033,2025-12-13,553,31.9828,17686.49,-223.06,INR,MOCK_FEED
POS00900920251213,PORT009,INS0034,2025-12-13,156,57.884,9029.9,-54.68,GBP,MOCK_FEED
POS00901020251213,PORT009,INS0035,2025-12-13,2274,10.6293,24171.03,11.5,GBP,MOCK_FEED
POS00900120251214,PORT009,INS0026,2025-12-14,4039,63.3565,255896.9,-3843.54,INR,MOCK_FEED
POS00900220251214,PORT009,INS0027,2025-12-14,2081,17.322,36047.08,571.99,USD,MOCK_FEED
POS00900320251214,PORT009,INS0028,2025-12-14,4171,49.4823,206390.67,4877.52,GBP,MOCK_FEED
POS00900420251214,PORT009,INS0029,2025-12-14,2441,20.1162,49103.64,-82.24,USD,MOCK_FEED
POS00900520251214,PORT009,INS0030,2025-12-14,1835,48.6571,89285.78,3320.74,GBP,MOCK_FEED
POS00900620251214,PORT009,INS0031,2025-12-14,4705,51.8596,243999.42,8349.28,INR,MOCK_FEED
POS00900720251214,PORT009,INS0032,2025-12-14,4342,54.0759,234797.56,3026.76,INR,MOCK_FEED
POS00900820251214,PORT009,INS0033,2025-12-14,660,32.5774,21501.08,433.15,GBP,MOCK_FEED
POS00900920251214,PORT009,INS0034,2025-12-14,4786,58.7693,281269.87,10669.48,INR,MOCK_FEED
POS00901020251214,PORT009,INS0035,2025-12-14,1836,10.5501,19369.98,319.95,GBP,MOCK_FEED
POS00900120251215,PORT009,INS0026,2025-12-15,3596,63.5045,228362.18,-1791.52,GBP,MOCK_FEED
POS00900220251215,PORT009,INS0027,2025-12-15,3827,17.6181,67424.47,1663.78,EUR,MOCK_FEED
POS00900320251215,PORT009,INS0028,2025-12-15,2247,49.0469,110208.38,673.59,GBP,MOCK_FEED
POS00900420251215,PORT009,INS0029,2025-12-15,2554,20.5489,52481.89,1557.06,INR,MOCK_FEED
POS00900520251215,PORT009,INS0030,2025-12-15,3267,48.3257,157880.06,401.4,EUR,MOCK_FEED
POS00900620251215,PORT009,INS0031,2025-12-15,4852,51.0925,247900.81,-1283.67,USD,MOCK_FEED
POS00900720251215,PORT009,INS0032,2025-12-15,2152,54.403,117075.26,-2912.15,GBP,MOCK_FEED
POS00900820251215,PORT009,INS0033,2025-12-15,2053,33.249,68260.2,-115.14,EUR,MOCK_FEED
POS00900920251215,PORT009,INS0034,2025-12-15,2150,59.2775,127446.63,3151.79,USD,MOCK_FEED
POS00901020251215,PORT009,INS0035,2025-12-15,2990,10.6175,31746.33,793.55,GBP,MOCK_FEED
POS00900120251216,PORT009,INS0026,2025-12-16,485,63.6804,30884.99,-334.48,INR,MOCK_FEED
POS00900220251216,PORT009,INS0027,2025-12-16,4583,17.6749,81004.07,-2363.29,INR,MOCK_FEED
POS00900320251216,PORT009,INS0028,2025-12-16,1923,48.9712,94171.62,-1977.25,EUR,MOCK_FEED
POS00900420251216,PORT009,INS0029,2025-12-16,4446,20.4558,90946.49,187.02,USD,MOCK_FEED
POS00900520251216,PORT009,INS0030,2025-12-16,4108,48.2039,198021.62,6974.34,EUR,MOCK_FEED
POS00900620251216,PORT009,INS0031,2025-12-16,1667,51.7463,86261.08,-939.84,INR,MOCK_FEED
POS00900720251216,PORT009,INS0032,2025-12-16,4925,55.3355,272527.34,6789.21,USD,MOCK_FEED
POS00900820251216,PORT009,INS0033,2025-12-16,583,33.4289,19489.05,160.84,USD,MOCK_FEED
POS00900920251216,PORT009,INS0034,2025-12-16,1020,58.9459,60124.82,-23.33,USD,MOCK_FEED
POS00901020251216,PORT009,INS0035,2025-12-16,4846,10.5814,51277.46,629.15,USD,MOCK_FEED
POS00900120251217,PORT009,INS0026,2025-12-17,3137,64.8788,203524.8,1699.2,EUR,MOCK_FEED
POS00900220251217,PORT009,INS0027,2025-12-17,2377,17.9058,42562.09,148.55,GBP,MOCK_FEED
POS00900320251217,PORT009,INS0028,2025-12-17,996,48.9811,48785.18,1582.94,INR,MOCK_FEED
POS00900420251217,PORT009,INS0029,2025-12-17,3462,20.4325,70737.32,2543.18,EUR,MOCK_FEED
POS00900520251217,PORT009,INS0030,2025-12-17,2541,48.6606,123646.58,1544.92,USD,MOCK_FEED
POS00900620251217,PORT009,INS0031,2025-12-17,2289,52.5687,120329.75,-566.05,USD,MOCK_FEED
POS00900720251217,PORT009,INS0032,2025-12-17,2352,55.8879,131448.34,-3401.8,USD,MOCK_FEED
POS00900820251217,PORT009,INS0033,2025-12-17,1176,33.0114,38821.41,207.08,INR,MOCK_FEED
POS00900920251217,PORT009,INS0034,2025-12-17,4551,59.3927,270296.18,4295.72,EUR,MOCK_FEED
POS00901020251217,PORT009,INS0035,2025-12-17,1531,10.6231,16263.97,-368.86,INR,MOCK_FEED
POS00900120251218,PORT009,INS0026,2025-12-18,385,65.0443,25042.06,649.1,INR,MOCK_FEED
POS00900220251218,PORT009,INS0027,2025-12-18,253,17.7315,4486.07,134.67,USD,MOCK_FEED
POS00900320251218,PORT009,INS0028,2025-12-18,1079,49.172,53056.59,413.26,EUR,MOCK_FEED
POS00900420251218,PORT009,INS0029,2025-12-18,4574,20.2911,92811.49,1758.19,GBP,MOCK_FEED
POS00900520251218,PORT009,INS0030,2025-12-18,3373,49.1798,165883.47,-4712.28,EUR,MOCK_FEED
POS00900620251218,PORT009,INS0031,2025-12-18,2900,52.7102,152859.58,-2763.28,USD,MOCK_FEED
POS00900720251218,PORT009,INS0032,2025-12-18,3072,56.5534,173732.04,-2607.76,USD,MOCK_FEED
POS00900820251218,PORT009,INS0033,2025-12-18,1517,33.0079,50072.98,-291.43,USD,MOCK_FEED
POS00900920251218,PORT009,INS0034,2025-12-18,2868,57.98,166286.64,-284.42,EUR,MOCK_FEED
POS00901020251218,PORT009,INS0035,2025-12-18,2448,10.6631,26103.27,-95.47,GBP,MOCK_FEED
POS00900120251219,PORT009,INS0026,2025-12-19,284,64.3418,18273.07,276.49,EUR,MOCK_FEED
POS00900220251219,PORT009,INS0027,2025-12-19,1197,17.8311,21343.83,217.67,GBP,MOCK_FEED
POS00900320251219,PORT009,INS0028,2025-12-19,1939,49.1548,95311.16,1819.91,GBP,MOCK_FEED
POS00900420251219,PORT009,INS0029,2025-12-19,3917,20.411,79949.89,-2069.42,INR,MOCK_FEED
POS00900520251219,PORT009,INS0030,2025-12-19,290,49.4836,14350.24,-104.54,GBP,MOCK_FEED
POS00900620251219,PORT009,INS0031,2025-12-19,531,52.6576,27961.19,714.4,USD,MOCK_FEED
POS00900720251219,PORT009,INS0032,2025-12-19,3350,55.0891,184548.49,4295.72,USD,MOCK_FEED
POS00900820251219,PORT009,INS0033,2025-12-19,589,33.0513,19467.22,618.63,USD,MOCK_FEED
POS00900920251219,PORT009,INS0034,2025-12-19,1348,58.5555,78932.81,-411.28,INR,MOCK_FEED
POS00901020251219,PORT009,INS0035,2025-12-19,266,10.7744,2865.99,-37.53,USD,MOCK_FEED
POS00900120251220,PORT009,INS0026,2025-12-20,479,64.9445,31108.42,-601.5,GBP,MOCK_FEED
POS00900220251220,PORT009,INS0027,2025-12-20,4827,17.8849,86330.41,-1455.6,USD,MOCK_FEED
POS00900320251220,PORT009,INS0028,2025-12-20,3600,50.8235,182964.6,5138.38,USD,MOCK_FEED
POS00900420251220,PORT009,INS0029,2025-12-20,2770,19.9535,55271.19,-1313.29,USD,MOCK_FEED
POS00900520251220,PORT009,INS0030,2025-12-20,1989,48.8561,97174.78,1341.7,INR,MOCK_FEED
POS00900620251220,PORT009,INS0031,2025-12-20,4888,53.6502,262242.18,-685.0,INR,MOCK_FEED
POS00900720251220,PORT009,INS0032,2025-12-20,4903,55.0555,269937.12,7553.44,USD,MOCK_FEED
POS00900820251220,PORT009,INS0033,2025-12-20,2624,34.1213,89534.29,3216.98,EUR,MOCK_FEED
POS00900920251220,PORT009,INS0034,2025-12-20,3672,59.0509,216834.9,8482.96,INR,MOCK_FEED
POS00901020251220,PORT009,INS0035,2025-12-20,3112,10.9349,34029.41,1066.05,GBP,MOCK_FEED
POS00900120251221,PORT009,INS0026,2025-12-21,2439,63.9344,155936.0,5000.79,INR,MOCK_FEED
POS00900220251221,PORT009,INS0027,2025-12-21,2717,17.9653,48811.72,-1168.43,INR,MOCK_FEED
POS00900320251221,PORT009,INS0028,2025-12-21,1012,51.5161,52134.29,-881.26,EUR,MOCK_FEED
POS00900420251221,PORT009,INS0029,2025-12-21,1003,20.1675,20228.0,-201.23,GBP,MOCK_FEED
POS00900520251221,PORT009,INS0030,2025-12-21,3682,49.1157,180844.01,-4260.83,USD,MOCK_FEED
POS00900620251221,PORT009,INS0031,2025-12-21,574,53.7146,30832.18,-34.08,EUR,MOCK_FEED
POS00900720251221,PORT009,INS0032,2025-12-21,2761,55.2279,152484.23,4105.33,USD,MOCK_FEED
POS00900820251221,PORT009,INS0033,2025-12-21,3159,33.8148,106820.95,-2433.65,INR,MOCK_FEED
POS00900920251221,PORT009,INS0034,2025-12-21,611,59.5381,36377.78,742.36,GBP,MOCK_FEED
POS00901020251221,PORT009,INS0035,2025-12-21,859,10.9522,9407.94,-10.62,GBP,MOCK_FEED
POS00900120251222,PORT009,INS0026,2025-12-22,1574,64.708,101850.39,2700.74,EUR,MOCK_FEED
POS00900220251222,PORT009,INS0027,2025-12-22,1013,17.7016,17931.72,20.52,GBP,MOCK_FEED
POS00900320251222,PORT009,INS0028,2025-12-22,1977,52.2359,103270.37,3952.01,USD,MOCK_FEED
POS00900420251222,PORT009,INS0029,2025-12-22,2872,20.0161,57486.24,2165.96,USD,MOCK_FEED
POS00900520251222,PORT009,INS0030,2025-12-22,3130,49.3745,154542.18,-3390.04,EUR,MOCK_FEED
POS00900620251222,PORT009,INS0031,2025-12-22,4556,54.4033,247861.43,-2476.77,USD,MOCK_FEED
POS00900720251222,PORT009,INS0032,2025-12-22,1372,55.6082,76294.45,-1491.26,GBP,MOCK_FEED
POS00900820251222,PORT009,INS0033,2025-12-22,3854,33.7126,129928.36,-2208.11,INR,MOCK_FEED
POS00900920251222,PORT009,INS0034,2025-12-22,4685,59.1721,277221.29,-5466.26,USD,MOCK_FEED
POS00901020251222,PORT009,INS0035,2025-12-22,4730,10.9073,51591.53,1830.14,GBP,MOCK_FEED
POS00900120251223,PORT009,INS0026,2025-12-23,2555,64.9195,165869.32,25.41,EUR,MOCK_FEED
POS00900220251223,PORT009,INS0027,2025-12-23,773,17.493,13522.09,255.02,INR,MOCK_FEED
POS00900320251223,PORT009,INS0028,2025-12-23,2901,51.9085,150586.56,-964.67,GBP,MOCK_FEED
POS00900420251223,PORT009,INS0029,2025-12-23,4585,20.4241,93644.5,-2732.58,EUR,MOCK_FEED
POS00900520251223,PORT009,INS0030,2025-12-23,4220,49.0731,207088.48,-2047.46,GBP,MOCK_FEED
POS00900620251223,PORT009,INS0031,2025-12-23,1177,53.7746,63292.7,-218.92,USD,MOCK_FEED
POS00900720251223,PORT009,INS0032,2025-12-23,934,55.8354,52150.26,-889.7,INR,MOCK_FEED
POS00900820251223,PORT009,INS0033,2025-12-23,4561,32.9789,150416.76,654.13,GBP,MOCK_FEED
POS00900920251223,PORT009,INS0034,2025-12-23,4217,59.8631,252442.69,6836.62,EUR,MOCK_FEED
POS00901020251223,PORT009,INS0035,2025-12-23,445,10.8043,4807.91,106.56,GBP,MOCK_FEED
POS00900120251224,PORT009,INS0026,2025-12-24,343,63.9847,21946.75,-439.91,USD,MOCK_FEED
POS00900220251224,PORT009,INS0027,2025-12-24,591,17.3867,10275.54,382.96,EUR,MOCK_FEED
POS00900320251224,PORT009,INS0028,2025-12-24,3338,51.7301,172675.07,-678.1,USD,MOCK_FEED
POS00900420251224,PORT009,INS0029,2025-12-24,1402,20.2163,28343.25,292.6,GBP,MOCK_FEED
POS00900520251224,PORT009,INS0030,2025-12-24,3021,48.2819,145859.62,4491.9,GBP,MOCK_FEED
POS00900620251224,PORT009,INS0031,2025-12-24,3993,52.353,209045.53,1990.09,GBP,MOCK_FEED
POS00900720251224,PORT009,INS0032,2025-12-24,3938,57.1658,225118.92,7030.07,GBP,MOCK_FEED
POS00900820251224,PORT009,INS0033,2025-12-24,1462,32.7323,47854.62,-1106.67,USD,MOCK_FEED
POS00900920251224,PORT009,INS0034,2025-12-24,3735,59.857,223565.89,-1554.15,USD,MOCK_FEED
POS00901020251224,PORT009,INS0035,2025-12-24,273,10.6474,2906.74,-28.51,USD,MOCK_FEED
POS00900120251225,PORT009,INS0026,2025-12-25,3662,64.3171,235529.22,8176.78,GBP,MOCK_FEED
POS00900220251225,PORT009,INS0027,2025-12-25,4556,17.2577,78626.08,-685.45,GBP,MOCK_FEED
POS00900320251225,PORT009,INS0028,2025-12-25,4116,52.1978,214846.14,3379.07,USD,MOCK_FEED
POS00900420251225,PORT009,INS0029,2025-12-25,3575,20.2618,72435.93,1018.8,EUR,MOCK_FEED
POS00900520251225,PORT009,INS0030,2025-12-25,4843,48.4638,234710.18,3066.38,EUR,MOCK_FEED
POS00900620251225,PORT009,INS0031,2025-12-25,3923,53.376,209394.05,5166.45,EUR,MOCK_FEED
POS00900720251225,PORT009,INS0032,2025-12-25,424,56.3131,23876.75,-620.53,GBP,MOCK_FEED
POS00900820251225,PORT009,INS0033,2025-12-25,4453,32.8622,146335.38,251.32,EUR,MOCK_FEED
POS00900920251225,PORT009,INS0034,2025-12-25,3010,60.3322,181599.92,2764.4,INR,MOCK_FEED
POS00901020251225,PORT009,INS0035,2025-12-25,3771,10.7658,40597.83,-1183.77,INR,MOCK_FEED
POS00900120251226,PORT009,INS0026,2025-12-26,1411,63.5712,89698.96,3230.12,INR,MOCK_FEED
POS00900220251226,PORT009,INS0027,2025-12-26,3076,16.8541,51843.21,-1481.57,GBP,MOCK_FEED
POS00900320251226,PORT009,INS0028,2025-12-26,3461,52.9841,183377.97,4854.2,INR,MOCK_FEED
POS00900420251226,PORT009,INS0029,2025-12-26,3341,20.3216,67894.47,-1430.45,USD,MOCK_FEED
POS00900520251226,PORT009,INS0030,2025-12-26,4765,48.1964,229655.85,-835.71,INR,MOCK_FEED
POS00900620251226,PORT009,INS0031,2025-12-26,134,52.7966,7074.74,96.92,USD,MOCK_FEED
POS00900720251226,PORT009,INS0032,2025-12-26,4336,56.4683,244846.55,-3313.35,INR,MOCK_FEED
POS00900820251226,PORT009,INS0033,2025-12-26,1558,32.8513,51182.33,1697.91,INR,MOCK_FEED
POS00900920251226,PORT009,INS0034,2025-12-26,2068,59.966,124009.69,4161.6,GBP,MOCK_FEED
POS00901020251226,PORT009,INS0035,2025-12-26,4189,10.8466,45436.41,911.09,USD,MOCK_FEED
POS00900120251227,PORT009,INS0026,2025-12-27,2200,63.3109,139283.98,-3373.2,USD,MOCK_FEED
POS00900220251227,PORT009,INS0027,2025-12-27,1706,16.9264,28876.44,-269.75,GBP,MOCK_FEED
POS00900320251227,PORT009,INS0028,2025-12-27,2574,53.3318,137276.05,-3479.64,GBP,MOCK_FEED
POS00900420251227,PORT009,INS0029,2025-12-27,1209,20.2503,24482.61,128.66,INR,MOCK_FEED
POS00900520251227,PORT009,INS0030,2025-12-27,3813,48.114,183458.68,6585.7,EUR,MOCK_FEED
POS00900620251227,PORT009,INS0031,2025-12-27,3668,53.4347,195998.48,-333.7,USD,MOCK_FEED
POS00900720251227,PORT009,INS0032,2025-12-27,3940,57.2992,225758.85,-4276.48,INR,MOCK_FEED
POS00900820251227,PORT009,INS0033,2025-12-27,272,32.7826,8916.87,46.57,GBP,MOCK_FEED
POS00900920251227,PORT009,INS0034,2025-12-27,1067,60.4422,64491.83,-1557.93,GBP,MOCK_FEED
POS00901020251227,PORT009,INS0035,2025-12-27,4168,11.0306,45975.54,703.93,EUR,MOCK_FEED
POS00900120251228,PORT009,INS0026,2025-12-28,479,63.2443,30294.02,-905.31,GBP,MOCK_FEED
POS00900220251228,PORT009,INS0027,2025-12-28,4759,16.7111,79528.12,2190.18,INR,MOCK_FEED
POS00900320251228,PORT009,INS0028,2025-12-28,231,53.0411,12252.49,-145.84,INR,MOCK_FEED
POS00900420251228,PORT009,INS0029,2025-12-28,813,20.2518,16464.71,445.55,USD,MOCK_FEED
POS00900520251228,PORT009,INS0030,2025-12-28,213,47.9787,10219.46,110.41,GBP,MOCK_FEED
POS00900620251228,PORT009,INS0031,2025-12-28,2651,53.2737,141228.58,2339.83,EUR,MOCK_FEED
POS00900720251228,PORT009,INS0032,2025-12-28,2768,57.9225,160329.48,-1692.67,INR,MOCK_FEED
POS00900820251228,PORT009,INS0033,2025-12-28,1903,32.9761,62753.52,-485.57,USD,MOCK_FEED
POS00900920251228,PORT009,INS0034,2025-12-28,2240,60.5187,135561.89,2499.82,INR,MOCK_FEED
POS00901020251228,PORT009,INS0035,2025-12-28,1562,11.2273,17537.04,335.01,GBP,MOCK_FEED
POS00900120251229,PORT009,INS0026,2025-12-29,2073,63.8942,132452.68,-244.32,USD,MOCK_FEED
POS00900220251229,PORT009,INS0027,2025-12-29,1144,16.2633,18605.22,376.8,GBP,MOCK_FEED
POS00900320251229,PORT009,INS0028,2025-12-29,4234,52.1417,220767.96,3571.14,USD,MOCK_FEED
POS00900420251229,PORT009,INS0029,2025-12-29,3934,20.007,78707.54,-1796.77,USD,MOCK_FEED
POS00900520251229,PORT009,INS0030,2025-12-29,2875,47.786,137384.75,1162.06,EUR,MOCK_FEED
POS00900620251229,PORT009,INS0031,2025-12-29,2642,53.0814,140241.06,1727.88,INR,MOCK_FEED
POS00900720251229,PORT009,INS0032,2025-12-29,3895,57.6238,224444.7,7375.45,USD,MOCK_FEED
POS00900820251229,PORT009,INS0033,2025-12-29,1546,32.7372,50611.71,-196.32,GBP,MOCK_FEED
POS00900920251229,PORT009,INS0034,2025-12-29,1309,60.1803,78776.01,130.36,INR,MOCK_FEED
POS00901020251229,PORT009,INS0035,2025-12-29,4698,11.4362,53727.27,1964.62,GBP,MOCK_FEED
POS00900120251230,PORT009,INS0026,2025-12-30,2632,64.2645,169144.16,-471.63,GBP,MOCK_FEED
POS00900220251230,PORT009,INS0027,2025-12-30,3731,16.2783,60734.34,2072.24,INR,MOCK_FEED
POS00900320251230,PORT009,INS0028,2025-12-30,1233,52.2692,64447.92,-1881.33,INR,MOCK_FEED
POS00900420251230,PORT009,INS0029,2025-12-30,2379,19.6797,46818.01,-720.74,INR,MOCK_FEED
POS00900520251230,PORT009,INS0030,2025-12-30,4881,47.6071,232370.26,-6392.34,GBP,MOCK_FEED
POS00900620251230,PORT009,INS0031,2025-12-30,3181,53.1779,169158.9,6094.12,INR,MOCK_FEED
POS00900720251230,PORT009,INS0032,2025-12-30,3400,57.8554,196708.36,-3989.16,EUR,MOCK_FEED
POS00900820251230,PORT009,INS0033,2025-12-30,437,32.4762,14192.1,102.88,INR,MOCK_FEED
POS00900920251230,PORT009,INS0034,2025-12-30,4281,59.7517,255797.03,6118.73,USD,MOCK_FEED
POS00901020251230,PORT009,INS0035,2025-12-30,349,11.3317,3954.76,-79.76,GBP,MOCK_FEED
POS00900120251231,PORT009,INS0026,2025-12-31,2228,64.2906,143239.46,258.04,GBP,MOCK_FEED
POS00900220251231,PORT009,INS0027,2025-12-31,4640,16.8389,78132.5,1347.83,EUR,MOCK_FEED
POS00900320251231,PORT009,INS0028,2025-12-31,3594,52.1898,187570.14,6892.61,GBP,MOCK_FEED
POS00900420251231,PORT009,INS0029,2025-12-31,1291,19.2,24787.2,989.44,INR,MOCK_FEED
POS00900520251231,PORT009,INS0030,2025-12-31,1383,47.7791,66078.5,-1231.07,INR,MOCK_FEED
POS00900620251231,PORT009,INS0031,2025-12-31,4712,52.9264,249389.2,6631.11,INR,MOCK_FEED
POS00900720251231,PORT009,INS0032,2025-12-31,2864,57.9608,165999.73,1613.84,USD,MOCK_FEED
POS00900820251231,PORT009,INS0033,2025-12-31,4941,33.1252,163671.61,-4735.45,USD,MOCK_FEED
POS00900920251231,PORT009,INS0034,2025-12-31,2842,59.962,170412.0,2195.79,EUR,MOCK_FEED
POS00901020251231,PORT009,INS0035,2025-12-31,2358,11.1081,26192.9,1004.98,EUR,MOCK_FEED
POS00900120260101,PORT009,INS0026,2026-01-01,4665,63.2862,295230.12,-1642.57,USD,MOCK_FEED
POS00900220260101,PORT009,INS0027,2026-01-01,3272,17.0225,55697.62,-463.02,EUR,MOCK_FEED
POS00900320260101,PORT009,INS0028,2026-01-01,1399,51.8196,72495.62,1688.55,USD,MOCK_FEED
POS00900420260101,PORT009,INS0029,2026-01-01,1361,19.0408,25914.53,-48.26,INR,MOCK_FEED
POS00900520260101,PORT009,INS0030,2026-01-01,2521,47.979,120955.06,1388.63,GBP,MOCK_FEED
POS00900620260101,PORT009,INS0031,2026-01-01,680,53.0708,36088.14,624.72,USD,MOCK_FEED
POS00900720260101,PORT009,INS0032,2026-01-01,4603,57.2137,263354.66,-5983.89,INR,MOCK_FEED
POS00900820260101,PORT009,INS0033,2026-01-01,1140,32.8779,37480.81,-730.43,INR,MOCK_FEED
POS00900920260101,PORT009,INS0034,2026-01-01,1004,60.836,61079.34,1543.51,GBP,MOCK_FEED
POS00901020260101,PORT009,INS0035,2026-01-01,2131,10.8964,23220.23,-199.36,USD,MOCK_FEED
POS00900120260102,PORT009,INS0026,2026-01-02,1140,62.1607,70863.2,1519.6,EUR,MOCK_FEED
POS00900220260102,PORT009,INS0027,2026-01-02,2849,17.3488,49426.73,762.85,GBP,MOCK_FEED
POS00900320260102,PORT009,INS0028,2026-01-02,1702,51.7433,88067.1,567.44,GBP,MOCK_FEED
POS00900420260102,PORT009,INS0029,2026-01-02,624,18.6615,11644.78,87.28,GBP,MOCK_FEED
POS00900520260102,PORT009,INS0030,2026-01-02,2724,47.5129,129425.14,3456.36,INR,MOCK_FEED
POS00900620260102,PORT009,INS0031,2026-01-02,3211,53.2238,170901.62,-2795.06,USD,MOCK_FEED
POS00900720260102,PORT009,INS0032,2026-01-02,3046,57.9643,176559.26,226.8,USD,MOCK_FEED
POS00900820260102,PORT009,INS0033,2026-01-02,4894,32.9081,161052.24,-4590.87,USD,MOCK_FEED
POS00900920260102,PORT009,INS0034,2026-01-02,3930,60.7209,238633.14,6835.69,EUR,MOCK_FEED
POS00901020260102,PORT009,INS0035,2026-01-02,396,10.7614,4261.51,-89.04,INR,MOCK_FEED
POS00900120260103,PORT009,INS0026,2026-01-03,4159,62.4242,259622.25,-6730.53,EUR,MOCK_FEED
POS00900220260103,PORT009,INS0027,2026-01-03,2813,17.0504,47962.78,-1177.87,GBP,MOCK_FEED
POS00900320260103,PORT009,INS0028,2026-01-03,458,51.0654,23387.95,12.85,GBP,MOCK_FEED
POS00900420260103,PORT009,INS0029,2026-01-03,2756,18.3592,50597.96,1957.21,GBP,MOCK_FEED
POS00900520260103,PORT009,INS0030,2026-01-03,4790,47.5624,227823.9,1708.51,EUR,MOCK_FEED
POS00900620260103,PORT009,INS0031,2026-01-03,1018,54.784,55770.11,1785.16,USD,MOCK_FEED
POS00900720260103,PORT009,INS0032,2026-01-03,4594,57.685,265004.89,7026.05,USD,MOCK_FEED
POS00900820260103,PORT009,INS0033,2026-01-03,3207,32.4998,104226.86,-74.75,INR,MOCK_FEED
POS00900920260103,PORT009,INS0034,2026-01-03,2151,61.882,133108.18,973.12,EUR,MOCK_FEED
POS00901020260103,PORT009,INS0035,2026-01-03,4680,10.5934,49577.11,849.97,GBP,MOCK_FEED
POS00900120260104,PORT009,INS0026,2026-01-04,1740,62.6139,108948.19,814.81,USD,MOCK_FEED
POS00900220260104,PORT009,INS0027,2026-01-04,4449,17.1915,76484.98,513.47,USD,MOCK_FEED
POS00900320260104,PORT009,INS0028,2026-01-04,3938,51.4316,202537.64,-5066.48,INR,MOCK_FEED
POS00900420260104,PORT009,INS0029,2026-01-04,4019,18.0942,72720.59,-2011.21,EUR,MOCK_FEED
POS00900520260104,PORT009,INS0030,2026-01-04,380,46.7773,17775.37,46.81,USD,MOCK_FEED
POS00900620260104,PORT009,INS0031,2026-01-04,4617,55.1344,254555.52,-7101.33,INR,MOCK_FEED
POS00900720260104,PORT009,INS0032,2026-01-04,2671,57.372,153240.61,4451.59,GBP,MOCK_FEED
POS00900820260104,PORT009,INS0033,2026-01-04,1907,32.2052,61415.32,1432.98,GBP,MOCK_FEED
POS00900920260104,PORT009,INS0034,2026-01-04,1482,61.6846,91416.58,2420.33,EUR,MOCK_FEED
POS00901020260104,PORT009,INS0035,2026-01-04,2660,10.3241,27462.11,-73.7,GBP,MOCK_FEED
POS00900120260105,PORT009,INS0026,2026-01-05,4113,62.0755,255316.53,-2114.61,INR,MOCK_FEED
POS00900220260105,PORT009,INS0027,2026-01-05,965,16.6881,16104.02,-317.59,EUR,MOCK_FEED
POS00900320260105,PORT009,INS0028,2026-01-05,4964,51.9835,258046.09,1328.18,EUR,MOCK_FEED
POS00900420260105,PORT009,INS0029,2026-01-05,1819,17.5817,31981.11,1005.86,EUR,MOCK_FEED
POS00900520260105,PORT009,INS0030,2026-01-05,1675,46.5708,78006.09,2431.66,USD,MOCK_FEED
POS00900620260105,PORT009,INS0031,2026-01-05,2575,54.6284,140668.13,694.44,USD,MOCK_FEED
POS00900720260105,PORT009,INS0032,2026-01-05,2707,59.406,160812.04,793.15,INR,MOCK_FEED
POS00900820260105,PORT009,INS0033,2026-01-05,3610,32.389,116924.29,1030.25,GBP,MOCK_FEED
POS00900920260105,PORT009,INS0034,2026-01-05,3995,61.5507,245895.05,4977.6,EUR,MOCK_FEED
POS00901020260105,PORT009,INS0035,2026-01-05,723,10.2133,7384.22,-112.6,GBP,MOCK_FEED
POS00900120260106,PORT009,INS0026,2026-01-06,4463,61.7699,275679.06,-3050.48,EUR,MOCK_FEED
POS00900220260106,PORT009,INS0027,2026-01-06,2376,16.7093,39701.3,-767.9,USD,MOCK_FEED
POS00900320260106,PORT009,INS0028,2026-01-06,4380,51.4297,225262.09,-4405.79,INR,MOCK_FEED
POS00900420260106,PORT009,INS0029,2026-01-06,2734,17.7013,48395.35,807.59,EUR,MOCK_FEED
POS00900520260106,PORT009,INS0030,2026-01-06,4580,45.929,210354.82,4000.35,INR,MOCK_FEED
POS00900620260106,PORT009,INS0031,2026-01-06,1554,55.5634,86345.52,-2531.81,USD,MOCK_FEED
POS00900720260106,PORT009,INS0032,2026-01-06,1080,60.0637,64868.8,-259.91,EUR,MOCK_FEED
POS00900820260106,PORT009,INS0033,2026-01-06,4744,32.1283,152416.66,6022.52,GBP,MOCK_FEED
POS00900920260106,PORT009,INS0034,2026-01-06,1852,61.7448,114351.37,-519.69,EUR,MOCK_FEED
POS00901020260106,PORT009,INS0035,2026-01-06,819,10.1712,8330.21,-219.49,EUR,MOCK_FEED
POS00900120260107,PORT009,INS0026,2026-01-07,702,61.909,43460.12,314.42,EUR,MOCK_FEED
POS00900220260107,PORT009,INS0027,2026-01-07,841,16.7608,14095.83,133.46,EUR,MOCK_FEED
POS00900320260107,PORT009,INS0028,2026-01-07,680,51.9817,35347.56,-426.97,INR,MOCK_FEED
POS00900420260107,PORT009,INS0029,2026-01-07,2644,17.6379,46634.61,-1063.11,EUR,MOCK_FEED
POS00900520260107,PORT009,INS0030,2026-01-07,4633,46.0461,213331.58,4844.72,EUR,MOCK_FEED
POS00900620260107,PORT009,INS0031,2026-01-07,1878,55.712,104627.14,2375.61,EUR,MOCK_FEED
POS00900720260107,PORT009,INS0032,2026-01-07,4973,60.419,300463.69,5185.88,INR,MOCK_FEED
POS00900820260107,PORT009,INS0033,2026-01-07,758,31.3383,23754.43,-57.91,EUR,MOCK_FEED
POS00900920260107,PORT009,INS0034,2026-01-07,576,62.024,35725.82,320.26,EUR,MOCK_FEED
POS00901020260107,PORT009,INS0035,2026-01-07,2556,10.2531,26206.92,-774.75,GBP,MOCK_FEED
POS00900120260108,PORT009,INS0026,2026-01-08,2718,61.6865,167663.91,2039.68,EUR,MOCK_FEED
POS00900220260108,PORT009,INS0027,2026-01-08,381,16.7519,6382.47,-49.08,USD,MOCK_FEED
POS00900320260108,PORT009,INS0028,2026-01-08,4406,52.427,230993.36,2576.82,USD,MOCK_FEED
POS00900420260108,PORT009,INS0029,2026-01-08,1102,17.818,19635.44,-499.31,EUR,MOCK_FEED
POS00900520260108,PORT009,INS0030,2026-01-08,2307,46.6855,107703.45,2552.62,EUR,MOCK_FEED
POS00900620260108,PORT009,INS0031,2026-01-08,3448,55.7885,192358.75,-2493.9,GBP,MOCK_FEED
POS00900720260108,PORT009,INS0032,2026-01-08,1606,60.568,97272.21,-1556.96,GBP,MOCK_FEED
POS00900820260108,PORT009,INS0033,2026-01-08,3751,31.8638,119521.11,4732.27,USD,MOCK_FEED
POS00900920260108,PORT009,INS0034,2026-01-08,1859,61.5522,114425.54,-86.26,INR,MOCK_FEED
POS00901020260108,PORT009,INS0035,2026-01-08,2420,10.1704,24612.37,259.07,GBP,MOCK_FEED
POS00900120260109,PORT009,INS0026,2026-01-09,1977,62.2584,123084.86,-2191.47,INR,MOCK_FEED
POS00900220260109,PORT009,INS0027,2026-01-09,932,16.5558,15430.01,423.88,GBP,MOCK_FEED
POS00900320260109,PORT009,INS0028,2026-01-09,2427,52.8593,128289.52,3587.25,INR,MOCK_FEED
POS00900420260109,PORT009,INS0029,2026-01-09,4779,17.5955,84088.89,-2413.5,EUR,MOCK_FEED
POS00900520260109,PORT009,INS0030,2026-01-09,1175,47.2809,55555.06,1969.37,EUR,MOCK_FEED
POS00900620260109,PORT009,INS0031,2026-01-09,4374,54.5709,238693.12,-2076.97,EUR,MOCK_FEED
POS00900720260109,PORT009,INS0032,2026-01-09,4256,60.1903,256169.92,102.34,INR,MOCK_FEED
POS00900820260109,PORT009,INS0033,2026-01-09,1254,31.6157,39646.09,-167.78,USD,MOCK_FEED
POS00900920260109,PORT009,INS0034,2026-01-09,4867,60.2648,293308.78,-4268.68,USD,MOCK_FEED
POS00901020260109,PORT009,INS0035,2026-01-09,2318,10.1052,23423.85,344.8,GBP,MOCK_FEED
POS00900120260110,PORT009,INS0026,2026-01-10,3133,62.0993,194557.11,-536.92,EUR,MOCK_FEED
POS00900220260110,PORT009,INS0027,2026-01-10,417,16.6953,6961.94,130.5,EUR,MOCK_FEED
POS00900320260110,PORT009,INS0028,2026-01-10,4571,53.0008,242266.66,2325.69,GBP,MOCK_FEED
POS00900420260110,PORT009,INS0029,2026-01-10,3190,17.4388,55629.77,-899.03,USD,MOCK_FEED
POS00900520260110,PORT009,INS0030,2026-01-10,2298,48.5119,111480.35,-2566.78,GBP,MOCK_FEED
POS00900620260110,PORT009,INS0031,2026-01-10,2864,54.1438,155067.84,1475.02,INR,MOCK_FEED
POS00900720260110,PORT009,INS0032,2026-01-10,1249,60.8564,76009.64,-1171.6,EUR,MOCK_FEED
POS00900820260110,PORT009,INS0033,2026-01-10,450,31.6768,14254.56,102.19,USD,MOCK_FEED
POS00900920260110,PORT009,INS0034,2026-01-10,1418,59.4601,84314.42,3341.84,GBP,MOCK_FEED
POS00901020260110,PORT009,INS0035,2026-01-10,4467,10.0433,44863.42,-824.43,INR,MOCK_FEED
POS00900120260111,PORT009,INS0026,2026-01-11,2888,62.9319,181747.33,133.34,USD,MOCK_FEED
POS00900220260111,PORT009,INS0027,2026-01-11,2117,16.5169,34966.28,1323.01,GBP,MOCK_FEED
POS00900320260111,PORT009,INS0028,2026-01-11,3681,53.1578,195673.86,-3470.05,GBP,MOCK_FEED
POS00900420260111,PORT009,INS0029,2026-01-11,4952,17.7128,87713.79,-1429.74,USD,MOCK_FEED
POS00900520260111,PORT009,INS0030,2026-01-11,2264,48.9053,110721.6,2408.19,EUR,MOCK_FEED
POS00900620260111,PORT009,INS0031,2026-01-11,2346,52.878,124051.79,2850.34,USD,MOCK_FEED
POS00900720260111,PORT009,INS0032,2026-01-11,917,60.0823,55095.47,793.47,USD,MOCK_FEED
POS00900820260111,PORT009,INS0033,2026-01-11,972,31.9556,31060.84,70.38,USD,MOCK_FEED
POS00900920260111,PORT009,INS0034,2026-01-11,117,57.915,6776.06,41.11,USD,MOCK_FEED
POS00901020260111,PORT009,INS0035,2026-01-11,2185,9.9244,21684.81,289.53,USD,MOCK_FEED
POS00900120260112,PORT009,INS0026,2026-01-12,4494,63.1917,283983.5,9208.06,GBP,MOCK_FEED
POS00900220260112,PORT009,INS0027,2026-01-12,1023,16.3818,16758.58,493.67,EUR,MOCK_FEED
POS00900320260112,PORT009,INS0028,2026-01-12,1550,52.5731,81488.3,-928.37,GBP,MOCK_FEED
POS00900420260112,PORT009,INS0029,2026-01-12,536,17.842,9563.31,203.74,GBP,MOCK_FEED
POS00900520260112,PORT009,INS0030,2026-01-12,3389,48.5037,164379.04,3277.58,EUR,MOCK_FEED
POS00900620260112,PORT009,INS0031,2026-01-12,3949,52.7099,208151.4,-3069.52,EUR,MOCK_FEED
POS00900720260112,PORT009,INS0032,2026-01-12,4743,59.7638,283459.7,-3346.35,EUR,MOCK_FEED
POS00900820260112,PORT009,INS0033,2026-01-12,2740,32.3361,88600.91,1703.39,GBP,MOCK_FEED
POS00900920260112,PORT009,INS0034,2026-01-12,1992,58.5508,116633.19,1293.66,USD,MOCK_FEED
POS00901020260112,PORT009,INS0035,2026-01-12,1815,10.0807,18296.47,164.41,EUR,MOCK_FEED
POS00900120260113,PORT009,INS0026,2026-01-13,2385,63.7622,152072.85,4600.76,GBP,MOCK_FEED
POS00900220260113,PORT009,INS0027,2026-01-13,2545,16.2312,41308.4,-430.1,INR,MOCK_FEED
POS00900320260113,PORT009,INS0028,2026-01-13,1064,52.5819,55947.14,424.71,GBP,MOCK_FEED
POS00900420260113,PORT009,INS0029,2026-01-13,3799,17.8055,67643.09,-1212.11,EUR,MOCK_FEED
POS00900520260113,PORT009,INS0030,2026-01-13,3357,48.0869,161427.72,2195.74,GBP,MOCK_FEED
POS00900620260113,PORT009,INS0031,2026-01-13,4652,51.8288,241107.58,1528.01,EUR,MOCK_FEED
POS00900720260113,PORT009,INS0032,2026-01-13,1248,60.088,74989.82,-1668.37,EUR,MOCK_FEED
POS00900820260113,PORT009,INS0033,2026-01-13,2645,32.5984,86222.77,1445.71,USD,MOCK_FEED
POS00900920260113,PORT009,INS0034,2026-01-13,4137,58.0223,240038.26,-3843.05,GBP,MOCK_FEED
POS00901020260113,PORT009,INS0035,2026-01-13,3275,9.9873,32708.41,267.32,EUR,MOCK_FEED
POS00900120260114,PORT009,INS0026,2026-01-14,4441,64.619,286972.98,-1952.45,INR,MOCK_FEED
POS00900220260114,PORT009,INS0027,2026-01-14,2105,16.2617,34230.88,915.1,USD,MOCK_FEED
POS00900320260114,PORT009,INS0028,2026-01-14,2815,52.049,146517.93,827.73,USD,MOCK_FEED
POS00900420260114,PORT009,INS0029,2026-01-14,2750,17.602,48405.5,176.81,EUR,MOCK_FEED
POS00900520260114,PORT009,INS0030,2026-01-14,1693,47.4345,80306.61,2715.44,INR,MOCK_FEED
POS00900620260114,PORT009,INS0031,2026-01-14,2932,51.7804,151820.13,3818.6,USD,MOCK_FEED
POS00900720260114,PORT009,INS0032,2026-01-14,1986,59.8789,118919.5,3862.18,EUR,MOCK_FEED
POS00900820260114,PORT009,INS0033,2026-01-14,2607,32.3802,84415.18,1683.73,GBP,MOCK_FEED
POS00900920260114,PORT009,INS0034,2026-01-14,1698,58.5169,99361.7,2300.3,EUR,MOCK_FEED
POS00901020260114,PORT009,INS0035,2026-01-14,710,10.1579,7212.11,54.52,EUR,MOCK_FEED
POS00900120260115,PORT009,INS0026,2026-01-15,2297,65.4761,150398.6,1613.65,INR,MOCK_FEED
POS00900220260115,PORT009,INS0027,2026-01-15,1075,16.3467,17572.7,67.69,GBP,MOCK_FEED
POS00900320260115,PORT009,INS0028,2026-01-15,2943,51.9237,152811.45,4741.65,USD,MOCK_FEED
POS00900420260115,PORT009,INS0029,2026-01-15,3777,18.2108,68782.19,1346.36,INR,MOCK_FEED
POS00900520260115,PORT009,INS0030,2026-01-15,1322,47.8019,63194.11,-35.54,INR,MOCK_FEED
POS00900620260115,PORT009,INS0031,2026-01-15,2078,52.0356,108129.98,548.47,EUR,MOCK_FEED
POS00900720260115,PORT009,INS0032,2026-01-15,2452,59.9786,147067.53,-4033.69,INR,MOCK_FEED
POS00900820260115,PORT009,INS0033,2026-01-15,780,32.0646,25010.39,412.42,GBP,MOCK_FEED
POS00900920260115,PORT009,INS0034,2026-01-15,3976,59.6919,237334.99,-1164.34,USD,MOCK_FEED
POS00901020260115,PORT009,INS0035,2026-01-15,2081,10.2392,21307.78,-98.02,INR,MOCK_FEED
POS00900120260116,PORT009,INS0026,2026-01-16,4776,66.0321,315369.31,-8105.75,INR,MOCK_FEED
POS00900220260116,PORT009,INS0027,2026-01-16,1934,16.4951,31901.52,1245.49,EUR,MOCK_FEED
POS00900320260116,PORT009,INS0028,2026-01-16,1513,52.0375,78732.74,-1064.99,EUR,MOCK_FEED
POS00900420260116,PORT009,INS0029,2026-01-16,3313,18.2072,60320.45,713.69,GBP,MOCK_FEED
POS00900520260116,PORT009,INS0030,2026-01-16,3496,48.126,168248.5,-355.64,GBP,MOCK_FEED
POS00900620260116,PORT009,INS0031,2026-01-16,2571,51.411,132177.68,-2151.97,USD,MOCK_FEED
POS00900720260116,PORT009,INS0032,2026-01-16,2634,59.0157,155447.35,-479.21,USD,MOCK_FEED
POS00900820260116,PORT009,INS0033,2026-01-16,2354,32.5391,76597.04,2866.53,USD,MOCK_FEED
POS00900920260116,PORT009,INS0034,2026-01-16,1985,60.717,120523.24,4561.41,INR,MOCK_FEED
POS00901020260116,PORT009,INS0035,2026-01-16,221,10.1703,2247.64,75.26,USD,MOCK_FEED
POS00900120260117,PORT009,INS0026,2026-01-17,4054,66.327,268889.66,5922.15,EUR,MOCK_FEED
POS00900220260117,PORT009,INS0027,2026-01-17,4685,16.7474,78461.57,-1883.79,USD,MOCK_FEED
POS00900320260117,PORT009,INS0028,2026-01-17,1616,52.5424,84908.52,-2336.4,USD,MOCK_FEED
POS00900420260117,PORT009,INS0029,2026-01-17,1683,18.0067,30305.28,221.47,USD,MOCK_FEED
POS00900520260117,PORT009,INS0030,2026-01-17,3225,47.5918,153483.55,4186.91,USD,MOCK_FEED
POS00900620260117,PORT009,INS0031,2026-01-17,3698,51.9815,192227.59,2376.03,EUR,MOCK_FEED
POS00900720260117,PORT009,INS0032,2026-01-17,1396,59.6576,83282.01,-675.11,GBP,MOCK_FEED
POS00900820260117,PORT009,INS0033,2026-01-17,3630,32.5534,118168.84,-929.13,GBP,MOCK_FEED
POS00900920260117,PORT009,INS0034,2026-01-17,2644,61.1096,161573.78,3477.53,EUR,MOCK_FEED
POS00901020260117,PORT009,INS0035,2026-01-17,249,10.2847,2560.89,26.26,GBP,MOCK_FEED
POS00900120260118,PORT009,INS0026,2026-01-18,2216,65.1498,144371.96,2259.76,USD,MOCK_FEED
POS00900220260118,PORT009,INS0027,2026-01-18,257,16.6744,4285.32,-39.64,INR,MOCK_FEED
POS00900320260118,PORT009,INS0028,2026-01-18,955,52.4349,50075.33,562.06,GBP,MOCK_FEED
POS00900420260118,PORT009,INS0029,2026-01-18,1099,18.0234,19807.72,382.2,USD,MOCK_FEED
POS00900520260118,PORT009,INS0030,2026-01-18,3771,47.2406,178144.3,-3145.62,INR,MOCK_FEED
POS00900620260118,PORT009,INS0031,2026-01-18,908,52.1764,47376.17,558.88,GBP,MOCK_FEED
POS00900720260118,PORT009,INS0032,2026-01-18,3404,59.9845,204187.24,1898.03,EUR,MOCK_FEED
POS00900820260118,PORT009,INS0033,2026-01-18,198,33.4561,6624.31,146.18,INR,MOCK_FEED
POS00900920260118,PORT009,INS0034,2026-01-18,3740,59.8733,223926.14,-2919.19,USD,MOCK_FEED
POS00901020260118,PORT009,INS0035,2026-01-18,3125,10.3791,32434.69,1045.78,EUR,MOCK_FEED
POS00900120260119,PORT009,INS0026,2026-01-19,2804,65.0808,182486.56,-2231.22,EUR,MOCK_FEED
POS00900220260119,PORT009,INS0027,2026-01-19,2782,16.6359,46281.07,313.87,GBP,MOCK_FEED
POS00900320260119,PORT009,INS0028,2026-01-19,1460,53.318,77844.28,1407.79,USD,MOCK_FEED
POS00900420260119,PORT009,INS0029,2026-01-19,3930,17.984,70677.12,-397.14,EUR,MOCK_FEED
POS00900520260119,PORT009,INS0030,2026-01-19,1164,46.7072,54367.18,203.16,EUR,MOCK_FEED
POS00900620260119,PORT009,INS0031,2026-01-19,1825,51.4602,93914.87,-1773.57,USD,MOCK_FEED
POS00900720260119,PORT009,INS0032,2026-01-19,3867,59.6748,230762.45,-2862.31,GBP,MOCK_FEED
POS00900820260119,PORT009,INS0033,2026-01-19,1491,33.4476,49870.37,-561.06,USD,MOCK_FEED
POS00900920260119,PORT009,INS0034,2026-01-19,4465,59.3222,264873.62,6537.58,EUR,MOCK_FEED
POS00901020260119,PORT009,INS0035,2026-01-19,1705,10.3874,17710.52,681.61,GBP,MOCK_FEED
POS00900120260120,PORT009,INS0026,2026-01-20,746,63.9845,47732.44,153.36,INR,MOCK_FEED
POS00900220260120,PORT009,INS0027,2026-01-20,995,16.977,16892.12,-201.47,GBP,MOCK_FEED
POS00900320260120,PORT009,INS0028,2026-01-20,676,53.5485,36198.79,-11.33,INR,MOCK_FEED
POS00900420260120,PORT009,INS0029,2026-01-20,319,17.9197,5716.38,-33.99,USD,MOCK_FEED
POS00900520260120,PORT009,INS0030,2026-01-20,2339,47.246,110508.39,-2498.03,EUR,MOCK_FEED
POS00900620260120,PORT009,INS0031,2026-01-20,4096,51.5956,211335.58,1366.31,EUR,MOCK_FEED
POS00900720260120,PORT009,INS0032,2026-01-20,4105,60.2944,247508.51,-3717.5,INR,MOCK_FEED
POS00900820260120,PORT009,INS0033,2026-01-20,3563,33.2438,118447.66,1156.01,EUR,MOCK_FEED
POS00900920260120,PORT009,INS0034,2026-01-20,2639,59.7295,157626.15,-3923.53,INR,MOCK_FEED
POS00901020260120,PORT009,INS0035,2026-01-20,3761,10.4707,39380.3,948.24,USD,MOCK_FEED
POS00900120260121,PORT009,INS0026,2026-01-21,4895,65.4402,320329.78,1937.01,EUR,MOCK_FEED
POS00900220260121,PORT009,INS0027,2026-01-21,747,16.3638,12223.76,401.24,INR,MOCK_FEED
POS00900320260121,PORT009,INS0028,2026-01-21,2990,54.4235,162726.26,-3182.68,INR,MOCK_FEED
POS00900420260121,PORT009,INS0029,2026-01-21,4710,17.8302,83980.24,2604.03,GBP,MOCK_FEED
POS00900520260121,PORT009,INS0030,2026-01-21,1616,47.4977,76756.28,96.87,GBP,MOCK_FEED
POS00900620260121,PORT009,INS0031,2026-01-21,1211,52.0616,63046.6,-222.68,EUR,MOCK_FEED
POS00900720260121,PORT009,INS0032,2026-01-21,3346,60.4133,202142.9,-5933.4,EUR,MOCK_FEED
POS00900820260121,PORT009,INS0033,2026-01-21,401,33.6154,13479.78,49.65,USD,MOCK_FEED
POS00900920260121,PORT009,INS0034,2026-01-21,3785,59.4933,225182.14,-5023.19,EUR,MOCK_FEED
POS00901020260121,PORT009,INS0035,2026-01-21,3653,10.5453,38521.98,1237.99,GBP,MOCK_FEED
POS00900120260122,PORT009,INS0026,2026-01-22,1852,64.4952,119445.11,-1125.44,EUR,MOCK_FEED
POS00900220260122,PORT009,INS0027,2026-01-22,4865,16.4626,80090.55,-1682.04,GBP,MOCK_FEED
POS00900320260122,PORT009,INS0028,2026-01-22,4180,54.4703,227685.85,-4051.8,EUR,MOCK_FEED
POS00900420260122,PORT009,INS0029,2026-01-22,2293,18.0167,41312.29,213.3,EUR,MOCK_FEED
POS00900520260122,PORT009,INS0030,2026-01-22,1322,47.4631,62746.22,-374.97,USD,MOCK_FEED
POS00900620260122,PORT009,INS0031,2026-01-22,4791,51.281,245687.27,-5557.17,INR,MOCK_FEED
POS00900720260122,PORT009,INS0032,2026-01-22,3646,60.4284,220321.95,-1200.63,EUR,MOCK_FEED
POS00900820260122,PORT009,INS0033,2026-01-22,3958,33.8925,134146.51,3503.28,EUR,MOCK_FEED
POS00900920260122,PORT009,INS0034,2026-01-22,482,58.8951,28387.44,-785.55,EUR,MOCK_FEED
POS00901020260122,PORT009,INS0035,2026-01-22,3976,10.645,42324.52,-1112.44,USD,MOCK_FEED
POS00900120260123,PORT009,INS0026,2026-01-23,2288,64.9074,148508.13,2300.44,EUR,MOCK_FEED
POS00900220260123,PORT009,INS0027,2026-01-23,4232,16.4399,69573.66,1365.25,EUR,MOCK_FEED
POS00900320260123,PORT009,INS0028,2026-01-23,754,53.3253,40207.28,624.55,INR,MOCK_FEED
POS00900420260123,PORT009,INS0029,2026-01-23,3838,17.9866,69032.57,858.85,USD,MOCK_FEED
POS00900520260123,PORT009,INS0030,2026-01-23,4429,47.9969,212578.27,4707.76,USD,MOCK_FEED
POS00900620260123,PORT009,INS0031,2026-01-23,3968,51.0374,202516.4,-3471.13,INR,MOCK_FEED
POS00900720260123,PORT009,INS0032,2026-01-23,2470,59.9519,148081.19,5713.15,USD,MOCK_FEED
POS00900820260123,PORT009,INS0033,2026-01-23,1181,33.2735,39296.0,626.2,USD,MOCK_FEED
POS00900920260123,PORT009,INS0034,2026-01-23,4798,58.2875,279663.42,-4662.07,INR,MOCK_FEED
POS00901020260123,PORT009,INS0035,2026-01-23,969,10.4921,10166.84,-277.6,INR,MOCK_FEED
POS00900120260124,PORT009,INS0026,2026-01-24,2875,63.9827,183950.26,2473.63,EUR,MOCK_FEED
POS00900220260124,PORT009,INS0027,2026-01-24,845,16.8886,14270.87,-341.85,GBP,MOCK_FEED
POS00900320260124,PORT009,INS0028,2026-01-24,3761,54.1729,203744.28,6011.05,USD,MOCK_FEED
POS00900420260124,PORT009,INS0029,2026-01-24,2232,18.4339,41144.46,-614.33,EUR,MOCK_FEED
POS00900520260124,PORT009,INS0030,2026-01-24,3912,47.9853,187718.49,6686.36,INR,MOCK_FEED
POS00900620260124,PORT009,INS0031,2026-01-24,4218,50.4553,212820.46,7801.75,INR,MOCK_FEED
POS00900720260124,PORT009,INS0032,2026-01-24,4467,59.3455,265096.35,3553.64,INR,MOCK_FEED
POS00900820260124,PORT009,INS0033,2026-01-24,1966,33.1854,65242.5,306.58,EUR,MOCK_FEED
POS00900920260124,PORT009,INS0034,2026-01-24,867,58.8672,51037.86,1243.42,GBP,MOCK_FEED
POS00901020260124,PORT009,INS0035,2026-01-24,3710,10.4629,38817.36,-283.74,INR,MOCK_FEED
POS00900120260125,PORT009,INS0026,2026-01-25,1529,62.4488,95484.22,584.79,GBP,MOCK_FEED
POS00900220260125,PORT009,INS0027,2026-01-25,728,16.7983,12229.16,-179.28,USD,MOCK_FEED
POS00900320260125,PORT009,INS0028,2026-01-25,2774,53.3716,148052.82,3080.24,GBP,MOCK_FEED
POS00900420260125,PORT009,INS0029,2026-01-25,3603,18.4797,66582.36,2036.69,USD,MOCK_FEED
POS00900520260125,PORT009,INS0030,2026-01-25,4521,48.3145,218429.85,4725.11,USD,MOCK_FEED
POS00900620260125,PORT009,INS0031,2026-01-25,4172,50.8114,211985.16,1571.39,GBP,MOCK_FEED
POS00900720260125,PORT009,INS0032,2026-01-25,4358,59.8933,261015.0,4614.22,USD,MOCK_FEED
POS00900820260125,PORT009,INS0033,2026-01-25,2255,33.4357,75397.5,-1872.89,INR,MOCK_FEED
POS00900920260125,PORT009,INS0034,2026-01-25,4796,58.433,280244.67,1874.95,INR,MOCK_FEED
POS00901020260125,PORT009,INS0035,2026-01-25,2623,10.4973,27534.42,-684.51,INR,MOCK_FEED
POS00900120260126,PORT009,INS0026,2026-01-26,2397,62.4702,149741.07,3983.71,INR,MOCK_FEED
POS00900220260126,PORT009,INS0027,2026-01-26,4476,16.8183,75278.71,-1021.08,EUR,MOCK_FEED
POS00900320260126,PORT009,INS0028,2026-01-26,456,53.2712,24291.67,-7.56,GBP,MOCK_FEED
POS00900420260126,PORT009,INS0029,2026-01-26,3723,18.4024,68512.14,-1210.24,INR,MOCK_FEED
POS00900520260126,PORT009,INS0030,2026-01-26,2313,49.1012,113571.08,1092.02,EUR,MOCK_FEED
POS00900620260126,PORT009,INS0031,2026-01-26,601,51.4655,30930.77,344.83,USD,MOCK_FEED
POS00900720260126,PORT009,INS0032,2026-01-26,4998,58.9437,294600.61,-3952.69,INR,MOCK_FEED
POS00900820260126,PORT009,INS0033,2026-01-26,1173,33.1394,38872.52,-548.94,USD,MOCK_FEED
POS00900920260126,PORT009,INS0034,2026-01-26,3724,58.8554,219177.51,1247.48,USD,MOCK_FEED
POS00901020260126,PORT009,INS0035,2026-01-26,518,10.4234,5399.32,142.51,USD,MOCK_FEED
POS00900120260127,PORT009,INS0026,2026-01-27,1989,63.6597,126619.14,3654.58,GBP,MOCK_FEED
POS00900220260127,PORT009,INS0027,2026-01-27,1279,17.0928,21861.69,755.27,USD,MOCK_FEED
POS00900320260127,PORT009,INS0028,2026-01-27,3841,51.8623,199203.09,1718.93,INR,MOCK_FEED
POS00900420260127,PORT009,INS0029,2026-01-27,4752,18.4683,87761.36,-2101.09,GBP,MOCK_FEED
POS00900520260127,PORT009,INS0030,2026-01-27,4658,48.5648,226214.84,7722.29,INR,MOCK_FEED
POS00900620260127,PORT009,INS0031,2026-01-27,4607,51.5112,237312.1,-1070.74,EUR,MOCK_FEED
POS00900720260127,PORT009,INS0032,2026-01-27,2212,59.1156,130763.71,4571.04,EUR,MOCK_FEED
POS00900820260127,PORT009,INS0033,2026-01-27,1129,32.9553,37206.53,-886.36,INR,MOCK_FEED
POS00900920260127,PORT009,INS0034,2026-01-27,2456,58.0037,142457.09,2909.5,GBP,MOCK_FEED
POS00901020260127,PORT009,INS0035,2026-01-27,4017,10.4141,41833.44,956.43,USD,MOCK_FEED
POS00900120260128,PORT009,INS0026,2026-01-28,1027,63.8115,65534.41,468.4,EUR,MOCK_FEED
POS00900220260128,PORT009,INS0027,2026-01-28,4613,17.0684,78736.53,-196.3,INR,MOCK_FEED
POS00900320260128,PORT009,INS0028,2026-01-28,4544,52.5371,238728.58,4582.61,EUR,MOCK_FEED
POS00900420260128,PORT009,INS0029,2026-01-28,4782,18.3678,87834.82,-521.89,USD,MOCK_FEED
POS00900520260128,PORT009,INS0030,2026-01-28,4273,48.8316,208657.43,3810.36,EUR,MOCK_FEED
POS00900620260128,PORT009,INS0031,2026-01-28,3484,50.7072,176663.88,4258.31,USD,MOCK_FEED
POS00900720260128,PORT009,INS0032,2026-01-28,1849,59.7375,110454.64,1795.6,USD,MOCK_FEED
POS00900820260128,PORT009,INS0033,2026-01-28,3355,32.6875,109666.56,2216.95,GBP,MOCK_FEED
POS00900920260128,PORT009,INS0034,2026-01-28,1241,57.6065,71489.67,2044.68,USD,MOCK_FEED
POS00901020260128,PORT009,INS0035,2026-01-28,3773,10.5384,39761.38,277.09,GBP,MOCK_FEED
POS00900120260129,PORT009,INS0026,2026-01-29,3845,64.4312,247737.96,6869.97,USD,MOCK_FEED
POS00900220260129,PORT009,INS0027,2026-01-29,1201,16.9665,20376.77,688.57,INR,MOCK_FEED
POS00900320260129,PORT009,INS0028,2026-01-29,3761,51.705,194462.51,6082.83,GBP,MOCK_FEED
POS00900420260129,PORT009,INS0029,2026-01-29,1427,18.4612,26344.13,-757.21,EUR,MOCK_FEED
POS00900520260129,PORT009,INS0030,2026-01-29,4991,48.5185,242155.83,-798.95,INR,MOCK_FEED
POS00900620260129,PORT009,INS0031,2026-01-29,3488,50.2897,175410.47,-5222.82,EUR,MOCK_FEED
POS00900720260129,PORT009,INS0032,2026-01-29,4697,59.461,279288.32,-4842.47,USD,MOCK_FEED
POS00900820260129,PORT009,INS0033,2026-01-29,2155,32.4418,69912.08,-425.22,USD,MOCK_FEED
POS00900920260129,PORT009,INS0034,2026-01-29,3286,58.1561,191100.94,3576.37,USD,MOCK_FEED
POS00901020260129,PORT009,INS0035,2026-01-29,2668,10.5306,28095.64,-111.35,EUR,MOCK_FEED
POS00900120260130,PORT009,INS0026,2026-01-30,1903,63.5857,121003.59,3057.46,EUR,MOCK_FEED
POS00900220260130,PORT009,INS0027,2026-01-30,4080,17.2462,70364.5,-1574.72,USD,MOCK_FEED
POS00900320260130,PORT009,INS0028,2026-01-30,4567,51.2159,233903.02,-3961.31,INR,MOCK_FEED
POS00900420260130,PORT009,INS0029,2026-01-30,640,18.292,11706.88,307.56,GBP,MOCK_FEED
POS00900520260130,PORT009,INS0030,2026-01-30,3358,48.3933,162504.7,1402.62,EUR,MOCK_FEED
POS00900620260130,PORT009,INS0031,2026-01-30,4889,50.1506,245186.28,6661.2,USD,MOCK_FEED
POS00900720260130,PORT009,INS0032,2026-01-30,889,58.3426,51866.57,79.96,USD,MOCK_FEED
POS00900820260130,PORT009,INS0033,2026-01-30,1933,31.7166,61308.19,-1003.85,USD,MOCK_FEED
POS00900920260130,PORT009,INS0034,2026-01-30,3460,58.5864,202708.94,-4256.0,GBP,MOCK_FEED
POS00901020260130,PORT009,INS0035,2026-01-30,1232,10.4928,12927.13,287.27,INR,MOCK_FEED
POS00900120260131,PORT009,INS0026,2026-01-31,2224,64.5516,143562.76,-662.58,GBP,MOCK_FEED
POS00900220260131,PORT009,INS0027,2026-01-31,2990,17.3426,51854.37,-1075.92,USD,MOCK_FEED
POS00900320260131,PORT009,INS0028,2026-01-31,3092,51.5157,159286.54,483.25,INR,MOCK_FEED
POS00900420260131,PORT009,INS0029,2026-01-31,2620,18.495,48456.9,304.62,GBP,MOCK_FEED
POS00900520260131,PORT009,INS0030,2026-01-31,3325,48.7392,162057.84,3447.79,USD,MOCK_FEED
POS00900620260131,PORT009,INS0031,2026-01-31,3978,50.7404,201845.31,2454.87,INR,MOCK_FEED
POS00900720260131,PORT009,INS0032,2026-01-31,1788,59.4695,106331.47,1363.65,EUR,MOCK_FEED
POS00900820260131,PORT009,INS0033,2026-01-31,3434,31.6113,108553.2,3390.65,USD,MOCK_FEED
POS00900920260131,PORT009,INS0034,2026-01-31,1063,59.5405,63291.55,-1712.46,INR,MOCK_FEED
POS00901020260131,PORT009,INS0035,2026-01-31,4136,10.7049,44275.47,495.26,USD,MOCK_FEED
POS00900120260201,PORT009,INS0026,2026-02-01,2619,64.6559,169333.8,-938.82,INR,MOCK_FEED
POS00900220260201,PORT009,INS0027,2026-02-01,2319,17.7318,41120.04,-595.93,EUR,MOCK_FEED
POS00900320260201,PORT009,INS0028,2026-02-01,4699,51.7855,243340.06,-4733.87,USD,MOCK_FEED
POS00900420260201,PORT009,INS0029,2026-02-01,4819,18.7274,90247.34,3350.39,INR,MOCK_FEED
POS00900520260201,PORT009,INS0030,2026-02-01,4092,48.1531,197042.49,7617.44,USD,MOCK_FEED
POS00900620260201,PORT009,INS0031,2026-02-01,2852,51.7337,147544.51,-239.81,GBP,MOCK_FEED
POS00900720260201,PORT009,INS0032,2026-02-01,1024,58.9754,60390.81,37.8,GBP,MOCK_FEED
POS00900820260201,PORT009,INS0033,2026-02-01,2824,31.5748,89167.24,339.91,INR,MOCK_FEED
POS00900920260201,PORT009,INS0034,2026-02-01,1240,59.259,73481.16,-1377.68,USD,MOCK_FEED
POS00901020260201,PORT009,INS0035,2026-02-01,3452,10.7961,37268.14,-117.6,GBP,MOCK_FEED
POS00900120260202,PORT009,INS0026,2026-02-02,4289,66.3094,284401.02,-1792.75,INR,MOCK_FEED
POS00900220260202,PORT009,INS0027,2026-02-02,3832,17.7697,68093.49,-1955.8,USD,MOCK_FEED
POS00900320260202,PORT009,INS0028,2026-02-02,3626,52.7087,191121.75,5390.17,GBP,MOCK_FEED
POS00900420260202,PORT009,INS0029,2026-02-02,2823,18.964,53535.37,-607.97,USD,MOCK_FEED
POS00900520260202,PORT009,INS0030,2026-02-02,205,48.1969,9880.36,189.22,INR,MOCK_FEED
POS00900620260202,PORT009,INS0031,2026-02-02,2106,52.5019,110569.0,1430.82,EUR,MOCK_FEED
POS00900720260202,PORT009,INS0032,2026-02-02,1097,59.1845,64925.4,1822.57,USD,MOCK_FEED
POS00900820260202,PORT009,INS0033,2026-02-02,783,31.6336,24769.11,-577.21,USD,MOCK_FEED
POS00900920260202,PORT009,INS0034,2026-02-02,4716,58.3464,275161.62,1044.41,USD,MOCK_FEED
POS00901020260202,PORT009,INS0035,2026-02-02,1449,10.898,15791.2,471.76,EUR,MOCK_FEED
POS00900120260203,PORT009,INS0026,2026-02-03,2874,66.0247,189754.99,-1101.68,EUR,MOCK_FEED
POS00900220260203,PORT009,INS0027,2026-02-03,2839,17.7847,50490.76,1518.82,USD,MOCK_FEED
POS00900320260203,PORT009,INS0028,2026-02-03,2413,52.9815,127844.36,-1313.79,EUR,MOCK_FEED
POS00900420260203,PORT009,INS0029,2026-02-03,2285,18.963,43330.46,-209.6,EUR,MOCK_FEED
POS00900520260203,PORT009,INS0030,2026-02-03,4204,48.7186,204812.99,6127.68,EUR,MOCK_FEED
POS00900620260203,PORT009,INS0031,2026-02-03,1450,52.3803,75951.43,1676.54,GBP,MOCK_FEED
POS00900720260203,PORT009,INS0032,2026-02-03,3108,59.233,184096.16,5670.85,EUR,MOCK_FEED
POS00900820260203,PORT009,INS0033,2026-02-03,4763,31.0504,147893.06,1152.0,GBP,MOCK_FEED
POS00900920260203,PORT009,INS0034,2026-02-03,4608,59.2514,273030.45,2058.64,GBP,MOCK_FEED
POS00901020260203,PORT009,INS0035,2026-02-03,3982,10.906,43427.69,1581.41,USD,MOCK_FEED
POS00900120260204,PORT009,INS0026,2026-02-04,4291,66.7025,286220.43,10061.43,GBP,MOCK_FEED
POS00900220260204,PORT009,INS0027,2026-02-04,2778,18.2877,50803.23,178.68,GBP,MOCK_FEED
POS00900320260204,PORT009,INS0028,2026-02-04,4120,52.1007,214654.88,4295.26,EUR,MOCK_FEED
POS00900420260204,PORT009,INS0029,2026-02-04,2001,18.9441,37907.14,1494.34,EUR,MOCK_FEED
POS00900520260204,PORT009,INS0030,2026-02-04,2010,48.567,97619.67,3799.16,USD,MOCK_FEED
POS00900620260204,PORT009,INS0031,2026-02-04,121,51.4118,6220.83,43.34,EUR,MOCK_FEED
POS00900720260204,PORT009,INS0032,2026-02-04,1466,58.5043,85767.3,-2090.43,USD,MOCK_FEED
POS00900820260204,PORT009,INS0033,2026-02-04,825,31.4788,25970.01,-311.5,GBP,MOCK_FEED
POS00900920260204,PORT009,INS0034,2026-02-04,1147,58.3261,66900.04,-1724.78,GBP,MOCK_FEED
POS00901020260204,PORT009,INS0035,2026-02-04,2418,11.0637,26752.03,-57.8,EUR,MOCK_FEED
POS00900120260205,PORT009,INS0026,2026-02-05,4444,66.8671,297157.39,996.05,USD,MOCK_FEED
POS00900220260205,PORT009,INS0027,2026-02-05,3694,18.1932,67205.68,-1850.56,INR,MOCK_FEED
POS00900320260205,PORT009,INS0028,2026-02-05,4888,52.4677,256462.12,1826.64,EUR,MOCK_FEED
POS00900420260205,PORT009,INS0029,2026-02-05,1930,18.8769,36432.42,8.45,EUR,MOCK_FEED
POS00900520260205,PORT009,INS0030,2026-02-05,2758,48.7207,134371.69,509.21,GBP,MOCK_FEED
POS00900620260205,PORT009,INS0031,2026-02-05,2857,52.0609,148737.99,4449.56,EUR,MOCK_FEED
POS00900720260205,PORT009,INS0032,2026-02-05,4512,58.3366,263214.74,4982.85,USD,MOCK_FEED
POS00900820260205,PORT009,INS0033,2026-02-05,3682,31.7185,116787.52,-1601.25,EUR,MOCK_FEED
POS00900920260205,PORT009,INS0034,2026-02-05,4600,57.5718,264830.28,-5541.74,USD,MOCK_FEED
POS00901020260205,PORT009,INS0035,2026-02-05,4603,11.0967,51078.11,-699.93,INR,MOCK_FEED
POS00900120260206,PORT009,INS0026,2026-02-06,4874,66.927,326202.2,3911.67,INR,MOCK_FEED
POS00900220260206,PORT009,INS0027,2026-02-06,820,18.3253,15026.75,341.51,GBP,MOCK_FEED
POS00900320260206,PORT009,INS0028,2026-02-06,3476,52.4527,182325.59,-2774.54,GBP,MOCK_FEED
POS00900420260206,PORT009,INS0029,2026-02-06,410,19.0606,7814.85,-225.94,USD,MOCK_FEED
POS00900520260206,PORT009,INS0030,2026-02-06,2949,48.5218,143090.79,-1873.72,GBP,MOCK_FEED
POS00900620260206,PORT009,INS0031,2026-02-06,2582,51.7287,133563.5,5307.95,USD,MOCK_FEED
POS00900720260206,PORT009,INS0032,2026-02-06,2107,58.9165,124137.07,-1868.17,INR,MOCK_FEED
POS00900820260206,PORT009,INS0033,2026-02-06,421,31.3208,13186.06,-339.37,INR,MOCK_FEED
POS00900920260206,PORT009,INS0034,2026-02-06,4457,57.2744,255272.0,823.55,EUR,MOCK_FEED
POS00901020260206,PORT009,INS0035,2026-02-06,3890,11.0349,42925.76,-1210.14,USD,MOCK_FEED
POS00900120260207,PORT009,INS0026,2026-02-07,131,67.7034,8869.15,93.06,GBP,MOCK_FEED
POS00900220260207,PORT009,INS0027,2026-02-07,286,18.2917,5231.43,126.15,GBP,MOCK_FEED
POS00900320260207,PORT009,INS0028,2026-02-07,4093,52.3123,214114.24,5266.7,INR,MOCK_FEED
POS00900420260207,PORT009,INS0029,2026-02-07,4757,19.2335,91493.76,-1334.52,INR,MOCK_FEED
POS00900520260207,PORT009,INS0030,2026-02-07,1606,48.7528,78297.0,-376.68,INR,MOCK_FEED
POS00900620260207,PORT009,INS0031,2026-02-07,3194,52.3107,167080.38,-763.19,USD,MOCK_FEED
POS00900720260207,PORT009,INS0032,2026-02-07,3126,59.7046,186636.58,-1743.63,GBP,MOCK_FEED
POS00900820260207,PORT009,INS0033,2026-02-07,4507,31.7338,143024.24,665.99,INR,MOCK_FEED
POS00900920260207,PORT009,INS0034,2026-02-07,3616,56.7899,205352.28,-4872.95,INR,MOCK_FEED
POS00901020260207,PORT009,INS0035,2026-02-07,1690,10.9629,18527.3,235.18,INR,MOCK_FEED
POS00900120260208,PORT009,INS0026,2026-02-08,4487,65.6382,294518.6,3691.8,USD,MOCK_FEED
POS00900220260208,PORT009,INS0027,2026-02-08,1450,18.3626,26625.77,-438.43,USD,MOCK_FEED
POS00900320260208,PORT009,INS0028,2026-02-08,4691,52.1026,244413.3,6714.65,USD,MOCK_FEED
POS00900420260208,PORT009,INS0029,2026-02-08,4050,19.4109,78614.15,-2224.44,EUR,MOCK_FEED
POS00900520260208,PORT009,INS0030,2026-02-08,2398,48.6368,116631.05,3830.88,GBP,MOCK_FEED
POS00900620260208,PORT009,INS0031,2026-02-08,4230,51.5805,218185.52,-1832.93,INR,MOCK_FEED
POS00900720260208,PORT009,INS0032,2026-02-08,1310,60.2056,78869.34,2589.23,INR,MOCK_FEED
POS00900820260208,PORT009,INS0033,2026-02-08,2911,31.5045,91709.6,-1784.53,USD,MOCK_FEED
POS00900920260208,PORT009,INS0034,2026-02-08,1113,57.1352,63591.48,2034.22,INR,MOCK_FEED
POS00901020260208,PORT009,INS0035,2026-02-08,4502,11.0474,49735.39,-756.01,EUR,MOCK_FEED
POS00900120260209,PORT009,INS0026,2026-02-09,4696,64.4658,302731.4,10038.91,INR,MOCK_FEED
POS00900220260209,PORT009,INS0027,2026-02-09,3020,18.9299,57168.3,-736.9,GBP,MOCK_FEED
POS00900320260209,PORT009,INS0028,2026-02-09,2757,51.868,143000.08,886.62,EUR,MOCK_FEED
POS00900420260209,PORT009,INS0029,2026-02-09,3186,19.5996,62444.33,981.59,USD,MOCK_FEED
POS00900520260209,PORT009,INS0030,2026-02-09,2589,50.0326,129534.4,212.73,EUR,MOCK_FEED
POS00900620260209,PORT009,INS0031,2026-02-09,4761,51.7394,246331.28,3847.42,EUR,MOCK_FEED
POS00900720260209,PORT009,INS0032,2026-02-09,2887,59.7809,172587.46,-3529.86,USD,MOCK_FEED
POS00900820260209,PORT009,INS0033,2026-02-09,3311,31.5958,104613.69,-2535.72,USD,MOCK_FEED
POS00900920260209,PORT009,INS0034,2026-02-09,1045,57.3313,59911.21,2265.22,GBP,MOCK_FEED
POS00901020260209,PORT009,INS0035,2026-02-09,220,11.0224,2424.93,69.83,INR,MOCK_FEED
POS00900120260210,PORT009,INS0026,2026-02-10,2177,64.8009,141071.56,2147.65,USD,MOCK_FEED
POS00900220260210,PORT009,INS0027,2026-02-10,4104,18.721,76830.98,-1846.42,EUR,MOCK_FEED
POS00900320260210,PORT009,INS0028,2026-02-10,4288,53.0814,227613.04,5505.02,INR,MOCK_FEED
POS00900420260210,PORT009,INS0029,2026-02-10,928,19.1862,17804.79,248.86,USD,MOCK_FEED
POS00900520260210,PORT009,INS0030,2026-02-10,3026,49.6146,150133.78,-2059.18,EUR,MOCK_FEED
POS00900620260210,PORT009,INS0031,2026-02-10,1938,52.3864,101524.84,-2474.74,EUR,MOCK_FEED
POS00900720260210,PORT009,INS0032,2026-02-10,1234,61.0761,75367.91,230.13,GBP,MOCK_FEED
POS00900820260210,PORT009,INS0033,2026-02-10,3621,32.0931,116209.12,1818.14,INR,MOCK_FEED
POS00900920260210,PORT009,INS0034,2026-02-10,4340,57.3302,248813.07,-4006.65,EUR,MOCK_FEED
POS00901020260210,PORT009,INS0035,2026-02-10,4850,11.1553,54103.21,-352.78,EUR,MOCK_FEED
POS00900120260211,PORT009,INS0026,2026-02-11,2194,64.4672,141441.04,4972.32,GBP,MOCK_FEED
POS00900220260211,PORT009,INS0027,2026-02-11,2265,18.6781,42305.9,1214.61,GBP,MOCK_FEED
POS00900320260211,PORT009,INS0028,2026-02-11,1797,53.5857,96293.5,-992.43,USD,MOCK_FEED
POS00900420260211,PORT009,INS0029,2026-02-11,4056,19.2761,78183.86,91.08,USD,MOCK_FEED
POS00900520260211,PORT009,INS0030,2026-02-11,2680,51.468,137934.24,-876.55,EUR,MOCK_FEED
POS00900620260211,PORT009,INS0031,2026-02-11,4651,51.0124,237258.67,-553.38,USD,MOCK_FEED
POS00900720260211,PORT009,INS0032,2026-02-11,4304,61.2719,263714.26,2959.05,USD,MOCK_FEED
POS00900820260211,PORT009,INS0033,2026-02-11,2501,31.5819,78986.33,286.74,USD,MOCK_FEED
POS00900920260211,PORT009,INS0034,2026-02-11,2511,56.6636,142282.3,3887.15,EUR,MOCK_FEED
POS00901020260211,PORT009,INS0035,2026-02-11,2063,11.2129,23132.21,-508.73,USD,MOCK_FEED
POS00900120260212,PORT009,INS0026,2026-02-12,472,62.8178,29650.0,-31.37,USD,MOCK_FEED
POS00900220260212,PORT009,INS0027,2026-02-12,3474,18.8825,65597.81,-484.54,EUR,MOCK_FEED
POS00900320260212,PORT009,INS0028,2026-02-12,1950,53.2515,103840.43,-2786.24,INR,MOCK_FEED
POS00900420260212,PORT009,INS0029,2026-02-12,2797,19.2061,53719.46,1525.68,EUR,MOCK_FEED
POS00900520260212,PORT009,INS0030,2026-02-12,3314,51.7762,171586.33,356.56,GBP,MOCK_FEED
POS00900620260212,PORT009,INS0031,2026-02-12,800,50.851,40680.8,-88.48,INR,MOCK_FEED
POS00900720260212,PORT009,INS0032,2026-02-12,2661,59.7432,158976.66,293.88,INR,MOCK_FEED
POS00900820260212,PORT009,INS0033,2026-02-12,1211,31.9541,38696.42,401.34,INR,MOCK_FEED
POS00900920260212,PORT009,INS0034,2026-02-12,3906,56.4594,220530.42,2209.29,GBP,MOCK_FEED
POS00901020260212,PORT009,INS0035,2026-02-12,253,11.2595,2848.65,-8.99,USD,MOCK_FEED
POS00900120260213,PORT009,INS0026,2026-02-13,1955,61.5831,120394.96,1358.48,INR,MOCK_FEED
POS00900220260213,PORT009,INS0027,2026-02-13,1279,19.1337,24472.0,-81.94,GBP,MOCK_FEED
POS00900320260213,PORT009,INS0028,2026-02-13,4991,53.2008,265525.19,4058.3,GBP,MOCK_FEED
POS00900420260213,PORT009,INS0029,2026-02-13,4993,19.3274,96501.71,-2301.25,INR,MOCK_FEED
POS00900520260213,PORT009,INS0030,2026-02-13,4010,51.072,204798.72,7310.9,USD,MOCK_FEED
POS00900620260213,PORT009,INS0031,2026-02-13,2880,50.8639,146488.03,4205.89,USD,MOCK_FEED
POS00900720260213,PORT009,INS0032,2026-02-13,2561,60.3827,154640.09,-3129.43,EUR,MOCK_FEED
POS00900820260213,PORT009,INS0033,2026-02-13,4387,31.8939,139918.54,-3674.86,EUR,MOCK_FEED
POS00900920260213,PORT009,INS0034,2026-02-13,1923,57.7609,111074.21,-2084.43,INR,MOCK_FEED
POS00901020260213,PORT009,INS0035,2026-02-13,4210,11.3165,47642.46,-156.4,EUR,MOCK_FEED
POS00900120260214,PORT009,INS0026,2026-02-14,3742,61.0045,228278.84,1844.14,GBP,MOCK_FEED
POS00900220260214,PORT009,INS0027,2026-02-14,1883,18.9367,35657.81,-381.96,EUR,MOCK_FEED
POS00900320260214,PORT009,INS0028,2026-02-14,2924,53.6963,157007.98,5009.91,USD,MOCK_FEED
POS00900420260214,PORT009,INS0029,2026-02-14,3121,19.3011,60238.73,2179.82,INR,MOCK_FEED
POS00900520260214,PORT009,INS0030,2026-02-14,300,52.478,15743.4,620.29,GBP,MOCK_FEED
POS00900620260214,PORT009,INS0031,2026-02-14,1862,50.0645,93220.1,-632.4,USD,MOCK_FEED
POS00900720260214,PORT009,INS0032,2026-02-14,1364,60.6914,82783.07,1977.92,USD,MOCK_FEED
POS00900820260214,PORT009,INS0033,2026-02-14,2379,31.9691,76054.49,-1445.99,EUR,MOCK_FEED
POS00900920260214,PORT009,INS0034,2026-02-14,2458,57.9879,142534.26,2758.11,EUR,MOCK_FEED
POS00901020260214,PORT009,INS0035,2026-02-14,4267,11.447,48844.35,243.67,GBP,MOCK_FEED
POS00900120260215,PORT009,INS0026,2026-02-15,4561,61.9998,282781.09,-5046.24,GBP,MOCK_FEED
POS00900220260215,PORT009,INS0027,2026-02-15,1971,19.1081,37662.07,-1120.8,EUR,MOCK_FEED
POS00900320260215,PORT009,INS0028,2026-02-15,4660,53.1088,247487.01,1339.79,GBP,MOCK_FEED
POS00900420260215,PORT009,INS0029,2026-02-15,3717,19.3052,71757.43,1093.49,GBP,MOCK_FEED
POS00900520260215,PORT009,INS0030,2026-02-15,3996,52.4813,209715.27,-1279.65,INR,MOCK_FEED
POS00900620260215,PORT009,INS0031,2026-02-15,1565,50.028,78293.82,524.18,EUR,MOCK_FEED
POS00900720260215,PORT009,INS0032,2026-02-15,4389,61.3887,269435.0,202.57,GBP,MOCK_FEED
POS00900820260215,PORT009,INS0033,2026-02-15,2270,31.3754,71222.16,2720.52,USD,MOCK_FEED
POS00900920260215,PORT009,INS0034,2026-02-15,937,58.6459,54951.21,2025.95,GBP,MOCK_FEED
POS00901020260215,PORT009,INS0035,2026-02-15,4310,11.4998,49564.14,1327.56,INR,MOCK_FEED
POS00900120260216,PORT009,INS0026,2026-02-16,560,61.5105,34445.88,-361.99,INR,MOCK_FEED
POS00900220260216,PORT009,INS0027,2026-02-16,1542,19.3395,29821.51,200.71,INR,MOCK_FEED
POS00900320260216,PORT009,INS0028,2026-02-16,4066,52.9682,215368.7,5963.57,EUR,MOCK_FEED
POS00900420260216,PORT009,INS0029,2026-02-16,4534,19.36,87778.24,670.07,GBP,MOCK_FEED
POS00900520260216,PORT009,INS0030,2026-02-16,361,51.6617,18649.87,-510.09,USD,MOCK_FEED
POS00900620260216,PORT009,INS0031,2026-02-16,4591,50.7494,232990.5,-1397.13,GBP,MOCK_FEED
POS00900720260216,PORT009,INS0032,2026-02-16,252,61.6663,15539.91,77.9,INR,MOCK_FEED
POS00900820260216,PORT009,INS0033,2026-02-16,3663,31.1218,113999.15,4111.93,EUR,MOCK_FEED
POS00900920260216,PORT009,INS0034,2026-02-16,326,58.8868,19197.1,34.2,EUR,MOCK_FEED
POS00901020260216,PORT009,INS0035,2026-02-16,3662,11.4523,41938.32,1349.45,EUR,MOCK_FEED
POS00900120260217,PORT009,INS0026,2026-02-17,3533,61.4134,216973.54,-6071.55,INR,MOCK_FEED
POS00900220260217,PORT009,INS0027,2026-02-17,2900,19.5798,56781.42,-62.11,GBP,MOCK_FEED
POS00900320260217,PORT009,INS0028,2026-02-17,910,52.0678,47381.7,-530.0,USD,MOCK_FEED
POS00900420260217,PORT009,INS0029,2026-02-17,705,19.3094,13613.13,-23.15,USD,MOCK_FEED
POS00900520260217,PORT009,INS0030,2026-02-17,2905,52.2754,151860.04,-1017.15,GBP,MOCK_FEED
POS00900620260217,PORT009,INS0031,2026-02-17,3474,50.1655,174274.95,-3556.88,GBP,MOCK_FEED
POS00900720260217,PORT009,INS0032,2026-02-17,411,61.4033,25236.76,292.83,INR,MOCK_FEED
POS00900820260217,PORT009,INS0033,2026-02-17,918,31.1423,28588.63,-544.25,GBP,MOCK_FEED
POS00900920260217,PORT009,INS0034,2026-02-17,1212,59.2447,71804.58,-1453.41,GBP,MOCK_FEED
POS00901020260217,PORT009,INS0035,2026-02-17,804,11.2861,9074.02,-0.8,GBP,MOCK_FEED
POS00900120260218,PORT009,INS0026,2026-02-18,1039,61.2944,63684.88,1018.01,INR,MOCK_FEED
POS00900220260218,PORT009,INS0027,2026-02-18,1629,19.241,31343.59,296.52,INR,MOCK_FEED
POS00900320260218,PORT009,INS0028,2026-02-18,3045,51.9797,158278.19,6057.56,USD,MOCK_FEED
POS00900420260218,PORT009,INS0029,2026-02-18,2204,19.7228,43469.05,-950.43,INR,MOCK_FEED
POS00900520260218,PORT009,INS0030,2026-02-18,3543,52.3012,185303.15,-1588.84,GBP,MOCK_FEED
POS00900620260218,PORT009,INS0031,2026-02-18,3182,50.6471,161159.07,3781.63,USD,MOCK_FEED
POS00900720260218,PORT009,INS0032,2026-02-18,3373,61.5108,207475.93,5035.44,INR,MOCK_FEED
POS00900820260218,PORT009,INS0033,2026-02-18,1763,31.1597,54934.55,794.4,INR,MOCK_FEED
POS00900920260218,PORT009,INS0034,2026-02-18,4352,58.5854,254963.66,6448.34,USD,MOCK_FEED
POS00901020260218,PORT009,INS0035,2026-02-18,2408,11.0201,26536.4,185.61,INR,MOCK_FEED
POS00900120260219,PORT009,INS0026,2026-02-19,2640,61.1088,161327.23,5004.63,INR,MOCK_FEED
POS00900220260219,PORT009,INS0027,2026-02-19,4877,19.1357,93324.81,1799.57,GBP,MOCK_FEED
POS00900320260219,PORT009,INS0028,2026-02-19,2727,50.8955,138792.03,462.91,INR,MOCK_FEED
POS00900420260219,PORT009,INS0029,2026-02-19,3751,19.6303,73633.26,333.09,EUR,MOCK_FEED
POS00900520260219,PORT009,INS0030,2026-02-19,3346,51.4316,172090.13,6706.48,USD,MOCK_FEED
POS00900620260219,PORT009,INS0031,2026-02-19,2784,50.3361,140135.7,-1232.6,GBP,MOCK_FEED
POS00900720260219,PORT009,INS0032,2026-02-19,851,61.4377,52283.48,-46.88,EUR,MOCK_FEED
POS00900820260219,PORT009,INS0033,2026-02-19,414,30.6478,12688.19,296.19,USD,MOCK_FEED
POS00900920260219,PORT009,INS0034,2026-02-19,2563,59.0881,151442.8,-2414.87,EUR,MOCK_FEED
POS00901020260219,PORT009,INS0035,2026-02-19,2908,11.1146,32321.26,1256.95,USD,MOCK_FEED
POS00900120260220,PORT009,INS0026,2026-02-20,1117,60.2079,67252.22,927.54,INR,MOCK_FEED
POS00900220260220,PORT009,INS0027,2026-02-20,4920,18.9602,93284.18,787.2,USD,MOCK_FEED
POS00900320260220,PORT009,INS0028,2026-02-20,3659,49.8722,182482.38,5769.72,INR,MOCK_FEED
POS00900420260220,PORT009,INS0029,2026-02-20,2081,19.7293,41056.67,-97.81,EUR,MOCK_FEED
POS00900520260220,PORT009,INS0030,2026-02-20,2581,51.8357,133787.94,3842.04,EUR,MOCK_FEED
POS00900620260220,PORT009,INS0031,2026-02-20,4377,49.6804,217451.11,5225.76,EUR,MOCK_FEED
POS00900720260220,PORT009,INS0032,2026-02-20,1084,61.3587,66512.83,-807.65,GBP,MOCK_FEED
POS00900820260220,PORT009,INS0033,2026-02-20,1526,30.9879,47287.54,-1131.54,EUR,MOCK_FEED
POS00900920260220,PORT009,INS0034,2026-02-20,1733,60.2754,104457.27,-2480.73,EUR,MOCK_FEED
POS00901020260220,PORT009,INS0035,2026-02-20,3187,11.1449,35518.8,-687.68,USD,MOCK_FEED
POS00900120260221,PORT009,INS0026,2026-02-21,2047,58.6647,120086.64,2399.49,GBP,MOCK_FEED
POS00900220260221,PORT009,INS0027,2026-02-21,948,19.1801,18182.73,499.35,GBP,MOCK_FEED
POS00900320260221,PORT009,INS0028,2026-02-21,4200,50.6354,212668.68,-4731.94,USD,MOCK_FEED
POS00900420260221,PORT009,INS0029,2026-02-21,3564,19.5088,69529.36,239.82,INR,MOCK_FEED
POS00900520260221,PORT009,INS0030,2026-02-21,4098,52.0175,213167.71,-549.82,USD,MOCK_FEED
POS00900620260221,PORT009,INS0031,2026-02-21,3199,49.8158,159360.74,-594.64,GBP,MOCK_FEED
POS00900720260221,PORT009,INS0032,2026-02-21,2084,60.8401,126790.77,262.54,INR,MOCK_FEED
POS00900820260221,PORT009,INS0033,2026-02-21,1653,31.0982,51405.32,1627.61,USD,MOCK_FEED
POS00900920260221,PORT009,INS0034,2026-02-21,562,58.2429,32732.51,-939.26,USD,MOCK_FEED
POS00901020260221,PORT009,INS0035,2026-02-21,3882,11.2824,43798.28,1275.02,INR,MOCK_FEED
POS00900120260222,PORT009,INS0026,2026-02-22,1405,58.6894,82458.61,-617.54,USD,MOCK_FEED
POS00900220260222,PORT009,INS0027,2026-02-22,2833,19.0035,53836.92,-1169.74,INR,MOCK_FEED
POS00900320260222,PORT009,INS0028,2026-02-22,4180,51.6412,215860.22,-3183.64,GBP,MOCK_FEED
POS00900420260222,PORT009,INS0029,2026-02-22,3411,19.6715,67099.49,-1429.12,GBP,MOCK_FEED
POS00900520260222,PORT009,INS0030,2026-02-22,3315,51.6761,171306.27,-2444.01,USD,MOCK_FEED
POS00900620260222,PORT009,INS0031,2026-02-22,2323,49.2319,114365.7,-435.8,USD,MOCK_FEED
POS00900720260222,PORT009,INS0032,2026-02-22,1500,60.0826,90123.9,-2477.91,EUR,MOCK_FEED
POS00900820260222,PORT009,INS0033,2026-02-22,1213,30.8296,37396.3,-1016.77,INR,MOCK_FEED
POS00900920260222,PORT009,INS0034,2026-02-22,2067,60.014,124048.94,4396.56,EUR,MOCK_FEED
POS00901020260222,PORT009,INS0035,2026-02-22,1533,11.4294,17521.27,68.29,USD,MOCK_FEED
POS00900120260223,PORT009,INS0026,2026-02-23,2166,57.2751,124057.87,-2336.48,INR,MOCK_FEED
POS00900220260223,PORT009,INS0027,2026-02-23,4461,18.9965,84743.39,-2408.19,GBP,MOCK_FEED
POS00900320260223,PORT009,INS0028,2026-02-23,2476,50.8606,125930.85,1307.31,GBP,MOCK_FEED
POS00900420260223,PORT009,INS0029,2026-02-23,919,19.327,17761.51,132.22,EUR,MOCK_FEED
POS00900520260223,PORT009,INS0030,2026-02-23,540,50.9593,27518.02,-142.68,INR,MOCK_FEED
POS00900620260223,PORT009,INS0031,2026-02-23,4068,48.973,199222.16,2276.22,GBP,MOCK_FEED
POS00900720260223,PORT009,INS0032,2026-02-23,673,60.6354,40807.62,-499.68,GBP,MOCK_FEED
POS00900820260223,PORT009,INS0033,2026-02-23,326,30.9964,10104.83,25.58,USD,MOCK_FEED
POS00900920260223,PORT009,INS0034,2026-02-23,828,59.9535,49641.5,840.52,GBP,MOCK_FEED
POS00901020260223,PORT009,INS0035,2026-02-23,4267,11.4356,48795.71,615.49,GBP,MOCK_FEED
POS00900120260224,PORT009,INS0026,2026-02-24,4294,57.1178,245263.83,-5962.28,INR,MOCK_FEED
POS00900220260224,PORT009,INS0027,2026-02-24,2935,19.2596,56526.93,2188.09,GBP,MOCK_FEED
POS00900320260224,PORT009,INS0028,2026-02-24,3528,51.5769,181963.3,6332.92,USD,MOCK_FEED
POS00900420260224,PORT009,INS0029,2026-02-24,3120,19.7354,61574.45,-1251.08,EUR,MOCK_FEED
POS00900520260224,PORT009,INS0030,2026-02-24,187,50.8385,9506.8,158.6,USD,MOCK_FEED
POS00900620260224,PORT009,INS0031,2026-02-24,2378,48.5978,115565.57,4577.2,INR,MOCK_FEED
POS00900720260224,PORT009,INS0032,2026-02-24,1104,60.6739,66983.99,-1243.95,GBP,MOCK_FEED
POS00900820260224,PORT009,INS0033,2026-02-24,4008,30.5892,122601.51,3560.98,EUR,MOCK_FEED
POS00900920260224,PORT009,INS0034,2026-02-24,1327,60.5933,80407.31,-2306.01,GBP,MOCK_FEED
POS00901020260224,PORT009,INS0035,2026-02-24,3628,11.525,41812.7,50.61,USD,MOCK_FEED
POS00900120260225,PORT009,INS0026,2026-02-25,164,56.8426,9322.19,-112.82,EUR,MOCK_FEED
POS00900220260225,PORT009,INS0027,2026-02-25,2578,19.3828,49968.86,568.74,USD,MOCK_FEED
POS00900320260225,PORT009,INS0028,2026-02-25,3085,51.1106,157676.2,4957.68,USD,MOCK_FEED
POS00900420260225,PORT009,INS0029,2026-02-25,768,19.5177,14989.59,-320.49,GBP,MOCK_FEED
POS00900520260225,PORT009,INS0030,2026-02-25,4811,51.3234,246916.88,-6744.97,INR,MOCK_FEED
POS00900620260225,PORT009,INS0031,2026-02-25,4773,49.0931,234321.37,5548.83,USD,MOCK_FEED
POS00900720260225,PORT009,INS0032,2026-02-25,2079,59.5232,123748.73,3514.46,GBP,MOCK_FEED
POS00900820260225,PORT009,INS0033,2026-02-25,3782,30.5142,115404.7,4130.17,GBP,MOCK_FEED
POS00900920260225,PORT009,INS0034,2026-02-25,4849,60.1704,291766.27,3552.31,EUR,MOCK_FEED
POS00901020260225,PORT009,INS0035,2026-02-25,3077,11.523,35456.27,289.24,GBP,MOCK_FEED
POS00900120260226,PORT009,INS0026,2026-02-26,633,57.0702,36125.44,1212.33,GBP,MOCK_FEED
POS00900220260226,PORT009,INS0027,2026-02-26,3982,19.3542,77068.42,-97.29,INR,MOCK_FEED
POS00900320260226,PORT009,INS0028,2026-02-26,1178,50.9135,59976.1,-1318.75,INR,MOCK_FEED
POS00900420260226,PORT009,INS0029,2026-02-26,1168,19.1976,22422.8,49.12,INR,MOCK_FEED
POS00900520260226,PORT009,INS0030,2026-02-26,2958,51.0507,151007.97,-3303.37,INR,MOCK_FEED
POS00900620260226,PORT009,INS0031,2026-02-26,715,49.8952,35675.07,-483.88,GBP,MOCK_FEED
POS00900720260226,PORT009,INS0032,2026-02-26,1190,60.1002,71519.24,660.86,USD,MOCK_FEED
POS00900820260226,PORT009,INS0033,2026-02-26,1265,30.7497,38898.37,159.59,USD,MOCK_FEED
POS00900920260226,PORT009,INS0034,2026-02-26,1146,59.5856,68285.1,-848.3,EUR,MOCK_FEED
POS00901020260226,PORT009,INS0035,2026-02-26,1192,11.6727,13913.86,230.59,USD,MOCK_FEED
POS00900120260227,PORT009,INS0026,2026-02-27,358,57.6311,20631.93,59.41,INR,MOCK_FEED
POS00900220260227,PORT009,INS0027,2026-02-27,980,19.1295,18746.91,-95.21,INR,MOCK_FEED
POS00900320260227,PORT009,INS0028,2026-02-27,4205,51.4482,216339.68,-2692.97,INR,MOCK_FEED
POS00900420260227,PORT009,INS0029,2026-02-27,1999,19.4153,38811.18,-296.22,INR,MOCK_FEED
POS00900520260227,PORT009,INS0030,2026-02-27,507,51.2474,25982.43,557.87,INR,MOCK_FEED
POS00900620260227,PORT009,INS0031,2026-02-27,1024,48.884,50057.22,-964.27,INR,MOCK_FEED
POS00900720260227,PORT009,INS0032,2026-02-27,1980,57.9531,114747.14,1137.68,GBP,MOCK_FEED
POS00900820260227,PORT009,INS0033,2026-02-27,2965,29.9528,88810.05,-395.98,GBP,MOCK_FEED
POS00900920260227,PORT009,INS0034,2026-02-27,1315,58.699,77189.18,-135.35,INR,MOCK_FEED
POS00901020260227,PORT009,INS0035,2026-02-27,414,11.5098,4765.06,-63.92,USD,MOCK_FEED
POS00900120260228,PORT009,INS0026,2026-02-28,3814,57.9607,221062.11,3011.01,EUR,MOCK_FEED
POS00900220260228,PORT009,INS0027,2026-02-28,3266,18.7986,61396.23,862.12,GBP,MOCK_FEED
POS00900320260228,PORT009,INS0028,2026-02-28,4637,51.5183,238890.36,-2890.2,INR,MOCK_FEED
POS00900420260228,PORT009,INS0029,2026-02-28,3147,19.7176,62051.29,1243.91,USD,MOCK_FEED
POS00900520260228,PORT009,INS0030,2026-02-28,1757,50.678,89041.25,859.33,EUR,MOCK_FEED
POS00900620260228,PORT009,INS0031,2026-02-28,1506,49.5859,74676.37,-1284.67,GBP,MOCK_FEED
POS00900720260228,PORT009,INS0032,2026-02-28,1879,57.5835,108199.4,-628.86,USD,MOCK_FEED
POS00900820260228,PORT009,INS0033,2026-02-28,4213,29.3362,123593.41,-1231.28,EUR,MOCK_FEED
POS00900920260228,PORT009,INS0034,2026-02-28,2276,58.0496,132120.89,426.01,USD,MOCK_FEED
POS00901020260228,PORT009,INS0035,2026-02-28,616,11.4924,7079.32,72.54,GBP,MOCK_FEED
POS00900120260301,PORT009,INS0026,2026-03-01,4726,57.9368,273809.32,-4005.89,USD,MOCK_FEED
POS00900220260301,PORT009,INS0027,2026-03-01,611,18.9819,11597.94,-62.98,GBP,MOCK_FEED
POS00900320260301,PORT009,INS0028,2026-03-01,3512,51.1206,179535.55,-2334.72,GBP,MOCK_FEED
POS00900420260301,PORT009,INS0029,2026-03-01,1618,19.9027,32202.57,21.04,EUR,MOCK_FEED
POS00900520260301,PORT009,INS0030,2026-03-01,3906,50.0138,195353.9,-2768.29,EUR,MOCK_FEED
POS00900620260301,PORT009,INS0031,2026-03-01,2163,49.1796,106375.47,-1442.92,USD,MOCK_FEED
POS00900720260301,PORT009,INS0032,2026-03-01,3025,56.6909,171489.97,-2890.81,INR,MOCK_FEED
POS00900820260301,PORT009,INS0033,2026-03-01,4888,28.9898,141702.14,870.13,GBP,MOCK_FEED
POS00900920260301,PORT009,INS0034,2026-03-01,609,57.5452,35045.03,-138.61,USD,MOCK_FEED
POS00901020260301,PORT009,INS0035,2026-03-01,3657,11.4554,41892.4,285.45,GBP,MOCK_FEED
POS00900120260302,PORT009,INS0026,2026-03-02,3194,58.6557,187346.31,1979.58,GBP,MOCK_FEED
POS00900220260302,PORT009,INS0027,2026-03-02,1250,18.7174,23396.75,777.77,INR,MOCK_FEED
POS00900320260302,PORT009,INS0028,2026-03-02,2139,51.227,109574.55,-38.1,INR,MOCK_FEED
POS00900420260302,PORT009,INS0029,2026-03-02,324,19.9123,6451.59,-96.43,GBP,MOCK_FEED
POS00900520260302,PORT009,INS0030,2026-03-02,3187,51.3097,163524.01,1300.12,USD,MOCK_FEED
POS00900620260302,PORT009,INS0031,2026-03-02,4155,48.9929,203565.5,-2441.68,GBP,MOCK_FEED
POS00900720260302,PORT009,INS0032,2026-03-02,4870,54.6243,266020.34,2043.32,USD,MOCK_FEED
POS00900820260302,PORT009,INS0033,2026-03-02,950,29.3806,27911.57,535.51,EUR,MOCK_FEED
POS00900920260302,PORT009,INS0034,2026-03-02,4279,58.752,251399.81,1876.48,GBP,MOCK_FEED
POS00901020260302,PORT009,INS0035,2026-03-02,4126,11.5634,47710.59,1113.21,EUR,MOCK_FEED
POS00900120260303,PORT009,INS0026,2026-03-03,1449,59.327,85964.82,-871.43,INR,MOCK_FEED
POS00900220260303,PORT009,INS0027,2026-03-03,4996,18.7411,93630.54,-2708.68,USD,MOCK_FEED
POS00900320260303,PORT009,INS0028,2026-03-03,1498,50.7404,76009.12,827.27,INR,MOCK_FEED
POS00900420260303,PORT009,INS0029,2026-03-03,2379,19.9678,47503.4,27.64,INR,MOCK_FEED
POS00900520260303,PORT009,INS0030,2026-03-03,2270,51.05,115883.5,3457.78,USD,MOCK_FEED
POS00900620260303,PORT009,INS0031,2026-03-03,1656,50.7632,84063.86,2660.42,INR,MOCK_FEED
POS00900720260303,PORT009,INS0032,2026-03-03,2955,56.2655,166264.55,4871.21,USD,MOCK_FEED
POS00900820260303,PORT009,INS0033,2026-03-03,3677,28.7467,105701.62,3939.45,EUR,MOCK_FEED
POS00900920260303,PORT009,INS0034,2026-03-03,3239,58.9901,191068.93,4471.39,EUR,MOCK_FEED
POS00901020260303,PORT009,INS0035,2026-03-03,1281,11.3706,14565.74,295.82,INR,MOCK_FEED
POS00900120260304,PORT009,INS0026,2026-03-04,556,59.023,32816.79,-399.44,GBP,MOCK_FEED
POS00900220260304,PORT009,INS0027,2026-03-04,4732,18.7614,88778.94,1530.17,INR,MOCK_FEED
POS00900320260304,PORT009,INS0028,2026-03-04,2679,50.39,134994.81,3132.74,EUR,MOCK_FEED
POS00900420260304,PORT009,INS0029,2026-03-04,4278,20.1698,86286.4,-1972.41,EUR,MOCK_FEED
POS00900520260304,PORT009,INS0030,2026-03-04,3520,51.0586,179726.27,-574.87,GBP,MOCK_FEED
POS00900620260304,PORT009,INS0031,2026-03-04,814,51.198,41675.17,-967.9,GBP,MOCK_FEED
POS00900720260304,PORT009,INS0032,2026-03-04,2794,55.6414,155462.07,-1006.8,EUR,MOCK_FEED
POS00900820260304,PORT009,INS0033,2026-03-04,663,28.9516,19194.91,95.68,USD,MOCK_FEED
POS00900920260304,PORT009,INS0034,2026-03-04,3642,59.6635,217294.47,6537.63,EUR,MOCK_FEED
POS00901020260304,PORT009,INS0035,2026-03-04,3605,11.4627,41323.03,-516.46,GBP,MOCK_FEED
POS00900120260305,PORT009,INS0026,2026-03-05,2262,59.6731,134980.55,4599.52,USD,MOCK_FEED
POS00900220260305,PORT009,INS0027,2026-03-05,3015,19.2069,57908.8,-685.02,GBP,MOCK_FEED
POS00900320260305,PORT009,INS0028,2026-03-05,964,50.704,48878.66,320.83,EUR,MOCK_FEED
POS00900420260305,PORT009,INS0029,2026-03-05,3001,20.0497,60169.15,-992.03,USD,MOCK_FEED
POS00900520260305,PORT009,INS0030,2026-03-05,1253,50.9547,63846.24,1117.47,INR,MOCK_FEED
POS00900620260305,PORT009,INS0031,2026-03-05,3812,51.8619,197697.56,1447.11,INR,MOCK_FEED
POS00900720260305,PORT009,INS0032,2026-03-05,4239,54.8531,232522.29,1146.72,EUR,MOCK_FEED
POS00900820260305,PORT009,INS0033,2026-03-05,3454,28.6972,99120.13,1886.5,EUR,MOCK_FEED
POS00900920260305,PORT009,INS0034,2026-03-05,4029,59.2355,238659.83,5096.25,INR,MOCK_FEED
POS00901020260305,PORT009,INS0035,2026-03-05,2003,11.538,23110.61,-81.31,EUR,MOCK_FEED
POS00900120260306,PORT009,INS0026,2026-03-06,3949,60.5088,238949.25,-4186.45,USD,MOCK_FEED
POS00900220260306,PORT009,INS0027,2026-03-06,4630,19.4155,89893.77,-1656.24,INR,MOCK_FEED
POS00900320260306,PORT009,INS0028,2026-03-06,3290,50.5083,166172.31,2379.99,EUR,MOCK_FEED
POS00900420260306,PORT009,INS0029,2026-03-06,2870,19.6742,56464.95,1584.05,EUR,MOCK_FEED
POS00900520260306,PORT009,INS0030,2026-03-06,4013,50.5026,202666.93,6400.94,EUR,MOCK_FEED
POS00900620260306,PORT009,INS0031,2026-03-06,291,53.3228,15516.93,-450.49,USD,MOCK_FEED
POS00900720260306,PORT009,INS0032,2026-03-06,4799,55.8954,268242.02,10398.07,INR,MOCK_FEED
POS00900820260306,PORT009,INS0033,2026-03-06,2820,28.8791,81439.06,708.19,INR,MOCK_FEED
POS00900920260306,PORT009,INS0034,2026-03-06,1512,59.5395,90023.72,-957.29,EUR,MOCK_FEED
POS00901020260306,PORT009,INS0035,2026-03-06,3464,11.395,39472.28,602.87,GBP,MOCK_FEED
POS00900120260307,PORT009,INS0026,2026-03-07,2599,59.8362,155514.28,314.36,EUR,MOCK_FEED
POS00900220260307,PORT009,INS0027,2026-03-07,1155,19.5196,22545.14,-329.76,USD,MOCK_FEED
POS00900320260307,PORT009,INS0028,2026-03-07,1248,51.0612,63724.38,-289.19,EUR,MOCK_FEED
POS00900420260307,PORT009,INS0029,2026-03-07,4152,19.8311,82338.73,-748.19,GBP,MOCK_FEED
POS00900520260307,PORT009,INS0030,2026-03-07,3797,50.6902,192470.69,973.82,USD,MOCK_FEED
POS00900620260307,PORT009,INS0031,2026-03-07,2955,51.81,153098.55,-3064.2,INR,MOCK_FEED
POS00900720260307,PORT009,INS0032,2026-03-07,4536,55.1642,250224.81,-112.75,USD,MOCK_FEED
POS00900820260307,PORT009,INS0033,2026-03-07,3730,29.2874,109242.0,-1640.34,USD,MOCK_FEED
POS00900920260307,PORT009,INS0034,2026-03-07,4698,58.8764,276601.33,-2959.02,GBP,MOCK_FEED
POS00901020260307,PORT009,INS0035,2026-03-07,849,11.3761,9658.31,356.71,USD,MOCK_FEED
POS00900120260308,PORT009,INS0026,2026-03-08,2280,60.6372,138252.82,4552.48,USD,MOCK_FEED
POS00900220260308,PORT009,INS0027,2026-03-08,1896,19.342,36672.43,262.37,INR,MOCK_FEED
POS00900320260308,PORT009,INS0028,2026-03-08,4398,52.357,230266.09,536.95,INR,MOCK_FEED
POS00900420260308,PORT009,INS0029,2026-03-08,4855,20.3255,98680.3,1394.28,EUR,MOCK_FEED
POS00900520260308,PORT009,INS0030,2026-03-08,2950,50.9576,150324.92,2868.9,INR,MOCK_FEED
POS00900620260308,PORT009,INS0031,2026-03-08,3981,51.4842,204958.6,7867.93,USD,MOCK_FEED
POS00900720260308,PORT009,INS0032,2026-03-08,2777,54.6739,151829.42,-682.64,INR,MOCK_FEED
POS00900820260308,PORT009,INS0033,2026-03-08,4199,29.705,124731.29,2965.44,GBP,MOCK_FEED
POS00900920260308,PORT009,INS0034,2026-03-08,2298,58.8936,135337.49,300.3,INR,MOCK_FEED
POS00901020260308,PORT009,INS0035,2026-03-08,3801,11.3016,42957.38,-1087.31,INR,MOCK_FEED
POS00900120260309,PORT009,INS0026,2026-03-09,2992,59.7345,178725.62,-1769.7,INR,MOCK_FEED
POS00900220260309,PORT009,INS0027,2026-03-09,2223,19.4954,43338.27,-451.31,INR,MOCK_FEED
POS00900320260309,PORT009,INS0028,2026-03-09,4538,51.7785,234970.83,7259.64,EUR,MOCK_FEED
POS00900420260309,PORT009,INS0029,2026-03-09,4687,20.2093,94720.99,2286.9,INR,MOCK_FEED
POS00900520260309,PORT009,INS0030,2026-03-09,3125,51.2555,160173.44,1009.43,GBP,MOCK_FEED
POS00900620260309,PORT009,INS0031,2026-03-09,4159,52.1592,216930.11,2347.23,GBP,MOCK_FEED
POS00900720260309,PORT009,INS0032,2026-03-09,3115,54.8411,170830.03,5427.68,EUR,MOCK_FEED
POS00900820260309,PORT009,INS0033,2026-03-09,4184,29.8483,124885.29,-2402.96,INR,MOCK_FEED
POS00900920260309,PORT009,INS0034,2026-03-09,3423,57.7049,197523.87,7222.82,GBP,MOCK_FEED
POS00901020260309,PORT009,INS0035,2026-03-09,3762,11.2219,42216.79,-748.63,USD,MOCK_FEED
POS00900120260310,PORT009,INS0026,2026-03-10,4429,59.7535,264648.25,-2621.35,GBP,MOCK_FEED
POS00900220260310,PORT009,INS0027,2026-03-10,989,19.3742,19161.08,-565.79,EUR,MOCK_FEED
POS00900320260310,PORT009,INS0028,2026-03-10,3296,52.1354,171838.28,6855.47,GBP,MOCK_FEED
POS00900420260310,PORT009,INS0029,2026-03-10,432,20.3956,8810.9,-207.21,EUR,MOCK_FEED
POS00900520260310,PORT009,INS0030,2026-03-10,1273,51.5278,65594.89,495.14,INR,MOCK_FEED
POS00900620260310,PORT009,INS0031,2026-03-10,3462,52.1453,180527.03,-658.17,INR,MOCK_FEED
POS00900720260310,PORT009,INS0032,2026-03-10,2201,54.8398,120702.4,-3613.94,INR,MOCK_FEED
POS00900820260310,PORT009,INS0033,2026-03-10,3336,29.294,97724.78,-2668.5,GBP,MOCK_FEED
POS00900920260310,PORT009,INS0034,2026-03-10,4261,57.9445,246901.51,-5077.79,GBP,MOCK_FEED
POS00901020260310,PORT009,INS0035,2026-03-10,4271,11.2954,48242.65,-63.0,USD,MOCK_FEED
POS00900120260311,PORT009,INS0026,2026-03-11,2234,59.2844,132441.35,-886.17,EUR,MOCK_FEED
POS00900220260311,PORT009,INS0027,2026-03-11,2153,19.5741,42143.04,1012.42,EUR,MOCK_FEED
POS00900320260311,PORT009,INS0028,2026-03-11,1386,52.3325,72532.85,1178.49,INR,MOCK_FEED
POS00900420260311,PORT009,INS0029,2026-03-11,1597,20.3212,32452.96,-487.6,EUR,MOCK_FEED
POS00900520260311,PORT009,INS0030,2026-03-11,4276,50.8778,217553.47,7179.31,INR,MOCK_FEED
POS00900620260311,PORT009,INS0031,2026-03-11,4195,52.5929,220627.22,5488.19,GBP,MOCK_FEED
POS00900720260311,PORT009,INS0032,2026-03-11,351,55.3467,19426.69,-352.09,GBP,MOCK_FEED
POS00900820260311,PORT009,INS0033,2026-03-11,878,29.5186,25917.33,846.35,INR,MOCK_FEED
POS00900920260311,PORT009,INS0034,2026-03-11,2813,59.6617,167828.36,3863.0,GBP,MOCK_FEED
POS00901020260311,PORT009,INS0035,2026-03-11,1123,11.3429,12738.08,115.46,EUR,MOCK_FEED
POS00900120260312,PORT009,INS0026,2026-03-12,3255,59.0466,192196.68,5652.78,INR,MOCK_FEED
POS00900220260312,PORT009,INS0027,2026-03-12,1075,19.5908,21060.11,-194.95,USD,MOCK_FEED
POS00900320260312,PORT009,INS0028,2026-03-12,4533,51.6499,234129.0,-6531.27,EUR,MOCK_FEED
POS00900420260312,PORT009,INS0029,2026-03-12,2756,20.5088,56522.25,-1146.23,USD,MOCK_FEED
POS00900520260312,PORT009,INS0030,2026-03-12,1186,51.015,60503.79,1047.06,EUR,MOCK_FEED
POS00900620260312,PORT009,INS0031,2026-03-12,1434,52.3437,75060.87,2190.82,EUR,MOCK_FEED
POS00900720260312,PORT009,INS0032,2026-03-12,1671,54.6463,91313.97,-1723.7,INR,MOCK_FEED
POS00900820260312,PORT009,INS0033,2026-03-12,4847,29.2894,141965.72,2431.55,EUR,MOCK_FEED
POS00900920260312,PORT009,INS0034,2026-03-12,1910,58.9838,112659.06,3323.66,EUR,MOCK_FEED
POS00901020260312,PORT009,INS0035,2026-03-12,2847,11.2866,32132.95,692.25,USD,MOCK_FEED
POS00900120260313,PORT009,INS0026,2026-03-13,3592,59.4401,213508.84,-1641.07,USD,MOCK_FEED
POS00900220260313,PORT009,INS0027,2026-03-13,4426,19.3315,85561.22,2869.81,EUR,MOCK_FEED
POS00900320260313,PORT009,INS0028,2026-03-13,4562,51.6846,235785.15,-3735.36,EUR,MOCK_FEED
POS00900420260313,PORT009,INS0029,2026-03-13,1130,20.7225,23416.42,888.79,INR,MOCK_FEED
POS00900520260313,PORT009,INS0030,2026-03-13,1854,51.3546,95211.43,3495.76,EUR,MOCK_FEED
POS00900620260313,PORT009,INS0031,2026-03-13,1239,52.5012,65048.99,1981.6,EUR,MOCK_FEED
POS00900720260313,PORT009,INS0032,2026-03-13,4764,54.9312,261692.24,8323.99,INR,MOCK_FEED
POS00900820260313,PORT009,INS0033,2026-03-13,3311,29.8957,98984.66,1866.63,INR,MOCK_FEED
POS00900920260313,PORT009,INS0034,2026-03-13,4821,59.2951,285861.68,9914.58,GBP,MOCK_FEED
POS00901020260313,PORT009,INS0035,2026-03-13,2314,11.1732,25854.78,775.64,INR,MOCK_FEED
POS00900120260314,PORT009,INS0026,2026-03-14,1039,59.4811,61800.86,-379.69,GBP,MOCK_FEED
POS00900220260314,PORT009,INS0027,2026-03-14,3845,19.9556,76729.28,98.57,GBP,MOCK_FEED
POS00900320260314,PORT009,INS0028,2026-03-14,3419,51.6079,176447.41,713.93,INR,MOCK_FEED
POS00900420260314,PORT009,INS0029,2026-03-14,1908,20.7473,39585.85,-723.11,INR,MOCK_FEED
POS00900520260314,PORT009,INS0030,2026-03-14,3029,51.1487,154929.41,-4225.56,INR,MOCK_FEED
POS00900620260314,PORT009,INS0031,2026-03-14,1844,52.3928,96612.32,2692.0,EUR,MOCK_FEED
POS00900720260314,PORT009,INS0032,2026-03-14,4490,54.5033,244719.82,-3195.16,GBP,MOCK_FEED
POS00900820260314,PORT009,INS0033,2026-03-14,609,30.9161,18827.9,591.97,INR,MOCK_FEED
POS00900920260314,PORT009,INS0034,2026-03-14,4098,59.7389,244810.01,-4601.69,USD,MOCK_FEED
POS00901020260314,PORT009,INS0035,2026-03-14,860,11.0861,9534.05,-169.74,GBP,MOCK_FEED
POS00900120260315,PORT009,INS0026,2026-03-15,201,58.7254,11803.81,11.88,USD,MOCK_FEED
POS00900220260315,PORT009,INS0027,2026-03-15,3828,20.2212,77406.75,1510.62,GBP,MOCK_FEED
POS00900320260315,PORT009,INS0028,2026-03-15,2302,50.1901,115537.61,-2738.82,GBP,MOCK_FEED
POS00900420260315,PORT009,INS0029,2026-03-15,4061,20.3378,82591.81,309.27,USD,MOCK_FEED
POS00900520260315,PORT009,INS0030,2026-03-15,876,50.9059,44593.57,437.78,EUR,MOCK_FEED
POS00900620260315,PORT009,INS0031,2026-03-15,3413,52.9975,180880.47,3515.09,EUR,MOCK_FEED
POS00900720260315,PORT009,INS0032,2026-03-15,1451,54.2277,78684.39,837.7,USD,MOCK_FEED
POS00900820260315,PORT009,INS0033,2026-03-15,824,31.1525,25669.66,321.39,INR,MOCK_FEED
POS00900920260315,PORT009,INS0034,2026-03-15,3769,59.2177,223191.51,-1617.23,EUR,MOCK_FEED
POS00901020260315,PORT009,INS0035,2026-03-15,1304,11.118,14497.87,199.66,INR,MOCK_FEED
POS00900120260316,PORT009,INS0026,2026-03-16,2029,60.9392,123645.64,-2210.83,INR,MOCK_FEED
POS00900220260316,PORT009,INS0027,2026-03-16,3626,20.1932,73220.54,-468.19,EUR,MOCK_FEED
POS00900320260316,PORT009,INS0028,2026-03-16,4971,50.4265,250670.13,-5749.95,GBP,MOCK_FEED
POS00900420260316,PORT009,INS0029,2026-03-16,1575,20.2134,31836.1,1191.43,USD,MOCK_FEED
POS00900520260316,PORT009,INS0030,2026-03-16,1858,51.0703,94888.62,3095.97,GBP,MOCK_FEED
POS00900620260316,PORT009,INS0031,2026-03-16,548,52.2702,28644.07,971.17,USD,MOCK_FEED
POS00900720260316,PORT009,INS0032,2026-03-16,4187,55.3509,231754.22,1455.88,USD,MOCK_FEED
POS00900820260316,PORT009,INS0033,2026-03-16,3773,30.946,116759.26,2274.41,INR,MOCK_FEED
POS00900920260316,PORT009,INS0034,2026-03-16,4758,59.9275,285135.04,-4723.85,INR,MOCK_FEED
POS00901020260316,PORT009,INS0035,2026-03-16,1489,11.1755,16640.32,33.2,INR,MOCK_FEED
POS00900120260317,PORT009,INS0026,2026-03-17,2836,62.3975,176959.31,5621.16,GBP,MOCK_FEED
POS00900220260317,PORT009,INS0027,2026-03-17,2711,20.2416,54874.98,2098.76,INR,MOCK_FEED
POS00900320260317,PORT009,INS0028,2026-03-17,547,50.6388,27699.42,-654.6,GBP,MOCK_FEED
POS00900420260317,PORT009,INS0029,2026-03-17,233,19.9513,4648.65,29.77,GBP,MOCK_FEED
POS00900520260317,PORT009,INS0030,2026-03-17,3942,50.5584,199301.21,561.14,GBP,MOCK_FEED
POS00900620260317,PORT009,INS0031,2026-03-17,3741,51.5622,192894.19,-4627.44,EUR,MOCK_FEED
POS00900720260317,PORT009,INS0032,2026-03-17,2454,54.6906,134210.73,2836.5,EUR,MOCK_FEED
POS00900820260317,PORT009,INS0033,2026-03-17,726,30.5922,22209.94,511.31,INR,MOCK_FEED
POS00900920260317,PORT009,INS0034,2026-03-17,968,61.4641,59497.25,623.94,GBP,MOCK_FEED
POS00901020260317,PORT009,INS0035,2026-03-17,2056,11.2756,23182.63,-93.46,GBP,MOCK_FEED
POS00900120260318,PORT009,INS0026,2026-03-18,1147,62.1297,71262.77,1379.48,EUR,MOCK_FEED
POS00900220260318,PORT009,INS0027,2026-03-18,4085,20.1354,82253.11,1286.57,EUR,MOCK_FEED
POS00900320260318,PORT009,INS0028,2026-03-18,212,50.9102,10792.96,-109.06,USD,MOCK_FEED
POS00900420260318,PORT009,INS0029,2026-03-18,3193,19.6008,62585.35,992.82,INR,MOCK_FEED
POS00900520260318,PORT009,INS0030,2026-03-18,3977,50.3937,200415.74,-2135.81,GBP,MOCK_FEED
POS00900620260318,PORT009,INS0031,2026-03-18,2854,50.9539,145422.43,-3148.36,GBP,MOCK_FEED
POS00900720260318,PORT009,INS0032,2026-03-18,2879,55.1549,158790.96,5164.02,USD,MOCK_FEED
POS00900820260318,PORT009,INS0033,2026-03-18,2535,30.7592,77974.57,2523.29,GBP,MOCK_FEED
POS00900920260318,PORT009,INS0034,2026-03-18,1878,61.3575,115229.39,419.07,GBP,MOCK_FEED
POS00901020260318,PORT009,INS0035,2026-03-18,2151,11.1213,23921.92,-122.7,INR,MOCK_FEED
POS00900120260319,PORT009,INS0026,2026-03-19,3180,61.6651,196095.02,-1809.95,USD,MOCK_FEED
POS00900220260319,PORT009,INS0027,2026-03-19,3580,20.1805,72246.19,744.67,EUR,MOCK_FEED
POS00900320260319,PORT009,INS0028,2026-03-19,1029,50.5674,52033.85,613.64,GBP,MOCK_FEED
POS00900420260319,PORT009,INS0029,2026-03-19,4667,19.6572,91740.15,2799.12,INR,MOCK_FEED
POS00900520260319,PORT009,INS0030,2026-03-19,3508,50.7113,177895.24,549.15,INR,MOCK_FEED
POS00900620260319,PORT009,INS0031,2026-03-19,476,49.874,23740.02,277.07,GBP,MOCK_FEED
POS00900720260319,PORT009,INS0032,2026-03-19,1451,53.3668,77435.23,673.91,USD,MOCK_FEED
POS00900820260319,PORT009,INS0033,2026-03-19,2407,30.3796,73123.7,761.75,INR,MOCK_FEED
POS00900920260319,PORT009,INS0034,2026-03-19,2456,62.0771,152461.36,5035.47,GBP,MOCK_FEED
POS00901020260319,PORT009,INS0035,2026-03-19,2899,10.9824,31837.98,589.14,EUR,MOCK_FEED
POS00900120260320,PORT009,INS0026,2026-03-20,3114,60.7184,189077.1,7339.07,INR,MOCK_FEED
POS00900220260320,PORT009,INS0027,2026-03-20,2006,20.7455,41615.47,1227.25,EUR,MOCK_FEED
POS00900320260320,PORT009,INS0028,2026-03-20,3700,50.35,186295.0,784.75,USD,MOCK_FEED
POS00900420260320,PORT009,INS0029,2026-03-20,2245,19.6322,44074.29,176.36,EUR,MOCK_FEED
POS00900520260320,PORT009,INS0030,2026-03-20,4911,49.0461,240865.4,-510.22,INR,MOCK_FEED
POS00900620260320,PORT009,INS0031,2026-03-20,2080,49.2243,102386.54,-2989.3,EUR,MOCK_FEED
POS00900720260320,PORT009,INS0032,2026-03-20,491,53.3442,26192.0,334.84,USD,MOCK_FEED
POS00900820260320,PORT009,INS0033,2026-03-20,1493,29.7393,44400.77,1590.69,EUR,MOCK_FEED
POS00900920260320,PORT009,INS0034,2026-03-20,2850,61.8559,176289.32,2841.83,EUR,MOCK_FEED
POS00901020260320,PORT009,INS0035,2026-03-20,4467,10.9262,48807.34,-310.04,GBP,MOCK_FEED
POS00900120260321,PORT009,INS0026,2026-03-21,1243,60.7725,75540.22,-1628.96,GBP,MOCK_FEED
POS00900220260321,PORT009,INS0027,2026-03-21,2674,20.5954,55072.1,1523.49,INR,MOCK_FEED
POS00900320260321,PORT009,INS0028,2026-03-21,3758,49.8271,187250.24,5768.81,EUR,MOCK_FEED
POS00900420260321,PORT009,INS0029,2026-03-21,3961,19.9,78823.9,617.06,INR,MOCK_FEED
POS00900520260321,PORT009,INS0030,2026-03-21,4527,49.3212,223277.07,1296.04,USD,MOCK_FEED
POS00900620260321,PORT009,INS0031,2026-03-21,3947,48.2598,190481.43,-1277.89,EUR,MOCK_FEED
POS00900720260321,PORT009,INS0032,2026-03-21,2418,54.0569,130709.58,3604.79,GBP,MOCK_FEED
POS00900820260321,PORT009,INS0033,2026-03-21,950,29.3616,27893.52,176.05,INR,MOCK_FEED
POS00900920260321,PORT009,INS0034,2026-03-21,803,61.7838,49612.39,-1114.43,GBP,MOCK_FEED
POS00901020260321,PORT009,INS0035,2026-03-21,1365,11.0711,15112.05,-164.41,INR,MOCK_FEED
POS00900120260322,PORT009,INS0026,2026-03-22,663,61.9609,41080.08,1244.91,INR,MOCK_FEED
POS00900220260322,PORT009,INS0027,2026-03-22,2865,20.8173,59641.56,855.86,EUR,MOCK_FEED
POS00900320260322,PORT009,INS0028,2026-03-22,3751,49.7996,186798.3,-648.2,GBP,MOCK_FEED
POS00900420260322,PORT009,INS0029,2026-03-22,2988,20.1395,60176.83,1126.97,INR,MOCK_FEED
POS00900520260322,PORT009,INS0030,2026-03-22,4522,49.049,221799.58,8312.06,INR,MOCK_FEED
POS00900620260322,PORT009,INS0031,2026-03-22,367,48.8123,17914.11,570.8,EUR,MOCK_FEED
POS00900720260322,PORT009,INS0032,2026-03-22,1068,54.2609,57950.64,1752.81,INR,MOCK_FEED
POS00900820260322,PORT009,INS0033,2026-03-22,3144,29.3184,92177.05,1427.25,USD,MOCK_FEED
POS00900920260322,PORT009,INS0034,2026-03-22,1398,61.4385,85891.02,3283.19,USD,MOCK_FEED
POS00901020260322,PORT009,INS0035,2026-03-22,3619,10.8808,39377.62,-1062.87,USD,MOCK_FEED
POS00900120260323,PORT009,INS0026,2026-03-23,1177,61.2673,72111.61,704.78,EUR,MOCK_FEED
POS00900220260323,PORT009,INS0027,2026-03-23,1717,20.4823,35168.11,136.24,EUR,MOCK_FEED
POS00900320260323,PORT009,INS0028,2026-03-23,264,49.8743,13166.82,-55.51,EUR,MOCK_FEED
POS00900420260323,PORT009,INS0029,2026-03-23,4859,20.1847,98077.46,-2449.37,INR,MOCK_FEED
POS00900520260323,PORT009,INS0030,2026-03-23,2832,49.1433,139173.83,1689.7,GBP,MOCK_FEED
POS00900620260323,PORT009,INS0031,2026-03-23,2154,48.1417,103697.22,3409.58,GBP,MOCK_FEED
POS00900720260323,PORT009,INS0032,2026-03-23,452,55.1004,24905.38,-433.73,USD,MOCK_FEED
POS00900820260323,PORT009,INS0033,2026-03-23,2154,29.3982,63323.72,2349.74,USD,MOCK_FEED
POS00900920260323,PORT009,INS0034,2026-03-23,702,62.2699,43713.47,-101.46,EUR,MOCK_FEED
POS00901020260323,PORT009,INS0035,2026-03-23,4348,10.9619,47662.34,-761.51,INR,MOCK_FEED
POS00900120260324,PORT009,INS0026,2026-03-24,2994,60.7224,181802.87,1421.25,EUR,MOCK_FEED
POS00900220260324,PORT009,INS0027,2026-03-24,1721,20.7789,35760.49,-607.86,USD,MOCK_FEED
POS00900320260324,PORT009,INS0028,2026-03-24,3865,50.0842,193575.43,-3589.27,EUR,MOCK_FEED
POS00900420260324,PORT009,INS0029,2026-03-24,3463,19.7572,68419.18,135.71,EUR,MOCK_FEED
POS00900520260324,PORT009,INS0030,2026-03-24,3928,50.3389,197731.2,-110.16,USD,MOCK_FEED
POS00900620260324,PORT009,INS0031,2026-03-24,583,47.8863,27917.71,839.29,GBP,MOCK_FEED
POS00900720260324,PORT009,INS0032,2026-03-24,3632,55.8609,202886.79,6315.38,USD,MOCK_FEED
POS00900820260324,PORT009,INS0033,2026-03-24,922,29.2411,26960.29,833.9,GBP,MOCK_FEED
POS00900920260324,PORT009,INS0034,2026-03-24,2956,61.6217,182153.75,3092.84,INR,MOCK_FEED
POS00901020260324,PORT009,INS0035,2026-03-24,3548,11.2042,39752.5,-367.26,GBP,MOCK_FEED
POS00900120260325,PORT009,INS0026,2026-03-25,3391,61.009,206881.52,-3435.8,USD,MOCK_FEED
POS00900220260325,PORT009,INS0027,2026-03-25,4253,20.7105,88081.76,1039.81,USD,MOCK_FEED
POS00900320260325,PORT009,INS0028,2026-03-25,3541,48.8257,172891.8,-1131.26,EUR,MOCK_FEED
POS00900420260325,PORT009,INS0029,2026-03-25,3077,19.6383,60427.05,913.76,GBP,MOCK_FEED
POS00900520260325,PORT009,INS0030,2026-03-25,2238,49.9968,111892.84,1873.71,USD,MOCK_FEED
POS00900620260325,PORT009,INS0031,2026-03-25,131,47.8761,6271.77,-146.49,USD,MOCK_FEED
POS00900720260325,PORT009,INS0032,2026-03-25,130,54.8399,7129.19,-99.35,INR,MOCK_FEED
POS00900820260325,PORT009,INS0033,2026-03-25,336,28.9473,9726.29,-122.4,USD,MOCK_FEED
POS00900920260325,PORT009,INS0034,2026-03-25,2346,61.0408,143201.72,1390.02,EUR,MOCK_FEED
POS00901020260325,PORT009,INS0035,2026-03-25,715,11.216,8019.44,-208.45,USD,MOCK_FEED
POS00900120260326,PORT009,INS0026,2026-03-26,1730,59.7588,103382.72,-2109.24,EUR,MOCK_FEED
POS00900220260326,PORT009,INS0027,2026-03-26,620,20.8002,12896.12,405.35,EUR,MOCK_FEED
POS00900320260326,PORT009,INS0028,2026-03-26,2906,48.5245,141012.2,1525.46,GBP,MOCK_FEED
POS00900420260326,PORT009,INS0029,2026-03-26,4141,20.0285,82938.02,-2108.51,GBP,MOCK_FEED
POS00900520260326,PORT009,INS0030,2026-03-26,3223,49.7639,160389.05,4826.92,GBP,MOCK_FEED
POS00900620260326,PORT009,INS0031,2026-03-26,2020,47.7997,96555.39,189.83,GBP,MOCK_FEED
POS00900720260326,PORT009,INS0032,2026-03-26,863,55.5165,47910.74,-532.53,GBP,MOCK_FEED
POS00900820260326,PORT009,INS0033,2026-03-26,2924,29.1165,85136.65,-2092.17,GBP,MOCK_FEED
POS00900920260326,PORT009,INS0034,2026-03-26,3194,60.7674,194091.08,3513.93,GBP,MOCK_FEED
POS00901020260326,PORT009,INS0035,2026-03-26,4956,11.0244,54636.93,-465.06,GBP,MOCK_FEED
POS00900120260327,PORT009,INS0026,2026-03-27,3563,59.576,212269.29,-2876.41,EUR,MOCK_FEED
POS00900220260327,PORT009,INS0027,2026-03-27,3306,20.6809,68371.06,-102.97,INR,MOCK_FEED
POS00900320260327,PORT009,INS0028,2026-03-27,2199,48.4562,106555.18,2507.41,USD,MOCK_FEED
POS00900420260327,PORT009,INS0029,2026-03-27,4747,20.3489,96596.23,632.7,INR,MOCK_FEED
POS00900520260327,PORT009,INS0030,2026-03-27,879,49.2771,43314.57,-964.03,USD,MOCK_FEED
POS00900620260327,PORT009,INS0031,2026-03-27,2684,48.4586,130062.88,4552.49,INR,MOCK_FEED
POS00900720260327,PORT009,INS0032,2026-03-27,4623,55.4561,256373.55,9301.0,EUR,MOCK_FEED
POS00900820260327,PORT009,INS0033,2026-03-27,929,28.7556,26713.95,-131.78,INR,MOCK_FEED
POS00900920260327,PORT009,INS0034,2026-03-27,3276,59.1891,193903.49,5157.48,INR,MOCK_FEED
POS00901020260327,PORT009,INS0035,2026-03-27,1678,11.117,18654.33,532.28,INR,MOCK_FEED
POS00900120260328,PORT009,INS0026,2026-03-28,617,60.0638,37059.36,866.21,GBP,MOCK_FEED
POS00900220260328,PORT009,INS0027,2026-03-28,903,20.8199,18800.37,-308.27,INR,MOCK_FEED
POS00900320260328,PORT009,INS0028,2026-03-28,1521,48.5007,73769.56,-1326.01,GBP,MOCK_FEED
POS00900420260328,PORT009,INS0029,2026-03-28,3756,19.9914,75087.7,-363.62,INR,MOCK_FEED
POS00900520260328,PORT009,INS0030,2026-03-28,1905,49.7052,94688.41,-80.85,EUR,MOCK_FEED
POS00900620260328,PORT009,INS0031,2026-03-28,3578,48.9649,175196.41,985.71,EUR,MOCK_FEED
POS00900720260328,PORT009,INS0032,2026-03-28,1859,55.1005,102431.83,443.71,INR,MOCK_FEED
POS00900820260328,PORT009,INS0033,2026-03-28,802,28.7225,23035.44,412.21,GBP,MOCK_FEED
POS00900920260328,PORT009,INS0034,2026-03-28,3787,59.5293,225437.46,-3561.56,GBP,MOCK_FEED
POS00901020260328,PORT009,INS0035,2026-03-28,4419,11.0095,48650.98,-56.22,USD,MOCK_FEED
POS00900120260329,PORT009,INS0026,2026-03-29,1602,59.6513,95561.38,-1025.68,INR,MOCK_FEED
POS00900220260329,PORT009,INS0027,2026-03-29,3659,20.5641,75244.04,1846.77,USD,MOCK_FEED
POS00900320260329,PORT009,INS0028,2026-03-29,141,49.3451,6957.66,-39.41,USD,MOCK_FEED
POS00900420260329,PORT009,INS0029,2026-03-29,2219,20.3641,45187.94,-704.87,EUR,MOCK_FEED
POS00900520260329,PORT009,INS0030,2026-03-29,3438,49.7126,170911.92,-530.49,INR,MOCK_FEED
POS00900620260329,PORT009,INS0031,2026-03-29,3703,48.9478,181253.7,3814.32,EUR,MOCK_FEED
POS00900720260329,PORT009,INS0032,2026-03-29,3325,55.4162,184258.87,210.93,GBP,MOCK_FEED
POS00900820260329,PORT009,INS0033,2026-03-29,1076,29.2543,31477.63,-356.6,EUR,MOCK_FEED
POS00900920260329,PORT009,INS0034,2026-03-29,3100,59.7403,185194.93,-3726.91,USD,MOCK_FEED
POS00901020260329,PORT009,INS0035,2026-03-29,1700,10.8119,18380.23,576.6,EUR,MOCK_FEED
POS00900120260330,PORT009,INS0026,2026-03-30,2510,59.2285,148663.54,-2779.49,USD,MOCK_FEED
POS00900220260330,PORT009,INS0027,2026-03-30,1378,20.2258,27871.15,1041.45,USD,MOCK_FEED
POS00900320260330,PORT009,INS0028,2026-03-30,2343,48.6648,114021.63,2402.71,EUR,MOCK_FEED
POS00900420260330,PORT009,INS0029,2026-03-30,3701,20.1718,74655.83,-245.26,GBP,MOCK_FEED
POS00900520260330,PORT009,INS0030,2026-03-30,2851,48.913,139450.96,201.12,USD,MOCK_FEED
POS00900620260330,PORT009,INS0031,2026-03-30,2983,48.9121,145904.79,-884.04,GBP,MOCK_FEED
POS00900720260330,PORT009,INS0032,2026-03-30,3739,55.3709,207031.8,-5136.2,INR,MOCK_FEED
POS00900820260330,PORT009,INS0033,2026-03-30,1032,29.355,30294.36,16.01,USD,MOCK_FEED
POS00900920260330,PORT009,INS0034,2026-03-30,4129,58.4994,241544.02,-6781.3,USD,MOCK_FEED
POS00901020260330,PORT009,INS0035,2026-03-30,101,10.811,1091.91,-32.73,USD,MOCK_FEED
POS00900120260331,PORT009,INS0026,2026-03-31,2448,59.3533,145296.88,5781.03,INR,MOCK_FEED
POS00900220260331,PORT009,INS0027,2026-03-31,4587,19.7262,90484.08,1140.27,EUR,MOCK_FEED
POS00900320260331,PORT009,INS0028,2026-03-31,2709,49.6862,134599.92,5001.76,EUR,MOCK_FEED
POS00900420260331,PORT009,INS0029,2026-03-31,1663,20.4998,34091.17,583.89,EUR,MOCK_FEED
POS00900520260331,PORT009,INS0030,2026-03-31,2975,48.6409,144706.68,2241.07,GBP,MOCK_FEED
POS00900620260331,PORT009,INS0031,2026-03-31,139,48.8711,6793.08,-41.51,INR,MOCK_FEED
POS00900720260331,PORT009,INS0032,2026-03-31,1448,55.705,80660.84,320.0,GBP,MOCK_FEED
POS00900820260331,PORT009,INS0033,2026-03-31,3941,29.7338,117180.91,2351.21,EUR,MOCK_FEED
POS00900920260331,PORT009,INS0034,2026-03-31,2208,57.3802,126695.48,-1480.39,USD,MOCK_FEED
POS00901020260331,PORT009,INS0035,2026-03-31,2215,10.9902,24343.29,-240.76,EUR,MOCK_FEED
POS00900120260401,PORT009,INS0026,2026-04-01,2395,59.3335,142103.73,2509.0,GBP,MOCK_FEED
POS00900220260401,PORT009,INS0027,2026-04-01,3372,19.9945,67421.45,2084.39,USD,MOCK_FEED
POS00900320260401,PORT009,INS0028,2026-04-01,3953,49.2797,194802.65,-5137.76,USD,MOCK_FEED
POS00900420260401,PORT009,INS0029,2026-04-01,3370,20.297,68400.89,-1428.29,EUR,MOCK_FEED
POS00900520260401,PORT009,INS0030,2026-04-01,3276,49.2133,161222.77,317.03,USD,MOCK_FEED
POS00900620260401,PORT009,INS0031,2026-04-01,1456,49.4172,71951.44,-1461.37,USD,MOCK_FEED
POS00900720260401,PORT009,INS0032,2026-04-01,4490,55.6723,249968.63,6533.52,INR,MOCK_FEED
POS00900820260401,PORT009,INS0033,2026-04-01,443,29.8517,13224.3,-133.74,EUR,MOCK_FEED
POS00900920260401,PORT009,INS0034,2026-04-01,2994,57.7798,172992.72,-674.29,INR,MOCK_FEED
POS00901020260401,PORT009,INS0035,2026-04-01,1628,10.8856,17721.76,606.39,INR,MOCK_FEED
POS00900120260402,PORT009,INS0026,2026-04-02,4975,59.6377,296697.56,6205.0,INR,MOCK_FEED
POS00900220260402,PORT009,INS0027,2026-04-02,3609,20.0982,72534.4,1769.12,GBP,MOCK_FEED
POS00900320260402,PORT009,INS0028,2026-04-02,4127,48.2746,199229.27,7644.37,EUR,MOCK_FEED
POS00900420260402,PORT009,INS0029,2026-04-02,4213,20.0354,84409.14,1252.76,GBP,MOCK_FEED
POS00900520260402,PORT009,INS0030,2026-04-02,2573,49.2362,126684.74,1353.4,GBP,MOCK_FEED
POS00900620260402,PORT009,INS0031,2026-04-02,1615,50.8774,82167.0,1155.46,GBP,MOCK_FEED
POS00900720260402,PORT009,INS0032,2026-04-02,3706,55.9135,207215.43,7397.29,USD,MOCK_FEED
POS00900820260402,PORT009,INS0033,2026-04-02,1589,30.1454,47901.04,360.96,USD,MOCK_FEED
POS00900920260402,PORT009,INS0034,2026-04-02,1304,56.6507,73872.51,-1323.19,EUR,MOCK_FEED
POS00901020260402,PORT009,INS0035,2026-04-02,237,10.911,2585.91,-1.4,USD,MOCK_FEED
POS00900120260403,PORT009,INS0026,2026-04-03,4653,59.103,275006.26,3337.23,INR,MOCK_FEED
POS00900220260403,PORT009,INS0027,2026-04-03,1934,19.8798,38447.53,552.74,EUR,MOCK_FEED
POS00900320260403,PORT009,INS0028,2026-04-03,106,48.9421,5187.86,-154.86,INR,MOCK_FEED
POS00900420260403,PORT009,INS0029,2026-04-03,131,19.8475,2600.02,19.74,INR,MOCK_FEED
POS00900520260403,PORT009,INS0030,2026-04-03,745,49.064,36552.68,258.13,USD,MOCK_FEED
POS00900620260403,PORT009,INS0031,2026-04-03,2688,50.9148,136858.98,3052.3,GBP,MOCK_FEED
POS00900720260403,PORT009,INS0032,2026-04-03,4882,55.4341,270629.28,8016.34,INR,MOCK_FEED
POS00900820260403,PORT009,INS0033,2026-04-03,2550,29.6895,75708.22,-817.54,INR,MOCK_FEED
POS00900920260403,PORT009,INS0034,2026-04-03,2163,56.9249,123128.56,1591.95,INR,MOCK_FEED
POS00901020260403,PORT009,INS0035,2026-04-03,3332,10.857,36175.52,-332.32,USD,MOCK_FEED
POS00900120260404,PORT009,INS0026,2026-04-04,1040,58.7957,61147.53,187.43,GBP,MOCK_FEED
POS00900220260404,PORT009,INS0027,2026-04-04,3747,20.0811,75243.88,1707.84,USD,MOCK_FEED
POS00900320260404,PORT009,INS0028,2026-04-04,570,48.902,27874.14,761.54,INR,MOCK_FEED
POS00900420260404,PORT009,INS0029,2026-04-04,3736,19.8087,74005.3,1438.7,GBP,MOCK_FEED
POS00900520260404,PORT009,INS0030,2026-04-04,3989,48.2962,192653.54,-1409.74,INR,MOCK_FEED
POS00900620260404,PORT009,INS0031,2026-04-04,1240,50.4909,62608.72,1796.49,GBP,MOCK_FEED
POS00900720260404,PORT009,INS0032,2026-04-04,1178,56.2949,66315.39,2281.42,INR,MOCK_FEED
POS00900820260404,PORT009,INS0033,2026-04-04,2177,29.4503,64113.3,2364.77,GBP,MOCK_FEED
POS00900920260404,PORT009,INS0034,2026-04-04,4878,58.7291,286480.55,10977.89,EUR,MOCK_FEED
POS00901020260404,PORT009,INS0035,2026-04-04,3529,11.0156,38874.05,-1.34,GBP,MOCK_FEED
POS00900120260405,PORT009,INS0026,2026-04-05,2533,59.1123,149731.46,-2533.47,USD,MOCK_FEED
POS00900220260405,PORT009,INS0027,2026-04-05,4996,20.1744,100791.3,2679.67,EUR,MOCK_FEED
POS00900320260405,PORT009,INS0028,2026-04-05,4697,47.8259,224638.25,-6697.97,GBP,MOCK_FEED
POS00900420260405,PORT009,INS0029,2026-04-05,493,20.1,9909.3,-169.78,EUR,MOCK_FEED
POS00900520260405,PORT009,INS0030,2026-04-05,2180,47.3024,103119.23,1674.71,INR,MOCK_FEED
POS00900620260405,PORT009,INS0031,2026-04-05,1302,51.3511,66859.13,547.29,USD,MOCK_FEED
POS00900720260405,PORT009,INS0032,2026-04-05,1449,55.9427,81060.97,2717.54,USD,MOCK_FEED
POS00900820260405,PORT009,INS0033,2026-04-05,4327,29.5853,128015.59,-665.01,GBP,MOCK_FEED
POS00900920260405,PORT009,INS0034,2026-04-05,3855,58.4869,225467.0,4287.98,EUR,MOCK_FEED
POS00901020260405,PORT009,INS0035,2026-04-05,4063,10.9581,44522.76,-273.68,GBP,MOCK_FEED
POS00900120260406,PORT009,INS0026,2026-04-06,2542,59.0127,150010.28,3950.46,INR,MOCK_FEED
POS00900220260406,PORT009,INS0027,2026-04-06,491,20.332,9983.01,-118.3,INR,MOCK_FEED
POS00900320260406,PORT009,INS0028,2026-04-06,2735,48.0267,131353.02,2887.63,INR,MOCK_FEED
POS00900420260406,PORT009,INS0029,2026-04-06,1394,20.472,28537.97,-15.64,EUR,MOCK_FEED
POS00900520260406,PORT009,INS0030,2026-04-06,934,47.2089,44093.11,674.94,EUR,MOCK_FEED
POS00900620260406,PORT009,INS0031,2026-04-06,2887,51.8592,149717.51,3854.96,EUR,MOCK_FEED
POS00900720260406,PORT009,INS0032,2026-04-06,1710,57.2323,97867.23,-726.02,INR,MOCK_FEED
POS00900820260406,PORT009,INS0033,2026-04-06,2682,29.4567,79002.87,-979.43,USD,MOCK_FEED
POS00900920260406,PORT009,INS0034,2026-04-06,3135,57.605,180591.67,1900.54,USD,MOCK_FEED
POS00901020260406,PORT009,INS0035,2026-04-06,475,10.7437,5103.26,176.06,GBP,MOCK_FEED
POS00900120260407,PORT009,INS0026,2026-04-07,1741,60.0578,104560.63,-2561.32,USD,MOCK_FEED
POS00900220260407,PORT009,INS0027,2026-04-07,3633,20.7198,75275.03,666.22,USD,MOCK_FEED
POS00900320260407,PORT009,INS0028,2026-04-07,2780,48.5351,134927.58,2350.3,INR,MOCK_FEED
POS00900420260407,PORT009,INS0029,2026-04-07,4446,21.1283,93936.42,1638.04,EUR,MOCK_FEED
POS00900520260407,PORT009,INS0030,2026-04-07,634,47.6617,30217.52,797.45,USD,MOCK_FEED
POS00900620260407,PORT009,INS0031,2026-04-07,4959,50.9698,252759.24,6328.27,USD,MOCK_FEED
POS00900720260407,PORT009,INS0032,2026-04-07,1589,57.7746,91803.84,-306.6,GBP,MOCK_FEED
POS00900820260407,PORT009,INS0033,2026-04-07,1288,30.0269,38674.65,-1038.35,EUR,MOCK_FEED
POS00900920260407,PORT009,INS0034,2026-04-07,3331,57.8025,192540.13,-934.93,USD,MOCK_FEED
POS00901020260407,PORT009,INS0035,2026-04-07,711,10.841,7707.95,-121.67,USD,MOCK_FEED
POS00900120260408,PORT009,INS0026,2026-04-08,4515,58.5331,264276.95,10497.98,GBP,MOCK_FEED
POS00900220260408,PORT009,INS0027,2026-04-08,4348,20.8313,90574.49,3244.91,USD,MOCK_FEED
POS00900320260408,PORT009,INS0028,2026-04-08,4130,48.8181,201618.75,5334.79,INR,MOCK_FEED
POS00900420260408,PORT009,INS0029,2026-04-08,2980,21.5445,64202.61,-1545.56,USD,MOCK_FEED
POS00900520260408,PORT009,INS0030,2026-04-08,2176,48.1113,104690.19,1475.78,GBP,MOCK_FEED
POS00900620260408,PORT009,INS0031,2026-04-08,876,50.3212,44081.37,-79.49,EUR,MOCK_FEED
POS00900720260408,PORT009,INS0032,2026-04-08,2479,57.7479,143157.04,-2879.17,USD,MOCK_FEED
POS00900820260408,PORT009,INS0033,2026-04-08,3306,30.3471,100327.51,-1968.86,USD,MOCK_FEED
POS00900920260408,PORT009,INS0034,2026-04-08,2574,57.8653,148945.28,3707.45,GBP,MOCK_FEED
POS00901020260408,PORT009,INS0035,2026-04-08,4993,10.7057,53453.56,863.97,GBP,MOCK_FEED
POS00900120260409,PORT009,INS0026,2026-04-09,3291,56.711,186635.9,768.32,EUR,MOCK_FEED
POS00900220260409,PORT009,INS0027,2026-04-09,4080,20.3739,83125.51,-1805.74,GBP,MOCK_FEED
POS00900320260409,PORT009,INS0028,2026-04-09,4737,49.6038,234973.2,-1683.96,GBP,MOCK_FEED
POS00900420260409,PORT009,INS0029,2026-04-09,2966,21.8559,64824.6,-405.93,EUR,MOCK_FEED
POS00900520260409,PORT009,INS0030,2026-04-09,4442,48.0224,213315.5,-6017.33,USD,MOCK_FEED
POS00900620260409,PORT009,INS0031,2026-04-09,2429,50.7178,123193.54,1160.08,INR,MOCK_FEED
POS00900720260409,PORT009,INS0032,2026-04-09,2200,57.8883,127354.26,108.66,INR,MOCK_FEED
POS00900820260409,PORT009,INS0033,2026-04-09,3065,30.5391,93602.34,2265.68,GBP,MOCK_FEED
POS00900920260409,PORT009,INS0034,2026-04-09,4613,59.5998,274933.88,3780.5,GBP,MOCK_FEED
POS00901020260409,PORT009,INS0035,2026-04-09,894,10.8589,9707.86,21.74,INR,MOCK_FEED
POS00900120260410,PORT009,INS0026,2026-04-10,4989,56.9514,284130.53,-7111.52,EUR,MOCK_FEED
POS00900220260410,PORT009,INS0027,2026-04-10,4273,20.8262,88990.35,-607.94,EUR,MOCK_FEED
POS00900320260410,PORT009,INS0028,2026-04-10,3457,49.9973,172840.67,-428.84,INR,MOCK_FEED
POS00900420260410,PORT009,INS0029,2026-04-10,3221,22.2508,71669.83,-1196.76,USD,MOCK_FEED
POS00900520260410,PORT009,INS0030,2026-04-10,4982,48.356,240909.59,7934.86,INR,MOCK_FEED
POS00900620260410,PORT009,INS0031,2026-04-10,2546,50.4627,128478.03,1943.96,INR,MOCK_FEED
POS00900720260410,PORT009,INS0032,2026-04-10,1246,57.818,72041.23,729.7,EUR,MOCK_FEED
POS00900820260410,PORT009,INS0033,2026-04-10,4319,30.1296,130129.74,-2686.76,GBP,MOCK_FEED
POS00900920260410,PORT009,INS0034,2026-04-10,4775,59.759,285349.22,-1960.33,GBP,MOCK_FEED
POS00901020260410,PORT009,INS0035,2026-04-10,2720,10.855,29525.6,-302.1,INR,MOCK_FEED
POS00900120260411,PORT009,INS0026,2026-04-11,4486,55.8916,250729.72,2753.09,EUR,MOCK_FEED
POS00900220260411,PORT009,INS0027,2026-04-11,2912,21.0041,61163.94,1555.06,EUR,MOCK_FEED
POS00900320260411,PORT009,INS0028,2026-04-11,1085,49.8246,54059.69,-493.73,EUR,MOCK_FEED
POS00900420260411,PORT009,INS0029,2026-04-11,783,22.4284,17561.44,21.05,GBP,MOCK_FEED
POS00900520260411,PORT009,INS0030,2026-04-11,3657,49.3539,180487.21,-972.43,GBP,MOCK_FEED
POS00900620260411,PORT009,INS0031,2026-04-11,4544,50.0251,227314.05,-2751.51,USD,MOCK_FEED
POS00900720260411,PORT009,INS0032,2026-04-11,3884,57.0919,221744.94,7188.87,GBP,MOCK_FEED
POS00900820260411,PORT009,INS0033,2026-04-11,1718,29.6938,51013.95,-1070.29,INR,MOCK_FEED
POS00900920260411,PORT009,INS0034,2026-04-11,3014,59.5137,179374.29,-69.52,EUR,MOCK_FEED
POS00901020260411,PORT009,INS0035,2026-04-11,400,10.8163,4326.52,69.8,GBP,MOCK_FEED
POS00900120260412,PORT009,INS0026,2026-04-12,4440,54.5435,242173.14,7942.05,INR,MOCK_FEED
POS00900220260412,PORT009,INS0027,2026-04-12,3380,20.8964,70629.83,-860.05,USD,MOCK_FEED
POS00900320260412,PORT009,INS0028,2026-04-12,1876,50.0351,93865.85,2671.21,INR,MOCK_FEED
POS00900420260412,PORT009,INS0029,2026-04-12,2000,22.5,45000.0,835.11,GBP,MOCK_FEED
POS00900520260412,PORT009,INS0030,2026-04-12,2203,50.5022,111256.35,-2756.92,EUR,MOCK_FEED
POS00900620260412,PORT009,INS0031,2026-04-12,337,49.9202,16823.11,5.9,USD,MOCK_FEED
POS00900720260412,PORT009,INS0032,2026-04-12,3972,56.5087,224452.56,-5917.01,INR,MOCK_FEED
POS00900820260412,PORT009,INS0033,2026-04-12,4655,29.9061,139212.9,3250.34,USD,MOCK_FEED
POS00900920260412,PORT009,INS0034,2026-04-12,3249,59.203,192350.55,-4852.11,EUR,MOCK_FEED
POS00901020260412,PORT009,INS0035,2026-04-12,1107,10.7652,11917.08,17.17,EUR,MOCK_FEED
POS00900120260413,PORT009,INS0026,2026-04-13,3826,54.271,207640.85,7158.03,GBP,MOCK_FEED
POS00900220260413,PORT009,INS0027,2026-04-13,2512,20.9967,52743.71,-1454.72,USD,MOCK_FEED
POS00900320260413,PORT009,INS0028,2026-04-13,2119,50.3248,106638.25,927.11,EUR,MOCK_FEED
POS00900420260413,PORT009,INS0029,2026-04-13,4616,22.2661,102780.32,1235.94,USD,MOCK_FEED
POS00900520260413,PORT009,INS0030,2026-04-13,4409,51.2804,226095.28,3611.95,INR,MOCK_FEED
POS00900620260413,PORT009,INS0031,2026-04-13,1227,50.6638,62164.48,-767.05,GBP,MOCK_FEED
POS00900720260413,PORT009,INS0032,2026-04-13,1203,56.1765,67580.33,-639.59,GBP,MOCK_FEED
POS00900820260413,PORT009,INS0033,2026-04-13,4562,30.1154,137386.45,-2563.95,USD,MOCK_FEED
POS00900920260413,PORT009,INS0034,2026-04-13,3167,60.6647,192125.1,6131.53,USD,MOCK_FEED
POS00901020260413,PORT009,INS0035,2026-04-13,997,10.8745,10841.88,192.93,GBP,MOCK_FEED
POS00900120260414,PORT009,INS0026,2026-04-14,1052,54.2017,57020.19,-334.07,INR,MOCK_FEED
POS00900220260414,PORT009,INS0027,2026-04-14,2689,20.8903,56174.02,587.21,INR,MOCK_FEED
POS00900320260414,PORT009,INS0028,2026-04-14,3246,49.9319,162078.95,5983.47,GBP,MOCK_FEED
POS00900420260414,PORT009,INS0029,2026-04-14,1132,22.5705,25549.81,816.3,EUR,MOCK_FEED
POS00900520260414,PORT009,INS0030,2026-04-14,2379,50.0415,119048.73,3210.53,INR,MOCK_FEED
POS00900620260414,PORT009,INS0031,2026-04-14,2262,50.7603,114819.8,-1295.65,EUR,MOCK_FEED
POS00900720260414,PORT009,INS0032,2026-04-14,4480,56.8018,254472.06,2109.94,EUR,MOCK_FEED
POS00900820260414,PORT009,INS0033,2026-04-14,3404,30.2436,102949.21,3348.88,EUR,MOCK_FEED
POS00900920260414,PORT009,INS0034,2026-04-14,4343,59.766,259563.74,3963.62,USD,MOCK_FEED
POS00901020260414,PORT009,INS0035,2026-04-14,2663,10.7973,28753.21,-433.57,EUR,MOCK_FEED
POS00900120260415,PORT009,INS0026,2026-04-15,4078,54.2016,221034.12,5631.16,INR,MOCK_FEED
POS00900220260415,PORT009,INS0027,2026-04-15,4653,21.0284,97845.15,3514.15,USD,MOCK_FEED
POS00900320260415,PORT009,INS0028,2026-04-15,3429,50.2638,172354.57,6677.0,USD,MOCK_FEED
POS00900420260415,PORT009,INS0029,2026-04-15,1719,22.2286,38210.96,-911.83,USD,MOCK_FEED
POS00900520260415,PORT009,INS0030,2026-04-15,2592,50.0013,129603.37,2102.82,USD,MOCK_FEED
POS00900620260415,PORT009,INS0031,2026-04-15,180,51.0412,9187.42,-222.39,USD,MOCK_FEED
POS00900720260415,PORT009,INS0032,2026-04-15,3791,57.3367,217363.43,6184.9,EUR,MOCK_FEED
POS00900820260415,PORT009,INS0033,2026-04-15,1741,30.5012,53102.59,-446.42,INR,MOCK_FEED
POS00900920260415,PORT009,INS0034,2026-04-15,4313,60.0363,258936.56,7834.72,USD,MOCK_FEED
POS00901020260415,PORT009,INS0035,2026-04-15,2582,10.6742,27560.78,6.38,GBP,MOCK_FEED
POS00900120260416,PORT009,INS0026,2026-04-16,1394,54.5905,76099.16,-1465.86,INR,MOCK_FEED
POS00900220260416,PORT009,INS0027,2026-04-16,2499,20.9775,52422.77,-1046.75,EUR,MOCK_FEED
POS00900320260416,PORT009,INS0028,2026-04-16,1857,50.4637,93711.09,1124.95,INR,MOCK_FEED
POS00900420260416,PORT009,INS0029,2026-04-16,4989,22.5461,112482.49,3662.39,GBP,MOCK_FEED
POS00900520260416,PORT009,INS0030,2026-04-16,2332,50.9903,118909.38,4527.87,INR,MOCK_FEED
POS00900620260416,PORT009,INS0031,2026-04-16,1249,50.7624,63402.24,1810.73,GBP,MOCK_FEED
POS00900720260416,PORT009,INS0032,2026-04-16,319,58.3312,18607.65,541.6,EUR,MOCK_FEED
POS00900820260416,PORT009,INS0033,2026-04-16,3963,30.8085,122094.09,-1202.72,INR,MOCK_FEED
POS00900920260416,PORT009,INS0034,2026-04-16,1773,59.6273,105719.2,2587.46,EUR,MOCK_FEED
POS00901020260416,PORT009,INS0035,2026-04-16,1752,10.8187,18954.36,165.81,GBP,MOCK_FEED
POS00900120260417,PORT009,INS0026,2026-04-17,3293,54.5786,179727.33,-1517.76,EUR,MOCK_FEED
POS00900220260417,PORT009,INS0027,2026-04-17,1518,21.0659,31978.04,940.16,GBP,MOCK_FEED
POS00900320260417,PORT009,INS0028,2026-04-17,2860,49.8571,142591.31,-1228.85,INR,MOCK_FEED
POS00900420260417,PORT009,INS0029,2026-04-17,4622,22.0301,101823.12,2105.77,INR,MOCK_FEED
POS00900520260417,PORT009,INS0030,2026-04-17,2261,51.1481,115645.85,4304.32,INR,MOCK_FEED
POS00900620260417,PORT009,INS0031,2026-04-17,4467,50.7277,226600.64,1134.36,INR,MOCK_FEED
POS00900720260417,PORT009,INS0032,2026-04-17,3800,58.6987,223055.06,-3396.01,INR,MOCK_FEED
POS00900820260417,PORT009,INS0033,2026-04-17,125,30.8387,3854.84,-89.28,GBP,MOCK_FEED
POS00900920260417,PORT009,INS0034,2026-04-17,3357,58.9752,197979.75,-1101.1,GBP,MOCK_FEED
POS00901020260417,PORT009,INS0035,2026-04-17,2281,10.5436,24049.95,-64.14,INR,MOCK_FEED
POS00900120260418,PORT009,INS0026,2026-04-18,3186,54.5146,173683.52,-4596.23,INR,MOCK_FEED
POS00900220260418,PORT009,INS0027,2026-04-18,956,21.4855,20540.14,-85.89,INR,MOCK_FEED
POS00900320260418,PORT009,INS0028,2026-04-18,2892,49.1776,142221.62,2699.56,USD,MOCK_FEED
POS00900420260418,PORT009,INS0029,2026-04-18,4880,21.9933,107327.3,-2458.77,GBP,MOCK_FEED
POS00900520260418,PORT009,INS0030,2026-04-18,998,50.8301,50728.44,836.76,USD,MOCK_FEED
POS00900620260418,PORT009,INS0031,2026-04-18,3685,51.0398,188081.66,2750.97,INR,MOCK_FEED
POS00900720260418,PORT009,INS0032,2026-04-18,2581,58.4259,150797.25,2677.74,USD,MOCK_FEED
POS00900820260418,PORT009,INS0033,2026-04-18,4282,30.5374,130761.15,-1792.42,USD,MOCK_FEED
POS00900920260418,PORT009,INS0034,2026-04-18,2162,59.1366,127853.33,-3673.48,USD,MOCK_FEED
POS00901020260418,PORT009,INS0035,2026-04-18,598,10.6851,6389.69,174.72,USD,MOCK_FEED
POS00900120260419,PORT009,INS0026,2026-04-19,4424,54.7006,241995.45,-4393.97,EUR,MOCK_FEED
POS00900220260419,PORT009,INS0027,2026-04-19,4142,22.0108,91168.73,-1096.21,GBP,MOCK_FEED
POS00900320260419,PORT009,INS0028,2026-04-19,3839,48.8721,187619.99,-4339.3,USD,MOCK_FEED
POS00900420260419,PORT009,INS0029,2026-04-19,1568,21.6579,33959.59,576.5,USD,MOCK_FEED
POS00900520260419,PORT009,INS0030,2026-04-19,231,50.9265,11764.02,412.44,GBP,MOCK_FEED
POS00900620260419,PORT009,INS0031,2026-04-19,845,50.6192,42773.22,-297.45,USD,MOCK_FEED
POS00900720260419,PORT009,INS0032,2026-04-19,3682,57.8424,212975.72,-3013.4,USD,MOCK_FEED
POS00900820260419,PORT009,INS0033,2026-04-19,1647,30.0371,49471.1,1814.27,USD,MOCK_FEED
POS00900920260419,PORT009,INS0034,2026-04-19,396,59.017,23370.73,-253.89,INR,MOCK_FEED
POS00901020260419,PORT009,INS0035,2026-04-19,4638,10.6711,49492.56,977.39,USD,MOCK_FEED
POS01000120250419,PORT010,INS0029,2025-04-19,1945,23.0292,44791.79,-1272.19,GBP,MOCK_FEED
POS01000220250419,PORT010,INS0030,2025-04-19,1438,42.9026,61693.94,1510.05,USD,MOCK_FEED
POS01000320250419,PORT010,INS0031,2025-04-19,4058,34.0891,138333.57,1637.96,INR,MOCK_FEED
POS01000420250419,PORT010,INS0032,2025-04-19,1374,54.3072,74618.09,-65.36,EUR,MOCK_FEED
POS01000520250419,PORT010,INS0033,2025-04-19,3625,27.4995,99685.69,2211.69,EUR,MOCK_FEED
POS01000620250419,PORT010,INS0034,2025-04-19,4735,42.8905,203086.52,7867.1,GBP,MOCK_FEED
POS01000720250419,PORT010,INS0035,2025-04-19,1477,10.4272,15400.97,-440.56,GBP,MOCK_FEED
POS01000820250419,PORT010,INS0036,2025-04-19,4867,29.7592,144838.03,-2200.03,USD,MOCK_FEED
POS01000920250419,PORT010,INS0037,2025-04-19,1424,48.1018,68496.96,-158.73,INR,MOCK_FEED
POS01001020250419,PORT010,INS0038,2025-04-19,2846,17.7356,50475.52,68.65,GBP,MOCK_FEED
POS01000120250420,PORT010,INS0029,2025-04-20,2546,23.401,59578.95,-568.27,INR,MOCK_FEED
POS01000220250420,PORT010,INS0030,2025-04-20,4454,42.758,190444.13,208.86,USD,MOCK_FEED
POS01000320250420,PORT010,INS0031,2025-04-20,1494,33.8887,50629.72,-266.14,EUR,MOCK_FEED
POS01000420250420,PORT010,INS0032,2025-04-20,442,54.7026,24178.55,432.93,EUR,MOCK_FEED
POS01000520250420,PORT010,INS0033,2025-04-20,1017,27.6509,28120.97,-161.49,EUR,MOCK_FEED
POS01000620250420,PORT010,INS0034,2025-04-20,4775,42.3579,202258.97,-4391.38,GBP,MOCK_FEED
POS01000720250420,PORT010,INS0035,2025-04-20,2090,10.6167,22188.9,-620.85,USD,MOCK_FEED
POS01000820250420,PORT010,INS0036,2025-04-20,1781,30.1426,53683.97,701.2,EUR,MOCK_FEED
POS01000920250420,PORT010,INS0037,2025-04-20,157,49.2966,7739.57,24.66,USD,MOCK_FEED
POS01001020250420,PORT010,INS0038,2025-04-20,2947,17.6612,52047.56,-230.9,INR,MOCK_FEED
POS01000120250421,PORT010,INS0029,2025-04-21,3968,23.8234,94531.25,-1649.79,USD,MOCK_FEED
POS01000220250421,PORT010,INS0030,2025-04-21,1692,41.6156,70413.6,830.03,EUR,MOCK_FEED
POS01000320250421,PORT010,INS0031,2025-04-21,850,34.4464,29279.44,834.3,EUR,MOCK_FEED
POS01000420250421,PORT010,INS0032,2025-04-21,424,54.5483,23128.48,815.74,USD,MOCK_FEED
POS01000520250421,PORT010,INS0033,2025-04-21,4609,27.7605,127948.14,-716.5,USD,MOCK_FEED
POS01000620250421,PORT010,INS0034,2025-04-21,775,41.9717,32528.07,588.01,GBP,MOCK_FEED
POS01000720250421,PORT010,INS0035,2025-04-21,2878,10.6098,30535.0,-400.31,GBP,MOCK_FEED
POS01000820250421,PORT010,INS0036,2025-04-21,4274,30.5279,130476.24,4743.66,GBP,MOCK_FEED
POS01000920250421,PORT010,INS0037,2025-04-21,1936,49.648,96118.53,-1600.32,INR,MOCK_FEED
POS01001020250421,PORT010,INS0038,2025-04-21,1908,17.2021,32821.61,1296.47,GBP,MOCK_FEED
POS01000120250422,PORT010,INS0029,2025-04-22,4920,24.2373,119247.52,1492.6,GBP,MOCK_FEED
POS01000220250422,PORT010,INS0030,2025-04-22,1626,41.7579,67898.35,1194.21,GBP,MOCK_FEED
POS01000320250422,PORT010,INS0031,2025-04-22,3609,34.247,123597.42,4294.71,INR,MOCK_FEED
POS01000420250422,PORT010,INS0032,2025-04-22,2290,55.1368,126263.27,-797.14,USD,MOCK_FEED
POS01000520250422,PORT010,INS0033,2025-04-22,947,27.7155,26246.58,-9.82,USD,MOCK_FEED
POS01000620250422,PORT010,INS0034,2025-04-22,3151,41.7448,131537.86,3369.0,GBP,MOCK_FEED
POS01000720250422,PORT010,INS0035,2025-04-22,2484,10.373,25766.53,85.02,USD,MOCK_FEED
POS01000820250422,PORT010,INS0036,2025-04-22,3386,30.4104,102969.61,-1506.78,INR,MOCK_FEED
POS01000920250422,PORT010,INS0037,2025-04-22,390,48.5535,18935.87,-161.82,EUR,MOCK_FEED
POS01001020250422,PORT010,INS0038,2025-04-22,188,17.1848,3230.74,-28.34,GBP,MOCK_FEED
POS01000120250423,PORT010,INS0029,2025-04-23,3896,24.1229,93982.82,-396.86,USD,MOCK_FEED
POS01000220250423,PORT010,INS0030,2025-04-23,2494,43.056,107381.66,958.67,EUR,MOCK_FEED
POS01000320250423,PORT010,INS0031,2025-04-23,1701,34.702,59028.1,1160.15,USD,MOCK_FEED
POS01000420250423,PORT010,INS0032,2025-04-23,1833,54.7343,100327.97,-2569.99,GBP,MOCK_FEED
POS01000520250423,PORT010,INS0033,2025-04-23,1056,27.2097,28733.44,-123.54,GBP,MOCK_FEED
POS01000620250423,PORT010,INS0034,2025-04-23,3347,42.3291,141675.5,2503.08,GBP,MOCK_FEED
POS01000720250423,PORT010,INS0035,2025-04-23,1143,10.1772,11632.54,156.34,GBP,MOCK_FEED
POS01000820250423,PORT010,INS0036,2025-04-23,1908,31.3206,59759.7,313.84,GBP,MOCK_FEED
POS01000920250423,PORT010,INS0037,2025-04-23,3788,48.7214,184556.66,-5006.66,USD,MOCK_FEED
POS01001020250423,PORT010,INS0038,2025-04-23,783,17.2688,13521.47,336.9,GBP,MOCK_FEED
POS01000120250424,PORT010,INS0029,2025-04-24,1856,23.7014,43989.8,-468.62,INR,MOCK_FEED
POS01000220250424,PORT010,INS0030,2025-04-24,3264,43.2475,141159.84,-4022.96,EUR,MOCK_FEED
POS01000320250424,PORT010,INS0031,2025-04-24,561,34.8582,19555.45,224.02,GBP,MOCK_FEED
POS01000420250424,PORT010,INS0032,2025-04-24,2759,55.943,154346.74,-3639.15,GBP,MOCK_FEED
POS01000520250424,PORT010,INS0033,2025-04-24,107,27.6298,2956.39,-3.67,INR,MOCK_FEED
POS01000620250424,PORT010,INS0034,2025-04-24,1130,42.3493,47854.71,-449.97,GBP,MOCK_FEED
POS01000720250424,PORT010,INS0035,2025-04-24,2773,10.2757,28494.52,-657.6,GBP,MOCK_FEED
POS01000820250424,PORT010,INS0036,2025-04-24,3008,31.3048,94164.84,-2225.93,USD,MOCK_FEED
POS01000920250424,PORT010,INS0037,2025-04-24,1774,47.5907,84425.9,1915.09,GBP,MOCK_FEED
POS01001020250424,PORT010,INS0038,2025-04-24,375,17.6383,6614.36,-123.7,USD,MOCK_FEED
POS01000120250425,PORT010,INS0029,2025-04-25,4213,24.0334,101252.71,1038.87,EUR,MOCK_FEED
POS01000220250425,PORT010,INS0030,2025-04-25,2951,44.8872,132462.13,4620.74,INR,MOCK_FEED
POS01000320250425,PORT010,INS0031,2025-04-25,3576,35.1267,125613.08,3484.9,INR,MOCK_FEED
POS01000420250425,PORT010,INS0032,2025-04-25,527,55.1656,29072.27,-302.54,USD,MOCK_FEED
POS01000520250425,PORT010,INS0033,2025-04-25,972,27.2702,26506.63,262.8,EUR,MOCK_FEED
POS01000620250425,PORT010,INS0034,2025-04-25,3170,42.7801,135612.92,5410.29,GBP,MOCK_FEED
POS01000720250425,PORT010,INS0035,2025-04-25,2231,10.5074,23442.01,670.28,USD,MOCK_FEED
POS01000820250425,PORT010,INS0036,2025-04-25,1602,31.2022,49985.92,549.76,USD,MOCK_FEED
POS01000920250425,PORT010,INS0037,2025-04-25,3302,48.2507,159323.81,199.73,INR,MOCK_FEED
POS01001020250425,PORT010,INS0038,2025-04-25,1857,17.4112,32332.6,507.56,INR,MOCK_FEED
POS01000120250426,PORT010,INS0029,2025-04-26,3973,24.2004,96148.19,1746.71,USD,MOCK_FEED
POS01000220250426,PORT010,INS0030,2025-04-26,2051,45.0263,92348.94,3341.95,USD,MOCK_FEED
POS01000320250426,PORT010,INS0031,2025-04-26,4084,35.3055,144187.66,1292.87,USD,MOCK_FEED
POS01000420250426,PORT010,INS0032,2025-04-26,4662,54.1711,252545.67,196.62,USD,MOCK_FEED
POS01000520250426,PORT010,INS0033,2025-04-26,1717,27.5994,47388.17,-1231.53,INR,MOCK_FEED
POS01000620250426,PORT010,INS0034,2025-04-26,430,43.2581,18600.98,-452.52,USD,MOCK_FEED
POS01000720250426,PORT010,INS0035,2025-04-26,4963,10.4719,51972.04,-488.72,USD,MOCK_FEED
POS01000820250426,PORT010,INS0036,2025-04-26,3273,31.2171,102173.57,-934.84,INR,MOCK_FEED
POS01000920250426,PORT010,INS0037,2025-04-26,194,48.1489,9340.89,-145.76,INR,MOCK_FEED
POS01001020250426,PORT010,INS0038,2025-04-26,2612,17.3304,45267.0,322.32,USD,MOCK_FEED
POS01000120250427,PORT010,INS0029,2025-04-27,2290,24.2466,55524.71,-203.98,GBP,MOCK_FEED
POS01000220250427,PORT010,INS0030,2025-04-27,4777,44.5905,213008.82,-3879.28,EUR,MOCK_FEED
POS01000320250427,PORT010,INS0031,2025-04-27,3816,35.0726,133837.04,4046.42,EUR,MOCK_FEED
POS01000420250427,PORT010,INS0032,2025-04-27,4083,54.7443,223520.98,-2987.39,USD,MOCK_FEED
POS01000520250427,PORT010,INS0033,2025-04-27,1147,28.0911,32220.49,1122.07,INR,MOCK_FEED
POS01000620250427,PORT010,INS0034,2025-04-27,1331,43.4527,57835.54,1344.33,USD,MOCK_FEED
POS01000720250427,PORT010,INS0035,2025-04-27,3604,10.3112,37161.56,5.39,INR,MOCK_FEED
POS01000820250427,PORT010,INS0036,2025-04-27,1498,31.3665,46987.02,1333.94,GBP,MOCK_FEED
POS01000920250427,PORT010,INS0037,2025-04-27,2796,48.7808,136391.12,3578.87,GBP,MOCK_FEED
POS01001020250427,PORT010,INS0038,2025-04-27,3175,17.4524,55411.37,-1257.31,INR,MOCK_FEED
POS01000120250428,PORT010,INS0029,2025-04-28,4651,24.4885,113896.01,-1272.87,EUR,MOCK_FEED
POS01000220250428,PORT010,INS0030,2025-04-28,1617,45.5265,73616.35,-567.64,EUR,MOCK_FEED
POS01000320250428,PORT010,INS0031,2025-04-28,1496,35.3949,52950.77,1388.8,INR,MOCK_FEED
POS01000420250428,PORT010,INS0032,2025-04-28,4377,54.4903,238504.04,-1207.9,INR,MOCK_FEED
POS01000520250428,PORT010,INS0033,2025-04-28,3436,27.5547,94677.95,2223.56,EUR,MOCK_FEED
POS01000620250428,PORT010,INS0034,2025-04-28,157,43.3402,6804.41,140.81,GBP,MOCK_FEED
POS01000720250428,PORT010,INS0035,2025-04-28,3344,10.3291,34540.51,370.81,USD,MOCK_FEED
POS01000820250428,PORT010,INS0036,2025-04-28,4858,31.2315,151722.63,3243.19,INR,MOCK_FEED
POS01000920250428,PORT010,INS0037,2025-04-28,2179,49.4073,107658.51,2369.25,INR,MOCK_FEED
POS01001020250428,PORT010,INS0038,2025-04-28,3700,17.7975,65850.75,1044.55,INR,MOCK_FEED
POS01000120250429,PORT010,INS0029,2025-04-29,2683,24.2636,65099.24,-131.24,INR,MOCK_FEED
POS01000220250429,PORT010,INS0030,2025-04-29,1092,46.4698,50745.02,209.29,INR,MOCK_FEED
POS01000320250429,PORT010,INS0031,2025-04-29,675,35.7692,24144.21,107.27,INR,MOCK_FEED
POS01000420250429,PORT010,INS0032,2025-04-29,3630,55.3944,201081.67,1588.12,INR,MOCK_FEED
POS01000520250429,PORT010,INS0033,2025-04-29,4828,26.9484,130106.88,4460.03,INR,MOCK_FEED
POS01000620250429,PORT010,INS0034,2025-04-29,2181,43.881,95704.46,631.41,USD,MOCK_FEED
POS01000720250429,PORT010,INS0035,2025-04-29,311,10.3066,3205.35,-75.1,INR,MOCK_FEED
POS01000820250429,PORT010,INS0036,2025-04-29,3871,30.3801,117601.37,-1224.29,EUR,MOCK_FEED
POS01000920250429,PORT010,INS0037,2025-04-29,3340,49.9942,166980.63,-2576.48,GBP,MOCK_FEED
POS01001020250429,PORT010,INS0038,2025-04-29,4679,17.8849,83683.45,2057.87,EUR,MOCK_FEED
POS01000120250430,PORT010,INS0029,2025-04-30,1920,24.4008,46849.54,-679.83,INR,MOCK_FEED
POS01000220250430,PORT010,INS0030,2025-04-30,2899,46.0951,133629.69,3775.9,INR,MOCK_FEED
POS01000320250430,PORT010,INS0031,2025-04-30,3863,35.674,137808.66,-2225.6,EUR,MOCK_FEED
POS01000420250430,PORT010,INS0032,2025-04-30,970,55.7017,54030.65,-1073.94,GBP,MOCK_FEED
POS01000520250430,PORT010,INS0033,2025-04-30,2893,27.7231,80202.93,2566.97,GBP,MOCK_FEED
POS01000620250430,PORT010,INS0034,2025-04-30,2178,43.9541,95732.03,434.64,GBP,MOCK_FEED
POS01000720250430,PORT010,INS0035,2025-04-30,945,10.2879,9722.07,89.67,GBP,MOCK_FEED
POS01000820250430,PORT010,INS0036,2025-04-30,1648,30.3698,50049.43,-1099.46,INR,MOCK_FEED
POS01000920250430,PORT010,INS0037,2025-04-30,4729,50.0981,236913.91,-6677.34,INR,MOCK_FEED
POS01001020250430,PORT010,INS0038,2025-04-30,2689,17.6761,47531.03,-283.85,GBP,MOCK_FEED
POS01000120250501,PORT010,INS0029,2025-05-01,4103,24.3875,100061.91,-2260.24,GBP,MOCK_FEED
POS01000220250501,PORT010,INS0030,2025-05-01,4546,45.6744,207635.82,225.69,GBP,MOCK_FEED
POS01000320250501,PORT010,INS0031,2025-05-01,4664,35.8522,167214.66,1477.88,GBP,MOCK_FEED
POS01000420250501,PORT010,INS0032,2025-05-01,4001,56.7378,227007.94,8075.32,USD,MOCK_FEED
POS01000520250501,PORT010,INS0033,2025-05-01,4586,27.2,124739.2,3567.48,INR,MOCK_FEED
POS01000620250501,PORT010,INS0034,2025-05-01,874,44.1613,38596.98,225.57,USD,MOCK_FEED
POS01000720250501,PORT010,INS0035,2025-05-01,4614,10.2311,47206.3,-588.82,EUR,MOCK_FEED
POS01000820250501,PORT010,INS0036,2025-05-01,404,30.4741,12311.54,7.87,INR,MOCK_FEED
POS01000920250501,PORT010,INS0037,2025-05-01,1137,50.284,57172.91,-1525.8,INR,MOCK_FEED
POS01001020250501,PORT010,INS0038,2025-05-01,4527,17.7805,80492.32,2861.71,USD,MOCK_FEED
POS01000120250502,PORT010,INS0029,2025-05-02,4499,24.7847,111506.37,3007.39,EUR,MOCK_FEED
POS01000220250502,PORT010,INS0030,2025-05-02,2042,45.7903,93503.79,1703.04,GBP,MOCK_FEED
POS01000320250502,PORT010,INS0031,2025-05-02,2306,35.5696,82023.5,872.1,EUR,MOCK_FEED
POS01000420250502,PORT010,INS0032,2025-05-02,4235,56.8576,240791.94,7407.37,GBP,MOCK_FEED
POS01000520250502,PORT010,INS0033,2025-05-02,1124,27.0016,30349.8,1126.41,GBP,MOCK_FEED
POS01000620250502,PORT010,INS0034,2025-05-02,4941,44.9842,222266.93,8596.16,EUR,MOCK_FEED
POS01000720250502,PORT010,INS0035,2025-05-02,733,10.2225,7493.09,138.62,USD,MOCK_FEED
POS01000820250502,PORT010,INS0036,2025-05-02,2918,30.2118,88158.03,2393.95,USD,MOCK_FEED
POS01000920250502,PORT010,INS0037,2025-05-02,983,50.1531,49300.5,-441.47,USD,MOCK_FEED
POS01001020250502,PORT010,INS0038,2025-05-02,1175,17.8563,20981.15,-85.54,EUR,MOCK_FEED
POS01000120250503,PORT010,INS0029,2025-05-03,2430,24.5501,59656.74,683.36,INR,MOCK_FEED
POS01000220250503,PORT010,INS0030,2025-05-03,2458,46.0304,113142.72,64.12,USD,MOCK_FEED
POS01000320250503,PORT010,INS0031,2025-05-03,4152,35.7691,148513.3,2538.23,EUR,MOCK_FEED
POS01000420250503,PORT010,INS0032,2025-05-03,3066,56.6412,173661.92,-730.5,GBP,MOCK_FEED
POS01000520250503,PORT010,INS0033,2025-05-03,2185,26.6514,58233.31,2145.73,EUR,MOCK_FEED
POS01000620250503,PORT010,INS0034,2025-05-03,4552,44.7384,203649.2,6832.26,INR,MOCK_FEED
POS01000720250503,PORT010,INS0035,2025-05-03,2067,10.1764,21034.62,336.01,USD,MOCK_FEED
POS01000820250503,PORT010,INS0036,2025-05-03,3650,29.8705,109027.32,-1809.71,USD,MOCK_FEED
POS01000920250503,PORT010,INS0037,2025-05-03,670,50.5164,33845.99,113.03,USD,MOCK_FEED
POS01001020250503,PORT010,INS0038,2025-05-03,3233,17.7496,57384.46,-1164.22,INR,MOCK_FEED
POS01000120250504,PORT010,INS0029,2025-05-04,2707,24.525,66389.18,1560.9,INR,MOCK_FEED
POS01000220250504,PORT010,INS0030,2025-05-04,3338,46.7236,155963.38,5808.57,EUR,MOCK_FEED
POS01000320250504,PORT010,INS0031,2025-05-04,3097,36.0864,111759.58,2762.01,EUR,MOCK_FEED
POS01000420250504,PORT010,INS0032,2025-05-04,4185,56.6964,237274.43,-4573.23,INR,MOCK_FEED
POS01000520250504,PORT010,INS0033,2025-05-04,2293,26.3212,60354.51,325.34,INR,MOCK_FEED
POS01000620250504,PORT010,INS0034,2025-05-04,2793,44.5939,124550.76,-851.68,USD,MOCK_FEED
POS01000720250504,PORT010,INS0035,2025-05-04,637,10.0947,6430.32,-56.62,GBP,MOCK_FEED
POS01000820250504,PORT010,INS0036,2025-05-04,3891,29.954,116551.01,-172.85,EUR,MOCK_FEED
POS01000920250504,PORT010,INS0037,2025-05-04,4200,50.75,213150.0,-1195.99,USD,MOCK_FEED
POS01001020250504,PORT010,INS0038,2025-05-04,3601,17.6237,63462.94,-640.18,USD,MOCK_FEED
POS01000120250505,PORT010,INS0029,2025-05-05,236,24.3169,5738.79,-66.4,USD,MOCK_FEED
POS01000220250505,PORT010,INS0030,2025-05-05,1457,47.3805,69033.39,2553.01,EUR,MOCK_FEED
POS01000320250505,PORT010,INS0031,2025-05-05,571,36.4602,20818.77,-287.64,EUR,MOCK_FEED
POS01000420250505,PORT010,INS0032,2025-05-05,4264,55.0204,234606.99,5421.89,GBP,MOCK_FEED
POS01000520250505,PORT010,INS0033,2025-05-05,2404,26.2455,63094.18,2006.47,EUR,MOCK_FEED
POS01000620250505,PORT010,INS0034,2025-05-05,436,45.1273,19675.5,645.03,GBP,MOCK_FEED
POS01000720250505,PORT010,INS0035,2025-05-05,714,10.0429,7170.63,-83.83,GBP,MOCK_FEED
POS01000820250505,PORT010,INS0036,2025-05-05,594,29.7709,17683.91,43.93,GBP,MOCK_FEED
POS01000920250505,PORT010,INS0037,2025-05-05,212,50.2692,10657.07,239.32,USD,MOCK_FEED
POS01001020250505,PORT010,INS0038,2025-05-05,124,17.7228,2197.63,-62.84,INR,MOCK_FEED
POS01000120250506,PORT010,INS0029,2025-05-06,4881,23.6677,115522.04,-3027.75,EUR,MOCK_FEED
POS01000220250506,PORT010,INS0030,2025-05-06,4333,46.7986,202778.33,-2315.1,USD,MOCK_FEED
POS01000320250506,PORT010,INS0031,2025-05-06,4957,35.8175,177547.35,-1341.75,GBP,MOCK_FEED
POS01000420250506,PORT010,INS0032,2025-05-06,1415,54.6501,77329.89,2913.45,GBP,MOCK_FEED
POS01000520250506,PORT010,INS0033,2025-05-06,1014,26.2032,26570.04,1059.89,GBP,MOCK_FEED
POS01000620250506,PORT010,INS0034,2025-05-06,4973,45.5386,226463.46,3226.98,INR,MOCK_FEED
POS01000720250506,PORT010,INS0035,2025-05-06,4385,10.2154,44794.53,987.17,EUR,MOCK_FEED
POS01000820250506,PORT010,INS0036,2025-05-06,1663,30.1355,50115.34,-920.61,EUR,MOCK_FEED
POS01000920250506,PORT010,INS0037,2025-05-06,1243,49.4711,61492.58,2280.03,GBP,MOCK_FEED
POS01001020250506,PORT010,INS0038,2025-05-06,2254,17.4106,39243.49,331.09,USD,MOCK_FEED
POS01000120250507,PORT010,INS0029,2025-05-07,282,23.7164,6688.02,134.82,EUR,MOCK_FEED
POS01000220250507,PORT010,INS0030,2025-05-07,4672,48.314,225723.01,8118.12,EUR,MOCK_FEED
POS01000320250507,PORT010,INS0031,2025-05-07,3868,36.6394,141721.2,1022.07,EUR,MOCK_FEED
POS01000420250507,PORT010,INS0032,2025-05-07,1344,54.4565,73189.54,-1973.07,GBP,MOCK_FEED
POS01000520250507,PORT010,INS0033,2025-05-07,3197,26.2964,84069.59,2578.71,EUR,MOCK_FEED
POS01000620250507,PORT010,INS0034,2025-05-07,4964,46.3813,230236.77,-6871.64,GBP,MOCK_FEED
POS01000720250507,PORT010,INS0035,2025-05-07,4236,10.4052,44076.43,-87.78,USD,MOCK_FEED
POS01000820250507,PORT010,INS0036,2025-05-07,1086,30.0865,32673.94,244.85,EUR,MOCK_FEED
POS01000920250507,PORT010,INS0037,2025-05-07,3342,48.7404,162890.42,5766.96,INR,MOCK_FEED
POS01001020250507,PORT010,INS0038,2025-05-07,1592,17.381,27670.55,-121.48,GBP,MOCK_FEED
POS01000120250508,PORT010,INS0029,2025-05-08,3637,23.5499,85650.99,-574.71,INR,MOCK_FEED
POS01000220250508,PORT010,INS0030,2025-05-08,1285,48.5081,62332.91,58.12,GBP,MOCK_FEED
POS01000320250508,PORT010,INS0031,2025-05-08,3368,37.5709,126538.79,3728.99,INR,MOCK_FEED
POS01000420250508,PORT010,INS0032,2025-05-08,2700,54.2587,146498.49,-950.07,GBP,MOCK_FEED
POS01000520250508,PORT010,INS0033,2025-05-08,991,26.2729,26036.44,-625.75,INR,MOCK_FEED
POS01000620250508,PORT010,INS0034,2025-05-08,601,45.8619,27563.0,-13.57,USD,MOCK_FEED
POS01000720250508,PORT010,INS0035,2025-05-08,1405,10.4216,14642.35,-342.54,GBP,MOCK_FEED
POS01000820250508,PORT010,INS0036,2025-05-08,187,30.3875,5682.46,-6.08,INR,MOCK_FEED
POS01000920250508,PORT010,INS0037,2025-05-08,3813,48.7828,186008.82,-4055.45,EUR,MOCK_FEED
POS01001020250508,PORT010,INS0038,2025-05-08,332,17.7994,5909.4,-153.61,EUR,MOCK_FEED
POS01000120250509,PORT010,INS0029,2025-05-09,4236,23.1427,98032.48,-1842.08,EUR,MOCK_FEED
POS01000220250509,PORT010,INS0030,2025-05-09,399,47.6706,19020.57,-1.94,INR,MOCK_FEED
POS01000320250509,PORT010,INS0031,2025-05-09,2222,37.1119,82462.64,-1019.5,INR,MOCK_FEED
POS01000420250509,PORT010,INS0032,2025-05-09,1171,55.0083,64414.72,1927.07,EUR,MOCK_FEED
POS01000520250509,PORT010,INS0033,2025-05-09,2900,25.5517,74099.93,1555.71,USD,MOCK_FEED
POS01000620250509,PORT010,INS0034,2025-05-09,3715,44.9234,166890.43,5827.73,EUR,MOCK_FEED
POS01000720250509,PORT010,INS0035,2025-05-09,2432,10.5176,25578.8,-203.05,GBP,MOCK_FEED
POS01000820250509,PORT010,INS0036,2025-05-09,622,30.276,18831.67,710.35,USD,MOCK_FEED
POS01000920250509,PORT010,INS0037,2025-05-09,4281,48.6612,208318.6,3105.66,GBP,MOCK_FEED
POS01001020250509,PORT010,INS0038,2025-05-09,1639,17.732,29062.75,895.96,GBP,MOCK_FEED
POS01000120250510,PORT010,INS0029,2025-05-10,2350,23.1584,54422.24,-1408.09,INR,MOCK_FEED
POS01000220250510,PORT010,INS0030,2025-05-10,618,48.0656,29704.54,453.86,USD,MOCK_FEED
POS01000320250510,PORT010,INS0031,2025-05-10,3180,37.6158,119618.24,-3207.7,INR,MOCK_FEED
POS01000420250510,PORT010,INS0032,2025-05-10,2177,54.5574,118771.46,3359.08,INR,MOCK_FEED
POS01000520250510,PORT010,INS0033,2025-05-10,1988,25.0551,49809.54,19.89,GBP,MOCK_FEED
POS01000620250510,PORT010,INS0034,2025-05-10,4141,44.8176,185589.68,225.62,GBP,MOCK_FEED
POS01000720250510,PORT010,INS0035,2025-05-10,2257,10.6707,24083.77,565.88,EUR,MOCK_FEED
POS01000820250510,PORT010,INS0036,2025-05-10,3991,30.4542,121542.71,3323.63,GBP,MOCK_FEED
POS01000920250510,PORT010,INS0037,2025-05-10,4290,49.5093,212394.9,-3047.14,INR,MOCK_FEED
POS01001020250510,PORT010,INS0038,2025-05-10,317,17.4599,5534.79,51.6,USD,MOCK_FEED
POS01000120250511,PORT010,INS0029,2025-05-11,4453,22.3113,99352.22,-122.41,EUR,MOCK_FEED
POS01000220250511,PORT010,INS0030,2025-05-11,754,48.3244,36436.6,1039.53,INR,MOCK_FEED
POS01000320250511,PORT010,INS0031,2025-05-11,2144,37.1274,79601.15,-2028.79,GBP,MOCK_FEED
POS01000420250511,PORT010,INS0032,2025-05-11,413,54.7848,22626.12,-65.53,GBP,MOCK_FEED
POS01000520250511,PORT010,INS0033,2025-05-11,4824,25.0241,120716.26,659.22,USD,MOCK_FEED
POS01000620250511,PORT010,INS0034,2025-05-11,2166,45.1182,97726.02,1414.19,INR,MOCK_FEED
POS01000720250511,PORT010,INS0035,2025-05-11,1107,10.7913,11945.97,40.81,INR,MOCK_FEED
POS01000820250511,PORT010,INS0036,2025-05-11,2662,30.5448,81310.26,526.94,EUR,MOCK_FEED
POS01000920250511,PORT010,INS0037,2025-05-11,4208,49.9797,210314.58,-959.13,USD,MOCK_FEED
POS01001020250511,PORT010,INS0038,2025-05-11,4176,17.8812,74671.89,190.58,USD,MOCK_FEED
POS01000120250512,PORT010,INS0029,2025-05-12,3211,22.4052,71943.1,1005.39,EUR,MOCK_FEED
POS01000220250512,PORT010,INS0030,2025-05-12,523,48.159,25187.16,773.1,GBP,MOCK_FEED
POS01000320250512,PORT010,INS0031,2025-05-12,1920,36.9776,70996.99,-1339.57,GBP,MOCK_FEED
POS01000420250512,PORT010,INS0032,2025-05-12,2884,54.9153,158375.73,1257.68,GBP,MOCK_FEED
POS01000520250512,PORT010,INS0033,2025-05-12,4183,24.8027,103749.69,3371.08,EUR,MOCK_FEED
POS01000620250512,PORT010,INS0034,2025-05-12,3511,45.0053,158013.61,-3138.11,GBP,MOCK_FEED
POS01000720250512,PORT010,INS0035,2025-05-12,736,10.7161,7887.05,-224.21,EUR,MOCK_FEED
POS01000820250512,PORT010,INS0036,2025-05-12,4535,31.1549,141287.47,5554.54,USD,MOCK_FEED
POS01000920250512,PORT010,INS0037,2025-05-12,4285,50.1898,215063.29,5350.88,GBP,MOCK_FEED
POS01001020250512,PORT010,INS0038,2025-05-12,940,18.0392,16956.85,-58.76,GBP,MOCK_FEED
POS01000120250513,PORT010,INS0029,2025-05-13,1648,22.4936,37069.45,-317.86,GBP,MOCK_FEED
POS01000220250513,PORT010,INS0030,2025-05-13,4502,49.0961,221030.64,3810.95,INR,MOCK_FEED
POS01000320250513,PORT010,INS0031,2025-05-13,1665,37.5089,62452.32,1673.88,EUR,MOCK_FEED
POS01000420250513,PORT010,INS0032,2025-05-13,2045,56.3978,115333.5,1078.58,EUR,MOCK_FEED
POS01000520250513,PORT010,INS0033,2025-05-13,4464,24.9364,111316.09,1558.87,USD,MOCK_FEED
POS01000620250513,PORT010,INS0034,2025-05-13,4651,44.5753,207319.72,-1952.19,GBP,MOCK_FEED
POS01000720250513,PORT010,INS0035,2025-05-13,3981,10.695,42576.79,790.48,USD,MOCK_FEED
POS01000820250513,PORT010,INS0036,2025-05-13,2901,31.4688,91290.99,3380.84,EUR,MOCK_FEED
POS01000920250513,PORT010,INS0037,2025-05-13,1423,49.9942,71141.75,2583.96,GBP,MOCK_FEED
POS01001020250513,PORT010,INS0038,2025-05-13,1525,17.9314,27345.38,1042.05,USD,MOCK_FEED
POS01000120250514,PORT010,INS0029,2025-05-14,4518,22.5863,102044.9,1693.82,GBP,MOCK_FEED
POS01000220250514,PORT010,INS0030,2025-05-14,1886,48.9267,92275.76,-1248.86,EUR,MOCK_FEED
POS01000320250514,PORT010,INS0031,2025-05-14,1125,37.6393,42344.21,627.71,USD,MOCK_FEED
POS01000420250514,PORT010,INS0032,2025-05-14,3600,56.2331,202439.16,-3741.76,GBP,MOCK_FEED
POS01000520250514,PORT010,INS0033,2025-05-14,4751,25.5666,121466.92,2095.2,USD,MOCK_FEED
POS01000620250514,PORT010,INS0034,2025-05-14,3328,44.5537,148274.71,5048.09,INR,MOCK_FEED
POS01000720250514,PORT010,INS0035,2025-05-14,1058,10.6724,11291.4,307.32,USD,MOCK_FEED
POS01000820250514,PORT010,INS0036,2025-05-14,705,31.932,22512.06,361.27,USD,MOCK_FEED
POS01000920250514,PORT010,INS0037,2025-05-14,1226,50.3109,61681.16,755.63,GBP,MOCK_FEED
POS01001020250514,PORT010,INS0038,2025-05-14,569,18.0063,10245.58,-221.41,EUR,MOCK_FEED
POS01000120250515,PORT010,INS0029,2025-05-15,2808,22.4712,63099.13,416.92,EUR,MOCK_FEED
POS01000220250515,PORT010,INS0030,2025-05-15,749,47.9689,35928.71,-596.47,USD,MOCK_FEED
POS01000320250515,PORT010,INS0031,2025-05-15,1194,38.0055,45378.57,-455.81,EUR,MOCK_FEED
POS01000420250515,PORT010,INS0032,2025-05-15,1629,56.4704,91990.28,575.25,GBP,MOCK_FEED
POS01000520250515,PORT010,INS0033,2025-05-15,2587,26.1216,67576.58,-1482.5,INR,MOCK_FEED
POS01000620250515,PORT010,INS0034,2025-05-15,2912,44.7477,130305.3,3961.04,USD,MOCK_FEED
POS01000720250515,PORT010,INS0035,2025-05-15,4690,10.8401,50840.07,-480.93,EUR,MOCK_FEED
POS01000820250515,PORT010,INS0036,2025-05-15,2433,31.9463,77725.35,957.99,USD,MOCK_FEED
POS01000920250515,PORT010,INS0037,2025-05-15,2619,50.8326,133130.58,-3481.93,GBP,MOCK_FEED
POS01001020250515,PORT010,INS0038,2025-05-15,846,18.1226,15331.72,251.66,INR,MOCK_FEED
POS01000120250516,PORT010,INS0029,2025-05-16,2484,22.5984,56134.43,-906.05,INR,MOCK_FEED
POS01000220250516,PORT010,INS0030,2025-05-16,4419,47.3577,209273.68,4307.27,INR,MOCK_FEED
POS01000320250516,PORT010,INS0031,2025-05-16,316,37.4934,11847.91,94.09,GBP,MOCK_FEED
POS01000420250516,PORT010,INS0032,2025-05-16,1521,57.3287,87196.95,2773.05,GBP,MOCK_FEED
POS01000520250516,PORT010,INS0033,2025-05-16,2969,25.9554,77061.58,-1796.15,EUR,MOCK_FEED
POS01000620250516,PORT010,INS0034,2025-05-16,2677,45.8443,122725.19,3734.04,GBP,MOCK_FEED
POS01000720250516,PORT010,INS0035,2025-05-16,2862,10.7544,30779.09,-227.58,INR,MOCK_FEED
POS01000820250516,PORT010,INS0036,2025-05-16,3350,32.2882,108165.47,-829.15,EUR,MOCK_FEED
POS01000920250516,PORT010,INS0037,2025-05-16,1321,49.7993,65784.88,-1878.93,USD,MOCK_FEED
POS01001020250516,PORT010,INS0038,2025-05-16,2024,18.4335,37309.4,1406.41,INR,MOCK_FEED
POS01000120250517,PORT010,INS0029,2025-05-17,4418,22.8516,100958.37,-906.7,USD,MOCK_FEED
POS01000220250517,PORT010,INS0030,2025-05-17,1259,46.6133,58686.14,332.29,USD,MOCK_FEED
POS01000320250517,PORT010,INS0031,2025-05-17,4139,37.3279,154500.18,-282.27,GBP,MOCK_FEED
POS01000420250517,PORT010,INS0032,2025-05-17,3795,57.4153,217891.06,-6182.99,GBP,MOCK_FEED
POS01000520250517,PORT010,INS0033,2025-05-17,3488,25.8569,90188.87,-2572.04,INR,MOCK_FEED
POS01000620250517,PORT010,INS0034,2025-05-17,4258,45.4567,193554.63,5763.59,EUR,MOCK_FEED
POS01000720250517,PORT010,INS0035,2025-05-17,479,10.8725,5207.93,-83.8,USD,MOCK_FEED
POS01000820250517,PORT010,INS0036,2025-05-17,1552,32.8258,50945.64,512.19,USD,MOCK_FEED
POS01000920250517,PORT010,INS0037,2025-05-17,1416,49.7672,70470.36,-1783.36,INR,MOCK_FEED
POS01001020250517,PORT010,INS0038,2025-05-17,1669,18.3942,30699.92,900.05,GBP,MOCK_FEED
POS01000120250518,PORT010,INS0029,2025-05-18,417,22.7449,9484.62,-78.3,USD,MOCK_FEED
POS01000220250518,PORT010,INS0030,2025-05-18,4146,46.559,193033.61,-2281.24,GBP,MOCK_FEED
POS01000320250518,PORT010,INS0031,2025-05-18,4343,37.1935,161531.37,5281.52,INR,MOCK_FEED
POS01000420250518,PORT010,INS0032,2025-05-18,4879,56.5279,275799.62,-4887.86,EUR,MOCK_FEED
POS01000520250518,PORT010,INS0033,2025-05-18,2044,25.648,52424.51,490.67,EUR,MOCK_FEED
POS01000620250518,PORT010,INS0034,2025-05-18,2767,45.1971,125060.38,13.23,USD,MOCK_FEED
POS01000720250518,PORT010,INS0035,2025-05-18,1815,10.7915,19586.57,-404.13,EUR,MOCK_FEED
POS01000820250518,PORT010,INS0036,2025-05-18,942,32.5949,30704.4,788.33,INR,MOCK_FEED
POS01000920250518,PORT010,INS0037,2025-05-18,724,48.5381,35141.58,-728.11,INR,MOCK_FEED
POS01001020250518,PORT010,INS0038,2025-05-18,2618,18.1705,47570.37,276.98,EUR,MOCK_FEED
POS01000120250519,PORT010,INS0029,2025-05-19,1443,23.1477,33402.13,-190.35,GBP,MOCK_FEED
POS01000220250519,PORT010,INS0030,2025-05-19,1382,47.6427,65842.21,-555.02,USD,MOCK_FEED
POS01000320250519,PORT010,INS0031,2025-05-19,2739,37.2489,102024.74,3009.4,EUR,MOCK_FEED
POS01000420250519,PORT010,INS0032,2025-05-19,4768,57.6427,274840.39,4267.53,EUR,MOCK_FEED
POS01000520250519,PORT010,INS0033,2025-05-19,3501,25.9934,91002.89,-1715.92,USD,MOCK_FEED
POS01000620250519,PORT010,INS0034,2025-05-19,2066,45.9701,94974.23,2151.84,USD,MOCK_FEED
POS01000720250519,PORT010,INS0035,2025-05-19,2763,10.6952,29550.84,330.64,GBP,MOCK_FEED
POS01000820250519,PORT010,INS0036,2025-05-19,2360,32.2773,76174.43,294.28,GBP,MOCK_FEED
POS01000920250519,PORT010,INS0037,2025-05-19,4526,49.1774,222576.91,-4189.35,USD,MOCK_FEED
POS01001020250519,PORT010,INS0038,2025-05-19,1448,18.2151,26375.46,-160.63,USD,MOCK_FEED
POS01000120250520,PORT010,INS0029,2025-05-20,4394,23.5172,103334.58,1279.0,EUR,MOCK_FEED
POS01000220250520,PORT010,INS0030,2025-05-20,3736,48.5626,181429.87,-3498.7,EUR,MOCK_FEED
POS01000320250520,PORT010,INS0031,2025-05-20,4516,37.1786,167898.56,-4951.57,INR,MOCK_FEED
POS01000420250520,PORT010,INS0032,2025-05-20,880,57.4497,50555.74,955.46,GBP,MOCK_FEED
POS01000520250520,PORT010,INS0033,2025-05-20,3718,26.1993,97409.0,-61.01,INR,MOCK_FEED
POS01000620250520,PORT010,INS0034,2025-05-20,4461,46.52,207525.72,5477.57,EUR,MOCK_FEED
POS01000720250520,PORT010,INS0035,2025-05-20,1628,10.767,17528.68,-392.37,INR,MOCK_FEED
POS01000820250520,PORT010,INS0036,2025-05-20,2782,33.2607,92531.27,-1332.1,INR,MOCK_FEED
POS01000920250520,PORT010,INS0037,2025-05-20,4109,49.0521,201555.08,-3109.07,EUR,MOCK_FEED
POS01001020250520,PORT010,INS0038,2025-05-20,4744,18.1839,86264.42,1858.94,INR,MOCK_FEED
POS01000120250521,PORT010,INS0029,2025-05-21,3631,23.5223,85409.47,2176.13,GBP,MOCK_FEED
POS01000220250521,PORT010,INS0030,2025-05-21,2796,48.556,135762.58,-2864.61,GBP,MOCK_FEED
POS01000320250521,PORT010,INS0031,2025-05-21,4008,37.2877,149449.1,1518.46,INR,MOCK_FEED
POS01000420250521,PORT010,INS0032,2025-05-21,4839,58.4278,282732.12,2876.54,GBP,MOCK_FEED
POS01000520250521,PORT010,INS0033,2025-05-21,848,27.0501,22938.48,436.24,INR,MOCK_FEED
POS01000620250521,PORT010,INS0034,2025-05-21,3317,45.2136,149973.51,4488.71,EUR,MOCK_FEED
POS01000720250521,PORT010,INS0035,2025-05-21,630,10.7266,6757.76,258.24,USD,MOCK_FEED
POS01000820250521,PORT010,INS0036,2025-05-21,3032,32.6609,99027.85,-290.48,USD,MOCK_FEED
POS01000920250521,PORT010,INS0037,2025-05-21,3746,49.4648,185295.14,4988.62,USD,MOCK_FEED
POS01001020250521,PORT010,INS0038,2025-05-21,3631,18.0607,65578.4,-1295.9,INR,MOCK_FEED
POS01000120250522,PORT010,INS0029,2025-05-22,440,23.569,10370.36,-291.23,GBP,MOCK_FEED
POS01000220250522,PORT010,INS0030,2025-05-22,4858,48.7967,237054.37,-1584.04,GBP,MOCK_FEED
POS01000320250522,PORT010,INS0031,2025-05-22,2914,37.5838,109519.19,3066.05,GBP,MOCK_FEED
POS01000420250522,PORT010,INS0032,2025-05-22,4826,58.1555,280658.44,-882.75,INR,MOCK_FEED
POS01000520250522,PORT010,INS0033,2025-05-22,110,26.7927,2947.2,76.62,GBP,MOCK_FEED
POS01000620250522,PORT010,INS0034,2025-05-22,3264,45.0513,147047.44,1186.87,GBP,MOCK_FEED
POS01000720250522,PORT010,INS0035,2025-05-22,2473,10.7624,26615.42,-717.07,INR,MOCK_FEED
POS01000820250522,PORT010,INS0036,2025-05-22,4541,32.0493,145535.87,-2068.49,USD,MOCK_FEED
POS01000920250522,PORT010,INS0037,2025-05-22,291,49.3518,14361.37,136.31,EUR,MOCK_FEED
POS01001020250522,PORT010,INS0038,2025-05-22,2062,18.0113,37139.3,-1052.65,EUR,MOCK_FEED
POS01000120250523,PORT010,INS0029,2025-05-23,725,23.8042,17258.05,455.39,EUR,MOCK_FEED
POS01000220250523,PORT010,INS0030,2025-05-23,692,48.838,33795.9,-420.1,INR,MOCK_FEED
POS01000320250523,PORT010,INS0031,2025-05-23,4424,37.6943,166759.58,3145.1,GBP,MOCK_FEED
POS01000420250523,PORT010,INS0032,2025-05-23,1454,58.8146,85516.43,2713.55,GBP,MOCK_FEED
POS01000520250523,PORT010,INS0033,2025-05-23,1574,27.2317,42862.7,866.92,EUR,MOCK_FEED
POS01000620250523,PORT010,INS0034,2025-05-23,1563,45.8815,71712.78,835.36,EUR,MOCK_FEED
POS01000720250523,PORT010,INS0035,2025-05-23,2230,10.962,24445.26,299.36,INR,MOCK_FEED
POS01000820250523,PORT010,INS0036,2025-05-23,4136,31.2051,129064.29,4805.41,USD,MOCK_FEED
POS01000920250523,PORT010,INS0037,2025-05-23,1736,49.9835,86771.36,1757.95,INR,MOCK_FEED
POS01001020250523,PORT010,INS0038,2025-05-23,3213,18.1382,58278.04,2298.23,GBP,MOCK_FEED
POS01000120250524,PORT010,INS0029,2025-05-24,3709,23.6062,87555.4,-274.9,GBP,MOCK_FEED
POS01000220250524,PORT010,INS0030,2025-05-24,1510,48.9554,73922.65,2798.37,INR,MOCK_FEED
POS01000320250524,PORT010,INS0031,2025-05-24,1894,37.7823,71559.68,-1650.95,USD,MOCK_FEED
POS01000420250524,PORT010,INS0032,2025-05-24,178,60.1534,10707.31,-144.62,EUR,MOCK_FEED
POS01000520250524,PORT010,INS0033,2025-05-24,3969,27.1524,107767.88,-1032.12,GBP,MOCK_FEED
POS01000620250524,PORT010,INS0034,2025-05-24,4575,45.9718,210320.99,-4490.55,USD,MOCK_FEED
POS01000720250524,PORT010,INS0035,2025-05-24,3729,10.8157,40331.75,1534.05,GBP,MOCK_FEED
POS01000820250524,PORT010,INS0036,2025-05-24,4696,31.741,149055.74,977.53,USD,MOCK_FEED
POS01000920250524,PORT010,INS0037,2025-05-24,4295,48.6507,208954.76,2586.24,GBP,MOCK_FEED
POS01001020250524,PORT010,INS0038,2025-05-24,1753,18.2546,32000.31,-229.51,GBP,MOCK_FEED
POS01000120250525,PORT010,INS0029,2025-05-25,637,23.5642,15010.4,134.8,USD,MOCK_FEED
POS01000220250525,PORT010,INS0030,2025-05-25,2327,49.3736,114892.37,2273.42,USD,MOCK_FEED
POS01000320250525,PORT010,INS0031,2025-05-25,2428,37.4224,90861.59,-2700.62,GBP,MOCK_FEED
POS01000420250525,PORT010,INS0032,2025-05-25,1789,59.7969,106976.65,3328.36,USD,MOCK_FEED
POS01000520250525,PORT010,INS0033,2025-05-25,2185,27.2761,59598.28,-346.95,USD,MOCK_FEED
POS01000620250525,PORT010,INS0034,2025-05-25,1601,45.4839,72819.72,-493.76,USD,MOCK_FEED
POS01000720250525,PORT010,INS0035,2025-05-25,3525,10.8657,38301.59,1215.13,INR,MOCK_FEED
POS01000820250525,PORT010,INS0036,2025-05-25,4523,32.3017,146100.59,-2496.38,GBP,MOCK_FEED
POS01000920250525,PORT010,INS0037,2025-05-25,1541,48.1262,74162.47,146.1,EUR,MOCK_FEED
POS01001020250525,PORT010,INS0038,2025-05-25,964,18.3492,17688.63,379.43,USD,MOCK_FEED
POS01000120250526,PORT010,INS0029,2025-05-26,301,23.3894,7040.21,-8.22,EUR,MOCK_FEED
POS01000220250526,PORT010,INS0030,2025-05-26,2212,48.6092,107523.55,1757.58,EUR,MOCK_FEED
POS01000320250526,PORT010,INS0031,2025-05-26,3633,36.6139,133018.3,-919.59,EUR,MOCK_FEED
POS01000420250526,PORT010,INS0032,2025-05-26,2449,58.8282,144070.26,-1952.64,EUR,MOCK_FEED
POS01000520250526,PORT010,INS0033,2025-05-26,1220,26.814,32713.08,-878.81,USD,MOCK_FEED
POS01000620250526,PORT010,INS0034,2025-05-26,1291,45.1503,58289.04,-961.07,GBP,MOCK_FEED
POS01000720250526,PORT010,INS0035,2025-05-26,2312,10.7229,24791.34,-271.84,INR,MOCK_FEED
POS01000820250526,PORT010,INS0036,2025-05-26,3479,32.1161,111731.91,-604.05,GBP,MOCK_FEED
POS01000920250526,PORT010,INS0037,2025-05-26,3220,48.9943,157761.65,492.47,USD,MOCK_FEED
POS01001020250526,PORT010,INS0038,2025-05-26,4169,18.326,76401.09,1967.4,GBP,MOCK_FEED
POS01000120250527,PORT010,INS0029,2025-05-27,3154,23.29,73456.66,2914.67,EUR,MOCK_FEED
POS01000220250527,PORT010,INS0030,2025-05-27,2653,48.7092,129225.51,-3549.3,USD,MOCK_FEED
POS01000320250527,PORT010,INS0031,2025-05-27,1388,36.8709,51176.81,1492.02,USD,MOCK_FEED
POS01000420250527,PORT010,INS0032,2025-05-27,3254,58.134,189168.04,6538.12,EUR,MOCK_FEED
POS01000520250527,PORT010,INS0033,2025-05-27,2776,26.1411,72567.69,1506.07,USD,MOCK_FEED
POS01000620250527,PORT010,INS0034,2025-05-27,2479,45.4646,112706.74,1746.97,USD,MOCK_FEED
POS01000720250527,PORT010,INS0035,2025-05-27,2488,10.5743,26308.86,-680.48,GBP,MOCK_FEED
POS01000820250527,PORT010,INS0036,2025-05-27,3232,32.3865,104673.17,2784.84,GBP,MOCK_FEED
POS01000920250527,PORT010,INS0037,2025-05-27,4023,48.7597,196160.27,2016.42,EUR,MOCK_FEED
POS01001020250527,PORT010,INS0038,2025-05-27,1591,18.5687,29542.8,465.2,EUR,MOCK_FEED
POS01000120250528,PORT010,INS0029,2025-05-28,3540,23.409,82867.86,935.46,EUR,MOCK_FEED
POS01000220250528,PORT010,INS0030,2025-05-28,4158,49.2334,204712.48,-3141.03,USD,MOCK_FEED
POS01000320250528,PORT010,INS0031,2025-05-28,3927,36.8624,144758.64,-900.31,INR,MOCK_FEED
POS01000420250528,PORT010,INS0032,2025-05-28,1677,58.8542,98698.49,1932.43,EUR,MOCK_FEED
POS01000520250528,PORT010,INS0033,2025-05-28,4549,26.5384,120723.18,3070.8,INR,MOCK_FEED
POS01000620250528,PORT010,INS0034,2025-05-28,3930,45.3913,178387.81,1288.28,INR,MOCK_FEED
POS01000720250528,PORT010,INS0035,2025-05-28,4612,10.6685,49203.12,-1039.56,EUR,MOCK_FEED
POS01000820250528,PORT010,INS0036,2025-05-28,4415,32.199,142158.58,1202.24,GBP,MOCK_FEED
POS01000920250528,PORT010,INS0037,2025-05-28,471,48.6644,22920.93,-477.25,GBP,MOCK_FEED
POS01001020250528,PORT010,INS0038,2025-05-28,4644,18.2942,84958.26,-137.5,EUR,MOCK_FEED
POS01000120250529,PORT010,INS0029,2025-05-29,4217,22.8578,96391.34,1612.02,GBP,MOCK_FEED
POS01000220250529,PORT010,INS0030,2025-05-29,4028,50.0708,201685.18,-1863.83,USD,MOCK_FEED
POS01000320250529,PORT010,INS0031,2025-05-29,1058,36.7854,38918.95,713.53,EUR,MOCK_FEED
POS01000420250529,PORT010,INS0032,2025-05-29,347,59.7038,20717.22,272.52,GBP,MOCK_FEED
POS01000520250529,PORT010,INS0033,2025-05-29,1654,27.203,44993.76,-50.16,USD,MOCK_FEED
POS01000620250529,PORT010,INS0034,2025-05-29,1996,45.4394,90697.04,3180.08,EUR,MOCK_FEED
POS01000720250529,PORT010,INS0035,2025-05-29,1775,10.7643,19106.63,-281.24,USD,MOCK_FEED
POS01000820250529,PORT010,INS0036,2025-05-29,2516,32.0235,80571.13,-470.13,INR,MOCK_FEED
POS01000920250529,PORT010,INS0037,2025-05-29,1995,47.5266,94815.57,-750.77,USD,MOCK_FEED
POS01001020250529,PORT010,INS0038,2025-05-29,485,18.1085,8782.62,337.31,GBP,MOCK_FEED
POS01000120250530,PORT010,INS0029,2025-05-30,2461,23.1219,56903.0,782.13,EUR,MOCK_FEED
POS01000220250530,PORT010,INS0030,2025-05-30,4707,49.9582,235153.25,-2389.15,USD,MOCK_FEED
POS01000320250530,PORT010,INS0031,2025-05-30,2501,36.419,91083.92,-1255.02,USD,MOCK_FEED
POS01000420250530,PORT010,INS0032,2025-05-30,4692,59.0432,277030.69,-882.57,EUR,MOCK_FEED
POS01000520250530,PORT010,INS0033,2025-05-30,3326,26.8522,89310.42,461.94,EUR,MOCK_FEED
POS01000620250530,PORT010,INS0034,2025-05-30,2351,44.3935,104369.12,-2558.29,GBP,MOCK_FEED
POS01000720250530,PORT010,INS0035,2025-05-30,4751,10.8751,51667.6,-1225.04,INR,MOCK_FEED
POS01000820250530,PORT010,INS0036,2025-05-30,1879,31.7698,59695.45,1501.87,GBP,MOCK_FEED
POS01000920250530,PORT010,INS0037,2025-05-30,3239,47.1003,152557.87,5017.65,USD,MOCK_FEED
POS01001020250530,PORT010,INS0038,2025-05-30,3597,18.1857,65413.96,853.34,GBP,MOCK_FEED
POS01000120250531,PORT010,INS0029,2025-05-31,3872,23.4967,90979.22,1182.02,GBP,MOCK_FEED
POS01000220250531,PORT010,INS0030,2025-05-31,2403,48.6748,116965.54,-3127.36,USD,MOCK_FEED
POS01000320250531,PORT010,INS0031,2025-05-31,4476,37.1107,166107.49,3653.23,GBP,MOCK_FEED
POS01000420250531,PORT010,INS0032,2025-05-31,2971,58.9765,175219.18,4675.63,EUR,MOCK_FEED
POS01000520250531,PORT010,INS0033,2025-05-31,4639,26.7268,123985.63,1315.51,INR,MOCK_FEED
POS01000620250531,PORT010,INS0034,2025-05-31,4539,44.5248,202098.07,5449.42,INR,MOCK_FEED
POS01000720250531,PORT010,INS0035,2025-05-31,3576,10.8602,38836.08,142.41,GBP,MOCK_FEED
POS01000820250531,PORT010,INS0036,2025-05-31,2413,31.7481,76608.17,1143.35,INR,MOCK_FEED
POS01000920250531,PORT010,INS0037,2025-05-31,1305,47.4011,61858.44,-632.07,GBP,MOCK_FEED
POS01001020250531,PORT010,INS0038,2025-05-31,4290,18.4025,78946.73,-879.87,USD,MOCK_FEED
POS01000120250601,PORT010,INS0029,2025-06-01,2268,23.6655,53673.35,-1107.48,EUR,MOCK_FEED
POS01000220250601,PORT010,INS0030,2025-06-01,2536,48.1618,122138.32,1278.45,GBP,MOCK_FEED
POS01000320250601,PORT010,INS0031,2025-06-01,1670,36.6302,61172.43,541.97,GBP,MOCK_FEED
POS01000420250601,PORT010,INS0032,2025-06-01,4801,59.4927,285624.45,4102.67,INR,MOCK_FEED
POS01000520250601,PORT010,INS0033,2025-06-01,2281,27.4198,62544.56,-1097.19,INR,MOCK_FEED
POS01000620250601,PORT010,INS0034,2025-06-01,1188,44.4223,52773.69,443.04,USD,MOCK_FEED
POS01000720250601,PORT010,INS0035,2025-06-01,3440,10.9602,37703.09,-432.72,INR,MOCK_FEED
POS01000820250601,PORT010,INS0036,2025-06-01,1616,32.119,51904.3,-280.25,INR,MOCK_FEED
POS01000920250601,PORT010,INS0037,2025-06-01,2641,46.7545,123478.63,-2052.73,EUR,MOCK_FEED
POS01001020250601,PORT010,INS0038,2025-06-01,2337,18.9885,44376.12,636.83,INR,MOCK_FEED
POS01000120250602,PORT010,INS0029,2025-06-02,1016,23.3309,23704.19,528.3,GBP,MOCK_FEED
POS01000220250602,PORT010,INS0030,2025-06-02,2684,47.9523,128703.97,4610.16,USD,MOCK_FEED
POS01000320250602,PORT010,INS0031,2025-06-02,1281,36.8298,47178.97,1108.4,USD,MOCK_FEED
POS01000420250602,PORT010,INS0032,2025-06-02,3627,59.5801,216097.02,6004.2,EUR,MOCK_FEED
POS01000520250602,PORT010,INS0033,2025-06-02,540,27.6513,14931.7,-225.58,GBP,MOCK_FEED
POS01000620250602,PORT010,INS0034,2025-06-02,2746,44.41,121949.86,612.81,INR,MOCK_FEED
POS01000720250602,PORT010,INS0035,2025-06-02,2677,10.7685,28827.27,812.97,GBP,MOCK_FEED
POS01000820250602,PORT010,INS0036,2025-06-02,4773,32.1761,153576.53,324.56,EUR,MOCK_FEED
POS01000920250602,PORT010,INS0037,2025-06-02,1871,46.7735,87513.22,215.83,GBP,MOCK_FEED
POS01001020250602,PORT010,INS0038,2025-06-02,4917,19.549,96122.43,2282.17,EUR,MOCK_FEED
POS01000120250603,PORT010,INS0029,2025-06-03,4532,23.5272,106625.27,-3163.15,INR,MOCK_FEED
POS01000220250603,PORT010,INS0030,2025-06-03,1126,47.4569,53436.47,812.3,INR,MOCK_FEED
POS01000320250603,PORT010,INS0031,2025-06-03,2218,36.6672,81327.85,1102.85,USD,MOCK_FEED
POS01000420250603,PORT010,INS0032,2025-06-03,1180,59.7104,70458.27,943.28,GBP,MOCK_FEED
POS01000520250603,PORT010,INS0033,2025-06-03,2347,28.486,66856.64,-519.36,INR,MOCK_FEED
POS01000620250603,PORT010,INS0034,2025-06-03,2669,43.9961,117425.59,-1195.68,USD,MOCK_FEED
POS01000720250603,PORT010,INS0035,2025-06-03,3085,10.6647,32900.6,-42.96,INR,MOCK_FEED
POS01000820250603,PORT010,INS0036,2025-06-03,3596,32.5043,116885.46,-2573.23,USD,MOCK_FEED
POS01000920250603,PORT010,INS0037,2025-06-03,2766,46.8874,129690.55,-998.34,GBP,MOCK_FEED
POS01001020250603,PORT010,INS0038,2025-06-03,4721,19.7563,93269.49,995.36,GBP,MOCK_FEED
POS01000120250604,PORT010,INS0029,2025-06-04,2138,23.7416,50759.54,214.14,EUR,MOCK_FEED
POS01000220250604,PORT010,INS0030,2025-06-04,3119,46.4079,144746.24,3742.62,GBP,MOCK_FEED
POS01000320250604,PORT010,INS0031,2025-06-04,3481,36.1356,125788.02,-3565.63,USD,MOCK_FEED
POS01000420250604,PORT010,INS0032,2025-06-04,4179,60.3486,252196.8,-483.75,USD,MOCK_FEED
POS01000520250604,PORT010,INS0033,2025-06-04,3238,29.1252,94307.4,742.51,EUR,MOCK_FEED
POS01000620250604,PORT010,INS0034,2025-06-04,3221,43.3432,139608.45,5534.86,USD,MOCK_FEED
POS01000720250604,PORT010,INS0035,2025-06-04,321,10.6922,3432.2,-43.47,EUR,MOCK_FEED
POS01000820250604,PORT010,INS0036,2025-06-04,3609,32.763,118241.67,519.04,INR,MOCK_FEED
POS01000920250604,PORT010,INS0037,2025-06-04,4324,47.3181,204603.46,-3063.77,GBP,MOCK_FEED
POS01001020250604,PORT010,INS0038,2025-06-04,3175,19.7732,62779.91,2013.73,INR,MOCK_FEED
POS01000120250605,PORT010,INS0029,2025-06-05,531,23.3505,12399.12,-347.43,EUR,MOCK_FEED
POS01000220250605,PORT010,INS0030,2025-06-05,3023,45.7483,138297.11,2034.64,EUR,MOCK_FEED
POS01000320250605,PORT010,INS0031,2025-06-05,2888,36.9982,106850.8,2622.02,INR,MOCK_FEED
POS01000420250605,PORT010,INS0032,2025-06-05,2425,60.3977,146464.42,5113.82,EUR,MOCK_FEED
POS01000520250605,PORT010,INS0033,2025-06-05,4521,29.1453,131765.9,1579.19,INR,MOCK_FEED
POS01000620250605,PORT010,INS0034,2025-06-05,2028,42.9865,87176.62,1974.05,GBP,MOCK_FEED
POS01000720250605,PORT010,INS0035,2025-06-05,2167,10.544,22848.85,-570.25,GBP,MOCK_FEED
POS01000820250605,PORT010,INS0036,2025-06-05,1463,32.6116,47710.77,-479.1,INR,MOCK_FEED
POS01000920250605,PORT010,INS0037,2025-06-05,2750,46.9613,129143.57,91.68,USD,MOCK_FEED
POS01001020250605,PORT010,INS0038,2025-06-05,2996,19.8411,59443.94,2022.0,USD,MOCK_FEED
POS01000120250606,PORT010,INS0029,2025-06-06,469,23.3554,10953.68,-42.6,EUR,MOCK_FEED
POS01000220250606,PORT010,INS0030,2025-06-06,2794,46.2449,129208.25,1016.55,GBP,MOCK_FEED
POS01000320250606,PORT010,INS0031,2025-06-06,1985,37.3481,74135.98,1773.94,GBP,MOCK_FEED
POS01000420250606,PORT010,INS0032,2025-06-06,2492,60.5663,150931.22,5370.19,GBP,MOCK_FEED
POS01000520250606,PORT010,INS0033,2025-06-06,4946,29.2301,144572.07,820.04,INR,MOCK_FEED
POS01000620250606,PORT010,INS0034,2025-06-06,4910,42.9246,210759.79,2244.57,INR,MOCK_FEED
POS01000720250606,PORT010,INS0035,2025-06-06,4974,10.4654,52054.9,1521.98,GBP,MOCK_FEED
POS01000820250606,PORT010,INS0036,2025-06-06,3791,32.2227,122156.26,-3009.54,USD,MOCK_FEED
POS01000920250606,PORT010,INS0037,2025-06-06,2356,46.9322,110572.26,3923.68,GBP,MOCK_FEED
POS01001020250606,PORT010,INS0038,2025-06-06,798,20.4225,16297.15,599.76,EUR,MOCK_FEED
POS01000120250607,PORT010,INS0029,2025-06-07,1243,23.7077,29468.67,-714.16,USD,MOCK_FEED
POS01000220250607,PORT010,INS0030,2025-06-07,3746,46.809,175346.51,4730.95,GBP,MOCK_FEED
POS01000320250607,PORT010,INS0031,2025-06-07,2160,36.5128,78867.65,-834.09,USD,MOCK_FEED
POS01000420250607,PORT010,INS0032,2025-06-07,4939,60.4302,298464.76,10400.39,EUR,MOCK_FEED
POS01000520250607,PORT010,INS0033,2025-06-07,2318,29.3895,68124.86,-135.77,GBP,MOCK_FEED
POS01000620250607,PORT010,INS0034,2025-06-07,935,41.6758,38966.87,299.38,INR,MOCK_FEED
POS01000720250607,PORT010,INS0035,2025-06-07,1041,10.4129,10839.83,-120.34,EUR,MOCK_FEED
POS01000820250607,PORT010,INS0036,2025-06-07,3680,31.6805,116584.24,-2910.96,EUR,MOCK_FEED
POS01000920250607,PORT010,INS0037,2025-06-07,316,47.7598,15092.1,-400.21,INR,MOCK_FEED
POS01001020250607,PORT010,INS0038,2025-06-07,4009,20.8671,83656.2,352.66,EUR,MOCK_FEED
POS01000120250608,PORT010,INS0029,2025-06-08,4435,24.1847,107259.14,1667.29,GBP,MOCK_FEED
POS01000220250608,PORT010,INS0030,2025-06-08,1859,46.776,86956.58,1107.21,USD,MOCK_FEED
POS01000320250608,PORT010,INS0031,2025-06-08,266,36.8204,9794.23,138.28,USD,MOCK_FEED
POS01000420250608,PORT010,INS0032,2025-06-08,4316,59.8989,258523.65,-3006.42,GBP,MOCK_FEED
POS01000520250608,PORT010,INS0033,2025-06-08,1767,29.7847,52629.56,948.38,USD,MOCK_FEED
POS01000620250608,PORT010,INS0034,2025-06-08,1087,42.3558,46040.75,-86.38,EUR,MOCK_FEED
POS01000720250608,PORT010,INS0035,2025-06-08,742,10.4707,7769.26,190.79,INR,MOCK_FEED
POS01000820250608,PORT010,INS0036,2025-06-08,902,32.3605,29189.17,28.67,EUR,MOCK_FEED
POS01000920250608,PORT010,INS0037,2025-06-08,4085,47.7207,194939.06,5447.44,INR,MOCK_FEED
POS01001020250608,PORT010,INS0038,2025-06-08,3842,20.7117,79574.35,-1461.83,INR,MOCK_FEED
POS01000120250609,PORT010,INS0029,2025-06-09,4614,24.2758,112008.54,54.14,USD,MOCK_FEED
POS01000220250609,PORT010,INS0030,2025-06-09,2906,46.141,134085.75,826.48,GBP,MOCK_FEED
POS01000320250609,PORT010,INS0031,2025-06-09,1627,36.7163,59737.42,736.84,INR,MOCK_FEED
POS01000420250609,PORT010,INS0032,2025-06-09,2839,61.251,173891.59,1538.99,USD,MOCK_FEED
POS01000520250609,PORT010,INS0033,2025-06-09,370,30.1584,11158.61,406.94,USD,MOCK_FEED
POS01000620250609,PORT010,INS0034,2025-06-09,2028,42.1877,85556.66,889.69,GBP,MOCK_FEED
POS01000720250609,PORT010,INS0035,2025-06-09,1710,10.5195,17988.35,272.45,INR,MOCK_FEED
POS01000820250609,PORT010,INS0036,2025-06-09,3822,32.2989,123446.4,-3256.94,EUR,MOCK_FEED
POS01000920250609,PORT010,INS0037,2025-06-09,2151,47.0297,101160.88,-347.34,GBP,MOCK_FEED
POS01001020250609,PORT010,INS0038,2025-06-09,4632,20.8361,96512.82,175.95,GBP,MOCK_FEED
POS01000120250610,PORT010,INS0029,2025-06-10,4921,24.4754,120443.44,3079.97,GBP,MOCK_FEED
POS01000220250610,PORT010,INS0030,2025-06-10,867,46.4607,40281.43,1379.47,INR,MOCK_FEED
POS01000320250610,PORT010,INS0031,2025-06-10,2318,36.4854,84573.16,1019.91,INR,MOCK_FEED
POS01000420250610,PORT010,INS0032,2025-06-10,1703,61.8306,105297.51,-1071.62,USD,MOCK_FEED
POS01000520250610,PORT010,INS0033,2025-06-10,1292,30.1483,38951.6,-117.74,GBP,MOCK_FEED
POS01000620250610,PORT010,INS0034,2025-06-10,3758,43.2258,162442.56,-2306.18,USD,MOCK_FEED
POS01000720250610,PORT010,INS0035,2025-06-10,4544,10.488,47657.47,520.47,USD,MOCK_FEED
POS01000820250610,PORT010,INS0036,2025-06-10,2084,32.0939,66883.69,1000.25,USD,MOCK_FEED
POS01000920250610,PORT010,INS0037,2025-06-10,125,46.2696,5783.7,-77.86,EUR,MOCK_FEED
POS01001020250610,PORT010,INS0038,2025-06-10,711,20.3967,14502.05,193.21,EUR,MOCK_FEED
POS01000120250611,PORT010,INS0029,2025-06-11,1068,24.1143,25754.07,642.69,EUR,MOCK_FEED
POS01000220250611,PORT010,INS0030,2025-06-11,2582,46.5982,120316.55,3244.41,EUR,MOCK_FEED
POS01000320250611,PORT010,INS0031,2025-06-11,1526,36.5939,55842.29,-487.48,EUR,MOCK_FEED
POS01000420250611,PORT010,INS0032,2025-06-11,4373,62.105,271585.16,7513.97,EUR,MOCK_FEED
POS01000520250611,PORT010,INS0033,2025-06-11,1704,30.5521,52060.78,622.13,EUR,MOCK_FEED
POS01000620250611,PORT010,INS0034,2025-06-11,3930,43.3381,170318.73,-2055.88,GBP,MOCK_FEED
POS01000720250611,PORT010,INS0035,2025-06-11,769,10.5494,8112.49,-183.95,GBP,MOCK_FEED
POS01000820250611,PORT010,INS0036,2025-06-11,3819,31.8466,121622.17,-3062.26,INR,MOCK_FEED
POS01000920250611,PORT010,INS0037,2025-06-11,1203,46.1947,55572.22,918.99,EUR,MOCK_FEED
POS01001020250611,PORT010,INS0038,2025-06-11,4581,20.5956,94348.44,1677.45,GBP,MOCK_FEED
POS01000120250612,PORT010,INS0029,2025-06-12,4771,23.7231,113182.91,-637.54,GBP,MOCK_FEED
POS01000220250612,PORT010,INS0030,2025-06-12,3042,47.2848,143840.36,786.55,USD,MOCK_FEED
POS01000320250612,PORT010,INS0031,2025-06-12,3389,36.1287,122440.16,-2958.43,USD,MOCK_FEED
POS01000420250612,PORT010,INS0032,2025-06-12,2283,61.8428,141187.11,-1055.93,USD,MOCK_FEED
POS01000520250612,PORT010,INS0033,2025-06-12,2926,30.9994,90704.24,1639.64,EUR,MOCK_FEED
POS01000620250612,PORT010,INS0034,2025-06-12,2658,43.6372,115987.68,748.14,USD,MOCK_FEED
POS01000720250612,PORT010,INS0035,2025-06-12,2714,10.4962,28486.69,506.54,INR,MOCK_FEED
POS01000820250612,PORT010,INS0036,2025-06-12,3048,31.1636,94986.65,-364.51,INR,MOCK_FEED
POS01000920250612,PORT010,INS0037,2025-06-12,1183,46.4357,54933.43,172.27,EUR,MOCK_FEED
POS01001020250612,PORT010,INS0038,2025-06-12,4045,21.1539,85567.53,3307.44,INR,MOCK_FEED
POS01000120250613,PORT010,INS0029,2025-06-13,626,23.1736,14506.67,535.15,GBP,MOCK_FEED
POS01000220250613,PORT010,INS0030,2025-06-13,1548,49.019,75881.41,-2201.32,USD,MOCK_FEED
POS01000320250613,PORT010,INS0031,2025-06-13,3121,36.4306,113699.9,-469.71,GBP,MOCK_FEED
POS01000420250613,PORT010,INS0032,2025-06-13,3980,61.1585,243410.83,-4865.37,GBP,MOCK_FEED
POS01000520250613,PORT010,INS0033,2025-06-13,351,30.5559,10725.12,150.59,EUR,MOCK_FEED
POS01000620250613,PORT010,INS0034,2025-06-13,4442,43.7806,194473.43,2470.77,INR,MOCK_FEED
POS01000720250613,PORT010,INS0035,2025-06-13,1090,10.3115,11239.53,-6.15,USD,MOCK_FEED
POS01000820250613,PORT010,INS0036,2025-06-13,4888,31.0359,151703.48,-4320.21,EUR,MOCK_FEED
POS01000920250613,PORT010,INS0037,2025-06-13,3365,45.4426,152914.35,4167.8,INR,MOCK_FEED
POS01001020250613,PORT010,INS0038,2025-06-13,1917,21.0559,40364.16,-12.44,GBP,MOCK_FEED
POS01000120250614,PORT010,INS0029,2025-06-14,474,22.6427,10732.64,98.94,USD,MOCK_FEED
POS01000220250614,PORT010,INS0030,2025-06-14,3986,49.6785,198018.5,5592.81,EUR,MOCK_FEED
POS01000320250614,PORT010,INS0031,2025-06-14,3858,36.3247,140140.69,5439.68,EUR,MOCK_FEED
POS01000420250614,PORT010,INS0032,2025-06-14,310,61.6724,19118.44,764.1,EUR,MOCK_FEED
POS01000520250614,PORT010,INS0033,2025-06-14,985,30.226,29772.61,243.32,USD,MOCK_FEED
POS01000620250614,PORT010,INS0034,2025-06-14,1314,44.2282,58115.85,1949.99,GBP,MOCK_FEED
POS01000720250614,PORT010,INS0035,2025-06-14,3972,10.2466,40699.5,1010.96,GBP,MOCK_FEED
POS01000820250614,PORT010,INS0036,2025-06-14,3463,31.1573,107897.73,2751.59,EUR,MOCK_FEED
POS01000920250614,PORT010,INS0037,2025-06-14,2176,46.6254,101456.87,2607.92,GBP,MOCK_FEED
POS01001020250614,PORT010,INS0038,2025-06-14,3452,21.0792,72765.4,284.35,INR,MOCK_FEED
POS01000120250615,PORT010,INS0029,2025-06-15,3369,22.5846,76087.52,-1039.62,GBP,MOCK_FEED
POS01000220250615,PORT010,INS0030,2025-06-15,629,50.5728,31810.29,73.22,INR,MOCK_FEED
POS01000320250615,PORT010,INS0031,2025-06-15,713,35.5179,25324.26,830.68,GBP,MOCK_FEED
POS01000420250615,PORT010,INS0032,2025-06-15,3915,61.3902,240342.63,-5553.01,EUR,MOCK_FEED
POS01000520250615,PORT010,INS0033,2025-06-15,4413,29.8476,131717.46,3072.71,EUR,MOCK_FEED
POS01000620250615,PORT010,INS0034,2025-06-15,2191,43.9901,96382.31,6.69,EUR,MOCK_FEED
POS01000720250615,PORT010,INS0035,2025-06-15,702,10.3981,7299.47,-190.18,INR,MOCK_FEED
POS01000820250615,PORT010,INS0036,2025-06-15,4927,31.0513,152989.76,-3864.54,EUR,MOCK_FEED
POS01000920250615,PORT010,INS0037,2025-06-15,1228,46.8662,57551.69,2196.0,EUR,MOCK_FEED
POS01001020250615,PORT010,INS0038,2025-06-15,1797,21.0615,37847.52,-8.69,USD,MOCK_FEED
POS01000120250616,PORT010,INS0029,2025-06-16,4695,22.8862,107450.71,2913.51,INR,MOCK_FEED
POS01000220250616,PORT010,INS0030,2025-06-16,2137,51.0135,109015.85,3311.57,GBP,MOCK_FEED
POS01000320250616,PORT010,INS0031,2025-06-16,3630,35.5776,129146.69,931.57,USD,MOCK_FEED
POS01000420250616,PORT010,INS0032,2025-06-16,3259,62.1688,202608.12,3726.2,USD,MOCK_FEED
POS01000520250616,PORT010,INS0033,2025-06-16,2066,29.558,61066.83,-1700.86,USD,MOCK_FEED
POS01000620250616,PORT010,INS0034,2025-06-16,4242,43.7384,185538.29,-4233.84,EUR,MOCK_FEED
POS01000720250616,PORT010,INS0035,2025-06-16,2016,10.1815,20525.9,-578.0,USD,MOCK_FEED
POS01000820250616,PORT010,INS0036,2025-06-16,486,30.8563,14996.16,-80.18,USD,MOCK_FEED
POS01000920250616,PORT010,INS0037,2025-06-16,871,47.1778,41091.86,-954.29,EUR,MOCK_FEED
POS01001020250616,PORT010,INS0038,2025-06-16,3525,21.0715,74277.04,-1919.43,GBP,MOCK_FEED
POS01000120250617,PORT010,INS0029,2025-06-17,1322,22.7706,30102.73,1167.67,EUR,MOCK_FEED
POS01000220250617,PORT010,INS0030,2025-06-17,2691,51.0695,137428.02,831.44,EUR,MOCK_FEED
POS01000320250617,PORT010,INS0031,2025-06-17,3195,35.2152,112512.56,2993.62,USD,MOCK_FEED
POS01000420250617,PORT010,INS0032,2025-06-17,4345,62.8446,273059.79,-2357.43,EUR,MOCK_FEED
POS01000520250617,PORT010,INS0033,2025-06-17,3314,29.6499,98259.77,-585.41,GBP,MOCK_FEED
POS01000620250617,PORT010,INS0034,2025-06-17,1438,43.2576,62204.43,-706.66,INR,MOCK_FEED
POS01000720250617,PORT010,INS0035,2025-06-17,630,10.1785,6412.45,-177.58,USD,MOCK_FEED
POS01000820250617,PORT010,INS0036,2025-06-17,105,30.2838,3179.8,79.97,USD,MOCK_FEED
POS01000920250617,PORT010,INS0037,2025-06-17,1860,46.7145,86888.97,2940.01,EUR,MOCK_FEED
POS01001020250617,PORT010,INS0038,2025-06-17,3471,20.5255,71244.01,1472.19,INR,MOCK_FEED
POS01000120250618,PORT010,INS0029,2025-06-18,2975,22.8829,68076.63,2632.77,USD,MOCK_FEED
POS01000220250618,PORT010,INS0030,2025-06-18,3563,51.2819,182717.41,6302.97,INR,MOCK_FEED
POS01000320250618,PORT010,INS0031,2025-06-18,1982,35.4675,70296.59,-628.54,INR,MOCK_FEED
POS01000420250618,PORT010,INS0032,2025-06-18,4930,62.9381,310284.83,-3023.72,GBP,MOCK_FEED
POS01000520250618,PORT010,INS0033,2025-06-18,500,29.7821,14891.05,209.04,EUR,MOCK_FEED
POS01000620250618,PORT010,INS0034,2025-06-18,2500,42.4354,106088.5,4018.56,GBP,MOCK_FEED
POS01000720250618,PORT010,INS0035,2025-06-18,339,9.9407,3369.9,-73.33,INR,MOCK_FEED
POS01000820250618,PORT010,INS0036,2025-06-18,4319,30.5558,131970.5,3023.78,EUR,MOCK_FEED
POS01000920250618,PORT010,INS0037,2025-06-18,709,46.6706,33089.46,-364.89,GBP,MOCK_FEED
POS01001020250618,PORT010,INS0038,2025-06-18,3742,20.1984,75582.41,1280.89,EUR,MOCK_FEED
POS01000120250619,PORT010,INS0029,2025-06-19,3103,22.5613,70007.71,-624.89,EUR,MOCK_FEED
POS01000220250619,PORT010,INS0030,2025-06-19,467,50.5426,23603.39,472.34,GBP,MOCK_FEED
POS01000320250619,PORT010,INS0031,2025-06-19,4139,35.9349,148734.55,1412.97,EUR,MOCK_FEED
POS01000420250619,PORT010,INS0032,2025-06-19,4424,62.2253,275284.73,-2910.4,GBP,MOCK_FEED
POS01000520250619,PORT010,INS0033,2025-06-19,337,29.2063,9842.52,327.76,INR,MOCK_FEED
POS01000620250619,PORT010,INS0034,2025-06-19,4556,41.6625,189814.35,-3864.62,GBP,MOCK_FEED
POS01000720250619,PORT010,INS0035,2025-06-19,3369,10.0204,33758.73,-34.25,GBP,MOCK_FEED
POS01000820250619,PORT010,INS0036,2025-06-19,3756,30.2303,113545.01,-2531.94,GBP,MOCK_FEED
POS01000920250619,PORT010,INS0037,2025-06-19,814,47.1266,38361.05,607.07,GBP,MOCK_FEED
POS01001020250619,PORT010,INS0038,2025-06-19,787,20.4275,16076.44,358.15,USD,MOCK_FEED
POS01000120250620,PORT010,INS0029,2025-06-20,4940,22.4702,111002.79,2583.13,USD,MOCK_FEED
POS01000220250620,PORT010,INS0030,2025-06-20,4745,49.909,236818.2,-2304.62,USD,MOCK_FEED
POS01000320250620,PORT010,INS0031,2025-06-20,1511,36.3754,54963.23,861.48,EUR,MOCK_FEED
POS01000420250620,PORT010,INS0032,2025-06-20,4927,60.2309,296757.64,-4186.75,USD,MOCK_FEED
POS01000520250620,PORT010,INS0033,2025-06-20,2398,28.8958,69292.13,73.88,INR,MOCK_FEED
POS01000620250620,PORT010,INS0034,2025-06-20,1511,40.969,61904.16,-1811.66,USD,MOCK_FEED
POS01000720250620,PORT010,INS0035,2025-06-20,4585,9.752,44712.92,-1059.68,EUR,MOCK_FEED
POS01000820250620,PORT010,INS0036,2025-06-20,4428,30.32,134256.96,4008.36,GBP,MOCK_FEED
POS01000920250620,PORT010,INS0037,2025-06-20,4564,47.6217,217345.44,7663.34,INR,MOCK_FEED
POS01001020250620,PORT010,INS0038,2025-06-20,4962,20.5331,101885.24,183.22,USD,MOCK_FEED
POS01000120250621,PORT010,INS0029,2025-06-21,3182,22.6976,72223.76,540.39,GBP,MOCK_FEED
POS01000220250621,PORT010,INS0030,2025-06-21,4981,49.6104,247109.4,-1472.14,INR,MOCK_FEED
POS01000320250621,PORT010,INS0031,2025-06-21,2319,36.3007,84181.32,2681.93,USD,MOCK_FEED
POS01000420250621,PORT010,INS0032,2025-06-21,604,60.259,36396.44,1344.53,USD,MOCK_FEED
POS01000520250621,PORT010,INS0033,2025-06-21,4158,28.8674,120030.65,-3084.83,USD,MOCK_FEED
POS01000620250621,PORT010,INS0034,2025-06-21,4585,41.1907,188859.36,1135.36,USD,MOCK_FEED
POS01000720250621,PORT010,INS0035,2025-06-21,1795,9.7472,17496.22,631.26,EUR,MOCK_FEED
POS01000820250621,PORT010,INS0036,2025-06-21,4606,29.708,136835.05,-2154.51,GBP,MOCK_FEED
POS01000920250621,PORT010,INS0037,2025-06-21,399,47.4041,18914.24,-545.78,USD,MOCK_FEED
POS01001020250621,PORT010,INS0038,2025-06-21,2761,20.3731,56250.13,-37.63,USD,MOCK_FEED
POS01000120250622,PORT010,INS0029,2025-06-22,922,22.7033,20932.44,667.06,USD,MOCK_FEED
POS01000220250622,PORT010,INS0030,2025-06-22,3951,50.3885,199084.96,-287.56,EUR,MOCK_FEED
POS01000320250622,PORT010,INS0031,2025-06-22,2833,36.297,102829.4,-427.9,USD,MOCK_FEED
POS01000420250622,PORT010,INS0032,2025-06-22,1095,60.9007,66686.27,1750.96,USD,MOCK_FEED
POS01000520250622,PORT010,INS0033,2025-06-22,3542,29.2288,103528.41,-2821.45,EUR,MOCK_FEED
POS01000620250622,PORT010,INS0034,2025-06-22,1581,41.1262,65020.52,-897.36,USD,MOCK_FEED
POS01000720250622,PORT010,INS0035,2025-06-22,197,9.7503,1920.81,-21.59,GBP,MOCK_FEED
POS01000820250622,PORT010,INS0036,2025-06-22,3489,29.8043,103987.2,-65.27,EUR,MOCK_FEED
POS01000920250622,PORT010,INS0037,2025-06-22,1522,46.1043,70170.74,2424.52,GBP,MOCK_FEED
POS01001020250622,PORT010,INS0038,2025-06-22,2912,20.5344,59796.17,-286.41,GBP,MOCK_FEED
POS01000120250623,PORT010,INS0029,2025-06-23,3136,22.8891,71780.22,-2061.41,GBP,MOCK_FEED
POS01000220250623,PORT010,INS0030,2025-06-23,603,49.544,29875.03,448.12,EUR,MOCK_FEED
POS01000320250623,PORT010,INS0031,2025-06-23,3448,36.258,125017.58,-2150.22,USD,MOCK_FEED
POS01000420250623,PORT010,INS0032,2025-06-23,3667,60.5021,221861.2,3509.22,EUR,MOCK_FEED
POS01000520250623,PORT010,INS0033,2025-06-23,2636,29.9762,79017.26,221.54,EUR,MOCK_FEED
POS01000620250623,PORT010,INS0034,2025-06-23,2004,40.9054,81974.42,-2303.76,USD,MOCK_FEED
POS01000720250623,PORT010,INS0035,2025-06-23,4070,9.802,39894.14,324.79,USD,MOCK_FEED
POS01000820250623,PORT010,INS0036,2025-06-23,121,29.7016,3593.89,-35.17,USD,MOCK_FEED
POS01000920250623,PORT010,INS0037,2025-06-23,354,45.6255,16151.43,376.16,INR,MOCK_FEED
POS01001020250623,PORT010,INS0038,2025-06-23,293,20.6718,6056.84,-145.58,USD,MOCK_FEED
POS01000120250624,PORT010,INS0029,2025-06-24,218,22.5186,4909.05,-55.5,INR,MOCK_FEED
POS01000220250624,PORT010,INS0030,2025-06-24,3886,49.3833,191903.5,7437.37,INR,MOCK_FEED
POS01000320250624,PORT010,INS0031,2025-06-24,472,36.3742,17168.62,48.99,GBP,MOCK_FEED
POS01000420250624,PORT010,INS0032,2025-06-24,1129,60.5767,68391.09,1273.07,GBP,MOCK_FEED
POS01000520250624,PORT010,INS0033,2025-06-24,3045,29.915,91091.18,-661.31,GBP,MOCK_FEED
POS01000620250624,PORT010,INS0034,2025-06-24,4395,40.445,177755.77,-873.7,INR,MOCK_FEED
POS01000720250624,PORT010,INS0035,2025-06-24,4032,9.7326,39241.84,-80.96,USD,MOCK_FEED
POS01000820250624,PORT010,INS0036,2025-06-24,4491,29.7618,133660.24,-2009.48,USD,MOCK_FEED
POS01000920250624,PORT010,INS0037,2025-06-24,2269,45.6948,103681.5,2786.18,GBP,MOCK_FEED
POS01001020250624,PORT010,INS0038,2025-06-24,2327,20.4813,47659.99,692.95,EUR,MOCK_FEED
POS01000120250625,PORT010,INS0029,2025-06-25,4154,22.546,93656.08,2082.65,USD,MOCK_FEED
POS01000220250625,PORT010,INS0030,2025-06-25,2616,49.5781,129696.31,4040.78,EUR,MOCK_FEED
POS01000320250625,PORT010,INS0031,2025-06-25,4350,35.9534,156397.29,-2859.03,INR,MOCK_FEED
POS01000420250625,PORT010,INS0032,2025-06-25,3911,60.6713,237285.45,5970.05,USD,MOCK_FEED
POS01000520250625,PORT010,INS0033,2025-06-25,1979,30.0337,59436.69,-659.68,USD,MOCK_FEED
POS01000620250625,PORT010,INS0034,2025-06-25,2171,40.307,87506.5,2988.19,GBP,MOCK_FEED
POS01000720250625,PORT010,INS0035,2025-06-25,4049,9.5953,38851.37,-927.87,USD,MOCK_FEED
POS01000820250625,PORT010,INS0036,2025-06-25,1743,29.875,52072.12,1289.8,GBP,MOCK_FEED
POS01000920250625,PORT010,INS0037,2025-06-25,4744,46.2291,219310.85,-2536.41,INR,MOCK_FEED
POS01001020250625,PORT010,INS0038,2025-06-25,177,20.4593,3621.3,118.88,INR,MOCK_FEED
POS01000120250626,PORT010,INS0029,2025-06-26,3680,22.887,84224.16,-1057.3,USD,MOCK_FEED
POS01000220250626,PORT010,INS0030,2025-06-26,1807,49.3209,89122.87,2604.91,GBP,MOCK_FEED
POS01000320250626,PORT010,INS0031,2025-06-26,525,35.8739,18833.8,453.4,EUR,MOCK_FEED
POS01000420250626,PORT010,INS0032,2025-06-26,2224,61.4917,136757.54,5431.34,USD,MOCK_FEED
POS01000520250626,PORT010,INS0033,2025-06-26,4540,30.535,138628.9,3074.86,USD,MOCK_FEED
POS01000620250626,PORT010,INS0034,2025-06-26,4031,40.9507,165072.27,-4816.04,GBP,MOCK_FEED
POS01000720250626,PORT010,INS0035,2025-06-26,3710,9.6588,35834.15,304.35,GBP,MOCK_FEED
POS01000820250626,PORT010,INS0036,2025-06-26,3039,30.5997,92992.49,790.93,INR,MOCK_FEED
POS01000920250626,PORT010,INS0037,2025-06-26,409,46.9774,19213.76,616.61,EUR,MOCK_FEED
POS01001020250626,PORT010,INS0038,2025-06-26,895,20.7579,18578.32,541.89,GBP,MOCK_FEED
POS01000120250627,PORT010,INS0029,2025-06-27,3804,22.9291,87222.3,-1921.95,USD,MOCK_FEED
POS01000220250627,PORT010,INS0030,2025-06-27,2986,49.2511,147063.78,-3790.43,INR,MOCK_FEED
POS01000320250627,PORT010,INS0031,2025-06-27,4030,36.3644,146548.53,3269.03,USD,MOCK_FEED
POS01000420250627,PORT010,INS0032,2025-06-27,3629,62.7789,227824.63,406.9,GBP,MOCK_FEED
POS01000520250627,PORT010,INS0033,2025-06-27,235,30.8754,7255.72,-65.82,EUR,MOCK_FEED
POS01000620250627,PORT010,INS0034,2025-06-27,2045,40.9888,83822.1,-562.81,GBP,MOCK_FEED
POS01000720250627,PORT010,INS0035,2025-06-27,4790,9.4816,45416.86,-32.07,USD,MOCK_FEED
POS01000820250627,PORT010,INS0036,2025-06-27,1981,30.3456,60114.63,-642.55,EUR,MOCK_FEED
POS01000920250627,PORT010,INS0037,2025-06-27,3039,46.738,142036.78,1676.25,GBP,MOCK_FEED
POS01001020250627,PORT010,INS0038,2025-06-27,114,20.6642,2355.72,54.88,USD,MOCK_FEED
POS01000120250628,PORT010,INS0029,2025-06-28,372,22.9844,8550.2,-217.73,EUR,MOCK_FEED
POS01000220250628,PORT010,INS0030,2025-06-28,4903,49.7888,244114.49,9179.14,USD,MOCK_FEED
POS01000320250628,PORT010,INS0031,2025-06-28,691,36.4451,25183.56,725.6,GBP,MOCK_FEED
POS01000420250628,PORT010,INS0032,2025-06-28,1058,63.4792,67160.99,2317.04,USD,MOCK_FEED
POS01000520250628,PORT010,INS0033,2025-06-28,572,31.5603,18052.49,163.1,USD,MOCK_FEED
POS01000620250628,PORT010,INS0034,2025-06-28,4419,41.3361,182664.23,-3901.64,EUR,MOCK_FEED
POS01000720250628,PORT010,INS0035,2025-06-28,1674,9.4262,15779.46,-303.78,USD,MOCK_FEED
POS01000820250628,PORT010,INS0036,2025-06-28,1994,29.8951,59610.83,1624.34,GBP,MOCK_FEED
POS01000920250628,PORT010,INS0037,2025-06-28,2421,46.5763,112761.22,2789.84,GBP,MOCK_FEED
POS01001020250628,PORT010,INS0038,2025-06-28,3051,20.1283,61411.44,-569.2,USD,MOCK_FEED
POS01000120250629,PORT010,INS0029,2025-06-29,3128,22.9465,71776.65,-231.9,USD,MOCK_FEED
POS01000220250629,PORT010,INS0030,2025-06-29,4473,49.8333,222904.35,5161.35,USD,MOCK_FEED
POS01000320250629,PORT010,INS0031,2025-06-29,3958,36.5887,144818.07,-843.36,EUR,MOCK_FEED
POS01000420250629,PORT010,INS0032,2025-06-29,2293,64.2933,147424.54,-3802.61,GBP,MOCK_FEED
POS01000520250629,PORT010,INS0033,2025-06-29,3556,31.8736,113342.52,2901.76,EUR,MOCK_FEED
POS01000620250629,PORT010,INS0034,2025-06-29,357,41.609,14854.41,340.19,EUR,MOCK_FEED
POS01000720250629,PORT010,INS0035,2025-06-29,2260,9.5689,21625.71,-466.56,EUR,MOCK_FEED
POS01000820250629,PORT010,INS0036,2025-06-29,540,29.9295,16161.93,-68.57,GBP,MOCK_FEED
POS01000920250629,PORT010,INS0037,2025-06-29,969,46.3108,44875.17,-831.22,INR,MOCK_FEED
POS01001020250629,PORT010,INS0038,2025-06-29,4468,19.9775,89259.47,-301.03,GBP,MOCK_FEED
POS01000120250630,PORT010,INS0029,2025-06-30,1357,22.7649,30891.97,-627.03,GBP,MOCK_FEED
POS01000220250630,PORT010,INS0030,2025-06-30,595,49.0361,29176.48,-253.3,GBP,MOCK_FEED
POS01000320250630,PORT010,INS0031,2025-06-30,4460,37.7069,168172.77,1382.63,USD,MOCK_FEED
POS01000420250630,PORT010,INS0032,2025-06-30,2169,64.5064,139914.38,4938.93,EUR,MOCK_FEED
POS01000520250630,PORT010,INS0033,2025-06-30,4516,31.4865,142193.03,1835.08,INR,MOCK_FEED
POS01000620250630,PORT010,INS0034,2025-06-30,3848,41.1936,158512.97,4597.08,INR,MOCK_FEED
POS01000720250630,PORT010,INS0035,2025-06-30,2656,9.4513,25102.65,-352.95,INR,MOCK_FEED
POS01000820250630,PORT010,INS0036,2025-06-30,1548,29.7676,46080.24,120.69,GBP,MOCK_FEED
POS01000920250630,PORT010,INS0037,2025-06-30,3714,45.3745,168520.89,214.9,INR,MOCK_FEED
POS01001020250630,PORT010,INS0038,2025-06-30,955,20.4737,19552.38,67.34,EUR,MOCK_FEED
POS01000120250701,PORT010,INS0029,2025-07-01,4541,22.1794,100716.66,2419.18,USD,MOCK_FEED
POS01000220250701,PORT010,INS0030,2025-07-01,2519,49.89,125672.91,1598.89,INR,MOCK_FEED
POS01000320250701,PORT010,INS0031,2025-07-01,3845,37.9565,145942.74,4270.68,INR,MOCK_FEED
POS01000420250701,PORT010,INS0032,2025-07-01,3311,63.3488,209747.88,-651.9,GBP,MOCK_FEED
POS01000520250701,PORT010,INS0033,2025-07-01,3408,31.1941,106309.49,1733.36,USD,MOCK_FEED
POS01000620250701,PORT010,INS0034,2025-07-01,827,40.7636,33711.5,121.11,USD,MOCK_FEED
POS01000720250701,PORT010,INS0035,2025-07-01,3764,9.3194,35078.22,867.32,GBP,MOCK_FEED
POS01000820250701,PORT010,INS0036,2025-07-01,131,30.3463,3975.37,24.61,EUR,MOCK_FEED
POS01000920250701,PORT010,INS0037,2025-07-01,776,44.5144,34543.17,-27.29,GBP,MOCK_FEED
POS01001020250701,PORT010,INS0038,2025-07-01,2784,20.7246,57697.29,938.55,USD,MOCK_FEED
POS01000120250702,PORT010,INS0029,2025-07-02,1232,22.3747,27565.63,522.11,INR,MOCK_FEED
POS01000220250702,PORT010,INS0030,2025-07-02,350,50.648,17726.8,604.71,INR,MOCK_FEED
POS01000320250702,PORT010,INS0031,2025-07-02,4328,38.0231,164563.98,-4478.57,INR,MOCK_FEED
POS01000420250702,PORT010,INS0032,2025-07-02,1894,63.4977,120264.64,-3285.47,INR,MOCK_FEED
POS01000520250702,PORT010,INS0033,2025-07-02,1096,31.7715,34821.56,523.69,INR,MOCK_FEED
POS01000620250702,PORT010,INS0034,2025-07-02,3778,39.9549,150949.61,-3809.92,GBP,MOCK_FEED
POS01000720250702,PORT010,INS0035,2025-07-02,625,9.2907,5806.69,-108.72,EUR,MOCK_FEED
POS01000820250702,PORT010,INS0036,2025-07-02,4308,29.8726,128691.16,1567.19,EUR,MOCK_FEED
POS01000920250702,PORT010,INS0037,2025-07-02,1322,44.9848,59469.91,-741.63,GBP,MOCK_FEED
POS01001020250702,PORT010,INS0038,2025-07-02,1682,20.5437,34554.5,710.12,INR,MOCK_FEED
POS01000120250703,PORT010,INS0029,2025-07-03,2145,22.4778,48214.88,1252.29,GBP,MOCK_FEED
POS01000220250703,PORT010,INS0030,2025-07-03,2014,50.8956,102503.74,1103.21,EUR,MOCK_FEED
POS01000320250703,PORT010,INS0031,2025-07-03,4011,38.6771,155133.85,-2069.37,GBP,MOCK_FEED
POS01000420250703,PORT010,INS0032,2025-07-03,1276,63.6773,81252.23,415.31,GBP,MOCK_FEED
POS01000520250703,PORT010,INS0033,2025-07-03,4253,32.0572,136339.27,767.11,GBP,MOCK_FEED
POS01000620250703,PORT010,INS0034,2025-07-03,2040,40.5549,82732.0,2841.92,USD,MOCK_FEED
POS01000720250703,PORT010,INS0035,2025-07-03,4477,9.4291,42214.08,1683.73,GBP,MOCK_FEED
POS01000820250703,PORT010,INS0036,2025-07-03,3556,30.2249,107479.74,-1597.76,INR,MOCK_FEED
POS01000920250703,PORT010,INS0037,2025-07-03,4171,44.1428,184119.62,-449.99,INR,MOCK_FEED
POS01001020250703,PORT010,INS0038,2025-07-03,2231,20.8794,46581.94,1183.38,EUR,MOCK_FEED
POS01000120250704,PORT010,INS0029,2025-07-04,840,22.4022,18817.85,-331.36,INR,MOCK_FEED
POS01000220250704,PORT010,INS0030,2025-07-04,1957,50.6179,99059.23,-380.44,EUR,MOCK_FEED
POS01000320250704,PORT010,INS0031,2025-07-04,1930,38.451,74210.43,422.04,INR,MOCK_FEED
POS01000420250704,PORT010,INS0032,2025-07-04,842,63.965,53858.53,440.04,USD,MOCK_FEED
POS01000520250704,PORT010,INS0033,2025-07-04,2559,31.9267,81700.43,-104.47,INR,MOCK_FEED
POS01000620250704,PORT010,INS0034,2025-07-04,3104,40.1793,124716.55,2697.01,USD,MOCK_FEED
POS01000720250704,PORT010,INS0035,2025-07-04,232,9.3542,2170.17,30.02,USD,MOCK_FEED
POS01000820250704,PORT010,INS0036,2025-07-04,238,31.045,7388.71,160.63,EUR,MOCK_FEED
POS01000920250704,PORT010,INS0037,2025-07-04,4060,43.5933,176988.8,5064.45,USD,MOCK_FEED
POS01001020250704,PORT010,INS0038,2025-07-04,1466,20.7913,30480.05,205.05,EUR,MOCK_FEED
POS01000120250705,PORT010,INS0029,2025-07-05,4965,22.1838,110142.57,-3249.61,GBP,MOCK_FEED
POS01000220250705,PORT010,INS0030,2025-07-05,4956,50.3961,249763.07,1645.13,INR,MOCK_FEED
POS01000320250705,PORT010,INS0031,2025-07-05,3007,38.8605,116853.52,-2622.33,INR,MOCK_FEED
POS01000420250705,PORT010,INS0032,2025-07-05,3336,63.8002,212837.47,7177.81,USD,MOCK_FEED
POS01000520250705,PORT010,INS0033,2025-07-05,726,32.0526,23270.19,196.73,EUR,MOCK_FEED
POS01000620250705,PORT010,INS0034,2025-07-05,1109,41.0412,45514.69,1390.27,USD,MOCK_FEED
POS01000720250705,PORT010,INS0035,2025-07-05,834,9.5479,7962.95,155.06,EUR,MOCK_FEED
POS01000820250705,PORT010,INS0036,2025-07-05,918,30.7361,28215.74,-161.4,GBP,MOCK_FEED
POS01000920250705,PORT010,INS0037,2025-07-05,4224,43.6336,184308.33,-2266.38,INR,MOCK_FEED
POS01001020250705,PORT010,INS0038,2025-07-05,2440,20.9074,51014.06,371.5,GBP,MOCK_FEED
POS01000120250706,PORT010,INS0029,2025-07-06,4712,22.7382,107142.4,-2611.77,USD,MOCK_FEED
POS01000220250706,PORT010,INS0030,2025-07-06,2687,49.9736,134279.06,691.72,EUR,MOCK_FEED
POS01000320250706,PORT010,INS0031,2025-07-06,2835,39.4366,111802.76,-3025.15,GBP,MOCK_FEED
POS01000420250706,PORT010,INS0032,2025-07-06,815,64.7678,52785.76,856.22,EUR,MOCK_FEED
POS01000520250706,PORT010,INS0033,2025-07-06,415,32.1528,13343.41,-355.22,GBP,MOCK_FEED
POS01000620250706,PORT010,INS0034,2025-07-06,2947,41.162,121304.41,-2508.99,USD,MOCK_FEED
POS01000720250706,PORT010,INS0035,2025-07-06,158,9.8332,1553.65,13.26,USD,MOCK_FEED
POS01000820250706,PORT010,INS0036,2025-07-06,2682,30.094,80712.11,-920.9,USD,MOCK_FEED
POS01000920250706,PORT010,INS0037,2025-07-06,846,43.2845,36618.69,1278.07,GBP,MOCK_FEED
POS01001020250706,PORT010,INS0038,2025-07-06,4717,21.246,100217.38,1433.34,EUR,MOCK_FEED
POS01000120250707,PORT010,INS0029,2025-07-07,2529,22.494,56887.33,2118.3,GBP,MOCK_FEED
POS01000220250707,PORT010,INS0030,2025-07-07,2626,49.4429,129837.06,-3790.94,GBP,MOCK_FEED
POS01000320250707,PORT010,INS0031,2025-07-07,3512,39.221,137744.15,4437.18,GBP,MOCK_FEED
POS01000420250707,PORT010,INS0032,2025-07-07,775,64.0513,49639.76,1908.0,EUR,MOCK_FEED
POS01000520250707,PORT010,INS0033,2025-07-07,3250,32.5153,105674.73,136.5,INR,MOCK_FEED
POS01000620250707,PORT010,INS0034,2025-07-07,3393,40.912,138814.42,-1588.73,GBP,MOCK_FEED
POS01000720250707,PORT010,INS0035,2025-07-07,3576,9.7608,34904.62,170.74,INR,MOCK_FEED
POS01000820250707,PORT010,INS0036,2025-07-07,3835,29.967,114923.44,-141.67,INR,MOCK_FEED
POS01000920250707,PORT010,INS0037,2025-07-07,1914,43.5101,83278.33,2560.7,EUR,MOCK_FEED
POS01001020250707,PORT010,INS0038,2025-07-07,1404,21.541,30243.56,-303.8,GBP,MOCK_FEED
POS01000120250708,PORT010,INS0029,2025-07-08,2275,22.9655,52246.51,790.74,GBP,MOCK_FEED
POS01000220250708,PORT010,INS0030,2025-07-08,1413,49.0509,69308.92,-1973.6,GBP,MOCK_FEED
POS01000320250708,PORT010,INS0031,2025-07-08,4967,38.9526,193477.56,-375.9,INR,MOCK_FEED
POS01000420250708,PORT010,INS0032,2025-07-08,963,64.5021,62115.52,-942.26,INR,MOCK_FEED
POS01000520250708,PORT010,INS0033,2025-07-08,3834,32.5907,124952.74,-2289.12,USD,MOCK_FEED
POS01000620250708,PORT010,INS0034,2025-07-08,3391,41.2602,139913.34,5506.2,INR,MOCK_FEED
POS01000720250708,PORT010,INS0035,2025-07-08,303,9.8176,2974.73,81.1,USD,MOCK_FEED
POS01000820250708,PORT010,INS0036,2025-07-08,1110,30.0177,33319.65,-504.71,INR,MOCK_FEED
POS01000920250708,PORT010,INS0037,2025-07-08,2249,43.5615,97969.81,592.79,INR,MOCK_FEED
POS01001020250708,PORT010,INS0038,2025-07-08,3968,21.5725,85599.68,-715.05,USD,MOCK_FEED
POS01000120250709,PORT010,INS0029,2025-07-09,2693,22.4854,60553.18,449.29,INR,MOCK_FEED
POS01000220250709,PORT010,INS0030,2025-07-09,3075,49.1354,151091.35,-1057.11,GBP,MOCK_FEED
POS01000320250709,PORT010,INS0031,2025-07-09,143,39.4579,5642.48,-71.66,INR,MOCK_FEED
POS01000420250709,PORT010,INS0032,2025-07-09,4987,64.5473,321897.39,2082.23,EUR,MOCK_FEED
POS01000520250709,PORT010,INS0033,2025-07-09,2917,32.5512,94951.85,-2208.48,EUR,MOCK_FEED
POS01000620250709,PORT010,INS0034,2025-07-09,2279,42.3604,96539.35,-544.68,INR,MOCK_FEED
POS01000720250709,PORT010,INS0035,2025-07-09,4215,9.7135,40942.4,-743.48,GBP,MOCK_FEED
POS01000820250709,PORT010,INS0036,2025-07-09,2034,29.7074,60424.85,1378.56,GBP,MOCK_FEED
POS01000920250709,PORT010,INS0037,2025-07-09,1587,44.3163,70329.97,1977.04,GBP,MOCK_FEED
POS01001020250709,PORT010,INS0038,2025-07-09,2000,21.7654,43530.8,1474.14,GBP,MOCK_FEED
POS01000120250710,PORT010,INS0029,2025-07-10,4037,22.3029,90036.81,115.64,USD,MOCK_FEED
POS01000220250710,PORT010,INS0030,2025-07-10,125,49.4075,6175.94,-91.68,USD,MOCK_FEED
POS01000320250710,PORT010,INS0031,2025-07-10,4556,39.8047,181350.21,6604.98,INR,MOCK_FEED
POS01000420250710,PORT010,INS0032,2025-07-10,4923,64.7254,318643.14,1094.87,USD,MOCK_FEED
POS01000520250710,PORT010,INS0033,2025-07-10,590,32.4409,19140.13,-219.59,USD,MOCK_FEED
POS01000620250710,PORT010,INS0034,2025-07-10,1559,42.9306,66928.81,-1201.37,GBP,MOCK_FEED
POS01000720250710,PORT010,INS0035,2025-07-10,3398,9.8615,33509.38,-351.86,INR,MOCK_FEED
POS01000820250710,PORT010,INS0036,2025-07-10,2005,29.6216,59391.31,2039.12,GBP,MOCK_FEED
POS01000920250710,PORT010,INS0037,2025-07-10,4086,43.9326,179508.6,-4648.7,USD,MOCK_FEED
POS01001020250710,PORT010,INS0038,2025-07-10,4046,21.4589,86822.71,-990.3,GBP,MOCK_FEED
POS01000120250711,PORT010,INS0029,2025-07-11,4972,22.4204,111474.23,-1811.73,EUR,MOCK_FEED
POS01000220250711,PORT010,INS0030,2025-07-11,1357,49.9221,67744.29,-344.28,GBP,MOCK_FEED
POS01000320250711,PORT010,INS0031,2025-07-11,572,39.8043,22768.06,-311.93,INR,MOCK_FEED
POS01000420250711,PORT010,INS0032,2025-07-11,1420,66.3969,94283.6,709.27,EUR,MOCK_FEED
POS01000520250711,PORT010,INS0033,2025-07-11,4201,32.6968,137359.26,-1600.35,EUR,MOCK_FEED
POS01000620250711,PORT010,INS0034,2025-07-11,1789,42.7984,76566.34,2581.78,EUR,MOCK_FEED
POS01000720250711,PORT010,INS0035,2025-07-11,566,9.7305,5507.46,-149.09,INR,MOCK_FEED
POS01000820250711,PORT010,INS0036,2025-07-11,3195,29.3884,93895.94,3588.67,GBP,MOCK_FEED
POS01000920250711,PORT010,INS0037,2025-07-11,4341,44.4684,193037.32,-3080.67,USD,MOCK_FEED
POS01001020250711,PORT010,INS0038,2025-07-11,2334,21.7846,50845.26,-1481.55,EUR,MOCK_FEED
POS01000120250712,PORT010,INS0029,2025-07-12,450,22.169,9976.05,-199.92,INR,MOCK_FEED
POS01000220250712,PORT010,INS0030,2025-07-12,1727,49.4834,85457.83,2762.64,INR,MOCK_FEED
POS01000320250712,PORT010,INS0031,2025-07-12,616,39.4016,24271.39,795.85,USD,MOCK_FEED
POS01000420250712,PORT010,INS0032,2025-07-12,1874,65.9683,123624.59,-923.86,USD,MOCK_FEED
POS01000520250712,PORT010,INS0033,2025-07-12,1071,32.6217,34937.84,879.61,USD,MOCK_FEED
POS01000620250712,PORT010,INS0034,2025-07-12,4081,44.0063,179589.71,2820.77,INR,MOCK_FEED
POS01000720250712,PORT010,INS0035,2025-07-12,751,9.6909,7277.87,53.9,USD,MOCK_FEED
POS01000820250712,PORT010,INS0036,2025-07-12,1238,29.1754,36119.15,360.45,INR,MOCK_FEED
POS01000920250712,PORT010,INS0037,2025-07-12,4593,44.6729,205182.63,6819.45,USD,MOCK_FEED
POS01001020250712,PORT010,INS0038,2025-07-12,935,22.0252,20593.56,610.01,INR,MOCK_FEED
POS01000120250713,PORT010,INS0029,2025-07-13,2599,22.96,59673.04,1267.68,INR,MOCK_FEED
POS01000220250713,PORT010,INS0030,2025-07-13,3229,49.5462,159984.68,1298.78,INR,MOCK_FEED
POS01000320250713,PORT010,INS0031,2025-07-13,3688,39.9185,147219.43,4690.0,EUR,MOCK_FEED
POS01000420250713,PORT010,INS0032,2025-07-13,2918,66.1368,192987.18,-3347.19,GBP,MOCK_FEED
POS01000520250713,PORT010,INS0033,2025-07-13,789,32.6203,25737.42,-679.51,GBP,MOCK_FEED
POS01000620250713,PORT010,INS0034,2025-07-13,2501,44.0661,110209.32,-1104.53,GBP,MOCK_FEED
POS01000720250713,PORT010,INS0035,2025-07-13,4329,9.8491,42636.75,1300.36,USD,MOCK_FEED
POS01000820250713,PORT010,INS0036,2025-07-13,3802,29.2039,111033.23,1571.13,EUR,MOCK_FEED
POS01000920250713,PORT010,INS0037,2025-07-13,3126,44.1964,138157.95,-1924.71,GBP,MOCK_FEED
POS01001020250713,PORT010,INS0038,2025-07-13,2887,22.4742,64883.02,-1914.14,USD,MOCK_FEED
POS01000120250714,PORT010,INS0029,2025-07-14,1988,23.7121,47139.65,907.89,INR,MOCK_FEED
POS01000220250714,PORT010,INS0030,2025-07-14,1407,49.3149,69386.06,-1243.09,GBP,MOCK_FEED
POS01000320250714,PORT010,INS0031,2025-07-14,2417,40.193,97146.48,410.93,INR,MOCK_FEED
POS01000420250714,PORT010,INS0032,2025-07-14,1149,66.9419,76916.24,-1027.79,EUR,MOCK_FEED
POS01000520250714,PORT010,INS0033,2025-07-14,490,32.2206,15788.09,-283.28,EUR,MOCK_FEED
POS01000620250714,PORT010,INS0034,2025-07-14,3501,45.2169,158304.37,-2695.48,USD,MOCK_FEED
POS01000720250714,PORT010,INS0035,2025-07-14,4039,9.7969,39569.68,782.3,INR,MOCK_FEED
POS01000820250714,PORT010,INS0036,2025-07-14,3002,28.8139,86499.33,442.4,INR,MOCK_FEED
POS01000920250714,PORT010,INS0037,2025-07-14,3817,44.1603,168559.87,6183.26,EUR,MOCK_FEED
POS01001020250714,PORT010,INS0038,2025-07-14,2201,22.4891,49498.51,-752.17,INR,MOCK_FEED
POS01000120250715,PORT010,INS0029,2025-07-15,1179,23.5189,27728.78,363.92,USD,MOCK_FEED
POS01000220250715,PORT010,INS0030,2025-07-15,191,49.2176,9400.56,-185.44,EUR,MOCK_FEED
POS01000320250715,PORT010,INS0031,2025-07-15,3635,40.3743,146760.58,-2161.55,EUR,MOCK_FEED
POS01000420250715,PORT010,INS0032,2025-07-15,577,66.2237,38211.07,288.67,EUR,MOCK_FEED
POS01000520250715,PORT010,INS0033,2025-07-15,199,31.9586,6359.76,146.63,INR,MOCK_FEED
POS01000620250715,PORT010,INS0034,2025-07-15,3028,45.5748,138000.49,-1806.54,GBP,MOCK_FEED
POS01000720250715,PORT010,INS0035,2025-07-15,4765,9.9041,47193.04,64.34,GBP,MOCK_FEED
POS01000820250715,PORT010,INS0036,2025-07-15,579,28.9075,16737.44,-45.6,USD,MOCK_FEED
POS01000920250715,PORT010,INS0037,2025-07-15,4791,44.04,210995.64,-1619.95,EUR,MOCK_FEED
POS01001020250715,PORT010,INS0038,2025-07-15,3676,22.2364,81741.01,1798.66,INR,MOCK_FEED
POS01000120250716,PORT010,INS0029,2025-07-16,4733,23.2437,110012.43,1475.94,EUR,MOCK_FEED
POS01000220250716,PORT010,INS0030,2025-07-16,565,48.7678,27553.81,294.82,EUR,MOCK_FEED
POS01000320250716,PORT010,INS0031,2025-07-16,4288,40.4578,173483.05,3803.53,INR,MOCK_FEED
POS01000420250716,PORT010,INS0032,2025-07-16,4345,66.2861,288013.1,6243.56,USD,MOCK_FEED
POS01000520250716,PORT010,INS0033,2025-07-16,1059,32.3577,34266.8,-517.26,GBP,MOCK_FEED
POS01000620250716,PORT010,INS0034,2025-07-16,2515,45.9703,115615.3,3630.65,GBP,MOCK_FEED
POS01000720250716,PORT010,INS0035,2025-07-16,3589,9.9051,35549.4,-174.8,INR,MOCK_FEED
POS01000820250716,PORT010,INS0036,2025-07-16,447,28.9482,12939.85,347.78,INR,MOCK_FEED
POS01000920250716,PORT010,INS0037,2025-07-16,3449,43.6549,150565.75,-3131.53,USD,MOCK_FEED
POS01001020250716,PORT010,INS0038,2025-07-16,2166,21.8479,47322.55,170.57,INR,MOCK_FEED
POS01000120250717,PORT010,INS0029,2025-07-17,3165,23.137,73228.6,1802.72,EUR,MOCK_FEED
POS01000220250717,PORT010,INS0030,2025-07-17,2011,49.385,99313.24,2157.48,INR,MOCK_FEED
POS01000320250717,PORT010,INS0031,2025-07-17,551,40.2303,22166.9,-396.25,INR,MOCK_FEED
POS01000420250717,PORT010,INS0032,2025-07-17,2935,66.2808,194534.15,-4189.11,INR,MOCK_FEED
POS01000520250717,PORT010,INS0033,2025-07-17,4982,32.2098,160469.22,5648.43,EUR,MOCK_FEED
POS01000620250717,PORT010,INS0034,2025-07-17,407,46.3997,18884.68,681.04,GBP,MOCK_FEED
POS01000720250717,PORT010,INS0035,2025-07-17,1651,10.0021,16513.47,246.03,INR,MOCK_FEED
POS01000820250717,PORT010,INS0036,2025-07-17,2987,28.6243,85500.78,-728.52,GBP,MOCK_FEED
POS01000920250717,PORT010,INS0037,2025-07-17,2611,43.4856,113540.9,3364.42,EUR,MOCK_FEED
POS01001020250717,PORT010,INS0038,2025-07-17,3110,21.8255,67877.31,-863.22,USD,MOCK_FEED
POS01000120250718,PORT010,INS0029,2025-07-18,2102,23.5043,49406.04,1577.73,INR,MOCK_FEED
POS01000220250718,PORT010,INS0030,2025-07-18,3775,48.9061,184620.53,-5005.82,EUR,MOCK_FEED
POS01000320250718,PORT010,INS0031,2025-07-18,2193,40.2718,88316.06,-443.62,GBP,MOCK_FEED
POS01000420250718,PORT010,INS0032,2025-07-18,265,66.4076,17598.01,-167.26,EUR,MOCK_FEED
POS01000520250718,PORT010,INS0033,2025-07-18,2121,32.0399,67956.63,229.09,USD,MOCK_FEED
POS01000620250718,PORT010,INS0034,2025-07-18,4481,45.7535,205021.43,7037.54,EUR,MOCK_FEED
POS01000720250718,PORT010,INS0035,2025-07-18,4231,10.1654,43009.81,14.89,USD,MOCK_FEED
POS01000820250718,PORT010,INS0036,2025-07-18,4916,28.8447,141800.55,-2641.85,USD,MOCK_FEED
POS01000920250718,PORT010,INS0037,2025-07-18,1285,42.5998,54740.74,1651.48,USD,MOCK_FEED
POS01001020250718,PORT010,INS0038,2025-07-18,816,22.0803,18017.52,217.66,GBP,MOCK_FEED
POS01000120250719,PORT010,INS0029,2025-07-19,988,23.8104,23524.68,-251.68,INR,MOCK_FEED
POS01000220250719,PORT010,INS0030,2025-07-19,4197,48.1151,201939.07,4873.71,EUR,MOCK_FEED
POS01000320250719,PORT010,INS0031,2025-07-19,2182,40.2723,87874.16,1971.54,GBP,MOCK_FEED
POS01000420250719,PORT010,INS0032,2025-07-19,4292,67.2027,288433.99,-722.92,INR,MOCK_FEED
POS01000520250719,PORT010,INS0033,2025-07-19,3876,31.9987,124026.96,-3192.5,USD,MOCK_FEED
POS01000620250719,PORT010,INS0034,2025-07-19,1785,45.5636,81331.03,1480.03,INR,MOCK_FEED
POS01000720250719,PORT010,INS0035,2025-07-19,4123,10.0322,41362.76,-1024.09,EUR,MOCK_FEED
POS01000820250719,PORT010,INS0036,2025-07-19,4161,29.2541,121726.31,2763.5,EUR,MOCK_FEED
POS01000920250719,PORT010,INS0037,2025-07-19,1646,42.8499,70530.94,-542.98,GBP,MOCK_FEED
POS01001020250719,PORT010,INS0038,2025-07-19,2314,21.6996,50212.87,-666.59,EUR,MOCK_FEED
POS01000120250720,PORT010,INS0029,2025-07-20,4642,23.5142,109152.92,604.55,GBP,MOCK_FEED
POS01000220250720,PORT010,INS0030,2025-07-20,1982,48.0671,95268.99,397.98,USD,MOCK_FEED
POS01000320250720,PORT010,INS0031,2025-07-20,2907,41.2414,119888.75,-1602.07,INR,MOCK_FEED
POS01000420250720,PORT010,INS0032,2025-07-20,4982,67.1792,334686.77,-8713.23,GBP,MOCK_FEED
POS01000520250720,PORT010,INS0033,2025-07-20,2385,32.1604,76702.55,-531.12,GBP,MOCK_FEED
POS01000620250720,PORT010,INS0034,2025-07-20,3367,45.9767,154803.55,4901.62,USD,MOCK_FEED
POS01000720250720,PORT010,INS0035,2025-07-20,3595,10.1143,36360.91,-16.28,GBP,MOCK_FEED
POS01000820250720,PORT010,INS0036,2025-07-20,2405,29.5425,71049.71,139.33,USD,MOCK_FEED
POS01000920250720,PORT010,INS0037,2025-07-20,3631,42.1519,153053.55,-538.19,INR,MOCK_FEED
POS01001020250720,PORT010,INS0038,2025-07-20,4086,21.834,89213.72,2060.18,INR,MOCK_FEED
POS01000120250721,PORT010,INS0029,2025-07-21,4491,22.914,102906.77,88.83,EUR,MOCK_FEED
POS01000220250721,PORT010,INS0030,2025-07-21,2709,48.8373,132300.25,4967.07,GBP,MOCK_FEED
POS01000320250721,PORT010,INS0031,2025-07-21,765,41.1223,31458.56,1015.86,USD,MOCK_FEED
POS01000420250721,PORT010,INS0032,2025-07-21,4330,67.4736,292160.69,5663.55,USD,MOCK_FEED
POS01000520250721,PORT010,INS0033,2025-07-21,1643,32.5747,53520.23,-1289.54,GBP,MOCK_FEED
POS01000620250721,PORT010,INS0034,2025-07-21,2545,46.6106,118623.98,-2023.5,USD,MOCK_FEED
POS01000720250721,PORT010,INS0035,2025-07-21,988,9.9806,9860.83,-128.34,EUR,MOCK_FEED
POS01000820250721,PORT010,INS0036,2025-07-21,3857,29.459,113623.36,-1535.69,GBP,MOCK_FEED
POS01000920250721,PORT010,INS0037,2025-07-21,3470,41.6143,144401.62,2589.96,INR,MOCK_FEED
POS01001020250721,PORT010,INS0038,2025-07-21,2476,21.7174,53772.28,797.46,GBP,MOCK_FEED
POS01000120250722,PORT010,INS0029,2025-07-22,3016,23.053,69527.85,2461.59,GBP,MOCK_FEED
POS01000220250722,PORT010,INS0030,2025-07-22,409,48.4875,19831.39,527.11,GBP,MOCK_FEED
POS01000320250722,PORT010,INS0031,2025-07-22,2181,41.7357,91025.56,2246.17,INR,MOCK_FEED
POS01000420250722,PORT010,INS0032,2025-07-22,771,67.7142,52207.65,-195.59,INR,MOCK_FEED
POS01000520250722,PORT010,INS0033,2025-07-22,1764,32.9438,58112.86,1424.38,USD,MOCK_FEED
POS01000620250722,PORT010,INS0034,2025-07-22,1857,46.7564,86826.63,3333.0,GBP,MOCK_FEED
POS01000720250722,PORT010,INS0035,2025-07-22,1410,9.8606,13903.45,402.26,USD,MOCK_FEED
POS01000820250722,PORT010,INS0036,2025-07-22,1022,29.5796,30230.35,-481.17,GBP,MOCK_FEED
POS01000920250722,PORT010,INS0037,2025-07-22,152,41.1488,6254.62,109.2,GBP,MOCK_FEED
POS01001020250722,PORT010,INS0038,2025-07-22,518,21.8012,11293.02,-284.61,GBP,MOCK_FEED
POS01000120250723,PORT010,INS0029,2025-07-23,1885,22.9872,43330.87,117.28,EUR,MOCK_FEED
POS01000220250723,PORT010,INS0030,2025-07-23,1749,49.6098,86767.54,-2361.42,INR,MOCK_FEED
POS01000320250723,PORT010,INS0031,2025-07-23,3708,42.0447,155901.75,4762.05,INR,MOCK_FEED
POS01000420250723,PORT010,INS0032,2025-07-23,2018,66.9872,135180.17,-1530.28,INR,MOCK_FEED
POS01000520250723,PORT010,INS0033,2025-07-23,1304,32.6814,42616.55,-100.4,INR,MOCK_FEED
POS01000620250723,PORT010,INS0034,2025-07-23,3477,46.4995,161678.76,-262.03,USD,MOCK_FEED
POS01000720250723,PORT010,INS0035,2025-07-23,4041,9.8576,39834.56,1505.55,GBP,MOCK_FEED
POS01000820250723,PORT010,INS0036,2025-07-23,1712,29.3957,50325.44,-1241.93,GBP,MOCK_FEED
POS01000920250723,PORT010,INS0037,2025-07-23,3887,40.9579,159203.36,-2158.84,USD,MOCK_FEED
POS01001020250723,PORT010,INS0038,2025-07-23,875,22.0872,19326.3,-520.64,USD,MOCK_FEED
POS01000120250724,PORT010,INS0029,2025-07-24,4124,23.3413,96259.52,1619.9,INR,MOCK_FEED
POS01000220250724,PORT010,INS0030,2025-07-24,1487,49.3573,73394.31,453.96,INR,MOCK_FEED
POS01000320250724,PORT010,INS0031,2025-07-24,207,41.6405,8619.58,-82.07,GBP,MOCK_FEED
POS01000420250724,PORT010,INS0032,2025-07-24,1484,67.2009,99726.14,-1807.5,INR,MOCK_FEED
POS01000520250724,PORT010,INS0033,2025-07-24,3535,32.2951,114163.18,1407.62,INR,MOCK_FEED
POS01000620250724,PORT010,INS0034,2025-07-24,2579,46.0396,118736.13,-3131.76,GBP,MOCK_FEED
POS01000720250724,PORT010,INS0035,2025-07-24,3617,9.9718,36068.0,1050.88,GBP,MOCK_FEED
POS01000820250724,PORT010,INS0036,2025-07-24,4301,28.7747,123759.98,-1634.75,USD,MOCK_FEED
POS01000920250724,PORT010,INS0037,2025-07-24,315,41.2128,12982.03,-74.21,INR,MOCK_FEED
POS01001020250724,PORT010,INS0038,2025-07-24,1893,22.0732,41784.57,38.81,INR,MOCK_FEED
POS01000120250725,PORT010,INS0029,2025-07-25,4179,23.3047,97390.34,2019.57,EUR,MOCK_FEED
POS01000220250725,PORT010,INS0030,2025-07-25,660,50.1981,33130.75,81.4,EUR,MOCK_FEED
POS01000320250725,PORT010,INS0031,2025-07-25,3845,41.553,159771.29,4552.86,EUR,MOCK_FEED
POS01000420250725,PORT010,INS0032,2025-07-25,3778,67.2512,254075.03,8877.46,GBP,MOCK_FEED
POS01000520250725,PORT010,INS0033,2025-07-25,4260,33.022,140673.72,4054.61,EUR,MOCK_FEED
POS01000620250725,PORT010,INS0034,2025-07-25,1281,45.7134,58558.87,2153.23,INR,MOCK_FEED
POS01000720250725,PORT010,INS0035,2025-07-25,4662,10.0706,46949.14,1608.55,USD,MOCK_FEED
POS01000820250725,PORT010,INS0036,2025-07-25,2883,28.5101,82194.62,1149.26,INR,MOCK_FEED
POS01000920250725,PORT010,INS0037,2025-07-25,3264,41.3021,134810.05,-1041.51,USD,MOCK_FEED
POS01001020250725,PORT010,INS0038,2025-07-25,4535,22.2144,100742.3,-2503.07,INR,MOCK_FEED
POS01000120250726,PORT010,INS0029,2025-07-26,2708,23.2664,63005.41,2507.79,USD,MOCK_FEED
POS01000220250726,PORT010,INS0030,2025-07-26,1118,49.0848,54876.81,-396.95,GBP,MOCK_FEED
POS01000320250726,PORT010,INS0031,2025-07-26,1764,40.7265,71841.55,2528.55,EUR,MOCK_FEED
POS01000420250726,PORT010,INS0032,2025-07-26,1167,66.3551,77436.4,-289.43,USD,MOCK_FEED
POS01000520250726,PORT010,INS0033,2025-07-26,3528,32.9458,116232.78,-546.14,GBP,MOCK_FEED
POS01000620250726,PORT010,INS0034,2025-07-26,666,45.9808,30623.21,1028.25,INR,MOCK_FEED
POS01000720250726,PORT010,INS0035,2025-07-26,4865,9.9182,48252.04,1566.62,GBP,MOCK_FEED
POS01000820250726,PORT010,INS0036,2025-07-26,3550,28.3354,100590.67,3487.41,EUR,MOCK_FEED
POS01000920250726,PORT010,INS0037,2025-07-26,4430,42.6152,188785.34,4568.93,USD,MOCK_FEED
POS01001020250726,PORT010,INS0038,2025-07-26,4376,22.1671,97003.23,-1901.14,EUR,MOCK_FEED
POS01000120250727,PORT010,INS0029,2025-07-27,1571,23.4009,36762.81,221.15,INR,MOCK_FEED
POS01000220250727,PORT010,INS0030,2025-07-27,4738,49.8763,236313.91,6431.63,EUR,MOCK_FEED
POS01000320250727,PORT010,INS0031,2025-07-27,4051,40.7173,164945.78,-1959.7,EUR,MOCK_FEED
POS01000420250727,PORT010,INS0032,2025-07-27,803,66.3346,53266.68,1290.26,EUR,MOCK_FEED
POS01000520250727,PORT010,INS0033,2025-07-27,3067,33.3191,102189.68,-305.96,USD,MOCK_FEED
POS01000620250727,PORT010,INS0034,2025-07-27,4878,46.3101,225900.67,3460.98,INR,MOCK_FEED
POS01000720250727,PORT010,INS0035,2025-07-27,4517,10.005,45192.59,385.61,GBP,MOCK_FEED
POS01000820250727,PORT010,INS0036,2025-07-27,3367,28.4802,95892.83,-1488.8,GBP,MOCK_FEED
POS01000920250727,PORT010,INS0037,2025-07-27,647,41.855,27080.18,759.84,INR,MOCK_FEED
POS01001020250727,PORT010,INS0038,2025-07-27,992,21.831,21656.35,-153.33,USD,MOCK_FEED
POS01000120250728,PORT010,INS0029,2025-07-28,297,23.4643,6968.9,-137.01,INR,MOCK_FEED
POS01000220250728,PORT010,INS0030,2025-07-28,367,50.7017,18607.52,-134.77,GBP,MOCK_FEED
POS01000320250728,PORT010,INS0031,2025-07-28,1156,40.7563,47114.28,-630.18,EUR,MOCK_FEED
POS01000420250728,PORT010,INS0032,2025-07-28,1084,67.29,72942.36,1438.45,GBP,MOCK_FEED
POS01000520250728,PORT010,INS0033,2025-07-28,4449,33.5441,149237.7,-1811.33,INR,MOCK_FEED
POS01000620250728,PORT010,INS0034,2025-07-28,3550,46.3641,164592.55,5887.12,GBP,MOCK_FEED
POS01000720250728,PORT010,INS0035,2025-07-28,2510,9.9384,24945.38,989.05,USD,MOCK_FEED
POS01000820250728,PORT010,INS0036,2025-07-28,1434,27.7032,39726.39,-819.73,USD,MOCK_FEED
POS01000920250728,PORT010,INS0037,2025-07-28,2815,42.4114,119388.09,268.19,INR,MOCK_FEED
POS01001020250728,PORT010,INS0038,2025-07-28,4464,22.2868,99488.28,-2461.33,GBP,MOCK_FEED
POS01000120250729,PORT010,INS0029,2025-07-29,4857,22.4993,109279.1,-1373.02,INR,MOCK_FEED
POS01000220250729,PORT010,INS0030,2025-07-29,3668,49.8804,182961.31,-3097.46,GBP,MOCK_FEED
POS01000320250729,PORT010,INS0031,2025-07-29,894,40.209,35946.85,-933.47,INR,MOCK_FEED
POS01000420250729,PORT010,INS0032,2025-07-29,4900,64.7193,317124.57,-9463.38,USD,MOCK_FEED
POS01000520250729,PORT010,INS0033,2025-07-29,4347,33.7608,146758.2,2117.53,GBP,MOCK_FEED
POS01000620250729,PORT010,INS0034,2025-07-29,3859,46.3286,178782.07,6936.87,INR,MOCK_FEED
POS01000720250729,PORT010,INS0035,2025-07-29,1667,9.9555,16595.82,-434.15,GBP,MOCK_FEED
POS01000820250729,PORT010,INS0036,2025-07-29,3940,28.0693,110593.04,764.94,USD,MOCK_FEED
POS01000920250729,PORT010,INS0037,2025-07-29,3843,42.669,163976.97,3011.44,EUR,MOCK_FEED
POS01001020250729,PORT010,INS0038,2025-07-29,3590,21.789,78222.51,-867.91,GBP,MOCK_FEED
POS01000120250730,PORT010,INS0029,2025-07-30,4123,22.6747,93487.79,3016.93,USD,MOCK_FEED
POS01000220250730,PORT010,INS0030,2025-07-30,948,49.1312,46576.38,989.78,EUR,MOCK_FEED
POS01000320250730,PORT010,INS0031,2025-07-30,513,39.7521,20392.83,-44.25,GBP,MOCK_FEED
POS01000420250730,PORT010,INS0032,2025-07-30,3687,64.7938,238894.74,523.78,USD,MOCK_FEED
POS01000520250730,PORT010,INS0033,2025-07-30,1858,33.6825,62582.08,-469.63,EUR,MOCK_FEED
POS01000620250730,PORT010,INS0034,2025-07-30,1503,47.3217,71124.52,-2096.51,EUR,MOCK_FEED
POS01000720250730,PORT010,INS0035,2025-07-30,3954,10.1083,39968.22,1326.46,INR,MOCK_FEED
POS01000820250730,PORT010,INS0036,2025-07-30,1695,28.2177,47829.0,-628.14,EUR,MOCK_FEED
POS01000920250730,PORT010,INS0037,2025-07-30,1141,42.2992,48263.39,1491.37,GBP,MOCK_FEED
POS01001020250730,PORT010,INS0038,2025-07-30,1304,22.1044,28824.14,696.14,EUR,MOCK_FEED
POS01000120250731,PORT010,INS0029,2025-07-31,2717,22.8096,61973.68,-753.01,INR,MOCK_FEED
POS01000220250731,PORT010,INS0030,2025-07-31,1333,48.5006,64651.3,1340.1,EUR,MOCK_FEED
POS01000320250731,PORT010,INS0031,2025-07-31,2007,39.6954,79668.67,-1773.57,GBP,MOCK_FEED
POS01000420250731,PORT010,INS0032,2025-07-31,2732,65.3102,178427.47,-4099.97,INR,MOCK_FEED
POS01000520250731,PORT010,INS0033,2025-07-31,2616,34.03,89022.48,1961.77,USD,MOCK_FEED
POS01000620250731,PORT010,INS0034,2025-07-31,375,47.549,17830.88,408.41,USD,MOCK_FEED
POS01000720250731,PORT010,INS0035,2025-07-31,2228,10.1581,22632.25,173.79,USD,MOCK_FEED
POS01000820250731,PORT010,INS0036,2025-07-31,2693,28.5001,76750.77,-235.54,GBP,MOCK_FEED
POS01000920250731,PORT010,INS0037,2025-07-31,4502,43.2322,194631.36,-1393.4,USD,MOCK_FEED
POS01001020250731,PORT010,INS0038,2025-07-31,3741,22.6439,84710.83,258.0,EUR,MOCK_FEED
POS01000120250801,PORT010,INS0029,2025-08-01,146,23.3357,3407.01,-20.52,USD,MOCK_FEED
POS01000220250801,PORT010,INS0030,2025-08-01,4742,47.8853,227072.09,67.91,EUR,MOCK_FEED
POS01000320250801,PORT010,INS0031,2025-08-01,2589,39.8196,103092.94,2942.28,INR,MOCK_FEED
POS01000420250801,PORT010,INS0032,2025-08-01,4827,65.556,316438.81,9292.16,EUR,MOCK_FEED
POS01000520250801,PORT010,INS0033,2025-08-01,2727,34.4009,93811.25,1296.45,INR,MOCK_FEED
POS01000620250801,PORT010,INS0034,2025-08-01,3105,48.1636,149547.98,4604.46,EUR,MOCK_FEED
POS01000720250801,PORT010,INS0035,2025-08-01,632,10.2616,6485.33,149.51,INR,MOCK_FEED
POS01000820250801,PORT010,INS0036,2025-08-01,1414,28.5344,40347.64,-702.85,EUR,MOCK_FEED
POS01000920250801,PORT010,INS0037,2025-08-01,2241,43.1566,96713.94,3853.68,EUR,MOCK_FEED
POS01001020250801,PORT010,INS0038,2025-08-01,4776,22.3743,106859.66,-2744.43,USD,MOCK_FEED
POS01000120250802,PORT010,INS0029,2025-08-02,3087,23.0242,71075.71,2300.12,GBP,MOCK_FEED
POS01000220250802,PORT010,INS0030,2025-08-02,3236,48.2722,156208.84,490.79,INR,MOCK_FEED
POS01000320250802,PORT010,INS0031,2025-08-02,2925,39.6761,116052.59,4046.83,EUR,MOCK_FEED
POS01000420250802,PORT010,INS0032,2025-08-02,4626,66.1713,306108.43,-5506.17,GBP,MOCK_FEED
POS01000520250802,PORT010,INS0033,2025-08-02,2568,34.7737,89298.86,197.61,INR,MOCK_FEED
POS01000620250802,PORT010,INS0034,2025-08-02,4714,48.3655,227994.97,-3890.01,USD,MOCK_FEED
POS01000720250802,PORT010,INS0035,2025-08-02,3094,10.1158,31298.29,-23.53,INR,MOCK_FEED
POS01000820250802,PORT010,INS0036,2025-08-02,4923,29.0161,142846.26,2321.15,USD,MOCK_FEED
POS01000920250802,PORT010,INS0037,2025-08-02,946,43.3384,40998.13,-1090.73,USD,MOCK_FEED
POS01001020250802,PORT010,INS0038,2025-08-02,2574,22.2469,57263.52,-1580.53,GBP,MOCK_FEED
POS01000120250803,PORT010,INS0029,2025-08-03,1898,23.0411,43732.01,395.13,USD,MOCK_FEED
POS01000220250803,PORT010,INS0030,2025-08-03,2637,48.5364,127990.49,4561.43,USD,MOCK_FEED
POS01000320250803,PORT010,INS0031,2025-08-03,1171,39.5735,46340.57,-139.66,EUR,MOCK_FEED
POS01000420250803,PORT010,INS0032,2025-08-03,4752,66.7259,317081.48,-6170.2,INR,MOCK_FEED
POS01000520250803,PORT010,INS0033,2025-08-03,2232,34.0838,76075.04,-1596.95,USD,MOCK_FEED
POS01000620250803,PORT010,INS0034,2025-08-03,4230,49.5339,209528.4,-2770.41,INR,MOCK_FEED
POS01000720250803,PORT010,INS0035,2025-08-03,1423,9.8873,14069.63,-277.89,EUR,MOCK_FEED
POS01000820250803,PORT010,INS0036,2025-08-03,4723,29.4035,138872.73,58.95,EUR,MOCK_FEED
POS01000920250803,PORT010,INS0037,2025-08-03,4395,43.4857,191119.65,6137.13,EUR,MOCK_FEED
POS01001020250803,PORT010,INS0038,2025-08-03,1363,22.1949,30251.65,415.87,GBP,MOCK_FEED
POS01000120250804,PORT010,INS0029,2025-08-04,1270,22.7881,28940.89,559.54,GBP,MOCK_FEED
POS01000220250804,PORT010,INS0030,2025-08-04,1029,48.407,49810.8,849.12,USD,MOCK_FEED
POS01000320250804,PORT010,INS0031,2025-08-04,2176,39.517,85988.99,404.22,USD,MOCK_FEED
POS01000420250804,PORT010,INS0032,2025-08-04,3842,65.6406,252191.19,3773.78,EUR,MOCK_FEED
POS01000520250804,PORT010,INS0033,2025-08-04,4390,34.464,151296.96,-3673.69,INR,MOCK_FEED
POS01000620250804,PORT010,INS0034,2025-08-04,1901,49.6438,94372.86,619.78,USD,MOCK_FEED
POS01000720250804,PORT010,INS0035,2025-08-04,2269,10.0465,22795.51,-141.42,GBP,MOCK_FEED
POS01000820250804,PORT010,INS0036,2025-08-04,4576,29.3802,134443.8,-1492.2,EUR,MOCK_FEED
POS01000920250804,PORT010,INS0037,2025-08-04,3467,43.4851,150762.84,-3909.78,EUR,MOCK_FEED
POS01001020250804,PORT010,INS0038,2025-08-04,2960,22.35,66156.0,-1388.11,EUR,MOCK_FEED
POS01000120250805,PORT010,INS0029,2025-08-05,663,22.7164,15060.97,381.2,INR,MOCK_FEED
POS01000220250805,PORT010,INS0030,2025-08-05,1925,48.9504,94229.52,3481.0,USD,MOCK_FEED
POS01000320250805,PORT010,INS0031,2025-08-05,4392,39.7636,174641.73,465.27,GBP,MOCK_FEED
POS01000420250805,PORT010,INS0032,2025-08-05,2165,65.3436,141468.89,3521.95,INR,MOCK_FEED
POS01000520250805,PORT010,INS0033,2025-08-05,1914,34.8271,66659.07,1375.09,INR,MOCK_FEED
POS01000620250805,PORT010,INS0034,2025-08-05,4541,49.7944,226116.37,-5166.27,EUR,MOCK_FEED
POS01000720250805,PORT010,INS0035,2025-08-05,689,10.0251,6907.29,259.38,USD,MOCK_FEED
POS01000820250805,PORT010,INS0036,2025-08-05,3027,29.3638,88884.22,-2650.44,USD,MOCK_FEED
POS01000920250805,PORT010,INS0037,2025-08-05,2700,43.485,117409.5,-43.38,GBP,MOCK_FEED
POS01001020250805,PORT010,INS0038,2025-08-05,3051,22.6826,69204.61,-1709.18,EUR,MOCK_FEED
POS01000120250806,PORT010,INS0029,2025-08-06,2066,22.9111,47334.33,-416.95,EUR,MOCK_FEED
POS01000220250806,PORT010,INS0030,2025-08-06,2529,48.5869,122876.27,3575.63,USD,MOCK_FEED
POS01000320250806,PORT010,INS0031,2025-08-06,1023,40.0249,40945.47,-736.16,GBP,MOCK_FEED
POS01000420250806,PORT010,INS0032,2025-08-06,457,66.2142,30259.89,1141.51,GBP,MOCK_FEED
POS01000520250806,PORT010,INS0033,2025-08-06,2571,35.2742,90689.97,-102.53,INR,MOCK_FEED
POS01000620250806,PORT010,INS0034,2025-08-06,2521,49.8557,125686.22,2331.56,USD,MOCK_FEED
POS01000720250806,PORT010,INS0035,2025-08-06,1771,10.2164,18093.24,-240.78,USD,MOCK_FEED
POS01000820250806,PORT010,INS0036,2025-08-06,1873,29.3817,55031.92,810.67,USD,MOCK_FEED
POS01000920250806,PORT010,INS0037,2025-08-06,1182,44.0524,52069.94,658.3,USD,MOCK_FEED
POS01001020250806,PORT010,INS0038,2025-08-06,3200,22.6995,72638.4,-687.47,INR,MOCK_FEED
POS01000120250807,PORT010,INS0029,2025-08-07,2651,22.9043,60719.3,545.61,EUR,MOCK_FEED
POS01000220250807,PORT010,INS0030,2025-08-07,2048,49.5055,101387.26,131.7,USD,MOCK_FEED
POS01000320250807,PORT010,INS0031,2025-08-07,2158,40.6808,87789.17,3189.88,INR,MOCK_FEED
POS01000420250807,PORT010,INS0032,2025-08-07,3668,67.5263,247686.47,6358.34,GBP,MOCK_FEED
POS01000520250807,PORT010,INS0033,2025-08-07,3934,35.8535,141047.67,237.45,USD,MOCK_FEED
POS01000620250807,PORT010,INS0034,2025-08-07,2379,50.1989,119423.18,1725.96,GBP,MOCK_FEED
POS01000720250807,PORT010,INS0035,2025-08-07,2790,10.601,29576.79,-127.25,EUR,MOCK_FEED
POS01000820250807,PORT010,INS0036,2025-08-07,3446,29.2599,100829.62,1624.79,INR,MOCK_FEED
POS01000920250807,PORT010,INS0037,2025-08-07,2589,44.498,115205.32,-309.28,INR,MOCK_FEED
POS01001020250807,PORT010,INS0038,2025-08-07,1273,22.6124,28785.59,471.76,GBP,MOCK_FEED
POS01000120250808,PORT010,INS0029,2025-08-08,2014,23.3882,47103.83,-803.61,USD,MOCK_FEED
POS01000220250808,PORT010,INS0030,2025-08-08,4588,50.335,230936.98,6779.43,INR,MOCK_FEED
POS01000320250808,PORT010,INS0031,2025-08-08,752,41.1231,30924.57,669.05,GBP,MOCK_FEED
POS01000420250808,PORT010,INS0032,2025-08-08,1645,68.2828,112325.21,3344.03,GBP,MOCK_FEED
POS01000520250808,PORT010,INS0033,2025-08-08,3006,36.23,108907.38,3128.9,EUR,MOCK_FEED
POS01000620250808,PORT010,INS0034,2025-08-08,3210,50.43,161880.3,761.69,USD,MOCK_FEED
POS01000720250808,PORT010,INS0035,2025-08-08,4973,10.7833,53625.35,1388.13,EUR,MOCK_FEED
POS01000820250808,PORT010,INS0036,2025-08-08,4989,29.397,146661.63,-3973.75,USD,MOCK_FEED
POS01000920250808,PORT010,INS0037,2025-08-08,4567,44.4641,203067.54,-1002.85,GBP,MOCK_FEED
POS01001020250808,PORT010,INS0038,2025-08-08,3571,22.1189,78986.59,-1763.03,USD,MOCK_FEED
POS01000120250809,PORT010,INS0029,2025-08-09,578,23.7601,13733.34,508.3,INR,MOCK_FEED
POS01000220250809,PORT010,INS0030,2025-08-09,3012,49.3514,148646.42,1479.64,INR,MOCK_FEED
POS01000320250809,PORT010,INS0031,2025-08-09,645,41.4989,26766.79,-666.51,EUR,MOCK_FEED
POS01000420250809,PORT010,INS0032,2025-08-09,2858,68.5031,195781.86,-2814.38,INR,MOCK_FEED
POS01000520250809,PORT010,INS0033,2025-08-09,3842,36.4591,140075.86,4474.08,USD,MOCK_FEED
POS01000620250809,PORT010,INS0034,2025-08-09,1250,50.5587,63198.38,1718.62,INR,MOCK_FEED
POS01000720250809,PORT010,INS0035,2025-08-09,1035,10.8989,11280.36,-53.59,GBP,MOCK_FEED
POS01000820250809,PORT010,INS0036,2025-08-09,257,29.5728,7600.21,166.85,GBP,MOCK_FEED
POS01000920250809,PORT010,INS0037,2025-08-09,2166,44.3391,96038.49,-1577.45,GBP,MOCK_FEED
POS01001020250809,PORT010,INS0038,2025-08-09,1598,21.8153,34860.85,-729.47,GBP,MOCK_FEED
POS01000120250810,PORT010,INS0029,2025-08-10,3247,24.2685,78799.82,2154.53,EUR,MOCK_FEED
POS01000220250810,PORT010,INS0030,2025-08-10,4126,48.4539,199920.79,7601.82,USD,MOCK_FEED
POS01000320250810,PORT010,INS0031,2025-08-10,2486,41.9093,104186.52,-2221.9,INR,MOCK_FEED
POS01000420250810,PORT010,INS0032,2025-08-10,1721,67.8772,116816.66,4402.21,EUR,MOCK_FEED
POS01000520250810,PORT010,INS0033,2025-08-10,2815,36.5022,102753.69,1474.82,USD,MOCK_FEED
POS01000620250810,PORT010,INS0034,2025-08-10,789,51.2329,40422.76,-202.63,USD,MOCK_FEED
POS01000720250810,PORT010,INS0035,2025-08-10,1643,10.8843,17882.9,-374.55,EUR,MOCK_FEED
POS01000820250810,PORT010,INS0036,2025-08-10,666,29.8606,19887.16,738.36,USD,MOCK_FEED
POS01000920250810,PORT010,INS0037,2025-08-10,122,44.7435,5458.71,208.76,EUR,MOCK_FEED
POS01001020250810,PORT010,INS0038,2025-08-10,1515,21.4631,32516.6,-472.21,USD,MOCK_FEED
POS01000120250811,PORT010,INS0029,2025-08-11,2151,24.6925,53113.57,416.22,GBP,MOCK_FEED
POS01000220250811,PORT010,INS0030,2025-08-11,4349,48.153,209417.4,7094.4,USD,MOCK_FEED
POS01000320250811,PORT010,INS0031,2025-08-11,3086,42.1891,130195.56,2049.63,INR,MOCK_FEED
POS01000420250811,PORT010,INS0032,2025-08-11,3782,69.0746,261240.14,3028.31,INR,MOCK_FEED
POS01000520250811,PORT010,INS0033,2025-08-11,2587,36.6261,94751.72,3188.24,GBP,MOCK_FEED
POS01000620250811,PORT010,INS0034,2025-08-11,4070,50.6058,205965.61,8162.99,EUR,MOCK_FEED
POS01000720250811,PORT010,INS0035,2025-08-11,2258,11.1287,25128.6,566.21,EUR,MOCK_FEED
POS01000820250811,PORT010,INS0036,2025-08-11,2880,29.8049,85838.11,2460.33,INR,MOCK_FEED
POS01000920250811,PORT010,INS0037,2025-08-11,2432,45.0963,109674.2,-1718.38,GBP,MOCK_FEED
POS01001020250811,PORT010,INS0038,2025-08-11,2746,21.3301,58572.45,1187.96,INR,MOCK_FEED
POS01000120250812,PORT010,INS0029,2025-08-12,2236,24.6311,55075.14,1858.08,EUR,MOCK_FEED
POS01000220250812,PORT010,INS0030,2025-08-12,2312,49.1273,113582.32,1615.62,GBP,MOCK_FEED
POS01000320250812,PORT010,INS0031,2025-08-12,136,41.6722,5667.42,121.2,USD,MOCK_FEED
POS01000420250812,PORT010,INS0032,2025-08-12,1329,69.0767,91802.93,2778.11,USD,MOCK_FEED
POS01000520250812,PORT010,INS0033,2025-08-12,1421,37.0266,52614.8,-43.14,EUR,MOCK_FEED
POS01000620250812,PORT010,INS0034,2025-08-12,2720,50.9792,138663.42,-448.76,USD,MOCK_FEED
POS01000720250812,PORT010,INS0035,2025-08-12,430,11.1453,4792.48,169.77,INR,MOCK_FEED
POS01000820250812,PORT010,INS0036,2025-08-12,371,29.3047,10872.04,165.44,USD,MOCK_FEED
POS01000920250812,PORT010,INS0037,2025-08-12,4266,46.198,197080.67,-5512.5,INR,MOCK_FEED
POS01001020250812,PORT010,INS0038,2025-08-12,2808,21.5169,60419.46,790.91,USD,MOCK_FEED
POS01000120250813,PORT010,INS0029,2025-08-13,4824,24.2601,117030.72,2285.78,USD,MOCK_FEED
POS01000220250813,PORT010,INS0030,2025-08-13,2451,48.6696,119289.19,-2431.39,USD,MOCK_FEED
POS01000320250813,PORT010,INS0031,2025-08-13,4158,42.3172,175954.92,-147.97,EUR,MOCK_FEED
POS01000420250813,PORT010,INS0032,2025-08-13,4412,69.4794,306543.11,10112.06,INR,MOCK_FEED
POS01000520250813,PORT010,INS0033,2025-08-13,4546,37.1865,169049.83,-4149.57,EUR,MOCK_FEED
POS01000620250813,PORT010,INS0034,2025-08-13,3007,50.5646,152047.75,-1677.04,EUR,MOCK_FEED
POS01000720250813,PORT010,INS0035,2025-08-13,4677,11.2024,52393.62,-630.74,USD,MOCK_FEED
POS01000820250813,PORT010,INS0036,2025-08-13,2559,29.476,75429.08,-2242.86,GBP,MOCK_FEED
POS01000920250813,PORT010,INS0037,2025-08-13,2381,45.9073,109305.28,-1670.47,EUR,MOCK_FEED
POS01001020250813,PORT010,INS0038,2025-08-13,4780,21.2672,101657.22,-2585.4,INR,MOCK_FEED
POS01000120250814,PORT010,INS0029,2025-08-14,4059,24.5117,99492.99,-2445.53,EUR,MOCK_FEED
POS01000220250814,PORT010,INS0030,2025-08-14,988,48.8956,48308.85,807.14,GBP,MOCK_FEED
POS01000320250814,PORT010,INS0031,2025-08-14,3323,42.7995,142222.74,4009.53,INR,MOCK_FEED
POS01000420250814,PORT010,INS0032,2025-08-14,1441,70.0245,100905.3,2223.47,INR,MOCK_FEED
POS01000520250814,PORT010,INS0033,2025-08-14,2438,37.0699,90376.42,138.83,INR,MOCK_FEED
POS01000620250814,PORT010,INS0034,2025-08-14,968,50.636,49015.65,-1015.94,USD,MOCK_FEED
POS01000720250814,PORT010,INS0035,2025-08-14,1026,11.2798,11573.07,-249.75,GBP,MOCK_FEED
POS01000820250814,PORT010,INS0036,2025-08-14,3000,29.2981,87894.3,-699.8,USD,MOCK_FEED
POS01000920250814,PORT010,INS0037,2025-08-14,3650,46.2274,168730.01,213.48,EUR,MOCK_FEED
POS01001020250814,PORT010,INS0038,2025-08-14,1621,21.364,34631.04,666.96,GBP,MOCK_FEED
POS01000120250815,PORT010,INS0029,2025-08-15,2690,24.4732,65832.91,22.78,INR,MOCK_FEED
POS01000220250815,PORT010,INS0030,2025-08-15,3927,49.2211,193291.26,-531.38,GBP,MOCK_FEED
POS01000320250815,PORT010,INS0031,2025-08-15,4970,42.6252,211847.24,4316.9,USD,MOCK_FEED
POS01000420250815,PORT010,INS0032,2025-08-15,2119,68.6925,145559.41,3080.0,INR,MOCK_FEED
POS01000520250815,PORT010,INS0033,2025-08-15,1688,37.9027,63979.76,-1440.46,GBP,MOCK_FEED
POS01000620250815,PORT010,INS0034,2025-08-15,383,50.977,19524.19,1.77,GBP,MOCK_FEED
POS01000720250815,PORT010,INS0035,2025-08-15,1294,11.2242,14524.11,-429.03,INR,MOCK_FEED
POS01000820250815,PORT010,INS0036,2025-08-15,2796,28.8739,80731.42,-1364.99,USD,MOCK_FEED
POS01000920250815,PORT010,INS0037,2025-08-15,531,46.5565,24721.5,55.61,EUR,MOCK_FEED
POS01001020250815,PORT010,INS0038,2025-08-15,1480,21.3162,31547.98,1044.86,EUR,MOCK_FEED
POS01000120250816,PORT010,INS0029,2025-08-16,4496,24.189,108753.74,4129.91,USD,MOCK_FEED
POS01000220250816,PORT010,INS0030,2025-08-16,4987,48.2387,240566.4,-1624.05,USD,MOCK_FEED
POS01000320250816,PORT010,INS0031,2025-08-16,2017,42.6597,86044.61,2177.07,INR,MOCK_FEED
POS01000420250816,PORT010,INS0032,2025-08-16,518,67.0699,34742.21,484.19,INR,MOCK_FEED
POS01000520250816,PORT010,INS0033,2025-08-16,1476,38.0061,56097.0,-329.14,USD,MOCK_FEED
POS01000620250816,PORT010,INS0034,2025-08-16,983,51.0868,50218.32,-1066.91,EUR,MOCK_FEED
POS01000720250816,PORT010,INS0035,2025-08-16,3636,11.2717,40983.9,-1149.42,USD,MOCK_FEED
POS01000820250816,PORT010,INS0036,2025-08-16,3332,28.0341,93409.62,-223.28,EUR,MOCK_FEED
POS01000920250816,PORT010,INS0037,2025-08-16,1419,46.4882,65966.76,-1745.04,USD,MOCK_FEED
POS01001020250816,PORT010,INS0038,2025-08-16,255,21.3643,5447.9,128.41,INR,MOCK_FEED
POS01000120250817,PORT010,INS0029,2025-08-17,1034,24.3811,25210.06,-14.9,EUR,MOCK_FEED
POS01000220250817,PORT010,INS0030,2025-08-17,4994,47.7095,238261.24,9358.49,GBP,MOCK_FEED
POS01000320250817,PORT010,INS0031,2025-08-17,3741,43.6696,163367.97,-1661.46,GBP,MOCK_FEED
POS01000420250817,PORT010,INS0032,2025-08-17,428,68.1673,29175.6,1038.86,EUR,MOCK_FEED
POS01000520250817,PORT010,INS0033,2025-08-17,2046,37.1617,76032.84,-70.5,USD,MOCK_FEED
POS01000620250817,PORT010,INS0034,2025-08-17,3671,51.3336,188445.65,584.37,EUR,MOCK_FEED
POS01000720250817,PORT010,INS0035,2025-08-17,3145,11.1201,34972.71,-1006.26,INR,MOCK_FEED
POS01000820250817,PORT010,INS0036,2025-08-17,4920,28.2265,138874.38,-70.21,GBP,MOCK_FEED
POS01000920250817,PORT010,INS0037,2025-08-17,2553,47.2491,120626.95,4353.6,INR,MOCK_FEED
POS01001020250817,PORT010,INS0038,2025-08-17,4059,21.1696,85927.41,1895.12,USD,MOCK_FEED
POS01000120250818,PORT010,INS0029,2025-08-18,2546,24.8471,63260.72,2399.15,INR,MOCK_FEED
POS01000220250818,PORT010,INS0030,2025-08-18,2540,47.7589,121307.61,4774.65,EUR,MOCK_FEED
POS01000320250818,PORT010,INS0031,2025-08-18,3136,43.8697,137575.38,-1786.09,INR,MOCK_FEED
POS01000420250818,PORT010,INS0032,2025-08-18,4786,67.3223,322204.53,9690.09,EUR,MOCK_FEED
POS01000520250818,PORT010,INS0033,2025-08-18,3004,36.806,110565.22,2013.42,GBP,MOCK_FEED
POS01000620250818,PORT010,INS0034,2025-08-18,1016,51.8579,52687.63,1140.26,USD,MOCK_FEED
POS01000720250818,PORT010,INS0035,2025-08-18,2968,11.147,33084.3,-209.23,USD,MOCK_FEED
POS01000820250818,PORT010,INS0036,2025-08-18,3187,28.5308,90927.66,-2537.11,INR,MOCK_FEED
POS01000920250818,PORT010,INS0037,2025-08-18,1440,47.1652,67917.89,72.79,EUR,MOCK_FEED
POS01001020250818,PORT010,INS0038,2025-08-18,4202,20.9187,87900.38,-771.64,EUR,MOCK_FEED
POS01000120250819,PORT010,INS0029,2025-08-19,365,24.5727,8969.04,337.79,USD,MOCK_FEED
POS01000220250819,PORT010,INS0030,2025-08-19,4799,48.6569,233504.46,-6355.12,EUR,MOCK_FEED
POS01000320250819,PORT010,INS0031,2025-08-19,1606,43.8689,70453.45,-909.9,INR,MOCK_FEED
POS01000420250819,PORT010,INS0032,2025-08-19,455,67.5678,30743.35,810.32,USD,MOCK_FEED
POS01000520250819,PORT010,INS0033,2025-08-19,842,36.2883,30554.75,742.8,EUR,MOCK_FEED
POS01000620250819,PORT010,INS0034,2025-08-19,4963,51.2385,254296.68,-2264.09,GBP,MOCK_FEED
POS01000720250819,PORT010,INS0035,2025-08-19,3230,11.3532,36670.84,404.09,USD,MOCK_FEED
POS01000820250819,PORT010,INS0036,2025-08-19,1586,28.4487,45119.64,-863.38,GBP,MOCK_FEED
POS01000920250819,PORT010,INS0037,2025-08-19,1118,46.9369,52475.45,1234.99,GBP,MOCK_FEED
POS01001020250819,PORT010,INS0038,2025-08-19,3340,20.7869,69428.25,2109.59,GBP,MOCK_FEED
POS01000120250820,PORT010,INS0029,2025-08-20,4147,23.867,98976.45,2688.51,USD,MOCK_FEED
POS01000220250820,PORT010,INS0030,2025-08-20,4182,49.6712,207724.96,4541.61,USD,MOCK_FEED
POS01000320250820,PORT010,INS0031,2025-08-20,4175,43.75,182656.25,2468.9,INR,MOCK_FEED
POS01000420250820,PORT010,INS0032,2025-08-20,3926,67.8688,266452.91,7485.31,INR,MOCK_FEED
POS01000520250820,PORT010,INS0033,2025-08-20,3698,36.1508,133685.66,3926.2,USD,MOCK_FEED
POS01000620250820,PORT010,INS0034,2025-08-20,3349,51.1502,171302.02,-3777.04,EUR,MOCK_FEED
POS01000720250820,PORT010,INS0035,2025-08-20,4431,11.184,49556.3,558.27,EUR,MOCK_FEED
POS01000820250820,PORT010,INS0036,2025-08-20,3413,28.4721,97175.28,3688.95,GBP,MOCK_FEED
POS01000920250820,PORT010,INS0037,2025-08-20,456,46.6834,21287.63,157.02,USD,MOCK_FEED
POS01001020250820,PORT010,INS0038,2025-08-20,4122,20.7947,85715.75,1950.08,GBP,MOCK_FEED
POS01000120250821,PORT010,INS0029,2025-08-21,2527,24.1002,60901.21,-201.27,GBP,MOCK_FEED
POS01000220250821,PORT010,INS0030,2025-08-21,1964,49.6778,97567.2,655.99,USD,MOCK_FEED
POS01000320250821,PORT010,INS0031,2025-08-21,1889,43.5215,82212.11,1922.36,GBP,MOCK_FEED
POS01000420250821,PORT010,INS0032,2025-08-21,444,66.9825,29740.23,304.88,INR,MOCK_FEED
POS01000520250821,PORT010,INS0033,2025-08-21,4454,37.1497,165464.76,771.95,GBP,MOCK_FEED
POS01000620250821,PORT010,INS0034,2025-08-21,3157,51.4617,162464.59,-1200.06,USD,MOCK_FEED
POS01000720250821,PORT010,INS0035,2025-08-21,4275,11.134,47597.85,-1063.96,GBP,MOCK_FEED
POS01000820250821,PORT010,INS0036,2025-08-21,4275,28.5471,122038.85,-764.98,USD,MOCK_FEED
POS01000920250821,PORT010,INS0037,2025-08-21,3069,46.2907,142066.16,-799.3,INR,MOCK_FEED
POS01001020250821,PORT010,INS0038,2025-08-21,3706,20.429,75709.87,-1898.4,INR,MOCK_FEED
POS01000120250822,PORT010,INS0029,2025-08-22,551,23.6114,13009.88,123.16,INR,MOCK_FEED
POS01000220250822,PORT010,INS0030,2025-08-22,2290,49.3642,113044.02,-1400.69,GBP,MOCK_FEED
POS01000320250822,PORT010,INS0031,2025-08-22,2988,43.8177,130927.29,-3241.51,INR,MOCK_FEED
POS01000420250822,PORT010,INS0032,2025-08-22,2205,67.1411,148046.13,4480.22,EUR,MOCK_FEED
POS01000520250822,PORT010,INS0033,2025-08-22,3281,37.4047,122724.82,2504.77,GBP,MOCK_FEED
POS01000620250822,PORT010,INS0034,2025-08-22,3677,51.0086,187558.62,-2252.87,USD,MOCK_FEED
POS01000720250822,PORT010,INS0035,2025-08-22,1239,11.1212,13779.17,32.34,INR,MOCK_FEED
POS01000820250822,PORT010,INS0036,2025-08-22,240,28.361,6806.64,-31.41,USD,MOCK_FEED
POS01000920250822,PORT010,INS0037,2025-08-22,3715,46.8029,173872.77,2211.28,GBP,MOCK_FEED
POS01001020250822,PORT010,INS0038,2025-08-22,4714,20.9639,98823.82,3425.24,USD,MOCK_FEED
POS01000120250823,PORT010,INS0029,2025-08-23,4349,23.1548,100700.23,3898.97,EUR,MOCK_FEED
POS01000220250823,PORT010,INS0030,2025-08-23,3749,49.7707,186590.35,-688.32,INR,MOCK_FEED
POS01000320250823,PORT010,INS0031,2025-08-23,3217,43.1418,138787.17,-3656.5,USD,MOCK_FEED
POS01000420250823,PORT010,INS0032,2025-08-23,1613,66.4643,107206.92,3445.03,GBP,MOCK_FEED
POS01000520250823,PORT010,INS0033,2025-08-23,1448,37.3655,54105.24,-22.83,INR,MOCK_FEED
POS01000620250823,PORT010,INS0034,2025-08-23,4952,51.2361,253721.17,-3549.46,EUR,MOCK_FEED
POS01000720250823,PORT010,INS0035,2025-08-23,3164,11.2188,35496.28,-476.85,GBP,MOCK_FEED
POS01000820250823,PORT010,INS0036,2025-08-23,4859,28.4769,138369.26,5004.82,INR,MOCK_FEED
POS01000920250823,PORT010,INS0037,2025-08-23,811,47.3093,38367.84,-162.85,EUR,MOCK_FEED
POS01001020250823,PORT010,INS0038,2025-08-23,1715,21.0261,36059.76,502.18,USD,MOCK_FEED
POS01000120250824,PORT010,INS0029,2025-08-24,874,23.1985,20275.49,-578.46,INR,MOCK_FEED
POS01000220250824,PORT010,INS0030,2025-08-24,3153,49.7937,156999.54,-1734.87,USD,MOCK_FEED
POS01000320250824,PORT010,INS0031,2025-08-24,3288,43.3131,142413.47,1156.51,GBP,MOCK_FEED
POS01000420250824,PORT010,INS0032,2025-08-24,4929,67.317,331805.49,9846.77,USD,MOCK_FEED
POS01000520250824,PORT010,INS0033,2025-08-24,3438,37.3524,128417.55,-1276.52,INR,MOCK_FEED
POS01000620250824,PORT010,INS0034,2025-08-24,2871,51.5081,147879.76,-3675.51,GBP,MOCK_FEED
POS01000720250824,PORT010,INS0035,2025-08-24,2119,11.0867,23492.72,234.5,INR,MOCK_FEED
POS01000820250824,PORT010,INS0036,2025-08-24,4339,28.0777,121829.14,-2206.26,GBP,MOCK_FEED
POS01000920250824,PORT010,INS0037,2025-08-24,2852,47.4938,135452.32,-3930.22,INR,MOCK_FEED
POS01001020250824,PORT010,INS0038,2025-08-24,465,21.1039,9813.31,16.04,INR,MOCK_FEED
POS01000120250825,PORT010,INS0029,2025-08-25,4594,23.9726,110130.12,4358.94,GBP,MOCK_FEED
POS01000220250825,PORT010,INS0030,2025-08-25,2953,49.8415,147181.95,4264.76,GBP,MOCK_FEED
POS01000320250825,PORT010,INS0031,2025-08-25,4434,43.4486,192651.09,-3538.13,INR,MOCK_FEED
POS01000420250825,PORT010,INS0032,2025-08-25,3992,67.7842,270594.53,8151.37,USD,MOCK_FEED
POS01000520250825,PORT010,INS0033,2025-08-25,3503,38.6794,135493.94,-3032.45,GBP,MOCK_FEED
POS01000620250825,PORT010,INS0034,2025-08-25,3960,49.464,195877.44,4926.1,GBP,MOCK_FEED
POS01000720250825,PORT010,INS0035,2025-08-25,4815,11.3806,54797.59,-1405.71,EUR,MOCK_FEED
POS01000820250825,PORT010,INS0036,2025-08-25,1470,28.5084,41907.35,1075.44,EUR,MOCK_FEED
POS01000920250825,PORT010,INS0037,2025-08-25,4929,46.9951,231638.85,4785.28,GBP,MOCK_FEED
POS01001020250825,PORT010,INS0038,2025-08-25,1093,20.7578,22688.28,-2.81,USD,MOCK_FEED
POS01000120250826,PORT010,INS0029,2025-08-26,3847,23.9513,92140.65,2153.45,GBP,MOCK_FEED
POS01000220250826,PORT010,INS0030,2025-08-26,2361,49.772,117511.69,2682.14,INR,MOCK_FEED
POS01000320250826,PORT010,INS0031,2025-08-26,3212,43.1616,138635.06,1308.98,GBP,MOCK_FEED
POS01000420250826,PORT010,INS0032,2025-08-26,4832,68.1667,329381.49,-5686.31,USD,MOCK_FEED
POS01000520250826,PORT010,INS0033,2025-08-26,4938,38.6818,191010.73,6515.61,INR,MOCK_FEED
POS01000620250826,PORT010,INS0034,2025-08-26,3919,49.201,192818.72,2167.13,INR,MOCK_FEED
POS01000720250826,PORT010,INS0035,2025-08-26,1025,11.4839,11771.0,-89.16,EUR,MOCK_FEED
POS01000820250826,PORT010,INS0036,2025-08-26,2420,28.935,70022.7,2219.94,USD,MOCK_FEED
POS01000920250826,PORT010,INS0037,2025-08-26,1179,46.4709,54789.19,-290.54,GBP,MOCK_FEED
POS01001020250826,PORT010,INS0038,2025-08-26,3746,21.0645,78907.62,-262.16,GBP,MOCK_FEED
POS01000120250827,PORT010,INS0029,2025-08-27,3149,23.9842,75526.25,-246.98,EUR,MOCK_FEED
POS01000220250827,PORT010,INS0030,2025-08-27,2018,49.186,99257.35,971.21,GBP,MOCK_FEED
POS01000320250827,PORT010,INS0031,2025-08-27,2228,43.7479,97470.32,797.61,EUR,MOCK_FEED
POS01000420250827,PORT010,INS0032,2025-08-27,4799,67.6504,324654.27,8539.68,USD,MOCK_FEED
POS01000520250827,PORT010,INS0033,2025-08-27,2287,38.8273,88798.04,60.13,GBP,MOCK_FEED
POS01000620250827,PORT010,INS0034,2025-08-27,4116,49.8033,204990.38,4307.96,USD,MOCK_FEED
POS01000720250827,PORT010,INS0035,2025-08-27,349,11.4997,4013.4,44.44,INR,MOCK_FEED
POS01000820250827,PORT010,INS0036,2025-08-27,4833,29.068,140485.64,-2936.92,EUR,MOCK_FEED
POS01000920250827,PORT010,INS0037,2025-08-27,4703,46.5593,218968.39,3670.37,GBP,MOCK_FEED
POS01001020250827,PORT010,INS0038,2025-08-27,4012,21.3061,85480.07,629.0,INR,MOCK_FEED
POS01000120250828,PORT010,INS0029,2025-08-28,4633,23.5179,108958.43,-1906.97,GBP,MOCK_FEED
POS01000220250828,PORT010,INS0030,2025-08-28,2943,50.4369,148435.8,782.99,EUR,MOCK_FEED
POS01000320250828,PORT010,INS0031,2025-08-28,2445,43.6473,106717.65,-670.15,USD,MOCK_FEED
POS01000420250828,PORT010,INS0032,2025-08-28,300,68.0205,20406.15,-312.98,INR,MOCK_FEED
POS01000520250828,PORT010,INS0033,2025-08-28,4919,38.9785,191735.24,-3530.42,GBP,MOCK_FEED
POS01000620250828,PORT010,INS0034,2025-08-28,4794,49.2801,236248.8,-5619.98,INR,MOCK_FEED
POS01000720250828,PORT010,INS0035,2025-08-28,1715,11.4159,19578.27,266.99,EUR,MOCK_FEED
POS01000820250828,PORT010,INS0036,2025-08-28,1380,28.8336,39790.37,295.96,GBP,MOCK_FEED
POS01000920250828,PORT010,INS0037,2025-08-28,759,47.0779,35732.13,1188.51,EUR,MOCK_FEED
POS01001020250828,PORT010,INS0038,2025-08-28,1020,21.524,21954.48,379.26,USD,MOCK_FEED
POS01000120250829,PORT010,INS0029,2025-08-29,4941,23.0494,113887.09,361.57,USD,MOCK_FEED
POS01000220250829,PORT010,INS0030,2025-08-29,316,51.0319,16126.08,574.89,USD,MOCK_FEED
POS01000320250829,PORT010,INS0031,2025-08-29,3417,43.4647,148518.88,1261.67,EUR,MOCK_FEED
POS01000420250829,PORT010,INS0032,2025-08-29,1531,67.8278,103844.36,-610.01,USD,MOCK_FEED
POS01000520250829,PORT010,INS0033,2025-08-29,2832,38.3769,108683.38,-2280.77,EUR,MOCK_FEED
POS01000620250829,PORT010,INS0034,2025-08-29,2559,50.0308,128028.82,1777.66,INR,MOCK_FEED
POS01000720250829,PORT010,INS0035,2025-08-29,3099,11.3188,35076.96,-858.19,GBP,MOCK_FEED
POS01000820250829,PORT010,INS0036,2025-08-29,3012,28.7177,86497.71,2762.79,INR,MOCK_FEED
POS01000920250829,PORT010,INS0037,2025-08-29,4816,46.9269,225999.95,7419.66,USD,MOCK_FEED
POS01001020250829,PORT010,INS0038,2025-08-29,629,20.8729,13129.05,59.54,USD,MOCK_FEED
POS01000120250830,PORT010,INS0029,2025-08-30,3786,23.5677,89227.31,1855.53,INR,MOCK_FEED
POS01000220250830,PORT010,INS0030,2025-08-30,2377,51.68,122843.36,-3666.72,INR,MOCK_FEED
POS01000320250830,PORT010,INS0031,2025-08-30,4985,44.025,219464.62,-3056.03,GBP,MOCK_FEED
POS01000420250830,PORT010,INS0032,2025-08-30,651,68.9268,44871.35,-77.68,GBP,MOCK_FEED
POS01000520250830,PORT010,INS0033,2025-08-30,3412,38.196,130324.75,2653.24,USD,MOCK_FEED
POS01000620250830,PORT010,INS0034,2025-08-30,2433,49.5933,120660.5,-2365.84,EUR,MOCK_FEED
POS01000720250830,PORT010,INS0035,2025-08-30,4280,11.1779,47841.41,-544.2,USD,MOCK_FEED
POS01000820250830,PORT010,INS0036,2025-08-30,2810,28.6153,80408.99,-473.13,GBP,MOCK_FEED
POS01000920250830,PORT010,INS0037,2025-08-30,127,47.5198,6035.01,-97.9,GBP,MOCK_FEED
POS01001020250830,PORT010,INS0038,2025-08-30,3558,20.8545,74200.31,2892.56,GBP,MOCK_FEED
POS01000120250831,PORT010,INS0029,2025-08-31,1884,24.0023,45220.33,337.71,GBP,MOCK_FEED
POS01000220250831,PORT010,INS0030,2025-08-31,1586,51.5951,81829.83,3234.45,EUR,MOCK_FEED
POS01000320250831,PORT010,INS0031,2025-08-31,3521,44.4151,156385.57,5004.32,GBP,MOCK_FEED
POS01000420250831,PORT010,INS0032,2025-08-31,3697,67.3562,249015.87,-3472.35,GBP,MOCK_FEED
POS01000520250831,PORT010,INS0033,2025-08-31,4884,38.3691,187394.68,6079.18,EUR,MOCK_FEED
POS01000620250831,PORT010,INS0034,2025-08-31,3485,49.857,173751.64,3579.8,USD,MOCK_FEED
POS01000720250831,PORT010,INS0035,2025-08-31,1575,11.3062,17807.26,-518.67,INR,MOCK_FEED
POS01000820250831,PORT010,INS0036,2025-08-31,2813,28.4492,80027.6,1012.26,USD,MOCK_FEED
POS01000920250831,PORT010,INS0037,2025-08-31,2997,48.5125,145391.96,-2258.23,INR,MOCK_FEED
POS01001020250831,PORT010,INS0038,2025-08-31,1816,20.6474,37495.68,398.05,EUR,MOCK_FEED
POS01000120250901,PORT010,INS0029,2025-09-01,2092,24.4149,51075.97,-34.89,USD,MOCK_FEED
POS01000220250901,PORT010,INS0030,2025-09-01,1245,51.4921,64107.66,2228.74,USD,MOCK_FEED
POS01000320250901,PORT010,INS0031,2025-09-01,2026,44.0803,89306.69,-1506.16,USD,MOCK_FEED
POS01000420250901,PORT010,INS0032,2025-09-01,3319,66.1614,219589.69,-3009.16,USD,MOCK_FEED
POS01000520250901,PORT010,INS0033,2025-09-01,3422,38.091,130347.4,2763.55,GBP,MOCK_FEED
POS01000620250901,PORT010,INS0034,2025-09-01,561,48.6151,27273.07,-263.82,INR,MOCK_FEED
POS01000720250901,PORT010,INS0035,2025-09-01,4546,11.0586,50272.4,-659.18,USD,MOCK_FEED
POS01000820250901,PORT010,INS0036,2025-09-01,2474,28.5155,70547.35,95.2,INR,MOCK_FEED
POS01000920250901,PORT010,INS0037,2025-09-01,2407,48.2107,116043.15,2523.66,GBP,MOCK_FEED
POS01001020250901,PORT010,INS0038,2025-09-01,138,20.9334,2888.81,41.99,EUR,MOCK_FEED
POS01000120250902,PORT010,INS0029,2025-09-02,4590,24.4331,112147.93,1272.41,EUR,MOCK_FEED
POS01000220250902,PORT010,INS0030,2025-09-02,838,50.6764,42466.82,190.32,EUR,MOCK_FEED
POS01000320250902,PORT010,INS0031,2025-09-02,4189,43.8844,183831.75,5272.23,EUR,MOCK_FEED
POS01000420250902,PORT010,INS0032,2025-09-02,4989,67.08,334662.12,-8854.57,INR,MOCK_FEED
POS01000520250902,PORT010,INS0033,2025-09-02,3252,36.9276,120088.56,-1710.29,GBP,MOCK_FEED
POS01000620250902,PORT010,INS0034,2025-09-02,3007,48.5968,146130.58,-3582.08,INR,MOCK_FEED
POS01000720250902,PORT010,INS0035,2025-09-02,1229,10.9861,13501.92,-154.68,USD,MOCK_FEED
POS01000820250902,PORT010,INS0036,2025-09-02,830,28.3337,23516.97,-145.72,USD,MOCK_FEED
POS01000920250902,PORT010,INS0037,2025-09-02,4234,48.6295,205897.3,3090.15,USD,MOCK_FEED
POS01001020250902,PORT010,INS0038,2025-09-02,2839,21.0735,59827.67,1241.3,USD,MOCK_FEED
POS01000120250903,PORT010,INS0029,2025-09-03,4252,23.9725,101931.07,-2128.52,USD,MOCK_FEED
POS01000220250903,PORT010,INS0030,2025-09-03,2750,50.1866,138013.15,-3567.59,INR,MOCK_FEED
POS01000320250903,PORT010,INS0031,2025-09-03,3328,44.6473,148586.21,-326.71,EUR,MOCK_FEED
POS01000420250903,PORT010,INS0032,2025-09-03,659,67.0722,44200.58,1640.84,GBP,MOCK_FEED
POS01000520250903,PORT010,INS0033,2025-09-03,1079,36.4283,39306.14,-904.0,INR,MOCK_FEED
POS01000620250903,PORT010,INS0034,2025-09-03,428,49.9076,21360.45,-622.02,GBP,MOCK_FEED
POS01000720250903,PORT010,INS0035,2025-09-03,4612,11.0339,50888.35,-834.91,USD,MOCK_FEED
POS01000820250903,PORT010,INS0036,2025-09-03,518,28.5018,14763.93,-74.32,EUR,MOCK_FEED
POS01000920250903,PORT010,INS0037,2025-09-03,2290,48.411,110861.19,2511.69,GBP,MOCK_FEED
POS01001020250903,PORT010,INS0038,2025-09-03,427,20.7334,8853.16,-87.65,USD,MOCK_FEED
POS01000120250904,PORT010,INS0029,2025-09-04,213,24.3388,5184.16,-77.95,GBP,MOCK_FEED
POS01000220250904,PORT010,INS0030,2025-09-04,1120,49.8141,55791.79,-1038.31,GBP,MOCK_FEED
POS01000320250904,PORT010,INS0031,2025-09-04,4959,44.8794,222556.94,387.44,EUR,MOCK_FEED
POS01000420250904,PORT010,INS0032,2025-09-04,1865,66.8141,124608.3,-3255.67,USD,MOCK_FEED
POS01000520250904,PORT010,INS0033,2025-09-04,923,37.0821,34226.78,1316.64,USD,MOCK_FEED
POS01000620250904,PORT010,INS0034,2025-09-04,3250,49.9405,162306.62,4415.91,EUR,MOCK_FEED
POS01000720250904,PORT010,INS0035,2025-09-04,4855,11.1093,53935.65,-366.78,EUR,MOCK_FEED
POS01000820250904,PORT010,INS0036,2025-09-04,2726,28.9908,79028.92,2706.48,EUR,MOCK_FEED
POS01000920250904,PORT010,INS0037,2025-09-04,2237,49.1568,109963.76,887.46,GBP,MOCK_FEED
POS01001020250904,PORT010,INS0038,2025-09-04,4876,20.6682,100778.14,-1346.2,INR,MOCK_FEED
POS01000120250905,PORT010,INS0029,2025-09-05,1630,24.8547,40513.16,839.94,USD,MOCK_FEED
POS01000220250905,PORT010,INS0030,2025-09-05,4187,49.807,208541.91,-5810.01,USD,MOCK_FEED
POS01000320250905,PORT010,INS0031,2025-09-05,3859,44.9577,173491.76,4079.23,INR,MOCK_FEED
POS01000420250905,PORT010,INS0032,2025-09-05,4662,66.489,309971.72,61.34,USD,MOCK_FEED
POS01000520250905,PORT010,INS0033,2025-09-05,2604,36.8561,95973.28,3575.41,INR,MOCK_FEED
POS01000620250905,PORT010,INS0034,2025-09-05,3181,50.2416,159818.53,703.63,INR,MOCK_FEED
POS01000720250905,PORT010,INS0035,2025-09-05,1148,11.2105,12869.65,251.94,INR,MOCK_FEED
POS01000820250905,PORT010,INS0036,2025-09-05,3390,29.4723,99911.1,2088.91,GBP,MOCK_FEED
POS01000920250905,PORT010,INS0037,2025-09-05,718,48.5304,34844.83,223.09,GBP,MOCK_FEED
POS01001020250905,PORT010,INS0038,2025-09-05,1923,20.5807,39576.69,559.8,USD,MOCK_FEED
POS01000120250906,PORT010,INS0029,2025-09-06,4188,25.2492,105743.65,1854.92,EUR,MOCK_FEED
POS01000220250906,PORT010,INS0030,2025-09-06,507,49.6383,25166.62,-636.25,USD,MOCK_FEED
POS01000320250906,PORT010,INS0031,2025-09-06,2908,45.2068,131461.37,190.43,EUR,MOCK_FEED
POS01000420250906,PORT010,INS0032,2025-09-06,1600,67.5418,108066.88,-840.55,USD,MOCK_FEED
POS01000520250906,PORT010,INS0033,2025-09-06,378,36.6095,13838.39,277.17,EUR,MOCK_FEED
POS01000620250906,PORT010,INS0034,2025-09-06,4796,51.3435,246243.43,-3893.04,INR,MOCK_FEED
POS01000720250906,PORT010,INS0035,2025-09-06,1088,11.3592,12358.81,-369.33,INR,MOCK_FEED
POS01000820250906,PORT010,INS0036,2025-09-06,534,29.0846,15531.18,119.2,INR,MOCK_FEED
POS01000920250906,PORT010,INS0037,2025-09-06,1240,48.4631,60094.24,1531.46,USD,MOCK_FEED
POS01001020250906,PORT010,INS0038,2025-09-06,3297,20.6982,68241.97,282.58,USD,MOCK_FEED
POS01000120250907,PORT010,INS0029,2025-09-07,1616,25.4248,41086.48,-951.4,INR,MOCK_FEED
POS01000220250907,PORT010,INS0030,2025-09-07,901,49.1874,44317.85,-578.77,USD,MOCK_FEED
POS01000320250907,PORT010,INS0031,2025-09-07,260,44.5823,11591.4,-248.73,USD,MOCK_FEED
POS01000420250907,PORT010,INS0032,2025-09-07,4261,67.1903,286297.87,4749.34,GBP,MOCK_FEED
POS01000520250907,PORT010,INS0033,2025-09-07,3512,36.5185,128252.97,-23.37,USD,MOCK_FEED
POS01000620250907,PORT010,INS0034,2025-09-07,1738,51.2744,89114.91,-1376.59,USD,MOCK_FEED
POS01000720250907,PORT010,INS0035,2025-09-07,1926,11.5137,22175.39,775.35,USD,MOCK_FEED
POS01000820250907,PORT010,INS0036,2025-09-07,1918,29.0407,55700.06,-818.52,USD,MOCK_FEED
POS01000920250907,PORT010,INS0037,2025-09-07,3650,47.8547,174669.65,2040.79,INR,MOCK_FEED
POS01001020250907,PORT010,INS0038,2025-09-07,2490,20.5854,51257.65,-2.72,INR,MOCK_FEED
POS01000120250908,PORT010,INS0029,2025-09-08,4844,25.199,122063.96,-3087.05,INR,MOCK_FEED
POS01000220250908,PORT010,INS0030,2025-09-08,2848,48.8613,139156.98,3745.41,GBP,MOCK_FEED
POS01000320250908,PORT010,INS0031,2025-09-08,889,43.6783,38830.01,1515.37,GBP,MOCK_FEED
POS01000420250908,PORT010,INS0032,2025-09-08,4134,66.6781,275647.27,206.72,INR,MOCK_FEED
POS01000520250908,PORT010,INS0033,2025-09-08,726,36.1262,26227.62,-244.6,EUR,MOCK_FEED
POS01000620250908,PORT010,INS0034,2025-09-08,799,51.438,41098.96,766.71,USD,MOCK_FEED
POS01000720250908,PORT010,INS0035,2025-09-08,2060,11.4523,23591.74,190.14,GBP,MOCK_FEED
POS01000820250908,PORT010,INS0036,2025-09-08,3057,28.8464,88183.44,-369.32,EUR,MOCK_FEED
POS01000920250908,PORT010,INS0037,2025-09-08,865,47.8079,41353.83,-580.72,GBP,MOCK_FEED
POS01001020250908,PORT010,INS0038,2025-09-08,2147,20.5732,44170.66,518.27,USD,MOCK_FEED
POS01000120250909,PORT010,INS0029,2025-09-09,2972,25.272,75108.38,-1447.66,USD,MOCK_FEED
POS01000220250909,PORT010,INS0030,2025-09-09,4442,48.6087,215919.85,3829.09,USD,MOCK_FEED
POS01000320250909,PORT010,INS0031,2025-09-09,4827,44.0541,212649.14,190.03,USD,MOCK_FEED
POS01000420250909,PORT010,INS0032,2025-09-09,3384,66.2824,224299.64,-429.35,GBP,MOCK_FEED
POS01000520250909,PORT010,INS0033,2025-09-09,2314,36.1301,83605.05,-1715.65,USD,MOCK_FEED
POS01000620250909,PORT010,INS0034,2025-09-09,2657,51.6267,137172.14,4969.83,GBP,MOCK_FEED
POS01000720250909,PORT010,INS0035,2025-09-09,4105,11.5527,47423.83,898.28,USD,MOCK_FEED
POS01000820250909,PORT010,INS0036,2025-09-09,3937,28.9772,114083.24,586.08,EUR,MOCK_FEED
POS01000920250909,PORT010,INS0037,2025-09-09,4410,48.1631,212399.27,8036.69,GBP,MOCK_FEED
POS01001020250909,PORT010,INS0038,2025-09-09,1971,20.8016,40999.95,30.17,INR,MOCK_FEED
POS01000120250910,PORT010,INS0029,2025-09-10,1716,25.1773,43204.25,9.71,EUR,MOCK_FEED
POS01000220250910,PORT010,INS0030,2025-09-10,4309,48.1622,207530.92,-3156.17,EUR,MOCK_FEED
POS01000320250910,PORT010,INS0031,2025-09-10,180,43.848,7892.64,-128.21,INR,MOCK_FEED
POS01000420250910,PORT010,INS0032,2025-09-10,4639,65.1462,302213.22,8815.77,GBP,MOCK_FEED
POS01000520250910,PORT010,INS0033,2025-09-10,1786,35.6573,63683.94,363.77,USD,MOCK_FEED
POS01000620250910,PORT010,INS0034,2025-09-10,3116,51.9123,161758.73,3878.58,USD,MOCK_FEED
POS01000720250910,PORT010,INS0035,2025-09-10,873,11.482,10023.79,291.99,INR,MOCK_FEED
POS01000820250910,PORT010,INS0036,2025-09-10,4227,28.8962,122144.24,-882.72,GBP,MOCK_FEED
POS01000920250910,PORT010,INS0037,2025-09-10,1836,48.5533,89143.86,-713.33,EUR,MOCK_FEED
POS01001020250910,PORT010,INS0038,2025-09-10,1047,20.8946,21876.65,181.03,EUR,MOCK_FEED
POS01000120250911,PORT010,INS0029,2025-09-11,3448,25.2207,86960.97,2005.11,USD,MOCK_FEED
POS01000220250911,PORT010,INS0030,2025-09-11,3668,47.5533,174425.5,5314.32,EUR,MOCK_FEED
POS01000320250911,PORT010,INS0031,2025-09-11,708,44.5953,31573.47,-477.62,USD,MOCK_FEED
POS01000420250911,PORT010,INS0032,2025-09-11,485,66.3851,32196.77,986.45,USD,MOCK_FEED
POS01000520250911,PORT010,INS0033,2025-09-11,2199,35.1431,77279.68,-1616.91,USD,MOCK_FEED
POS01000620250911,PORT010,INS0034,2025-09-11,3943,51.617,203525.83,-4200.31,GBP,MOCK_FEED
POS01000720250911,PORT010,INS0035,2025-09-11,3790,11.4266,43306.81,-274.73,EUR,MOCK_FEED
POS01000820250911,PORT010,INS0036,2025-09-11,2063,28.5405,58879.05,-516.94,GBP,MOCK_FEED
POS01000920250911,PORT010,INS0037,2025-09-11,2284,48.8602,111596.7,-2397.18,GBP,MOCK_FEED
POS01001020250911,PORT010,INS0038,2025-09-11,2225,20.8256,46336.96,1559.79,GBP,MOCK_FEED
POS01000120250912,PORT010,INS0029,2025-09-12,3833,25.5834,98061.17,85.39,USD,MOCK_FEED
POS01000220250912,PORT010,INS0030,2025-09-12,2641,48.989,129379.95,-2217.42,INR,MOCK_FEED
POS01000320250912,PORT010,INS0031,2025-09-12,3037,46.0444,139836.84,3462.98,USD,MOCK_FEED
POS01000420250912,PORT010,INS0032,2025-09-12,1492,65.7741,98134.96,435.93,INR,MOCK_FEED
POS01000520250912,PORT010,INS0033,2025-09-12,3408,35.5124,121026.26,-1015.32,INR,MOCK_FEED
POS01000620250912,PORT010,INS0034,2025-09-12,4914,52.0326,255688.2,3989.66,INR,MOCK_FEED
POS01000720250912,PORT010,INS0035,2025-09-12,1206,11.1646,13464.51,-387.36,EUR,MOCK_FEED
POS01000820250912,PORT010,INS0036,2025-09-12,2691,28.6075,76982.78,-1253.59,EUR,MOCK_FEED
POS01000920250912,PORT010,INS0037,2025-09-12,3982,49.2753,196214.24,3901.61,INR,MOCK_FEED
POS01001020250912,PORT010,INS0038,2025-09-12,3670,21.0638,77304.15,-2179.16,INR,MOCK_FEED
POS01000120250913,PORT010,INS0029,2025-09-13,4400,25.8631,113797.64,-2485.59,EUR,MOCK_FEED
POS01000220250913,PORT010,INS0030,2025-09-13,3074,48.2451,148305.44,-3087.34,GBP,MOCK_FEED
POS01000320250913,PORT010,INS0031,2025-09-13,2796,45.4992,127215.76,1723.34,EUR,MOCK_FEED
POS01000420250913,PORT010,INS0032,2025-09-13,1936,66.1376,128042.39,-2938.98,USD,MOCK_FEED
POS01000520250913,PORT010,INS0033,2025-09-13,3156,35.8383,113105.67,-847.08,EUR,MOCK_FEED
POS01000620250913,PORT010,INS0034,2025-09-13,2447,51.7085,126530.7,-3063.03,EUR,MOCK_FEED
POS01000720250913,PORT010,INS0035,2025-09-13,2478,11.1541,27639.86,165.4,GBP,MOCK_FEED
POS01000820250913,PORT010,INS0036,2025-09-13,3885,28.1751,109460.26,-2224.52,INR,MOCK_FEED
POS01000920250913,PORT010,INS0037,2025-09-13,4438,48.7076,216164.33,5781.38,INR,MOCK_FEED
POS01001020250913,PORT010,INS0038,2025-09-13,473,21.575,10204.98,170.86,USD,MOCK_FEED
POS01000120250914,PORT010,INS0029,2025-09-14,968,24.9351,24137.18,-276.33,EUR,MOCK_FEED
POS01000220250914,PORT010,INS0030,2025-09-14,1769,48.9808,86647.04,2762.08,GBP,MOCK_FEED
POS01000320250914,PORT010,INS0031,2025-09-14,4453,46.5255,207178.05,4605.23,INR,MOCK_FEED
POS01000420250914,PORT010,INS0032,2025-09-14,3408,66.4257,226378.79,135.15,USD,MOCK_FEED
POS01000520250914,PORT010,INS0033,2025-09-14,4876,35.7042,174093.68,1143.26,EUR,MOCK_FEED
POS01000620250914,PORT010,INS0034,2025-09-14,1815,52.1058,94572.03,-354.79,EUR,MOCK_FEED
POS01000720250914,PORT010,INS0035,2025-09-14,2778,11.2345,31209.44,881.95,INR,MOCK_FEED
POS01000820250914,PORT010,INS0036,2025-09-14,1517,28.1777,42745.57,-997.63,GBP,MOCK_FEED
POS01000920250914,PORT010,INS0037,2025-09-14,621,48.9896,30422.54,-831.21,USD,MOCK_FEED
POS01001020250914,PORT010,INS0038,2025-09-14,3379,21.6301,73088.11,-1177.04,INR,MOCK_FEED
POS01000120250915,PORT010,INS0029,2025-09-15,299,24.815,7419.69,128.96,GBP,MOCK_FEED
POS01000220250915,PORT010,INS0030,2025-09-15,592,48.3679,28633.8,-36.01,INR,MOCK_FEED
POS01000320250915,PORT010,INS0031,2025-09-15,2367,46.5131,110096.51,2238.82,USD,MOCK_FEED
POS01000420250915,PORT010,INS0032,2025-09-15,4871,65.4655,318882.45,5912.2,INR,MOCK_FEED
POS01000520250915,PORT010,INS0033,2025-09-15,1236,35.3615,43706.81,186.71,USD,MOCK_FEED
POS01000620250915,PORT010,INS0034,2025-09-15,1192,51.4436,61320.77,778.44,EUR,MOCK_FEED
POS01000720250915,PORT010,INS0035,2025-09-15,3744,11.4445,42848.21,239.56,GBP,MOCK_FEED
POS01000820250915,PORT010,INS0036,2025-09-15,4661,27.6792,129012.75,-2650.0,EUR,MOCK_FEED
POS01000920250915,PORT010,INS0037,2025-09-15,2704,48.8885,132194.5,2804.33,GBP,MOCK_FEED
POS01001020250915,PORT010,INS0038,2025-09-15,3206,21.6263,69333.92,284.18,EUR,MOCK_FEED
POS01000120250916,PORT010,INS0029,2025-09-16,3827,24.791,94875.16,189.86,INR,MOCK_FEED
POS01000220250916,PORT010,INS0030,2025-09-16,4009,48.9725,196330.75,343.67,USD,MOCK_FEED
POS01000320250916,PORT010,INS0031,2025-09-16,3207,45.6805,146497.36,1614.46,USD,MOCK_FEED
POS01000420250916,PORT010,INS0032,2025-09-16,4609,65.7183,302895.64,1725.24,GBP,MOCK_FEED
POS01000520250916,PORT010,INS0033,2025-09-16,1382,35.4646,49012.08,398.99,USD,MOCK_FEED
POS01000620250916,PORT010,INS0034,2025-09-16,1930,52.1283,100607.62,480.78,GBP,MOCK_FEED
POS01000720250916,PORT010,INS0035,2025-09-16,4585,11.3927,52235.53,-431.11,INR,MOCK_FEED
POS01000820250916,PORT010,INS0036,2025-09-16,553,27.7692,15356.37,398.13,GBP,MOCK_FEED
POS01000920250916,PORT010,INS0037,2025-09-16,4031,48.2116,194340.96,3416.92,EUR,MOCK_FEED
POS01001020250916,PORT010,INS0038,2025-09-16,3171,21.8185,69186.46,802.91,USD,MOCK_FEED
POS01000120250917,PORT010,INS0029,2025-09-17,1665,24.8092,41307.32,634.31,GBP,MOCK_FEED
POS01000220250917,PORT010,INS0030,2025-09-17,4891,49.7892,243518.98,7721.06,INR,MOCK_FEED
POS01000320250917,PORT010,INS0031,2025-09-17,2441,45.2759,110518.47,1265.01,INR,MOCK_FEED
POS01000420250917,PORT010,INS0032,2025-09-17,2423,66.8877,162068.9,-4714.01,EUR,MOCK_FEED
POS01000520250917,PORT010,INS0033,2025-09-17,2376,34.9049,82934.04,1145.46,INR,MOCK_FEED
POS01000620250917,PORT010,INS0034,2025-09-17,2092,52.669,110183.55,2121.93,INR,MOCK_FEED
POS01000720250917,PORT010,INS0035,2025-09-17,374,11.4056,4265.69,95.52,GBP,MOCK_FEED
POS01000820250917,PORT010,INS0036,2025-09-17,623,27.6693,17237.97,-287.03,GBP,MOCK_FEED
POS01000920250917,PORT010,INS0037,2025-09-17,3691,48.3306,178388.24,-4580.56,GBP,MOCK_FEED
POS01001020250917,PORT010,INS0038,2025-09-17,2247,21.888,49182.34,-410.53,INR,MOCK_FEED
POS01000120250918,PORT010,INS0029,2025-09-18,4277,24.5042,104804.46,3980.12,USD,MOCK_FEED
POS01000220250918,PORT010,INS0030,2025-09-18,402,50.2891,20216.22,-104.94,USD,MOCK_FEED
POS01000320250918,PORT010,INS0031,2025-09-18,2904,44.8586,130269.37,-980.24,USD,MOCK_FEED
POS01000420250918,PORT010,INS0032,2025-09-18,2388,66.1039,157856.11,-595.8,USD,MOCK_FEED
POS01000520250918,PORT010,INS0033,2025-09-18,4866,34.3493,167143.69,4806.89,USD,MOCK_FEED
POS01000620250918,PORT010,INS0034,2025-09-18,3401,51.9235,176591.82,-4158.54,INR,MOCK_FEED
POS01000720250918,PORT010,INS0035,2025-09-18,2372,11.4225,27094.17,-25.38,USD,MOCK_FEED
POS01000820250918,PORT010,INS0036,2025-09-18,497,28.4431,14136.22,-85.25,GBP,MOCK_FEED
POS01000920250918,PORT010,INS0037,2025-09-18,4475,48.4116,216641.91,-5001.91,EUR,MOCK_FEED
POS01001020250918,PORT010,INS0038,2025-09-18,2522,21.7206,54779.35,586.16,GBP,MOCK_FEED
POS01000120250919,PORT010,INS0029,2025-09-19,4570,24.2939,111023.12,3316.27,EUR,MOCK_FEED
POS01000220250919,PORT010,INS0030,2025-09-19,4935,50.6115,249767.75,7725.39,GBP,MOCK_FEED
POS01000320250919,PORT010,INS0031,2025-09-19,2005,44.5476,89317.94,-1401.28,EUR,MOCK_FEED
POS01000420250919,PORT010,INS0032,2025-09-19,1234,65.0218,80236.9,2614.5,GBP,MOCK_FEED
POS01000520250919,PORT010,INS0033,2025-09-19,4795,33.7671,161913.24,-4840.14,INR,MOCK_FEED
POS01000620250919,PORT010,INS0034,2025-09-19,4345,54.0918,235028.87,-284.61,GBP,MOCK_FEED
POS01000720250919,PORT010,INS0035,2025-09-19,1021,11.3892,11628.37,-211.22,INR,MOCK_FEED
POS01000820250919,PORT010,INS0036,2025-09-19,4627,28.6208,132428.44,4827.82,EUR,MOCK_FEED
POS01000920250919,PORT010,INS0037,2025-09-19,4491,48.869,219470.68,-1729.45,GBP,MOCK_FEED
POS01001020250919,PORT010,INS0038,2025-09-19,2400,22.3791,53709.84,-496.6,INR,MOCK_FEED
POS01000120250920,PORT010,INS0029,2025-09-20,2221,24.1935,53733.76,1267.9,GBP,MOCK_FEED
POS01000220250920,PORT010,INS0030,2025-09-20,3408,51.0374,173935.46,-3579.44,INR,MOCK_FEED
POS01000320250920,PORT010,INS0031,2025-09-20,3597,44.797,161134.81,2210.14,INR,MOCK_FEED
POS01000420250920,PORT010,INS0032,2025-09-20,4645,65.3247,303433.23,9275.44,EUR,MOCK_FEED
POS01000520250920,PORT010,INS0033,2025-09-20,4548,33.8827,154098.52,-2510.35,GBP,MOCK_FEED
POS01000620250920,PORT010,INS0034,2025-09-20,3498,53.3803,186724.29,-2767.34,INR,MOCK_FEED
POS01000720250920,PORT010,INS0035,2025-09-20,1488,11.1341,16567.54,-217.92,EUR,MOCK_FEED
POS01000820250920,PORT010,INS0036,2025-09-20,2532,28.5252,72225.81,388.16,USD,MOCK_FEED
POS01000920250920,PORT010,INS0037,2025-09-20,678,48.4843,32872.36,20.6,INR,MOCK_FEED
POS01001020250920,PORT010,INS0038,2025-09-20,4517,22.3272,100851.96,-1174.94,INR,MOCK_FEED
POS01000120250921,PORT010,INS0029,2025-09-21,2365,24.3187,57513.73,763.97,EUR,MOCK_FEED
POS01000220250921,PORT010,INS0030,2025-09-21,2064,50.5765,104389.9,1905.25,USD,MOCK_FEED
POS01000320250921,PORT010,INS0031,2025-09-21,2929,44.1864,129421.97,474.37,GBP,MOCK_FEED
POS01000420250921,PORT010,INS0032,2025-09-21,2428,66.1442,160598.12,-3486.68,USD,MOCK_FEED
POS01000520250921,PORT010,INS0033,2025-09-21,2628,34.3692,90322.26,-1431.67,USD,MOCK_FEED
POS01000620250921,PORT010,INS0034,2025-09-21,1637,52.2693,85564.84,1262.85,USD,MOCK_FEED
POS01000720250921,PORT010,INS0035,2025-09-21,4506,11.0759,49908.01,-477.15,GBP,MOCK_FEED
POS01000820250921,PORT010,INS0036,2025-09-21,4112,29.2244,120170.73,4313.71,INR,MOCK_FEED
POS01000920250921,PORT010,INS0037,2025-09-21,2411,48.4284,116760.87,-2027.73,GBP,MOCK_FEED
POS01001020250921,PORT010,INS0038,2025-09-21,4108,22.6061,92865.86,-393.93,EUR,MOCK_FEED
POS01000120250922,PORT010,INS0029,2025-09-22,463,24.796,11480.55,-16.84,GBP,MOCK_FEED
POS01000220250922,PORT010,INS0030,2025-09-22,4263,49.9559,212962.0,5708.39,GBP,MOCK_FEED
POS01000320250922,PORT010,INS0031,2025-09-22,2210,44.3465,98005.76,3287.66,GBP,MOCK_FEED
POS01000420250922,PORT010,INS0032,2025-09-22,373,66.4448,24783.91,981.28,USD,MOCK_FEED
POS01000520250922,PORT010,INS0033,2025-09-22,314,34.3145,10774.75,326.69,EUR,MOCK_FEED
POS01000620250922,PORT010,INS0034,2025-09-22,2077,52.8177,109702.36,-1095.74,USD,MOCK_FEED
POS01000720250922,PORT010,INS0035,2025-09-22,1948,11.1777,21774.16,830.48,INR,MOCK_FEED
POS01000820250922,PORT010,INS0036,2025-09-22,1870,29.6927,55525.35,-1332.32,GBP,MOCK_FEED
POS01000920250922,PORT010,INS0037,2025-09-22,2282,48.3936,110434.2,3606.99,USD,MOCK_FEED
POS01001020250922,PORT010,INS0038,2025-09-22,1299,22.9579,29822.31,196.34,GBP,MOCK_FEED
POS01000120250923,PORT010,INS0029,2025-09-23,4184,24.8571,104002.11,889.55,EUR,MOCK_FEED
POS01000220250923,PORT010,INS0030,2025-09-23,4463,49.9646,222992.01,1074.74,EUR,MOCK_FEED
POS01000320250923,PORT010,INS0031,2025-09-23,4428,44.501,197050.43,-2094.33,GBP,MOCK_FEED
POS01000420250923,PORT010,INS0032,2025-09-23,4359,65.8648,287104.66,9671.53,GBP,MOCK_FEED
POS01000520250923,PORT010,INS0033,2025-09-23,3189,34.2706,109288.94,2850.5,EUR,MOCK_FEED
POS01000620250923,PORT010,INS0034,2025-09-23,2334,53.7882,125541.66,-1035.9,USD,MOCK_FEED
POS01000720250923,PORT010,INS0035,2025-09-23,677,11.3557,7687.81,247.49,USD,MOCK_FEED
POS01000820250923,PORT010,INS0036,2025-09-23,1441,29.3982,42362.81,-154.47,GBP,MOCK_FEED
POS01000920250923,PORT010,INS0037,2025-09-23,4531,48.0959,217922.52,5454.56,USD,MOCK_FEED
POS01001020250923,PORT010,INS0038,2025-09-23,3915,22.6789,88787.89,3501.38,GBP,MOCK_FEED
POS01000120250924,PORT010,INS0029,2025-09-24,2945,24.6835,72692.91,1627.04,EUR,MOCK_FEED
POS01000220250924,PORT010,INS0030,2025-09-24,872,49.9982,43598.43,1666.71,EUR,MOCK_FEED
POS01000320250924,PORT010,INS0031,2025-09-24,2176,44.1701,96114.14,1898.11,EUR,MOCK_FEED
POS01000420250924,PORT010,INS0032,2025-09-24,4488,66.2498,297329.1,-688.86,EUR,MOCK_FEED
POS01000520250924,PORT010,INS0033,2025-09-24,1433,34.8605,49955.1,-1079.68,EUR,MOCK_FEED
POS01000620250924,PORT010,INS0034,2025-09-24,4815,53.1782,256053.03,3535.62,GBP,MOCK_FEED
POS01000720250924,PORT010,INS0035,2025-09-24,2493,11.3178,28215.28,-333.08,INR,MOCK_FEED
POS01000820250924,PORT010,INS0036,2025-09-24,2738,29.3837,80452.57,1789.45,GBP,MOCK_FEED
POS01000920250924,PORT010,INS0037,2025-09-24,1457,47.8007,69645.62,1637.2,INR,MOCK_FEED
POS01001020250924,PORT010,INS0038,2025-09-24,426,22.7964,9711.27,252.4,USD,MOCK_FEED
POS01000120250925,PORT010,INS0029,2025-09-25,3150,23.9985,75595.27,126.41,EUR,MOCK_FEED
POS01000220250925,PORT010,INS0030,2025-09-25,466,50.1556,23372.51,58.08,USD,MOCK_FEED
POS01000320250925,PORT010,INS0031,2025-09-25,939,43.1999,40564.71,-691.32,INR,MOCK_FEED
POS01000420250925,PORT010,INS0032,2025-09-25,4041,66.6156,269193.64,-4312.51,INR,MOCK_FEED
POS01000520250925,PORT010,INS0033,2025-09-25,3070,34.5992,106219.54,1222.84,USD,MOCK_FEED
POS01000620250925,PORT010,INS0034,2025-09-25,434,52.8711,22946.06,18.02,INR,MOCK_FEED
POS01000720250925,PORT010,INS0035,2025-09-25,790,11.0373,8719.47,153.78,GBP,MOCK_FEED
POS01000820250925,PORT010,INS0036,2025-09-25,3596,29.3133,105410.63,-694.18,INR,MOCK_FEED
POS01000920250925,PORT010,INS0037,2025-09-25,492,48.1237,23676.86,123.13,INR,MOCK_FEED
POS01001020250925,PORT010,INS0038,2025-09-25,4407,22.359,98536.11,-99.18,USD,MOCK_FEED
POS01000120250926,PORT010,INS0029,2025-09-26,4305,23.7501,102244.18,2481.9,USD,MOCK_FEED
POS01000220250926,PORT010,INS0030,2025-09-26,1086,50.6387,54993.63,-358.73,EUR,MOCK_FEED
POS01000320250926,PORT010,INS0031,2025-09-26,1312,43.7154,57354.6,-71.07,INR,MOCK_FEED
POS01000420250926,PORT010,INS0032,2025-09-26,2388,65.6613,156799.18,-4199.05,INR,MOCK_FEED
POS01000520250926,PORT010,INS0033,2025-09-26,1085,34.5567,37494.02,1297.99,GBP,MOCK_FEED
POS01000620250926,PORT010,INS0034,2025-09-26,4002,53.1348,212645.47,6134.96,USD,MOCK_FEED
POS01000720250926,PORT010,INS0035,2025-09-26,2202,11.2485,24769.2,-295.37,USD,MOCK_FEED
POS01000820250926,PORT010,INS0036,2025-09-26,4604,29.408,135394.43,4538.91,EUR,MOCK_FEED
POS01000920250926,PORT010,INS0037,2025-09-26,2636,47.7208,125792.03,2590.22,GBP,MOCK_FEED
POS01001020250926,PORT010,INS0038,2025-09-26,1664,22.1107,36792.2,858.59,GBP,MOCK_FEED
POS01000120250927,PORT010,INS0029,2025-09-27,2706,23.5422,63705.19,-971.54,INR,MOCK_FEED
POS01000220250927,PORT010,INS0030,2025-09-27,1851,50.112,92757.31,1166.13,INR,MOCK_FEED
POS01000320250927,PORT010,INS0031,2025-09-27,3570,43.1101,153903.06,-649.31,GBP,MOCK_FEED
POS01000420250927,PORT010,INS0032,2025-09-27,2961,65.9774,195359.08,-303.57,EUR,MOCK_FEED
POS01000520250927,PORT010,INS0033,2025-09-27,3346,34.7995,116439.13,-2646.22,GBP,MOCK_FEED
POS01000620250927,PORT010,INS0034,2025-09-27,3556,52.7696,187648.7,-3208.14,INR,MOCK_FEED
POS01000720250927,PORT010,INS0035,2025-09-27,526,10.9164,5742.03,-169.56,INR,MOCK_FEED
POS01000820250927,PORT010,INS0036,2025-09-27,1516,28.8979,43809.22,167.32,GBP,MOCK_FEED
POS01000920250927,PORT010,INS0037,2025-09-27,3134,48.2787,151305.45,5827.01,GBP,MOCK_FEED
POS01001020250927,PORT010,INS0038,2025-09-27,1032,22.2639,22976.34,-608.23,USD,MOCK_FEED
POS01000120250928,PORT010,INS0029,2025-09-28,3642,22.9649,83638.17,-132.81,GBP,MOCK_FEED
POS01000220250928,PORT010,INS0030,2025-09-28,3220,51.0205,164286.01,-4789.34,EUR,MOCK_FEED
POS01000320250928,PORT010,INS0031,2025-09-28,675,44.0328,29722.14,269.72,GBP,MOCK_FEED
POS01000420250928,PORT010,INS0032,2025-09-28,2703,65.4164,176820.53,-3827.35,INR,MOCK_FEED
POS01000520250928,PORT010,INS0033,2025-09-28,338,34.6427,11709.23,-216.33,EUR,MOCK_FEED
POS01000620250928,PORT010,INS0034,2025-09-28,1446,54.0588,78169.02,-2079.69,EUR,MOCK_FEED
POS01000720250928,PORT010,INS0035,2025-09-28,3486,11.097,38684.14,-69.8,EUR,MOCK_FEED
POS01000820250928,PORT010,INS0036,2025-09-28,1408,29.0066,40841.29,67.51,INR,MOCK_FEED
POS01000920250928,PORT010,INS0037,2025-09-28,130,48.1773,6263.05,142.81,INR,MOCK_FEED
POS01001020250928,PORT010,INS0038,2025-09-28,1976,21.8156,43107.63,-1258.25,GBP,MOCK_FEED
POS01000120250929,PORT010,INS0029,2025-09-29,233,23.0142,5362.31,21.92,GBP,MOCK_FEED
POS01000220250929,PORT010,INS0030,2025-09-29,300,50.9138,15274.14,-187.54,GBP,MOCK_FEED
POS01000320250929,PORT010,INS0031,2025-09-29,2832,43.5504,123334.73,3791.11,GBP,MOCK_FEED
POS01000420250929,PORT010,INS0032,2025-09-29,1289,66.6906,85964.18,-1959.96,INR,MOCK_FEED
POS01000520250929,PORT010,INS0033,2025-09-29,175,34.3874,6017.8,-171.4,EUR,MOCK_FEED
POS01000620250929,PORT010,INS0034,2025-09-29,2384,55.0099,131143.6,5041.9,EUR,MOCK_FEED
POS01000720250929,PORT010,INS0035,2025-09-29,2721,10.8881,29626.52,90.25,USD,MOCK_FEED
POS01000820250929,PORT010,INS0036,2025-09-29,3286,28.9184,95025.86,3542.59,EUR,MOCK_FEED
POS01000920250929,PORT010,INS0037,2025-09-29,3377,47.9268,161848.8,4119.63,USD,MOCK_FEED
POS01001020250929,PORT010,INS0038,2025-09-29,1581,21.6722,34263.75,172.02,USD,MOCK_FEED
POS01000120250930,PORT010,INS0029,2025-09-30,4712,22.6017,106499.21,-1358.72,EUR,MOCK_FEED
POS01000220250930,PORT010,INS0030,2025-09-30,2384,51.1649,121977.12,2109.5,INR,MOCK_FEED
POS01000320250930,PORT010,INS0031,2025-09-30,4512,43.8441,197824.58,1039.35,GBP,MOCK_FEED
POS01000420250930,PORT010,INS0032,2025-09-30,1864,66.289,123562.7,-961.92,GBP,MOCK_FEED
POS01000520250930,PORT010,INS0033,2025-09-30,4998,34.4235,172048.65,3551.76,USD,MOCK_FEED
POS01000620250930,PORT010,INS0034,2025-09-30,627,54.5267,34188.24,436.66,EUR,MOCK_FEED
POS01000720250930,PORT010,INS0035,2025-09-30,2183,10.713,23386.48,90.75,EUR,MOCK_FEED
POS01000820250930,PORT010,INS0036,2025-09-30,3675,29.0159,106633.43,-2166.33,INR,MOCK_FEED
POS01000920250930,PORT010,INS0037,2025-09-30,2621,47.8499,125414.59,-2363.23,INR,MOCK_FEED
POS01001020250930,PORT010,INS0038,2025-09-30,1546,21.7463,33619.78,503.24,EUR,MOCK_FEED
POS01000120251001,PORT010,INS0029,2025-10-01,479,22.4642,10760.35,402.78,GBP,MOCK_FEED
POS01000220251001,PORT010,INS0030,2025-10-01,3610,51.539,186055.79,2496.23,INR,MOCK_FEED
POS01000320251001,PORT010,INS0031,2025-10-01,710,43.0725,30581.47,-717.31,EUR,MOCK_FEED
POS01000420251001,PORT010,INS0032,2025-10-01,3205,66.1313,211950.82,8314.95,INR,MOCK_FEED
POS01000520251001,PORT010,INS0033,2025-10-01,4127,34.7658,143478.46,302.25,INR,MOCK_FEED
POS01000620251001,PORT010,INS0034,2025-10-01,4987,54.7855,273215.29,-944.03,USD,MOCK_FEED
POS01000720251001,PORT010,INS0035,2025-10-01,4553,10.5736,48141.6,-488.39,INR,MOCK_FEED
POS01000820251001,PORT010,INS0036,2025-10-01,2963,29.1463,86360.49,-2538.83,USD,MOCK_FEED
POS01000920251001,PORT010,INS0037,2025-10-01,2106,48.4628,102062.66,-2910.16,INR,MOCK_FEED
POS01001020251001,PORT010,INS0038,2025-10-01,1559,21.9799,34266.66,-440.01,EUR,MOCK_FEED
POS01000120251002,PORT010,INS0029,2025-10-02,108,22.4557,2425.22,-70.36,GBP,MOCK_FEED
POS01000220251002,PORT010,INS0030,2025-10-02,3012,51.5014,155122.22,-2530.56,EUR,MOCK_FEED
POS01000320251002,PORT010,INS0031,2025-10-02,4481,43.5824,195292.73,7112.63,USD,MOCK_FEED
POS01000420251002,PORT010,INS0032,2025-10-02,880,68.1764,59995.23,1084.28,USD,MOCK_FEED
POS01000520251002,PORT010,INS0033,2025-10-02,3984,34.723,138336.43,5112.34,INR,MOCK_FEED
POS01000620251002,PORT010,INS0034,2025-10-02,4584,56.2816,257994.85,-6712.09,INR,MOCK_FEED
POS01000720251002,PORT010,INS0035,2025-10-02,3068,10.4563,32079.93,101.63,EUR,MOCK_FEED
POS01000820251002,PORT010,INS0036,2025-10-02,4097,29.1682,119502.12,3995.88,USD,MOCK_FEED
POS01000920251002,PORT010,INS0037,2025-10-02,124,49.0035,6076.43,-161.87,EUR,MOCK_FEED
POS01001020251002,PORT010,INS0038,2025-10-02,4288,22.0781,94670.89,-1495.62,USD,MOCK_FEED
POS01000120251003,PORT010,INS0029,2025-10-03,4818,22.5426,108610.25,392.83,EUR,MOCK_FEED
POS01000220251003,PORT010,INS0030,2025-10-03,1141,51.0087,58200.93,1335.57,USD,MOCK_FEED
POS01000320251003,PORT010,INS0031,2025-10-03,2592,42.2249,109446.94,-3100.23,INR,MOCK_FEED
POS01000420251003,PORT010,INS0032,2025-10-03,1378,67.3039,92744.77,2074.53,USD,MOCK_FEED
POS01000520251003,PORT010,INS0033,2025-10-03,4233,34.4489,145822.19,-1108.29,INR,MOCK_FEED
POS01000620251003,PORT010,INS0034,2025-10-03,1610,57.0949,91922.79,-479.6,GBP,MOCK_FEED
POS01000720251003,PORT010,INS0035,2025-10-03,863,10.4226,8994.7,4.05,INR,MOCK_FEED
POS01000820251003,PORT010,INS0036,2025-10-03,1328,28.8848,38359.01,1395.1,EUR,MOCK_FEED
POS01000920251003,PORT010,INS0037,2025-10-03,540,48.5801,26233.25,271.42,GBP,MOCK_FEED
POS01001020251003,PORT010,INS0038,2025-10-03,3154,22.3309,70431.66,2359.7,EUR,MOCK_FEED
POS01000120251004,PORT010,INS0029,2025-10-04,1841,22.4575,41344.26,281.6,USD,MOCK_FEED
POS01000220251004,PORT010,INS0030,2025-10-04,1502,50.6461,76070.44,-455.48,GBP,MOCK_FEED
POS01000320251004,PORT010,INS0031,2025-10-04,1372,42.071,57721.41,-897.56,GBP,MOCK_FEED
POS01000420251004,PORT010,INS0032,2025-10-04,2830,68.5405,193969.61,-5421.3,USD,MOCK_FEED
POS01000520251004,PORT010,INS0033,2025-10-04,2640,34.539,91182.96,3587.64,EUR,MOCK_FEED
POS01000620251004,PORT010,INS0034,2025-10-04,4819,56.2036,270845.15,1000.81,INR,MOCK_FEED
POS01000720251004,PORT010,INS0035,2025-10-04,2414,10.3855,25070.6,357.29,INR,MOCK_FEED
POS01000820251004,PORT010,INS0036,2025-10-04,4218,28.9182,121976.97,2123.63,INR,MOCK_FEED
POS01000920251004,PORT010,INS0037,2025-10-04,2798,49.2943,137925.45,2865.23,USD,MOCK_FEED
POS01001020251004,PORT010,INS0038,2025-10-04,2546,22.0231,56070.81,-102.89,INR,MOCK_FEED
POS01000120251005,PORT010,INS0029,2025-10-05,4950,22.3859,110810.21,2394.83,GBP,MOCK_FEED
POS01000220251005,PORT010,INS0030,2025-10-05,2892,51.0589,147662.34,-1148.89,USD,MOCK_FEED
POS01000320251005,PORT010,INS0031,2025-10-05,3693,42.2348,155973.12,5210.74,GBP,MOCK_FEED
POS01000420251005,PORT010,INS0032,2025-10-05,4549,69.6637,316900.17,3841.94,INR,MOCK_FEED
POS01000520251005,PORT010,INS0033,2025-10-05,1039,34.5299,35876.57,1342.16,INR,MOCK_FEED
POS01000620251005,PORT010,INS0034,2025-10-05,3003,55.6461,167105.24,-418.79,INR,MOCK_FEED
POS01000720251005,PORT010,INS0035,2025-10-05,4833,10.4083,50303.31,599.43,EUR,MOCK_FEED
POS01000820251005,PORT010,INS0036,2025-10-05,1846,29.2876,54064.91,328.76,GBP,MOCK_FEED
POS01000920251005,PORT010,INS0037,2025-10-05,3631,49.3847,179315.85,1269.39,GBP,MOCK_FEED
POS01001020251005,PORT010,INS0038,2025-10-05,1333,22.2045,29598.6,971.31,EUR,MOCK_FEED
POS01000120251006,PORT010,INS0029,2025-10-06,2501,22.2631,55680.01,1394.55,EUR,MOCK_FEED
POS01000220251006,PORT010,INS0030,2025-10-06,3626,51.4369,186510.2,-1452.88,INR,MOCK_FEED
POS01000320251006,PORT010,INS0031,2025-10-06,1704,43.2659,73725.09,728.15,USD,MOCK_FEED
POS01000420251006,PORT010,INS0032,2025-10-06,1428,69.539,99301.69,1887.31,EUR,MOCK_FEED
POS01000520251006,PORT010,INS0033,2025-10-06,3531,34.2834,121054.69,3234.55,EUR,MOCK_FEED
POS01000620251006,PORT010,INS0034,2025-10-06,3065,56.1146,171991.25,-3449.92,EUR,MOCK_FEED
POS01000720251006,PORT010,INS0035,2025-10-06,2830,10.3609,29321.35,691.5,USD,MOCK_FEED
POS01000820251006,PORT010,INS0036,2025-10-06,522,29.1255,15203.51,-111.74,GBP,MOCK_FEED
POS01000920251006,PORT010,INS0037,2025-10-06,1839,48.6349,89439.58,-1623.89,GBP,MOCK_FEED
POS01001020251006,PORT010,INS0038,2025-10-06,4662,21.9024,102108.99,3172.69,INR,MOCK_FEED
POS01000120251007,PORT010,INS0029,2025-10-07,1822,22.4107,40832.3,101.59,EUR,MOCK_FEED
POS01000220251007,PORT010,INS0030,2025-10-07,1929,51.4537,99254.19,-834.86,INR,MOCK_FEED
POS01000320251007,PORT010,INS0031,2025-10-07,936,43.3353,40561.84,-451.24,EUR,MOCK_FEED
POS01000420251007,PORT010,INS0032,2025-10-07,4008,69.7718,279645.37,-3458.24,USD,MOCK_FEED
POS01000520251007,PORT010,INS0033,2025-10-07,300,33.9035,10171.05,-196.78,EUR,MOCK_FEED
POS01000620251007,PORT010,INS0034,2025-10-07,3768,56.0374,211148.92,-5834.58,USD,MOCK_FEED
POS01000720251007,PORT010,INS0035,2025-10-07,2914,10.3355,30117.65,140.59,EUR,MOCK_FEED
POS01000820251007,PORT010,INS0036,2025-10-07,4186,28.9736,121283.49,-3412.44,GBP,MOCK_FEED
POS01000920251007,PORT010,INS0037,2025-10-07,4264,48.8544,208315.16,7488.84,INR,MOCK_FEED
POS01001020251007,PORT010,INS0038,2025-10-07,932,21.9245,20433.63,554.91,INR,MOCK_FEED
POS01000120251008,PORT010,INS0029,2025-10-08,2674,22.4299,59977.55,948.95,USD,MOCK_FEED
POS01000220251008,PORT010,INS0030,2025-10-08,1942,52.1305,101237.43,-1032.79,INR,MOCK_FEED
POS01000320251008,PORT010,INS0031,2025-10-08,2086,43.4822,90703.87,1129.49,USD,MOCK_FEED
POS01000420251008,PORT010,INS0032,2025-10-08,1841,69.8434,128581.7,-2850.22,USD,MOCK_FEED
POS01000520251008,PORT010,INS0033,2025-10-08,1100,33.7503,37125.33,-837.9,USD,MOCK_FEED
POS01000620251008,PORT010,INS0034,2025-10-08,3019,57.3824,173237.47,721.4,EUR,MOCK_FEED
POS01000720251008,PORT010,INS0035,2025-10-08,411,10.3279,4244.77,89.4,GBP,MOCK_FEED
POS01000820251008,PORT010,INS0036,2025-10-08,159,29.611,4708.15,161.89,EUR,MOCK_FEED
POS01000920251008,PORT010,INS0037,2025-10-08,1419,48.4905,68808.02,252.17,EUR,MOCK_FEED
POS01001020251008,PORT010,INS0038,2025-10-08,3948,21.9908,86819.68,1277.01,GBP,MOCK_FEED
POS01000120251009,PORT010,INS0029,2025-10-09,1679,22.5855,37921.05,-740.4,GBP,MOCK_FEED
POS01000220251009,PORT010,INS0030,2025-10-09,1384,53.2429,73688.17,2888.18,INR,MOCK_FEED
POS01000320251009,PORT010,INS0031,2025-10-09,1144,43.8415,50154.68,697.16,INR,MOCK_FEED
POS01000420251009,PORT010,INS0032,2025-10-09,113,69.5176,7855.49,-75.3,EUR,MOCK_FEED
POS01000520251009,PORT010,INS0033,2025-10-09,3916,33.5833,131512.2,-329.03,EUR,MOCK_FEED
POS01000620251009,PORT010,INS0034,2025-10-09,3378,57.5024,194243.11,2631.88,USD,MOCK_FEED
POS01000720251009,PORT010,INS0035,2025-10-09,3820,10.439,39876.98,428.21,EUR,MOCK_FEED
POS01000820251009,PORT010,INS0036,2025-10-09,3707,29.6596,109948.14,3497.74,GBP,MOCK_FEED
POS01000920251009,PORT010,INS0037,2025-10-09,3603,49.083,176846.05,-1299.29,EUR,MOCK_FEED
POS01001020251009,PORT010,INS0038,2025-10-09,3972,22.391,88937.05,-2554.85,USD,MOCK_FEED
POS01000120251010,PORT010,INS0029,2025-10-10,3751,22.8329,85646.21,1590.37,USD,MOCK_FEED
POS01000220251010,PORT010,INS0030,2025-10-10,501,53.5607,26833.91,-204.16,USD,MOCK_FEED
POS01000320251010,PORT010,INS0031,2025-10-10,3128,44.5337,139301.41,-447.45,EUR,MOCK_FEED
POS01000420251010,PORT010,INS0032,2025-10-10,4029,70.0157,282093.26,3166.98,EUR,MOCK_FEED
POS01000520251010,PORT010,INS0033,2025-10-10,2039,33.2939,67886.26,-1335.6,INR,MOCK_FEED
POS01000620251010,PORT010,INS0034,2025-10-10,2846,56.681,161314.13,4313.01,USD,MOCK_FEED
POS01000720251010,PORT010,INS0035,2025-10-10,1679,10.2902,17277.25,182.15,USD,MOCK_FEED
POS01000820251010,PORT010,INS0036,2025-10-10,2823,29.0119,81900.59,1541.29,EUR,MOCK_FEED
POS01000920251010,PORT010,INS0037,2025-10-10,4043,49.0649,198369.39,3623.65,GBP,MOCK_FEED
POS01001020251010,PORT010,INS0038,2025-10-10,2332,22.3097,52026.22,-548.3,INR,MOCK_FEED
POS01000120251011,PORT010,INS0029,2025-10-11,4745,22.293,105780.29,1755.53,GBP,MOCK_FEED
POS01000220251011,PORT010,INS0030,2025-10-11,4626,52.81,244299.06,-2367.83,GBP,MOCK_FEED
POS01000320251011,PORT010,INS0031,2025-10-11,3500,44.814,156849.0,3371.63,EUR,MOCK_FEED
POS01000420251011,PORT010,INS0032,2025-10-11,444,69.3503,30791.53,514.6,EUR,MOCK_FEED
POS01000520251011,PORT010,INS0033,2025-10-11,3409,32.7983,111809.4,3034.42,GBP,MOCK_FEED
POS01000620251011,PORT010,INS0034,2025-10-11,1536,56.2256,86362.52,383.85,USD,MOCK_FEED
POS01000720251011,PORT010,INS0035,2025-10-11,4729,10.2806,48616.96,1357.85,EUR,MOCK_FEED
POS01000820251011,PORT010,INS0036,2025-10-11,955,29.4667,28140.7,364.63,USD,MOCK_FEED
POS01000920251011,PORT010,INS0037,2025-10-11,1177,48.4603,57037.77,1704.55,GBP,MOCK_FEED
POS01001020251011,PORT010,INS0038,2025-10-11,247,21.9272,5416.02,-126.46,INR,MOCK_FEED
POS01000120251012,PORT010,INS0029,2025-10-12,865,22.1522,19161.65,-261.76,INR,MOCK_FEED
POS01000220251012,PORT010,INS0030,2025-10-12,1616,52.6808,85132.17,-2054.63,USD,MOCK_FEED
POS01000320251012,PORT010,INS0031,2025-10-12,4760,44.0598,209724.65,-2640.39,EUR,MOCK_FEED
POS01000420251012,PORT010,INS0032,2025-10-12,4030,69.333,279411.99,10349.15,EUR,MOCK_FEED
POS01000520251012,PORT010,INS0033,2025-10-12,3948,32.8777,129801.16,576.18,INR,MOCK_FEED
POS01000620251012,PORT010,INS0034,2025-10-12,3198,56.4071,180389.91,-505.12,INR,MOCK_FEED
POS01000720251012,PORT010,INS0035,2025-10-12,2174,10.2676,22321.76,341.89,USD,MOCK_FEED
POS01000820251012,PORT010,INS0036,2025-10-12,4500,29.8759,134441.55,-1022.47,USD,MOCK_FEED
POS01000920251012,PORT010,INS0037,2025-10-12,4315,48.5035,209292.6,3263.32,INR,MOCK_FEED
POS01001020251012,PORT010,INS0038,2025-10-12,3684,22.3122,82198.14,-899.68,INR,MOCK_FEED
POS01000120251013,PORT010,INS0029,2025-10-13,4379,21.8824,95823.03,3316.54,EUR,MOCK_FEED
POS01000220251013,PORT010,INS0030,2025-10-13,2999,52.7307,158139.37,-4701.14,EUR,MOCK_FEED
POS01000320251013,PORT010,INS0031,2025-10-13,3046,44.7739,136381.3,3863.51,GBP,MOCK_FEED
POS01000420251013,PORT010,INS0032,2025-10-13,286,69.3666,19838.85,739.81,GBP,MOCK_FEED
POS01000520251013,PORT010,INS0033,2025-10-13,1109,32.72,36286.48,-923.8,USD,MOCK_FEED
POS01000620251013,PORT010,INS0034,2025-10-13,1365,56.2121,76729.52,-1284.94,EUR,MOCK_FEED
POS01000720251013,PORT010,INS0035,2025-10-13,2478,10.0908,25005.0,-226.1,GBP,MOCK_FEED
POS01000820251013,PORT010,INS0036,2025-10-13,1071,29.5698,31669.26,360.57,INR,MOCK_FEED
POS01000920251013,PORT010,INS0037,2025-10-13,2358,48.8614,115215.18,303.23,GBP,MOCK_FEED
POS01001020251013,PORT010,INS0038,2025-10-13,3075,22.1596,68140.77,-1817.14,GBP,MOCK_FEED
POS01000120251014,PORT010,INS0029,2025-10-14,1605,22.1591,35565.36,-675.68,EUR,MOCK_FEED
POS01000220251014,PORT010,INS0030,2025-10-14,299,51.1809,15303.09,16.93,EUR,MOCK_FEED
POS01000320251014,PORT010,INS0031,2025-10-14,408,45.3783,18514.35,712.75,USD,MOCK_FEED
POS01000420251014,PORT010,INS0032,2025-10-14,3555,69.6651,247659.43,-2210.83,INR,MOCK_FEED
POS01000520251014,PORT010,INS0033,2025-10-14,4395,32.4886,142787.4,4267.1,GBP,MOCK_FEED
POS01000620251014,PORT010,INS0034,2025-10-14,3934,55.5996,218728.83,-6529.47,EUR,MOCK_FEED
POS01000720251014,PORT010,INS0035,2025-10-14,1533,10.1,15483.3,-270.67,USD,MOCK_FEED
POS01000820251014,PORT010,INS0036,2025-10-14,3536,29.7791,105298.9,3108.16,INR,MOCK_FEED
POS01000920251014,PORT010,INS0037,2025-10-14,4521,48.6846,220103.08,-6200.18,GBP,MOCK_FEED
POS01001020251014,PORT010,INS0038,2025-10-14,1028,22.1564,22776.78,100.67,GBP,MOCK_FEED
POS01000120251015,PORT010,INS0029,2025-10-15,4571,21.9066,100135.07,962.04,GBP,MOCK_FEED
POS01000220251015,PORT010,INS0030,2025-10-15,1967,51.5619,101422.26,2723.25,USD,MOCK_FEED
POS01000320251015,PORT010,INS0031,2025-10-15,2473,44.9065,111053.77,811.18,GBP,MOCK_FEED
POS01000420251015,PORT010,INS0032,2025-10-15,3705,69.5703,257757.96,6830.16,USD,MOCK_FEED
POS01000520251015,PORT010,INS0033,2025-10-15,311,33.4932,10416.39,368.85,INR,MOCK_FEED
POS01000620251015,PORT010,INS0034,2025-10-15,2455,55.714,136777.87,-887.01,EUR,MOCK_FEED
POS01000720251015,PORT010,INS0035,2025-10-15,4918,10.0958,49651.14,1985.06,USD,MOCK_FEED
POS01000820251015,PORT010,INS0036,2025-10-15,3247,29.605,96127.43,3029.85,USD,MOCK_FEED
POS01000920251015,PORT010,INS0037,2025-10-15,3706,48.7224,180565.21,-3152.24,GBP,MOCK_FEED
POS01001020251015,PORT010,INS0038,2025-10-15,4627,22.3109,103232.53,-2144.36,GBP,MOCK_FEED
POS01000120251016,PORT010,INS0029,2025-10-16,3006,21.5586,64805.15,1138.79,USD,MOCK_FEED
POS01000220251016,PORT010,INS0030,2025-10-16,2096,51.0522,107005.41,-1921.63,USD,MOCK_FEED
POS01000320251016,PORT010,INS0031,2025-10-16,2285,44.601,101913.29,-310.91,EUR,MOCK_FEED
POS01000420251016,PORT010,INS0032,2025-10-16,3064,68.7209,210560.84,5471.06,USD,MOCK_FEED
POS01000520251016,PORT010,INS0033,2025-10-16,248,33.6571,8346.96,89.2,EUR,MOCK_FEED
POS01000620251016,PORT010,INS0034,2025-10-16,2768,55.7871,154418.69,794.35,EUR,MOCK_FEED
POS01000720251016,PORT010,INS0035,2025-10-16,1257,10.1293,12732.53,102.92,USD,MOCK_FEED
POS01000820251016,PORT010,INS0036,2025-10-16,4714,29.862,140769.47,1630.96,EUR,MOCK_FEED
POS01000920251016,PORT010,INS0037,2025-10-16,855,48.4451,41420.56,295.72,GBP,MOCK_FEED
POS01001020251016,PORT010,INS0038,2025-10-16,416,22.0677,9180.16,263.9,EUR,MOCK_FEED
POS01000120251017,PORT010,INS0029,2025-10-17,4564,21.6853,98971.71,2613.38,GBP,MOCK_FEED
POS01000220251017,PORT010,INS0030,2025-10-17,156,50.7361,7914.83,315.6,USD,MOCK_FEED
POS01000320251017,PORT010,INS0031,2025-10-17,771,44.8163,34553.37,235.68,EUR,MOCK_FEED
POS01000420251017,PORT010,INS0032,2025-10-17,1211,68.3501,82771.97,1984.6,EUR,MOCK_FEED
POS01000520251017,PORT010,INS0033,2025-10-17,4325,33.0653,143007.42,1562.61,EUR,MOCK_FEED
POS01000620251017,PORT010,INS0034,2025-10-17,3947,56.3275,222324.64,2719.57,GBP,MOCK_FEED
POS01000720251017,PORT010,INS0035,2025-10-17,1141,10.2376,11681.1,87.02,USD,MOCK_FEED
POS01000820251017,PORT010,INS0036,2025-10-17,2890,30.5833,88385.74,874.6,GBP,MOCK_FEED
POS01000920251017,PORT010,INS0037,2025-10-17,3775,47.8665,180696.04,-1240.24,USD,MOCK_FEED
POS01001020251017,PORT010,INS0038,2025-10-17,3438,22.191,76292.66,2284.92,INR,MOCK_FEED
POS01000120251018,PORT010,INS0029,2025-10-18,1901,21.7475,41342.0,277.08,INR,MOCK_FEED
POS01000220251018,PORT010,INS0030,2025-10-18,4231,51.0219,215873.66,7010.71,GBP,MOCK_FEED
POS01000320251018,PORT010,INS0031,2025-10-18,1846,45.4651,83928.57,247.35,INR,MOCK_FEED
POS01000420251018,PORT010,INS0032,2025-10-18,636,68.6204,43642.57,1281.57,INR,MOCK_FEED
POS01000520251018,PORT010,INS0033,2025-10-18,1107,33.1987,36750.96,743.86,USD,MOCK_FEED
POS01000620251018,PORT010,INS0034,2025-10-18,2890,56.4318,163087.9,-584.76,INR,MOCK_FEED
POS01000720251018,PORT010,INS0035,2025-10-18,3959,10.1584,40217.11,765.47,GBP,MOCK_FEED
POS01000820251018,PORT010,INS0036,2025-10-18,4810,30.3797,146126.36,-1413.97,USD,MOCK_FEED
POS01000920251018,PORT010,INS0037,2025-10-18,4244,48.5483,206038.99,3520.16,INR,MOCK_FEED
POS01001020251018,PORT010,INS0038,2025-10-18,2807,22.2092,62341.22,1972.78,INR,MOCK_FEED
POS01000120251019,PORT010,INS0029,2025-10-19,3866,21.447,82914.1,2935.15,INR,MOCK_FEED
POS01000220251019,PORT010,INS0030,2025-10-19,1802,50.443,90898.29,-1213.97,USD,MOCK_FEED
POS01000320251019,PORT010,INS0031,2025-10-19,4327,44.8115,193899.36,2001.2,GBP,MOCK_FEED
POS01000420251019,PORT010,INS0032,2025-10-19,2741,67.2368,184296.07,5201.61,USD,MOCK_FEED
POS01000520251019,PORT010,INS0033,2025-10-19,417,32.8269,13688.82,-159.87,INR,MOCK_FEED
POS01000620251019,PORT010,INS0034,2025-10-19,582,56.1864,32700.48,977.29,USD,MOCK_FEED
POS01000720251019,PORT010,INS0035,2025-10-19,1290,10.2548,13228.69,-324.65,EUR,MOCK_FEED
POS01000820251019,PORT010,INS0036,2025-10-19,3037,30.2004,91718.61,2485.1,EUR,MOCK_FEED
POS01000920251019,PORT010,INS0037,2025-10-19,895,49.7207,44500.03,392.78,EUR,MOCK_FEED
POS01001020251019,PORT010,INS0038,2025-10-19,403,21.7289,8756.75,-109.02,USD,MOCK_FEED
POS01000120251020,PORT010,INS0029,2025-10-20,1046,21.5352,22525.82,862.27,INR,MOCK_FEED
POS01000220251020,PORT010,INS0030,2025-10-20,1551,50.294,78005.99,2234.04,GBP,MOCK_FEED
POS01000320251020,PORT010,INS0031,2025-10-20,1228,45.0313,55298.44,-173.55,GBP,MOCK_FEED
POS01000420251020,PORT010,INS0032,2025-10-20,4040,66.0314,266766.86,10344.31,EUR,MOCK_FEED
POS01000520251020,PORT010,INS0033,2025-10-20,1828,33.2286,60741.88,2316.3,USD,MOCK_FEED
POS01000620251020,PORT010,INS0034,2025-10-20,4012,56.2284,225588.34,2959.95,INR,MOCK_FEED
POS01000720251020,PORT010,INS0035,2025-10-20,4227,10.2957,43519.92,1737.68,USD,MOCK_FEED
POS01000820251020,PORT010,INS0036,2025-10-20,2131,30.0754,64090.68,513.24,EUR,MOCK_FEED
POS01000920251020,PORT010,INS0037,2025-10-20,541,50.1845,27149.81,247.38,EUR,MOCK_FEED
POS01001020251020,PORT010,INS0038,2025-10-20,4706,21.6187,101737.6,1950.32,EUR,MOCK_FEED
POS01000120251021,PORT010,INS0029,2025-10-21,4790,21.3865,102441.34,3235.77,INR,MOCK_FEED
POS01000220251021,PORT010,INS0030,2025-10-21,4180,49.6351,207474.72,4693.3,GBP,MOCK_FEED
POS01000320251021,PORT010,INS0031,2025-10-21,773,44.5645,34448.36,-224.07,EUR,MOCK_FEED
POS01000420251021,PORT010,INS0032,2025-10-21,4130,64.0238,264418.29,8603.38,USD,MOCK_FEED
POS01000520251021,PORT010,INS0033,2025-10-21,102,33.2594,3392.46,-56.35,GBP,MOCK_FEED
POS01000620251021,PORT010,INS0034,2025-10-21,2391,58.3383,139486.88,5575.92,EUR,MOCK_FEED
POS01000720251021,PORT010,INS0035,2025-10-21,1083,10.4229,11288.0,334.8,EUR,MOCK_FEED
POS01000820251021,PORT010,INS0036,2025-10-21,3457,30.4,105092.8,-1103.35,USD,MOCK_FEED
POS01000920251021,PORT010,INS0037,2025-10-21,3601,50.9212,183367.24,6916.16,USD,MOCK_FEED
POS01001020251021,PORT010,INS0038,2025-10-21,2539,21.743,55205.48,-92.31,INR,MOCK_FEED
POS01000120251022,PORT010,INS0029,2025-10-22,4169,21.1921,88349.86,506.11,EUR,MOCK_FEED
POS01000220251022,PORT010,INS0030,2025-10-22,248,49.4512,12263.9,376.17,USD,MOCK_FEED
POS01000320251022,PORT010,INS0031,2025-10-22,4704,44.7029,210282.44,-1323.3,GBP,MOCK_FEED
POS01000420251022,PORT010,INS0032,2025-10-22,4129,63.5872,262551.55,3967.55,EUR,MOCK_FEED
POS01000520251022,PORT010,INS0033,2025-10-22,4884,32.7621,160010.1,2559.77,GBP,MOCK_FEED
POS01000620251022,PORT010,INS0034,2025-10-22,4449,57.9343,257749.7,-7269.66,USD,MOCK_FEED
POS01000720251022,PORT010,INS0035,2025-10-22,4185,10.5606,44196.11,772.91,INR,MOCK_FEED
POS01000820251022,PORT010,INS0036,2025-10-22,4436,31.1312,138098.0,-3525.07,INR,MOCK_FEED
POS01000920251022,PORT010,INS0037,2025-10-22,3809,50.4592,192199.09,-3601.77,EUR,MOCK_FEED
POS01001020251022,PORT010,INS0038,2025-10-22,430,21.5708,9275.44,8.01,GBP,MOCK_FEED
POS01000120251023,PORT010,INS0029,2025-10-23,3299,21.1388,69736.9,2096.52,INR,MOCK_FEED
POS01000220251023,PORT010,INS0030,2025-10-23,948,49.9782,47379.33,710.26,EUR,MOCK_FEED
POS01000320251023,PORT010,INS0031,2025-10-23,1074,44.9176,48241.5,-796.18,USD,MOCK_FEED
POS01000420251023,PORT010,INS0032,2025-10-23,4304,62.8047,270311.43,-3088.22,INR,MOCK_FEED
POS01000520251023,PORT010,INS0033,2025-10-23,4611,32.6799,150687.02,-3887.67,INR,MOCK_FEED
POS01000620251023,PORT010,INS0034,2025-10-23,325,56.6054,18396.76,151.06,INR,MOCK_FEED
POS01000720251023,PORT010,INS0035,2025-10-23,1082,10.4749,11333.84,-306.31,GBP,MOCK_FEED
POS01000820251023,PORT010,INS0036,2025-10-23,1501,31.0362,46585.34,0.71,EUR,MOCK_FEED
POS01000920251023,PORT010,INS0037,2025-10-23,3937,51.1263,201284.24,-2026.99,EUR,MOCK_FEED
POS01001020251023,PORT010,INS0038,2025-10-23,688,21.4998,14791.86,-388.05,USD,MOCK_FEED
POS01000120251024,PORT010,INS0029,2025-10-24,2587,21.6741,56070.9,1698.12,GBP,MOCK_FEED
POS01000220251024,PORT010,INS0030,2025-10-24,316,49.6023,15674.33,-265.31,EUR,MOCK_FEED
POS01000320251024,PORT010,INS0031,2025-10-24,163,43.931,7160.75,-197.56,EUR,MOCK_FEED
POS01000420251024,PORT010,INS0032,2025-10-24,3365,63.6048,214030.15,6835.19,USD,MOCK_FEED
POS01000520251024,PORT010,INS0033,2025-10-24,112,33.2934,3728.86,-108.62,GBP,MOCK_FEED
POS01000620251024,PORT010,INS0034,2025-10-24,2152,56.1334,120799.08,3620.48,EUR,MOCK_FEED
POS01000720251024,PORT010,INS0035,2025-10-24,4258,10.5177,44784.37,150.68,INR,MOCK_FEED
POS01000820251024,PORT010,INS0036,2025-10-24,931,30.3403,28246.82,735.89,EUR,MOCK_FEED
POS01000920251024,PORT010,INS0037,2025-10-24,3006,51.1954,153893.37,-3560.13,USD,MOCK_FEED
POS01001020251024,PORT010,INS0038,2025-10-24,1422,21.909,31154.6,367.88,INR,MOCK_FEED
POS01000120251025,PORT010,INS0029,2025-10-25,3726,22.0495,82156.44,-162.17,INR,MOCK_FEED
POS01000220251025,PORT010,INS0030,2025-10-25,1770,49.7505,88058.39,3353.31,USD,MOCK_FEED
POS01000320251025,PORT010,INS0031,2025-10-25,3719,44.2475,164556.45,2607.92,USD,MOCK_FEED
POS01000420251025,PORT010,INS0032,2025-10-25,1607,62.7623,100859.02,361.24,INR,MOCK_FEED
POS01000520251025,PORT010,INS0033,2025-10-25,4856,32.9516,160012.97,6259.56,INR,MOCK_FEED
POS01000620251025,PORT010,INS0034,2025-10-25,3772,56.6666,213746.42,-6389.3,USD,MOCK_FEED
POS01000720251025,PORT010,INS0035,2025-10-25,4050,10.4469,42309.94,1225.12,USD,MOCK_FEED
POS01000820251025,PORT010,INS0036,2025-10-25,4533,30.3977,137792.77,-575.12,EUR,MOCK_FEED
POS01000920251025,PORT010,INS0037,2025-10-25,4053,51.8212,210031.32,933.49,INR,MOCK_FEED
POS01001020251025,PORT010,INS0038,2025-10-25,2286,22.0759,50465.51,-703.7,EUR,MOCK_FEED
POS01000120251026,PORT010,INS0029,2025-10-26,4817,21.695,104504.82,1266.93,EUR,MOCK_FEED
POS01000220251026,PORT010,INS0030,2025-10-26,1630,50.9784,83094.79,1365.8,EUR,MOCK_FEED
POS01000320251026,PORT010,INS0031,2025-10-26,1210,44.4997,53844.64,841.47,EUR,MOCK_FEED
POS01000420251026,PORT010,INS0032,2025-10-26,244,61.9302,15110.97,424.69,EUR,MOCK_FEED
POS01000520251026,PORT010,INS0033,2025-10-26,3501,32.6325,114246.38,1241.16,EUR,MOCK_FEED
POS01000620251026,PORT010,INS0034,2025-10-26,4514,57.1218,257847.81,1962.92,GBP,MOCK_FEED
POS01000720251026,PORT010,INS0035,2025-10-26,920,10.4641,9626.97,-287.79,GBP,MOCK_FEED
POS01000820251026,PORT010,INS0036,2025-10-26,2745,30.4015,83452.12,686.94,GBP,MOCK_FEED
POS01000920251026,PORT010,INS0037,2025-10-26,1965,51.1523,100514.27,-190.33,GBP,MOCK_FEED
POS01001020251026,PORT010,INS0038,2025-10-26,3774,22.4445,84705.54,1116.37,INR,MOCK_FEED
POS01000120251027,PORT010,INS0029,2025-10-27,4169,21.9629,91563.33,1447.11,GBP,MOCK_FEED
POS01000220251027,PORT010,INS0030,2025-10-27,1757,50.9564,89530.39,-1720.33,USD,MOCK_FEED
POS01000320251027,PORT010,INS0031,2025-10-27,1869,44.7267,83594.2,3036.26,EUR,MOCK_FEED
POS01000420251027,PORT010,INS0032,2025-10-27,1295,62.7866,81308.65,2698.72,GBP,MOCK_FEED
POS01000520251027,PORT010,INS0033,2025-10-27,4110,32.9415,135389.57,1632.94,GBP,MOCK_FEED
POS01000620251027,PORT010,INS0034,2025-10-27,3412,56.3445,192247.43,1926.98,EUR,MOCK_FEED
POS01000720251027,PORT010,INS0035,2025-10-27,1829,10.3923,19007.52,533.32,INR,MOCK_FEED
POS01000820251027,PORT010,INS0036,2025-10-27,3783,30.4538,115206.73,2932.08,EUR,MOCK_FEED
POS01000920251027,PORT010,INS0037,2025-10-27,3384,51.0568,172776.21,-628.23,GBP,MOCK_FEED
POS01001020251027,PORT010,INS0038,2025-10-27,2910,22.8977,66632.31,-937.86,INR,MOCK_FEED
POS01000120251028,PORT010,INS0029,2025-10-28,4421,21.9263,96936.17,3680.17,EUR,MOCK_FEED
POS01000220251028,PORT010,INS0030,2025-10-28,1394,51.2007,71373.78,1265.97,USD,MOCK_FEED
POS01000320251028,PORT010,INS0031,2025-10-28,1065,43.8711,46722.72,774.73,USD,MOCK_FEED
POS01000420251028,PORT010,INS0032,2025-10-28,2577,61.8303,159336.68,-4604.78,INR,MOCK_FEED
POS01000520251028,PORT010,INS0033,2025-10-28,4912,32.943,161816.02,-3142.03,USD,MOCK_FEED
POS01000620251028,PORT010,INS0034,2025-10-28,4038,57.0133,230219.71,9173.83,EUR,MOCK_FEED
POS01000720251028,PORT010,INS0035,2025-10-28,1983,10.5421,20904.98,51.15,EUR,MOCK_FEED
POS01000820251028,PORT010,INS0036,2025-10-28,1927,30.5572,58883.72,601.71,GBP,MOCK_FEED
POS01000920251028,PORT010,INS0037,2025-10-28,1767,51.2207,90506.98,1412.46,EUR,MOCK_FEED
POS01001020251028,PORT010,INS0038,2025-10-28,4143,23.2533,96338.42,-1653.16,INR,MOCK_FEED
POS01000120251029,PORT010,INS0029,2025-10-29,685,21.5315,14749.08,-70.84,GBP,MOCK_FEED
POS01000220251029,PORT010,INS0030,2025-10-29,1240,51.1317,63403.31,66.48,INR,MOCK_FEED
POS01000320251029,PORT010,INS0031,2025-10-29,1891,43.5675,82386.14,2843.11,USD,MOCK_FEED
POS01000420251029,PORT010,INS0032,2025-10-29,2943,61.2959,180393.83,906.05,EUR,MOCK_FEED
POS01000520251029,PORT010,INS0033,2025-10-29,2363,33.3469,78798.72,-85.85,EUR,MOCK_FEED
POS01000620251029,PORT010,INS0034,2025-10-29,2251,57.2834,128944.93,-2764.73,INR,MOCK_FEED
POS01000720251029,PORT010,INS0035,2025-10-29,2671,10.8112,28876.72,-462.88,EUR,MOCK_FEED
POS01000820251029,PORT010,INS0036,2025-10-29,194,29.6978,5761.37,-106.39,EUR,MOCK_FEED
POS01000920251029,PORT010,INS0037,2025-10-29,4290,52.0786,223417.19,-1508.19,GBP,MOCK_FEED
POS01001020251029,PORT010,INS0038,2025-10-29,3258,23.2894,75876.87,1684.4,INR,MOCK_FEED
POS01000120251030,PORT010,INS0029,2025-10-30,3938,21.3599,84115.29,640.8,INR,MOCK_FEED
POS01000220251030,PORT010,INS0030,2025-10-30,1835,51.0487,93674.36,-774.7,INR,MOCK_FEED
POS01000320251030,PORT010,INS0031,2025-10-30,4484,43.3056,194182.31,3123.39,USD,MOCK_FEED
POS01000420251030,PORT010,INS0032,2025-10-30,1685,60.5675,102056.24,-833.68,USD,MOCK_FEED
POS01000520251030,PORT010,INS0033,2025-10-30,2734,32.852,89817.37,1798.83,INR,MOCK_FEED
POS01000620251030,PORT010,INS0034,2025-10-30,1557,56.8316,88486.8,-2355.16,INR,MOCK_FEED
POS01000720251030,PORT010,INS0035,2025-10-30,2858,10.829,30949.28,547.08,INR,MOCK_FEED
POS01000820251030,PORT010,INS0036,2025-10-30,3001,29.3389,88046.04,-1280.73,GBP,MOCK_FEED
POS01000920251030,PORT010,INS0037,2025-10-30,3740,51.7294,193467.96,-2326.19,USD,MOCK_FEED
POS01001020251030,PORT010,INS0038,2025-10-30,496,23.2133,11513.8,-270.17,EUR,MOCK_FEED
POS01000120251031,PORT010,INS0029,2025-10-31,4182,21.1644,88509.52,350.72,EUR,MOCK_FEED
POS01000220251031,PORT010,INS0030,2025-10-31,3718,51.0654,189861.16,-533.43,GBP,MOCK_FEED
POS01000320251031,PORT010,INS0031,2025-10-31,3374,43.9916,148427.66,771.18,INR,MOCK_FEED
POS01000420251031,PORT010,INS0032,2025-10-31,2860,60.1671,172077.91,-4692.39,EUR,MOCK_FEED
POS01000520251031,PORT010,INS0033,2025-10-31,2891,32.9616,95291.99,2116.39,EUR,MOCK_FEED
POS01000620251031,PORT010,INS0034,2025-10-31,3333,56.9186,189709.69,-4538.59,INR,MOCK_FEED
POS01000720251031,PORT010,INS0035,2025-10-31,1467,10.7091,15710.25,-384.06,GBP,MOCK_FEED
POS01000820251031,PORT010,INS0036,2025-10-31,4251,29.0531,123504.73,2357.32,INR,MOCK_FEED
POS01000920251031,PORT010,INS0037,2025-10-31,3790,52.1056,197480.22,-4671.39,GBP,MOCK_FEED
POS01001020251031,PORT010,INS0038,2025-10-31,310,23.2381,7203.81,130.72,USD,MOCK_FEED
POS01000120251101,PORT010,INS0029,2025-11-01,1205,21.0375,25350.19,681.34,GBP,MOCK_FEED
POS01000220251101,PORT010,INS0030,2025-11-01,120,50.6492,6077.9,61.33,INR,MOCK_FEED
POS01000320251101,PORT010,INS0031,2025-11-01,642,44.8203,28774.63,265.09,USD,MOCK_FEED
POS01000420251101,PORT010,INS0032,2025-11-01,2330,60.2332,140343.36,-1848.38,EUR,MOCK_FEED
POS01000520251101,PORT010,INS0033,2025-11-01,2591,33.5349,86888.93,-2569.16,EUR,MOCK_FEED
POS01000620251101,PORT010,INS0034,2025-11-01,4533,57.9806,262826.06,8901.68,USD,MOCK_FEED
POS01000720251101,PORT010,INS0035,2025-11-01,3273,10.6152,34743.55,1263.05,GBP,MOCK_FEED
POS01000820251101,PORT010,INS0036,2025-11-01,2634,28.9765,76324.1,2237.45,INR,MOCK_FEED
POS01000920251101,PORT010,INS0037,2025-11-01,898,53.3991,47952.39,144.13,USD,MOCK_FEED
POS01001020251101,PORT010,INS0038,2025-11-01,3421,23.3023,79717.17,-2123.76,USD,MOCK_FEED
POS01000120251102,PORT010,INS0029,2025-11-02,4014,20.847,83679.86,721.95,USD,MOCK_FEED
POS01000220251102,PORT010,INS0030,2025-11-02,1908,50.2832,95940.35,625.84,GBP,MOCK_FEED
POS01000320251102,PORT010,INS0031,2025-11-02,1574,44.981,70800.09,-168.48,INR,MOCK_FEED
POS01000420251102,PORT010,INS0032,2025-11-02,3395,60.6825,206017.09,630.76,INR,MOCK_FEED
POS01000520251102,PORT010,INS0033,2025-11-02,3032,33.343,101095.98,2109.0,EUR,MOCK_FEED
POS01000620251102,PORT010,INS0034,2025-11-02,385,57.3595,22083.41,230.62,INR,MOCK_FEED
POS01000720251102,PORT010,INS0035,2025-11-02,4079,10.796,44036.88,1299.58,EUR,MOCK_FEED
POS01000820251102,PORT010,INS0036,2025-11-02,3659,29.6049,108324.33,92.83,GBP,MOCK_FEED
POS01000920251102,PORT010,INS0037,2025-11-02,4978,53.0401,264033.62,3735.01,USD,MOCK_FEED
POS01001020251102,PORT010,INS0038,2025-11-02,969,23.0722,22356.96,288.33,USD,MOCK_FEED
POS01000120251103,PORT010,INS0029,2025-11-03,3351,20.4333,68471.99,-452.44,GBP,MOCK_FEED
POS01000220251103,PORT010,INS0030,2025-11-03,2919,49.7381,145185.51,2561.43,INR,MOCK_FEED
POS01000320251103,PORT010,INS0031,2025-11-03,4231,45.0732,190704.71,-1841.04,GBP,MOCK_FEED
POS01000420251103,PORT010,INS0032,2025-11-03,4490,61.4503,275911.85,-7503.59,INR,MOCK_FEED
POS01000520251103,PORT010,INS0033,2025-11-03,990,32.8055,32477.45,-819.05,INR,MOCK_FEED
POS01000620251103,PORT010,INS0034,2025-11-03,3727,57.9023,215801.87,-2911.83,EUR,MOCK_FEED
POS01000720251103,PORT010,INS0035,2025-11-03,2291,11.0513,25318.53,509.97,INR,MOCK_FEED
POS01000820251103,PORT010,INS0036,2025-11-03,2356,29.4368,69353.1,-1060.34,INR,MOCK_FEED
POS01000920251103,PORT010,INS0037,2025-11-03,4347,53.7807,233784.7,-4031.22,INR,MOCK_FEED
POS01001020251103,PORT010,INS0038,2025-11-03,1233,23.5688,29060.33,-446.31,EUR,MOCK_FEED
POS01000120251104,PORT010,INS0029,2025-11-04,2423,20.2771,49131.41,-1400.94,GBP,MOCK_FEED
POS01000220251104,PORT010,INS0030,2025-11-04,719,51.0095,36675.83,782.11,GBP,MOCK_FEED
POS01000320251104,PORT010,INS0031,2025-11-04,542,45.5701,24698.99,-645.47,INR,MOCK_FEED
POS01000420251104,PORT010,INS0032,2025-11-04,2412,62.218,150069.82,2607.68,USD,MOCK_FEED
POS01000520251104,PORT010,INS0033,2025-11-04,202,33.0808,6682.32,229.46,USD,MOCK_FEED
POS01000620251104,PORT010,INS0034,2025-11-04,4008,58.2367,233412.69,-6316.52,USD,MOCK_FEED
POS01000720251104,PORT010,INS0035,2025-11-04,4934,10.8739,53651.82,920.02,GBP,MOCK_FEED
POS01000820251104,PORT010,INS0036,2025-11-04,753,29.1334,21937.45,511.32,INR,MOCK_FEED
POS01000920251104,PORT010,INS0037,2025-11-04,3551,53.1025,188566.98,1142.53,EUR,MOCK_FEED
POS01001020251104,PORT010,INS0038,2025-11-04,1298,23.7663,30848.66,249.46,EUR,MOCK_FEED
POS01000120251105,PORT010,INS0029,2025-11-05,2987,20.8528,62287.31,-1536.07,EUR,MOCK_FEED
POS01000220251105,PORT010,INS0030,2025-11-05,2012,50.9038,102418.45,-2555.77,INR,MOCK_FEED
POS01000320251105,PORT010,INS0031,2025-11-05,2981,45.345,135173.45,-2466.77,INR,MOCK_FEED
POS01000420251105,PORT010,INS0032,2025-11-05,1121,62.0273,69532.6,1255.52,GBP,MOCK_FEED
POS01000520251105,PORT010,INS0033,2025-11-05,613,33.5353,20557.14,646.04,INR,MOCK_FEED
POS01000620251105,PORT010,INS0034,2025-11-05,2607,56.7733,148007.99,-1289.39,EUR,MOCK_FEED
POS01000720251105,PORT010,INS0035,2025-11-05,145,10.7334,1556.34,-1.15,INR,MOCK_FEED
POS01000820251105,PORT010,INS0036,2025-11-05,2813,29.4574,82863.67,-2080.75,USD,MOCK_FEED
POS01000920251105,PORT010,INS0037,2025-11-05,2813,54.0727,152106.51,-3368.61,USD,MOCK_FEED
POS01001020251105,PORT010,INS0038,2025-11-05,3771,23.7671,89625.73,-218.29,INR,MOCK_FEED
POS01000120251106,PORT010,INS0029,2025-11-06,3652,20.7541,75793.97,-42.37,EUR,MOCK_FEED
POS01000220251106,PORT010,INS0030,2025-11-06,124,51.0276,6327.42,182.81,EUR,MOCK_FEED
POS01000320251106,PORT010,INS0031,2025-11-06,304,44.8013,13619.6,104.85,EUR,MOCK_FEED
POS01000420251106,PORT010,INS0032,2025-11-06,2562,61.4916,157541.48,2905.79,EUR,MOCK_FEED
POS01000520251106,PORT010,INS0033,2025-11-06,982,33.0052,32411.11,1085.56,EUR,MOCK_FEED
POS01000620251106,PORT010,INS0034,2025-11-06,860,57.6008,49536.69,-424.05,GBP,MOCK_FEED
POS01000720251106,PORT010,INS0035,2025-11-06,1090,10.7084,11672.16,158.64,GBP,MOCK_FEED
POS01000820251106,PORT010,INS0036,2025-11-06,3202,29.4557,94317.15,-2826.37,EUR,MOCK_FEED
POS01000920251106,PORT010,INS0037,2025-11-06,994,53.8287,53505.73,37.96,INR,MOCK_FEED
POS01001020251106,PORT010,INS0038,2025-11-06,4037,23.6921,95645.01,2437.28,EUR,MOCK_FEED
POS01000120251107,PORT010,INS0029,2025-11-07,2590,20.8857,54093.96,-432.7,USD,MOCK_FEED
POS01000220251107,PORT010,INS0030,2025-11-07,1333,50.5553,67390.21,2392.83,EUR,MOCK_FEED
POS01000320251107,PORT010,INS0031,2025-11-07,3044,45.6707,139021.61,-313.08,EUR,MOCK_FEED
POS01000420251107,PORT010,INS0032,2025-11-07,4369,60.061,262406.51,177.33,GBP,MOCK_FEED
POS01000520251107,PORT010,INS0033,2025-11-07,1464,32.5732,47687.16,947.02,EUR,MOCK_FEED
POS01000620251107,PORT010,INS0034,2025-11-07,4833,57.3429,277138.24,4740.86,INR,MOCK_FEED
POS01000720251107,PORT010,INS0035,2025-11-07,3130,10.5578,33045.91,-672.04,EUR,MOCK_FEED
POS01000820251107,PORT010,INS0036,2025-11-07,2175,29.8861,65002.27,-1932.29,INR,MOCK_FEED
POS01000920251107,PORT010,INS0037,2025-11-07,3583,54.224,194284.59,-970.65,INR,MOCK_FEED
POS01001020251107,PORT010,INS0038,2025-11-07,1231,23.6164,29071.79,-714.53,USD,MOCK_FEED
POS01000120251108,PORT010,INS0029,2025-11-08,2239,20.8447,46671.28,106.21,EUR,MOCK_FEED
POS01000220251108,PORT010,INS0030,2025-11-08,4180,49.1365,205390.57,-2213.07,INR,MOCK_FEED
POS01000320251108,PORT010,INS0031,2025-11-08,701,46.5579,32637.09,930.65,GBP,MOCK_FEED
POS01000420251108,PORT010,INS0032,2025-11-08,1057,60.5285,63978.62,71.52,INR,MOCK_FEED
POS01000520251108,PORT010,INS0033,2025-11-08,1101,32.0948,35336.37,-17.6,INR,MOCK_FEED
POS01000620251108,PORT010,INS0034,2025-11-08,847,57.0097,48287.22,1170.66,USD,MOCK_FEED
POS01000720251108,PORT010,INS0035,2025-11-08,1614,10.6331,17161.82,-203.54,USD,MOCK_FEED
POS01000820251108,PORT010,INS0036,2025-11-08,2182,29.9135,65271.26,-249.54,EUR,MOCK_FEED
POS01000920251108,PORT010,INS0037,2025-11-08,4802,55.3411,265747.96,-4024.08,GBP,MOCK_FEED
POS01001020251108,PORT010,INS0038,2025-11-08,4401,23.6935,104275.09,-319.76,GBP,MOCK_FEED
POS01000120251109,PORT010,INS0029,2025-11-09,1120,20.9363,23448.66,326.48,USD,MOCK_FEED
POS01000220251109,PORT010,INS0030,2025-11-09,1373,49.5168,67986.57,2609.81,USD,MOCK_FEED
POS01000320251109,PORT010,INS0031,2025-11-09,1812,46.7133,84644.5,-2084.04,INR,MOCK_FEED
POS01000420251109,PORT010,INS0032,2025-11-09,4525,60.2861,272794.6,5213.48,USD,MOCK_FEED
POS01000520251109,PORT010,INS0033,2025-11-09,2485,32.1251,79830.87,902.95,INR,MOCK_FEED
POS01000620251109,PORT010,INS0034,2025-11-09,2009,57.4847,115486.76,-3305.0,USD,MOCK_FEED
POS01000720251109,PORT010,INS0035,2025-11-09,3590,10.5675,37937.33,-127.98,GBP,MOCK_FEED
POS01000820251109,PORT010,INS0036,2025-11-09,1394,29.376,40950.14,-332.1,INR,MOCK_FEED
POS01000920251109,PORT010,INS0037,2025-11-09,3177,55.5651,176530.32,-5278.0,GBP,MOCK_FEED
POS01001020251109,PORT010,INS0038,2025-11-09,2616,24.2882,63537.93,40.18,EUR,MOCK_FEED
POS01000120251110,PORT010,INS0029,2025-11-10,4161,21.1004,87798.76,2532.09,GBP,MOCK_FEED
POS01000220251110,PORT010,INS0030,2025-11-10,2367,49.8282,117943.35,-2586.12,GBP,MOCK_FEED
POS01000320251110,PORT010,INS0031,2025-11-10,3010,47.2864,142332.06,-3210.56,INR,MOCK_FEED
POS01000420251110,PORT010,INS0032,2025-11-10,3821,60.9478,232881.54,-631.64,INR,MOCK_FEED
POS01000520251110,PORT010,INS0033,2025-11-10,704,32.1237,22615.08,-428.1,GBP,MOCK_FEED
POS01000620251110,PORT010,INS0034,2025-11-10,4027,56.2066,226343.98,5987.94,INR,MOCK_FEED
POS01000720251110,PORT010,INS0035,2025-11-10,2802,10.3622,29034.88,257.76,EUR,MOCK_FEED
POS01000820251110,PORT010,INS0036,2025-11-10,1848,29.8455,55154.48,-1067.98,GBP,MOCK_FEED
POS01000920251110,PORT010,INS0037,2025-11-10,3366,55.5485,186976.25,3465.85,USD,MOCK_FEED
POS01001020251110,PORT010,INS0038,2025-11-10,1511,24.2929,36706.57,1105.17,EUR,MOCK_FEED
POS01000120251111,PORT010,INS0029,2025-11-11,1483,21.0153,31165.69,-399.11,USD,MOCK_FEED
POS01000220251111,PORT010,INS0030,2025-11-11,4841,49.6463,240337.74,-518.33,EUR,MOCK_FEED
POS01000320251111,PORT010,INS0031,2025-11-11,3840,47.8949,183916.42,5244.17,EUR,MOCK_FEED
POS01000420251111,PORT010,INS0032,2025-11-11,3311,59.8587,198192.16,4359.99,INR,MOCK_FEED
POS01000520251111,PORT010,INS0033,2025-11-11,3265,32.3576,105647.56,3147.34,USD,MOCK_FEED
POS01000620251111,PORT010,INS0034,2025-11-11,417,55.6562,23208.64,159.05,EUR,MOCK_FEED
POS01000720251111,PORT010,INS0035,2025-11-11,4720,10.346,48833.12,1446.56,USD,MOCK_FEED
POS01000820251111,PORT010,INS0036,2025-11-11,682,29.6294,20207.25,163.33,INR,MOCK_FEED
POS01000920251111,PORT010,INS0037,2025-11-11,1490,55.7119,83010.73,1821.08,GBP,MOCK_FEED
POS01001020251111,PORT010,INS0038,2025-11-11,2315,24.41,56509.15,-781.14,USD,MOCK_FEED
POS01000120251112,PORT010,INS0029,2025-11-12,4072,20.8824,85033.13,2082.22,USD,MOCK_FEED
POS01000220251112,PORT010,INS0030,2025-11-12,2166,49.6683,107581.54,-2551.13,INR,MOCK_FEED
POS01000320251112,PORT010,INS0031,2025-11-12,590,47.284,27897.56,-679.91,EUR,MOCK_FEED
POS01000420251112,PORT010,INS0032,2025-11-12,2481,58.606,145401.49,3335.27,USD,MOCK_FEED
POS01000520251112,PORT010,INS0033,2025-11-12,3037,31.8913,96853.88,2505.95,USD,MOCK_FEED
POS01000620251112,PORT010,INS0034,2025-11-12,4752,55.9999,266111.52,-4511.68,EUR,MOCK_FEED
POS01000720251112,PORT010,INS0035,2025-11-12,4171,10.417,43449.31,-438.37,INR,MOCK_FEED
POS01000820251112,PORT010,INS0036,2025-11-12,4539,29.4677,133753.89,-2710.22,USD,MOCK_FEED
POS01000920251112,PORT010,INS0037,2025-11-12,3055,55.6396,169978.98,6513.24,GBP,MOCK_FEED
POS01001020251112,PORT010,INS0038,2025-11-12,3388,24.5907,83313.29,-1756.21,INR,MOCK_FEED
POS01000120251113,PORT010,INS0029,2025-11-13,3584,20.4616,73334.37,-1597.29,GBP,MOCK_FEED
POS01000220251113,PORT010,INS0030,2025-11-13,4171,49.2112,205259.92,-1217.36,USD,MOCK_FEED
POS01000320251113,PORT010,INS0031,2025-11-13,2391,47.7403,114147.06,1021.48,INR,MOCK_FEED
POS01000420251113,PORT010,INS0032,2025-11-13,1027,58.0689,59636.76,-1508.22,GBP,MOCK_FEED
POS01000520251113,PORT010,INS0033,2025-11-13,224,31.5793,7073.76,-115.58,INR,MOCK_FEED
POS01000620251113,PORT010,INS0034,2025-11-13,4722,56.5483,267021.07,-5652.7,INR,MOCK_FEED
POS01000720251113,PORT010,INS0035,2025-11-13,1302,10.5383,13720.87,42.04,EUR,MOCK_FEED
POS01000820251113,PORT010,INS0036,2025-11-13,3408,28.4266,96877.85,3092.69,USD,MOCK_FEED
POS01000920251113,PORT010,INS0037,2025-11-13,3932,55.6769,218921.57,4419.0,INR,MOCK_FEED
POS01001020251113,PORT010,INS0038,2025-11-13,4226,24.658,104204.71,3986.14,USD,MOCK_FEED
POS01000120251114,PORT010,INS0029,2025-11-14,333,20.5225,6833.99,-36.22,EUR,MOCK_FEED
POS01000220251114,PORT010,INS0030,2025-11-14,3185,49.4467,157487.74,-4408.59,INR,MOCK_FEED
POS01000320251114,PORT010,INS0031,2025-11-14,1039,47.7281,49589.5,-1164.01,INR,MOCK_FEED
POS01000420251114,PORT010,INS0032,2025-11-14,706,57.917,40889.4,1411.73,USD,MOCK_FEED
POS01000520251114,PORT010,INS0033,2025-11-14,3315,31.9649,105963.64,2516.7,USD,MOCK_FEED
POS01000620251114,PORT010,INS0034,2025-11-14,3595,56.9682,204800.68,-3937.83,EUR,MOCK_FEED
POS01000720251114,PORT010,INS0035,2025-11-14,2409,10.3948,25041.07,170.93,USD,MOCK_FEED
POS01000820251114,PORT010,INS0036,2025-11-14,2870,28.3771,81442.28,775.44,GBP,MOCK_FEED
POS01000920251114,PORT010,INS0037,2025-11-14,3743,54.5637,204231.93,7047.68,USD,MOCK_FEED
POS01001020251114,PORT010,INS0038,2025-11-14,2860,24.5411,70187.55,-1041.38,GBP,MOCK_FEED
POS01000120251115,PORT010,INS0029,2025-11-15,889,20.4282,18160.67,-214.34,EUR,MOCK_FEED
POS01000220251115,PORT010,INS0030,2025-11-15,3601,48.9481,176262.11,-1429.93,USD,MOCK_FEED
POS01000320251115,PORT010,INS0031,2025-11-15,425,47.3017,20103.22,-454.44,USD,MOCK_FEED
POS01000420251115,PORT010,INS0032,2025-11-15,1579,59.7317,94316.35,-1016.19,INR,MOCK_FEED
POS01000520251115,PORT010,INS0033,2025-11-15,1405,32.1661,45193.37,121.07,GBP,MOCK_FEED
POS01000620251115,PORT010,INS0034,2025-11-15,4550,56.6965,257969.08,4539.88,GBP,MOCK_FEED
POS01000720251115,PORT010,INS0035,2025-11-15,348,10.2535,3568.22,-76.23,GBP,MOCK_FEED
POS01000820251115,PORT010,INS0036,2025-11-15,503,27.8526,14009.86,465.37,INR,MOCK_FEED
POS01000920251115,PORT010,INS0037,2025-11-15,3645,54.1926,197532.03,-4808.39,EUR,MOCK_FEED
POS01001020251115,PORT010,INS0038,2025-11-15,3389,24.346,82508.59,3117.52,INR,MOCK_FEED
POS01000120251116,PORT010,INS0029,2025-11-16,2729,20.4551,55821.97,1764.2,EUR,MOCK_FEED
POS01000220251116,PORT010,INS0030,2025-11-16,3619,48.3958,175144.4,-716.25,GBP,MOCK_FEED
POS01000320251116,PORT010,INS0031,2025-11-16,2996,47.3127,141748.85,4365.8,GBP,MOCK_FEED
POS01000420251116,PORT010,INS0032,2025-11-16,3177,58.9388,187248.57,6470.18,GBP,MOCK_FEED
POS01000520251116,PORT010,INS0033,2025-11-16,3054,31.8234,97188.66,-417.04,GBP,MOCK_FEED
POS01000620251116,PORT010,INS0034,2025-11-16,2230,58.1208,129609.38,-2443.16,EUR,MOCK_FEED
POS01000720251116,PORT010,INS0035,2025-11-16,3128,10.2316,32004.44,-828.92,EUR,MOCK_FEED
POS01000820251116,PORT010,INS0036,2025-11-16,3044,28.2286,85927.86,-2425.92,EUR,MOCK_FEED
POS01000920251116,PORT010,INS0037,2025-11-16,2889,54.2041,156595.64,2286.88,INR,MOCK_FEED
POS01001020251116,PORT010,INS0038,2025-11-16,3359,24.2872,81580.7,-53.56,INR,MOCK_FEED
POS01000120251117,PORT010,INS0029,2025-11-17,2436,20.4316,49771.38,1780.43,USD,MOCK_FEED
POS01000220251117,PORT010,INS0030,2025-11-17,2849,48.1807,137266.81,-1285.42,INR,MOCK_FEED
POS01000320251117,PORT010,INS0031,2025-11-17,2957,48.175,142453.48,-719.75,INR,MOCK_FEED
POS01000420251117,PORT010,INS0032,2025-11-17,2287,60.5368,138447.66,1246.39,EUR,MOCK_FEED
POS01000520251117,PORT010,INS0033,2025-11-17,2067,31.8598,65854.21,372.93,USD,MOCK_FEED
POS01000620251117,PORT010,INS0034,2025-11-17,1910,57.5234,109869.69,-1241.74,EUR,MOCK_FEED
POS01000720251117,PORT010,INS0035,2025-11-17,1191,10.0971,12025.65,248.18,GBP,MOCK_FEED
POS01000820251117,PORT010,INS0036,2025-11-17,3590,28.3356,101724.8,2336.49,INR,MOCK_FEED
POS01000920251117,PORT010,INS0037,2025-11-17,2441,53.8094,131348.75,-2394.95,INR,MOCK_FEED
POS01001020251117,PORT010,INS0038,2025-11-17,991,23.7043,23490.96,-573.46,GBP,MOCK_FEED
POS01000120251118,PORT010,INS0029,2025-11-18,1534,20.5006,31447.92,1126.65,GBP,MOCK_FEED
POS01000220251118,PORT010,INS0030,2025-11-18,1457,48.3239,70407.92,-161.53,EUR,MOCK_FEED
POS01000320251118,PORT010,INS0031,2025-11-18,1707,48.7026,83135.34,1235.76,INR,MOCK_FEED
POS01000420251118,PORT010,INS0032,2025-11-18,1617,61.54,99510.18,939.88,GBP,MOCK_FEED
POS01000520251118,PORT010,INS0033,2025-11-18,2111,31.3057,66086.33,697.19,INR,MOCK_FEED
POS01000620251118,PORT010,INS0034,2025-11-18,1441,57.2332,82473.04,1417.6,USD,MOCK_FEED
POS01000720251118,PORT010,INS0035,2025-11-18,464,10.2199,4742.03,-44.21,GBP,MOCK_FEED
POS01000820251118,PORT010,INS0036,2025-11-18,3294,29.1828,96128.14,2085.67,USD,MOCK_FEED
POS01000920251118,PORT010,INS0037,2025-11-18,2692,53.9172,145145.1,-3278.29,GBP,MOCK_FEED
POS01001020251118,PORT010,INS0038,2025-11-18,4218,23.7965,100373.64,-90.61,INR,MOCK_FEED
POS01000120251119,PORT010,INS0029,2025-11-19,2422,20.5721,49825.63,307.39,USD,MOCK_FEED
POS01000220251119,PORT010,INS0030,2025-11-19,2453,48.6453,119326.92,4683.79,EUR,MOCK_FEED
POS01000320251119,PORT010,INS0031,2025-11-19,1604,49.3342,79132.06,-671.03,INR,MOCK_FEED
POS01000420251119,PORT010,INS0032,2025-11-19,1264,60.5865,76581.34,-865.88,GBP,MOCK_FEED
POS01000520251119,PORT010,INS0033,2025-11-19,3916,31.0714,121675.6,-1967.29,INR,MOCK_FEED
POS01000620251119,PORT010,INS0034,2025-11-19,3267,57.4437,187668.57,1182.47,EUR,MOCK_FEED
POS01000720251119,PORT010,INS0035,2025-11-19,2853,10.4751,29885.46,-627.04,GBP,MOCK_FEED
POS01000820251119,PORT010,INS0036,2025-11-19,3207,28.6532,91890.81,1513.4,USD,MOCK_FEED
POS01000920251119,PORT010,INS0037,2025-11-19,4169,52.4206,218541.48,-1684.38,USD,MOCK_FEED
POS01001020251119,PORT010,INS0038,2025-11-19,2089,24.049,50238.36,-582.54,EUR,MOCK_FEED
POS01000120251120,PORT010,INS0029,2025-11-20,515,21.0369,10834.0,73.22,USD,MOCK_FEED
POS01000220251120,PORT010,INS0030,2025-11-20,3581,49.3736,176806.86,3607.1,GBP,MOCK_FEED
POS01000320251120,PORT010,INS0031,2025-11-20,3502,49.0099,171632.67,-1261.23,USD,MOCK_FEED
POS01000420251120,PORT010,INS0032,2025-11-20,1173,60.1096,70508.56,1672.76,INR,MOCK_FEED
POS01000520251120,PORT010,INS0033,2025-11-20,3145,31.085,97762.32,3639.54,EUR,MOCK_FEED
POS01000620251120,PORT010,INS0034,2025-11-20,3784,57.5123,217626.54,5095.79,EUR,MOCK_FEED
POS01000720251120,PORT010,INS0035,2025-11-20,1667,10.4972,17498.83,-100.59,INR,MOCK_FEED
POS01000820251120,PORT010,INS0036,2025-11-20,2179,28.1264,61287.43,-828.4,GBP,MOCK_FEED
POS01000920251120,PORT010,INS0037,2025-11-20,1676,51.8802,86951.22,-1650.74,INR,MOCK_FEED
POS01001020251120,PORT010,INS0038,2025-11-20,3395,23.8258,80888.59,2899.92,USD,MOCK_FEED
POS01000120251121,PORT010,INS0029,2025-11-21,625,21.2678,13292.38,-349.81,USD,MOCK_FEED
POS01000220251121,PORT010,INS0030,2025-11-21,2044,49.4449,101065.38,-2530.16,GBP,MOCK_FEED
POS01000320251121,PORT010,INS0031,2025-11-21,3469,49.2811,170956.14,-3574.74,INR,MOCK_FEED
POS01000420251121,PORT010,INS0032,2025-11-21,1081,58.8824,63651.87,1726.09,EUR,MOCK_FEED
POS01000520251121,PORT010,INS0033,2025-11-21,3925,31.9568,125430.44,1636.05,USD,MOCK_FEED
POS01000620251121,PORT010,INS0034,2025-11-21,1355,58.5149,79287.69,1119.6,INR,MOCK_FEED
POS01000720251121,PORT010,INS0035,2025-11-21,3006,10.489,31529.93,-808.14,INR,MOCK_FEED
POS01000820251121,PORT010,INS0036,2025-11-21,3549,28.2642,100309.65,2848.5,EUR,MOCK_FEED
POS01000920251121,PORT010,INS0037,2025-11-21,661,51.8957,34303.06,-268.82,GBP,MOCK_FEED
POS01001020251121,PORT010,INS0038,2025-11-21,3238,23.6251,76498.07,156.25,EUR,MOCK_FEED
POS01000120251122,PORT010,INS0029,2025-11-22,4620,21.1063,97511.11,47.38,EUR,MOCK_FEED
POS01000220251122,PORT010,INS0030,2025-11-22,1912,49.6083,94851.07,-176.49,EUR,MOCK_FEED
POS01000320251122,PORT010,INS0031,2025-11-22,1833,49.935,91530.86,575.24,GBP,MOCK_FEED
POS01000420251122,PORT010,INS0032,2025-11-22,4168,58.2467,242772.25,-965.72,EUR,MOCK_FEED
POS01000520251122,PORT010,INS0033,2025-11-22,4784,32.3309,154671.03,5715.31,INR,MOCK_FEED
POS01000620251122,PORT010,INS0034,2025-11-22,1163,58.358,67870.35,2182.9,EUR,MOCK_FEED
POS01000720251122,PORT010,INS0035,2025-11-22,3330,10.5125,35006.62,-52.14,USD,MOCK_FEED
POS01000820251122,PORT010,INS0036,2025-11-22,1313,28.1688,36985.63,335.64,EUR,MOCK_FEED
POS01000920251122,PORT010,INS0037,2025-11-22,905,50.8654,46033.19,594.57,EUR,MOCK_FEED
POS01001020251122,PORT010,INS0038,2025-11-22,734,23.7162,17407.69,-309.04,INR,MOCK_FEED
POS01000120251123,PORT010,INS0029,2025-11-23,502,20.9086,10496.12,-312.79,EUR,MOCK_FEED
POS01000220251123,PORT010,INS0030,2025-11-23,4282,49.9305,213802.4,-1391.42,INR,MOCK_FEED
POS01000320251123,PORT010,INS0031,2025-11-23,1345,50.0767,67353.16,105.36,GBP,MOCK_FEED
POS01000420251123,PORT010,INS0032,2025-11-23,912,58.0873,52975.62,-349.47,USD,MOCK_FEED
POS01000520251123,PORT010,INS0033,2025-11-23,4022,32.1533,129320.57,667.56,USD,MOCK_FEED
POS01000620251123,PORT010,INS0034,2025-11-23,2944,58.4224,171995.55,685.69,USD,MOCK_FEED
POS01000720251123,PORT010,INS0035,2025-11-23,3665,10.2725,37648.71,247.83,USD,MOCK_FEED
POS01000820251123,PORT010,INS0036,2025-11-23,4313,28.2604,121887.11,712.28,GBP,MOCK_FEED
POS01000920251123,PORT010,INS0037,2025-11-23,4338,50.7835,220298.82,4936.8,INR,MOCK_FEED
POS01001020251123,PORT010,INS0038,2025-11-23,3840,23.865,91641.6,-1641.35,INR,MOCK_FEED
POS01000120251124,PORT010,INS0029,2025-11-24,1067,20.6962,22082.85,812.59,EUR,MOCK_FEED
POS01000220251124,PORT010,INS0030,2025-11-24,4833,50.2407,242813.3,434.49,INR,MOCK_FEED
POS01000320251124,PORT010,INS0031,2025-11-24,3573,49.9096,178327.0,-2326.04,GBP,MOCK_FEED
POS01000420251124,PORT010,INS0032,2025-11-24,4962,57.9335,287466.03,1408.39,INR,MOCK_FEED
POS01000520251124,PORT010,INS0033,2025-11-24,3502,32.3643,113339.78,1664.05,USD,MOCK_FEED
POS01000620251124,PORT010,INS0034,2025-11-24,3656,58.395,213492.12,-229.38,GBP,MOCK_FEED
POS01000720251124,PORT010,INS0035,2025-11-24,4248,10.2793,43666.47,887.15,USD,MOCK_FEED
POS01000820251124,PORT010,INS0036,2025-11-24,3991,27.9552,111569.2,-1851.54,USD,MOCK_FEED
POS01000920251124,PORT010,INS0037,2025-11-24,4523,50.576,228755.25,-543.96,EUR,MOCK_FEED
POS01001020251124,PORT010,INS0038,2025-11-24,1938,23.7613,46049.4,956.93,INR,MOCK_FEED
POS01000120251125,PORT010,INS0029,2025-11-25,2377,21.066,50073.88,574.16,INR,MOCK_FEED
POS01000220251125,PORT010,INS0030,2025-11-25,693,50.4465,34959.42,838.65,GBP,MOCK_FEED
POS01000320251125,PORT010,INS0031,2025-11-25,575,49.4314,28423.05,-451.45,GBP,MOCK_FEED
POS01000420251125,PORT010,INS0032,2025-11-25,4039,57.908,233890.41,6091.02,GBP,MOCK_FEED
POS01000520251125,PORT010,INS0033,2025-11-25,4102,31.9246,130954.71,-3867.34,USD,MOCK_FEED
POS01000620251125,PORT010,INS0034,2025-11-25,1299,58.6833,76229.61,-1903.53,USD,MOCK_FEED
POS01000720251125,PORT010,INS0035,2025-11-25,1110,10.3008,11433.89,114.32,INR,MOCK_FEED
POS01000820251125,PORT010,INS0036,2025-11-25,3397,27.7163,94152.27,-680.7,GBP,MOCK_FEED
POS01000920251125,PORT010,INS0037,2025-11-25,3335,49.5886,165377.98,-4926.15,USD,MOCK_FEED
POS01001020251125,PORT010,INS0038,2025-11-25,2686,23.6159,63432.31,585.75,GBP,MOCK_FEED
POS01000120251126,PORT010,INS0029,2025-11-26,2418,20.8424,50396.92,1990.66,EUR,MOCK_FEED
POS01000220251126,PORT010,INS0030,2025-11-26,4684,50.1673,234983.63,5853.68,USD,MOCK_FEED
POS01000320251126,PORT010,INS0031,2025-11-26,3212,49.4489,158829.87,2782.45,INR,MOCK_FEED
POS01000420251126,PORT010,INS0032,2025-11-26,1292,57.016,73664.67,1173.75,EUR,MOCK_FEED
POS01000520251126,PORT010,INS0033,2025-11-26,1261,31.07,39179.27,-623.98,USD,MOCK_FEED
POS01000620251126,PORT010,INS0034,2025-11-26,1173,60.2381,70659.29,93.04,INR,MOCK_FEED
POS01000720251126,PORT010,INS0035,2025-11-26,2711,10.3245,27989.72,101.56,EUR,MOCK_FEED
POS01000820251126,PORT010,INS0036,2025-11-26,1790,28.1597,50405.86,1831.66,EUR,MOCK_FEED
POS01000920251126,PORT010,INS0037,2025-11-26,1712,50.1946,85933.16,-732.04,GBP,MOCK_FEED
POS01001020251126,PORT010,INS0038,2025-11-26,1090,24.0255,26187.8,-450.05,EUR,MOCK_FEED
POS01000120251127,PORT010,INS0029,2025-11-27,3378,21.1794,71544.01,1933.91,USD,MOCK_FEED
POS01000220251127,PORT010,INS0030,2025-11-27,4281,49.9136,213680.12,-4172.98,GBP,MOCK_FEED
POS01000320251127,PORT010,INS0031,2025-11-27,3918,49.2377,192913.31,7082.03,EUR,MOCK_FEED
POS01000420251127,PORT010,INS0032,2025-11-27,4724,56.5536,267159.21,4769.78,USD,MOCK_FEED
POS01000520251127,PORT010,INS0033,2025-11-27,4873,31.3846,152937.16,-1056.29,EUR,MOCK_FEED
POS01000620251127,PORT010,INS0034,2025-11-27,1765,60.9022,107492.38,-2079.4,INR,MOCK_FEED
POS01000720251127,PORT010,INS0035,2025-11-27,2815,10.3761,29208.72,-677.98,USD,MOCK_FEED
POS01000820251127,PORT010,INS0036,2025-11-27,4906,27.8861,136809.21,870.59,GBP,MOCK_FEED
POS01000920251127,PORT010,INS0037,2025-11-27,2852,49.9503,142458.26,-39.38,USD,MOCK_FEED
POS01001020251127,PORT010,INS0038,2025-11-27,2916,24.0287,70067.69,315.69,INR,MOCK_FEED
POS01000120251128,PORT010,INS0029,2025-11-28,4706,21.6306,101793.6,-1750.82,EUR,MOCK_FEED
POS01000220251128,PORT010,INS0030,2025-11-28,4851,50.303,244019.85,2222.83,USD,MOCK_FEED
POS01000320251128,PORT010,INS0031,2025-11-28,285,50.2763,14328.75,-235.55,EUR,MOCK_FEED
POS01000420251128,PORT010,INS0032,2025-11-28,4350,57.0491,248163.59,1551.43,INR,MOCK_FEED
POS01000520251128,PORT010,INS0033,2025-11-28,2744,30.7974,84508.07,3302.6,EUR,MOCK_FEED
POS01000620251128,PORT010,INS0034,2025-11-28,2867,60.6897,173997.37,1770.96,EUR,MOCK_FEED
POS01000720251128,PORT010,INS0035,2025-11-28,2100,10.3769,21791.49,550.79,GBP,MOCK_FEED
POS01000820251128,PORT010,INS0036,2025-11-28,2741,27.8894,76444.85,1958.98,EUR,MOCK_FEED
POS01000920251128,PORT010,INS0037,2025-11-28,4831,50.1892,242464.03,-4456.88,INR,MOCK_FEED
POS01001020251128,PORT010,INS0038,2025-11-28,4107,24.095,98958.16,3809.88,EUR,MOCK_FEED
POS01000120251129,PORT010,INS0029,2025-11-29,566,21.6191,12236.41,166.93,INR,MOCK_FEED
POS01000220251129,PORT010,INS0030,2025-11-29,426,50.2405,21402.45,-235.67,GBP,MOCK_FEED
POS01000320251129,PORT010,INS0031,2025-11-29,926,50.6512,46903.01,-572.17,USD,MOCK_FEED
POS01000420251129,PORT010,INS0032,2025-11-29,1880,56.4077,106046.48,3968.79,EUR,MOCK_FEED
POS01000520251129,PORT010,INS0033,2025-11-29,4125,30.8015,127056.19,3908.85,USD,MOCK_FEED
POS01000620251129,PORT010,INS0034,2025-11-29,2215,61.5713,136380.43,-365.02,EUR,MOCK_FEED
POS01000720251129,PORT010,INS0035,2025-11-29,379,10.4665,3966.8,133.03,GBP,MOCK_FEED
POS01000820251129,PORT010,INS0036,2025-11-29,1894,28.0804,53184.28,-1126.53,USD,MOCK_FEED
POS01000920251129,PORT010,INS0037,2025-11-29,3460,50.3336,174154.26,-4542.79,USD,MOCK_FEED
POS01001020251129,PORT010,INS0038,2025-11-29,1611,23.5863,37997.53,-798.07,GBP,MOCK_FEED
POS01000120251130,PORT010,INS0029,2025-11-30,609,21.7752,13261.1,-157.45,GBP,MOCK_FEED
POS01000220251130,PORT010,INS0030,2025-11-30,2305,50.0168,115288.72,1633.66,EUR,MOCK_FEED
POS01000320251130,PORT010,INS0031,2025-11-30,1039,50.421,52387.42,-1208.57,INR,MOCK_FEED
POS01000420251130,PORT010,INS0032,2025-11-30,4405,56.0744,247007.73,7808.77,GBP,MOCK_FEED
POS01000520251130,PORT010,INS0033,2025-11-30,1961,30.813,60424.29,-645.69,INR,MOCK_FEED
POS01000620251130,PORT010,INS0034,2025-11-30,754,60.902,45920.11,-753.74,GBP,MOCK_FEED
POS01000720251130,PORT010,INS0035,2025-11-30,796,10.5725,8415.71,-119.79,GBP,MOCK_FEED
POS01000820251130,PORT010,INS0036,2025-11-30,3203,28.3598,90836.44,706.61,INR,MOCK_FEED
POS01000920251130,PORT010,INS0037,2025-11-30,3270,50.9547,166621.87,5805.73,GBP,MOCK_FEED
POS01001020251130,PORT010,INS0038,2025-11-30,2362,23.1611,54706.52,-746.64,EUR,MOCK_FEED
POS01000120251201,PORT010,INS0029,2025-12-01,2412,21.2511,51257.65,-1379.05,INR,MOCK_FEED
POS01000220251201,PORT010,INS0030,2025-12-01,402,50.3544,20242.47,-378.47,EUR,MOCK_FEED
POS01000320251201,PORT010,INS0031,2025-12-01,3701,51.2629,189723.99,-2704.89,USD,MOCK_FEED
POS01000420251201,PORT010,INS0032,2025-12-01,939,55.6856,52288.78,1207.82,GBP,MOCK_FEED
POS01000520251201,PORT010,INS0033,2025-12-01,299,31.1777,9322.13,237.72,GBP,MOCK_FEED
POS01000620251201,PORT010,INS0034,2025-12-01,2550,60.7999,155039.74,2591.68,INR,MOCK_FEED
POS01000720251201,PORT010,INS0035,2025-12-01,1098,10.3481,11362.21,-34.75,GBP,MOCK_FEED
POS01000820251201,PORT010,INS0036,2025-12-01,2575,28.1514,72489.85,1205.94,INR,MOCK_FEED
POS01000920251201,PORT010,INS0037,2025-12-01,3937,50.3726,198316.93,3389.61,INR,MOCK_FEED
POS01001020251201,PORT010,INS0038,2025-12-01,3403,23.0024,78277.17,1393.83,USD,MOCK_FEED
POS01000120251202,PORT010,INS0029,2025-12-02,1814,21.5991,39180.77,-57.4,USD,MOCK_FEED
POS01000220251202,PORT010,INS0030,2025-12-02,448,50.2235,22500.13,378.29,USD,MOCK_FEED
POS01000320251202,PORT010,INS0031,2025-12-02,2568,50.4263,129494.74,2950.98,GBP,MOCK_FEED
POS01000420251202,PORT010,INS0032,2025-12-02,546,56.0399,30597.79,818.85,USD,MOCK_FEED
POS01000520251202,PORT010,INS0033,2025-12-02,4712,30.9863,146007.45,33.38,USD,MOCK_FEED
POS01000620251202,PORT010,INS0034,2025-12-02,272,59.8846,16288.61,544.74,GBP,MOCK_FEED
POS01000720251202,PORT010,INS0035,2025-12-02,715,10.4859,7497.42,230.32,USD,MOCK_FEED
POS01000820251202,PORT010,INS0036,2025-12-02,3072,28.5033,87562.14,-2366.03,USD,MOCK_FEED
POS01000920251202,PORT010,INS0037,2025-12-02,2210,49.4093,109194.55,-1602.88,EUR,MOCK_FEED
POS01001020251202,PORT010,INS0038,2025-12-02,3489,22.8169,79608.16,2251.05,GBP,MOCK_FEED
POS01000120251203,PORT010,INS0029,2025-12-03,2222,21.0978,46879.31,-354.29,EUR,MOCK_FEED
POS01000220251203,PORT010,INS0030,2025-12-03,1513,48.5889,73515.01,984.15,GBP,MOCK_FEED
POS01000320251203,PORT010,INS0031,2025-12-03,3572,50.3088,179703.03,6190.27,EUR,MOCK_FEED
POS01000420251203,PORT010,INS0032,2025-12-03,4705,55.5182,261213.13,-2282.46,USD,MOCK_FEED
POS01000520251203,PORT010,INS0033,2025-12-03,2438,31.3754,76493.23,-1243.79,INR,MOCK_FEED
POS01000620251203,PORT010,INS0034,2025-12-03,3893,59.9885,233535.23,7759.59,GBP,MOCK_FEED
POS01000720251203,PORT010,INS0035,2025-12-03,807,10.2958,8308.71,-11.45,INR,MOCK_FEED
POS01000820251203,PORT010,INS0036,2025-12-03,390,28.1162,10965.32,345.87,EUR,MOCK_FEED
POS01000920251203,PORT010,INS0037,2025-12-03,1268,49.9391,63322.78,2278.14,USD,MOCK_FEED
POS01001020251203,PORT010,INS0038,2025-12-03,665,23.2897,15487.65,-412.54,USD,MOCK_FEED
POS01000120251204,PORT010,INS0029,2025-12-04,2484,21.2339,52745.01,1478.22,GBP,MOCK_FEED
POS01000220251204,PORT010,INS0030,2025-12-04,2067,48.5351,100322.05,1121.91,USD,MOCK_FEED
POS01000320251204,PORT010,INS0031,2025-12-04,161,50.2413,8088.85,141.32,USD,MOCK_FEED
POS01000420251204,PORT010,INS0032,2025-12-04,276,54.6041,15070.73,63.32,INR,MOCK_FEED
POS01000520251204,PORT010,INS0033,2025-12-04,4012,31.0596,124611.12,4907.49,GBP,MOCK_FEED
POS01000620251204,PORT010,INS0034,2025-12-04,2608,60.1612,156900.41,-87.65,GBP,MOCK_FEED
POS01000720251204,PORT010,INS0035,2025-12-04,4355,10.395,45270.22,218.7,EUR,MOCK_FEED
POS01000820251204,PORT010,INS0036,2025-12-04,1491,28.0275,41789.0,-664.34,USD,MOCK_FEED
POS01000920251204,PORT010,INS0037,2025-12-04,1046,49.4039,51676.48,-1527.09,USD,MOCK_FEED
POS01001020251204,PORT010,INS0038,2025-12-04,1621,23.2435,37677.71,-850.14,GBP,MOCK_FEED
POS01000120251205,PORT010,INS0029,2025-12-05,1129,20.9237,23622.86,818.61,GBP,MOCK_FEED
POS01000220251205,PORT010,INS0030,2025-12-05,3832,48.1673,184577.09,-2825.05,INR,MOCK_FEED
POS01000320251205,PORT010,INS0031,2025-12-05,753,50.7774,38235.38,379.81,GBP,MOCK_FEED
POS01000420251205,PORT010,INS0032,2025-12-05,3138,54.5316,171120.16,3333.86,EUR,MOCK_FEED
POS01000520251205,PORT010,INS0033,2025-12-05,3048,30.9934,94467.88,-2387.59,EUR,MOCK_FEED
POS01000620251205,PORT010,INS0034,2025-12-05,2060,59.985,123569.1,2738.37,EUR,MOCK_FEED
POS01000720251205,PORT010,INS0035,2025-12-05,2117,10.3558,21923.23,-653.83,INR,MOCK_FEED
POS01000820251205,PORT010,INS0036,2025-12-05,1660,27.3159,45344.39,571.9,INR,MOCK_FEED
POS01000920251205,PORT010,INS0037,2025-12-05,4003,49.3607,197590.88,3458.32,EUR,MOCK_FEED
POS01001020251205,PORT010,INS0038,2025-12-05,4747,23.0659,109493.83,256.92,INR,MOCK_FEED
POS01000120251206,PORT010,INS0029,2025-12-06,1475,20.7455,30599.61,105.13,INR,MOCK_FEED
POS01000220251206,PORT010,INS0030,2025-12-06,4107,47.8113,196361.01,-1677.36,USD,MOCK_FEED
POS01000320251206,PORT010,INS0031,2025-12-06,1288,50.3482,64848.48,1472.63,USD,MOCK_FEED
POS01000420251206,PORT010,INS0032,2025-12-06,4049,53.3444,215991.48,1097.9,EUR,MOCK_FEED
POS01000520251206,PORT010,INS0033,2025-12-06,2827,31.3835,88721.15,2080.16,EUR,MOCK_FEED
POS01000620251206,PORT010,INS0034,2025-12-06,1858,59.5457,110635.91,-3023.18,EUR,MOCK_FEED
POS01000720251206,PORT010,INS0035,2025-12-06,2158,10.1984,22008.15,-588.8,GBP,MOCK_FEED
POS01000820251206,PORT010,INS0036,2025-12-06,402,27.2039,10935.97,-256.23,USD,MOCK_FEED
POS01000920251206,PORT010,INS0037,2025-12-06,2658,49.5773,131776.46,-1238.45,GBP,MOCK_FEED
POS01001020251206,PORT010,INS0038,2025-12-06,3904,23.237,90717.25,1399.23,USD,MOCK_FEED
POS01000120251207,PORT010,INS0029,2025-12-07,4798,20.7247,99437.11,-2760.55,USD,MOCK_FEED
POS01000220251207,PORT010,INS0030,2025-12-07,4833,47.5219,229673.34,6913.69,GBP,MOCK_FEED
POS01000320251207,PORT010,INS0031,2025-12-07,1723,49.7968,85799.89,1546.84,GBP,MOCK_FEED
POS01000420251207,PORT010,INS0032,2025-12-07,2202,53.0552,116827.55,-2743.23,GBP,MOCK_FEED
POS01000520251207,PORT010,INS0033,2025-12-07,2884,31.2999,90268.91,1735.86,GBP,MOCK_FEED
POS01000620251207,PORT010,INS0034,2025-12-07,3478,59.1796,205826.65,-4882.92,GBP,MOCK_FEED
POS01000720251207,PORT010,INS0035,2025-12-07,2224,10.3561,23031.97,-3.92,GBP,MOCK_FEED
POS01000820251207,PORT010,INS0036,2025-12-07,1146,27.6661,31705.35,-265.74,INR,MOCK_FEED
POS01000920251207,PORT010,INS0037,2025-12-07,4143,49.6222,205584.77,-844.35,USD,MOCK_FEED
POS01001020251207,PORT010,INS0038,2025-12-07,4867,23.4308,114037.7,285.22,EUR,MOCK_FEED
POS01000120251208,PORT010,INS0029,2025-12-08,4175,20.7959,86822.88,104.1,EUR,MOCK_FEED
POS01000220251208,PORT010,INS0030,2025-12-08,2284,48.6945,111218.24,1108.92,GBP,MOCK_FEED
POS01000320251208,PORT010,INS0031,2025-12-08,3686,49.8293,183670.8,6630.72,INR,MOCK_FEED
POS01000420251208,PORT010,INS0032,2025-12-08,4188,53.504,224074.75,900.46,INR,MOCK_FEED
POS01000520251208,PORT010,INS0033,2025-12-08,1394,31.2101,43506.88,263.04,USD,MOCK_FEED
POS01000620251208,PORT010,INS0034,2025-12-08,3965,58.6245,232446.14,6476.57,USD,MOCK_FEED
POS01000720251208,PORT010,INS0035,2025-12-08,1867,10.2255,19091.01,577.13,EUR,MOCK_FEED
POS01000820251208,PORT010,INS0036,2025-12-08,1252,28.0093,35067.64,-396.68,EUR,MOCK_FEED
POS01000920251208,PORT010,INS0037,2025-12-08,4412,49.67,219144.04,-595.91,EUR,MOCK_FEED
POS01001020251208,PORT010,INS0038,2025-12-08,1307,23.502,30717.11,-644.97,GBP,MOCK_FEED
POS01000120251209,PORT010,INS0029,2025-12-09,4784,20.5936,98519.78,464.44,INR,MOCK_FEED
POS01000220251209,PORT010,INS0030,2025-12-09,2440,48.5632,118494.21,3529.54,GBP,MOCK_FEED
POS01000320251209,PORT010,INS0031,2025-12-09,361,50.1722,18112.16,-74.89,EUR,MOCK_FEED
POS01000420251209,PORT010,INS0032,2025-12-09,1270,53.0428,67364.36,1575.1,GBP,MOCK_FEED
POS01000520251209,PORT010,INS0033,2025-12-09,3298,30.9811,102175.67,1128.9,GBP,MOCK_FEED
POS01000620251209,PORT010,INS0034,2025-12-09,2829,58.1802,164591.79,1365.45,EUR,MOCK_FEED
POS01000720251209,PORT010,INS0035,2025-12-09,136,10.2828,1398.46,-6.38,GBP,MOCK_FEED
POS01000820251209,PORT010,INS0036,2025-12-09,1459,27.5597,40209.6,1109.23,INR,MOCK_FEED
POS01000920251209,PORT010,INS0037,2025-12-09,3535,49.7805,175974.07,3249.33,USD,MOCK_FEED
POS01001020251209,PORT010,INS0038,2025-12-09,1492,23.7862,35489.01,-86.0,EUR,MOCK_FEED
POS01000120251210,PORT010,INS0029,2025-12-10,655,20.3038,13298.99,-219.37,GBP,MOCK_FEED
POS01000220251210,PORT010,INS0030,2025-12-10,3440,47.4321,163166.42,2153.0,USD,MOCK_FEED
POS01000320251210,PORT010,INS0031,2025-12-10,4148,50.7156,210368.31,6388.27,GBP,MOCK_FEED
POS01000420251210,PORT010,INS0032,2025-12-10,4382,54.2908,237902.29,8953.95,INR,MOCK_FEED
POS01000520251210,PORT010,INS0033,2025-12-10,2940,31.2035,91738.29,2920.77,EUR,MOCK_FEED
POS01000620251210,PORT010,INS0034,2025-12-10,3843,57.6677,221616.97,6803.89,USD,MOCK_FEED
POS01000720251210,PORT010,INS0035,2025-12-10,4559,10.2182,46584.77,-1244.45,INR,MOCK_FEED
POS01000820251210,PORT010,INS0036,2025-12-10,3987,27.1998,108445.6,4207.63,GBP,MOCK_FEED
POS01000920251210,PORT010,INS0037,2025-12-10,239,50.6358,12101.96,-95.69,INR,MOCK_FEED
POS01001020251210,PORT010,INS0038,2025-12-10,655,23.9722,15701.79,213.59,INR,MOCK_FEED
POS01000120251211,PORT010,INS0029,2025-12-11,4795,20.0295,96041.45,522.33,USD,MOCK_FEED
POS01000220251211,PORT010,INS0030,2025-12-11,2148,47.7044,102469.05,2689.39,INR,MOCK_FEED
POS01000320251211,PORT010,INS0031,2025-12-11,172,50.6698,8715.21,129.81,GBP,MOCK_FEED
POS01000420251211,PORT010,INS0032,2025-12-11,2541,54.7355,139082.91,-3951.43,EUR,MOCK_FEED
POS01000520251211,PORT010,INS0033,2025-12-11,3552,30.9971,110101.7,-1174.47,INR,MOCK_FEED
POS01000620251211,PORT010,INS0034,2025-12-11,1534,57.7501,88588.65,3376.67,USD,MOCK_FEED
POS01000720251211,PORT010,INS0035,2025-12-11,771,10.406,8023.03,-180.38,INR,MOCK_FEED
POS01000820251211,PORT010,INS0036,2025-12-11,1065,26.8802,28627.41,116.19,INR,MOCK_FEED
POS01000920251211,PORT010,INS0037,2025-12-11,1818,50.8723,92485.84,2844.98,GBP,MOCK_FEED
POS01001020251211,PORT010,INS0038,2025-12-11,1596,24.2113,38641.23,106.11,EUR,MOCK_FEED
POS01000120251212,PORT010,INS0029,2025-12-12,1550,20.2301,31356.65,513.79,INR,MOCK_FEED
POS01000220251212,PORT010,INS0030,2025-12-12,3867,47.2363,182662.77,6638.37,GBP,MOCK_FEED
POS01000320251212,PORT010,INS0031,2025-12-12,1833,50.9067,93311.98,-1173.03,INR,MOCK_FEED
POS01000420251212,PORT010,INS0032,2025-12-12,4146,53.8493,223259.2,1110.63,USD,MOCK_FEED
POS01000520251212,PORT010,INS0033,2025-12-12,1562,31.6958,49508.84,1012.19,EUR,MOCK_FEED
POS01000620251212,PORT010,INS0034,2025-12-12,1127,57.3407,64622.97,1702.29,INR,MOCK_FEED
POS01000720251212,PORT010,INS0035,2025-12-12,4567,10.5942,48383.71,912.65,INR,MOCK_FEED
POS01000820251212,PORT010,INS0036,2025-12-12,1370,26.2124,35910.99,838.15,GBP,MOCK_FEED
POS01000920251212,PORT010,INS0037,2025-12-12,4918,51.6883,254203.06,87.06,EUR,MOCK_FEED
POS01001020251212,PORT010,INS0038,2025-12-12,2047,24.1734,49482.95,1719.11,GBP,MOCK_FEED
POS01000120251213,PORT010,INS0029,2025-12-13,138,20.1233,2777.02,90.52,INR,MOCK_FEED
POS01000220251213,PORT010,INS0030,2025-12-13,3027,47.8542,144854.66,-1167.02,EUR,MOCK_FEED
POS01000320251213,PORT010,INS0031,2025-12-13,4499,50.6945,228074.56,-4861.23,USD,MOCK_FEED
POS01000420251213,PORT010,INS0032,2025-12-13,2104,53.3892,112330.88,-1842.94,EUR,MOCK_FEED
POS01000520251213,PORT010,INS0033,2025-12-13,4036,31.9828,129082.58,520.5,INR,MOCK_FEED
POS01000620251213,PORT010,INS0034,2025-12-13,166,57.884,9608.74,364.13,INR,MOCK_FEED
POS01000720251213,PORT010,INS0035,2025-12-13,2254,10.6293,23958.44,549.49,INR,MOCK_FEED
POS01000820251213,PORT010,INS0036,2025-12-13,2944,26.8603,79076.72,-193.65,GBP,MOCK_FEED
POS01000920251213,PORT010,INS0037,2025-12-13,2294,51.6132,118400.68,-2817.91,GBP,MOCK_FEED
POS01001020251213,PORT010,INS0038,2025-12-13,717,23.9997,17207.78,-19.62,INR,MOCK_FEED
POS01000120251214,PORT010,INS0029,2025-12-14,4632,20.1162,93178.24,1143.12,GBP,MOCK_FEED
POS01000220251214,PORT010,INS0030,2025-12-14,4037,48.6571,196428.71,7535.26,GBP,MOCK_FEED
POS01000320251214,PORT010,INS0031,2025-12-14,946,51.8596,49059.18,-1372.11,EUR,MOCK_FEED
POS01000420251214,PORT010,INS0032,2025-12-14,2259,54.0759,122157.46,1627.98,INR,MOCK_FEED
POS01000520251214,PORT010,INS0033,2025-12-14,109,32.5774,3550.94,135.18,EUR,MOCK_FEED
POS01000620251214,PORT010,INS0034,2025-12-14,2211,58.7693,129938.92,-418.82,GBP,MOCK_FEED
POS01000720251214,PORT010,INS0035,2025-12-14,3865,10.5501,40776.14,1272.5,GBP,MOCK_FEED
POS01000820251214,PORT010,INS0036,2025-12-14,4140,26.3629,109142.41,350.43,INR,MOCK_FEED
POS01000920251214,PORT010,INS0037,2025-12-14,386,51.5019,19879.73,147.66,GBP,MOCK_FEED
POS01001020251214,PORT010,INS0038,2025-12-14,1124,23.5315,26449.41,155.46,USD,MOCK_FEED
POS01000120251215,PORT010,INS0029,2025-12-15,2403,20.5489,49379.01,4.85,INR,MOCK_FEED
POS01000220251215,PORT010,INS0030,2025-12-15,4990,48.3257,241145.24,-457.09,INR,MOCK_FEED
POS01000320251215,PORT010,INS0031,2025-12-15,3170,51.0925,161963.23,6160.35,EUR,MOCK_FEED
POS01000420251215,PORT010,INS0032,2025-12-15,3600,54.403,195850.8,1519.37,EUR,MOCK_FEED
POS01000520251215,PORT010,INS0033,2025-12-15,3304,33.249,109854.7,309.32,USD,MOCK_FEED
POS01000620251215,PORT010,INS0034,2025-12-15,1982,59.2775,117488.01,-2878.67,INR,MOCK_FEED
POS01000720251215,PORT010,INS0035,2025-12-15,955,10.6175,10139.71,-138.13,EUR,MOCK_FEED
POS01000820251215,PORT010,INS0036,2025-12-15,4751,26.3729,125297.65,-3317.97,EUR,MOCK_FEED
POS01000920251215,PORT010,INS0037,2025-12-15,3689,50.5556,186499.61,-3608.36,EUR,MOCK_FEED
POS01001020251215,PORT010,INS0038,2025-12-15,4403,22.9734,101151.88,-35.78,INR,MOCK_FEED
POS01000120251216,PORT010,INS0029,2025-12-16,2688,20.4558,54985.19,568.97,EUR,MOCK_FEED
POS01000220251216,PORT010,INS0030,2025-12-16,3628,48.2039,174883.75,-152.77,GBP,MOCK_FEED
POS01000320251216,PORT010,INS0031,2025-12-16,2993,51.7463,154876.68,-4079.01,INR,MOCK_FEED
POS01000420251216,PORT010,INS0032,2025-12-16,514,55.3355,28442.45,-361.9,USD,MOCK_FEED
POS01000520251216,PORT010,INS0033,2025-12-16,4036,33.4289,134919.04,-2944.96,GBP,MOCK_FEED
POS01000620251216,PORT010,INS0034,2025-12-16,125,58.9459,7368.24,-191.99,EUR,MOCK_FEED
POS01000720251216,PORT010,INS0035,2025-12-16,3654,10.5814,38664.44,1493.11,GBP,MOCK_FEED
POS01000820251216,PORT010,INS0036,2025-12-16,3855,25.9665,100100.86,-1706.3,INR,MOCK_FEED
POS01000920251216,PORT010,INS0037,2025-12-16,3268,51.0728,166905.91,-2102.35,USD,MOCK_FEED
POS01001020251216,PORT010,INS0038,2025-12-16,2478,23.373,57918.29,426.57,EUR,MOCK_FEED
POS01000120251217,PORT010,INS0029,2025-12-17,969,20.4325,19799.09,196.06,EUR,MOCK_FEED
POS01000220251217,PORT010,INS0030,2025-12-17,737,48.6606,35862.86,-457.52,INR,MOCK_FEED
POS01000320251217,PORT010,INS0031,2025-12-17,2877,52.5687,151240.15,2594.42,INR,MOCK_FEED
POS01000420251217,PORT010,INS0032,2025-12-17,4184,55.8879,233834.97,3852.45,USD,MOCK_FEED
POS01000520251217,PORT010,INS0033,2025-12-17,3870,33.0114,127754.12,-47.28,INR,MOCK_FEED
POS01000620251217,PORT010,INS0034,2025-12-17,1993,59.3927,118369.65,-178.31,INR,MOCK_FEED
POS01000720251217,PORT010,INS0035,2025-12-17,558,10.6231,5927.69,29.41,INR,MOCK_FEED
POS01000820251217,PORT010,INS0036,2025-12-17,4808,26.146,125709.97,2522.8,GBP,MOCK_FEED
POS01000920251217,PORT010,INS0037,2025-12-17,2190,51.5391,112870.63,-1349.88,INR,MOCK_FEED
POS01001020251217,PORT010,INS0038,2025-12-17,2860,23.5837,67449.38,804.69,GBP,MOCK_FEED
POS01000120251218,PORT010,INS0029,2025-12-18,1629,20.2911,33054.2,1143.27,EUR,MOCK_FEED
POS01000220251218,PORT010,INS0030,2025-12-18,2652,49.1798,130424.83,-3269.77,INR,MOCK_FEED
POS01000320251218,PORT010,INS0031,2025-12-18,4874,52.7102,256909.51,7072.96,GBP,MOCK_FEED
POS01000420251218,PORT010,INS0032,2025-12-18,3706,56.5534,209586.9,-4154.96,INR,MOCK_FEED
POS01000520251218,PORT010,INS0033,2025-12-18,3965,33.0079,130876.32,-1171.51,GBP,MOCK_FEED
POS01000620251218,PORT010,INS0034,2025-12-18,1304,57.98,75605.92,-699.86,INR,MOCK_FEED
POS01000720251218,PORT010,INS0035,2025-12-18,2068,10.6631,22051.29,-595.98,USD,MOCK_FEED
POS01000820251218,PORT010,INS0036,2025-12-18,2033,26.7459,54374.41,1279.62,INR,MOCK_FEED
POS01000920251218,PORT010,INS0037,2025-12-18,3533,53.0516,187431.3,6812.21,INR,MOCK_FEED
POS01001020251218,PORT010,INS0038,2025-12-18,794,23.7133,18828.36,509.19,EUR,MOCK_FEED
POS01000120251219,PORT010,INS0029,2025-12-19,2957,20.411,60355.33,1688.84,EUR,MOCK_FEED
POS01000220251219,PORT010,INS0030,2025-12-19,4844,49.4836,239698.56,-2824.01,INR,MOCK_FEED
POS01000320251219,PORT010,INS0031,2025-12-19,1000,52.6576,52657.6,1787.11,EUR,MOCK_FEED
POS01000420251219,PORT010,INS0032,2025-12-19,1168,55.0891,64344.07,-1650.87,EUR,MOCK_FEED
POS01000520251219,PORT010,INS0033,2025-12-19,1636,33.0513,54071.93,1248.83,INR,MOCK_FEED
POS01000620251219,PORT010,INS0034,2025-12-19,657,58.5555,38470.96,17.15,EUR,MOCK_FEED
POS01000720251219,PORT010,INS0035,2025-12-19,4851,10.7744,52266.61,-899.57,GBP,MOCK_FEED
POS01000820251219,PORT010,INS0036,2025-12-19,3680,27.3393,100608.62,-2515.6,USD,MOCK_FEED
POS01000920251219,PORT010,INS0037,2025-12-19,3618,53.2664,192717.84,-4157.48,INR,MOCK_FEED
POS01001020251219,PORT010,INS0038,2025-12-19,2261,23.6598,53494.81,-1142.63,GBP,MOCK_FEED
POS01000120251220,PORT010,INS0029,2025-12-20,126,19.9535,2514.14,-41.53,GBP,MOCK_FEED
POS01000220251220,PORT010,INS0030,2025-12-20,3808,48.8561,186044.03,1301.42,INR,MOCK_FEED
POS01000320251220,PORT010,INS0031,2025-12-20,2308,53.6502,123824.66,1569.3,EUR,MOCK_FEED
POS01000420251220,PORT010,INS0032,2025-12-20,1831,55.0555,100806.62,-1429.15,EUR,MOCK_FEED
POS01000520251220,PORT010,INS0033,2025-12-20,216,34.1213,7370.2,174.27,INR,MOCK_FEED
POS01000620251220,PORT010,INS0034,2025-12-20,2258,59.0509,133336.93,2877.16,GBP,MOCK_FEED
POS01000720251220,PORT010,INS0035,2025-12-20,3244,10.9349,35472.82,96.5,USD,MOCK_FEED
POS01000820251220,PORT010,INS0036,2025-12-20,749,27.4778,20580.87,821.08,USD,MOCK_FEED
POS01000920251220,PORT010,INS0037,2025-12-20,372,52.5351,19543.06,498.7,EUR,MOCK_FEED
POS01001020251220,PORT010,INS0038,2025-12-20,3723,23.8156,88665.48,2251.04,USD,MOCK_FEED
POS01000120251221,PORT010,INS0029,2025-12-21,1229,20.1675,24785.86,-498.42,USD,MOCK_FEED
POS01000220251221,PORT010,INS0030,2025-12-21,1139,49.1157,55942.78,-709.04,INR,MOCK_FEED
POS01000320251221,PORT010,INS0031,2025-12-21,3920,53.7146,210561.23,-947.5,INR,MOCK_FEED
POS01000420251221,PORT010,INS0032,2025-12-21,4521,55.2279,249685.34,3959.5,GBP,MOCK_FEED
POS01000520251221,PORT010,INS0033,2025-12-21,4268,33.8148,144321.57,482.73,USD,MOCK_FEED
POS01000620251221,PORT010,INS0034,2025-12-21,3448,59.5381,205287.37,-3199.75,GBP,MOCK_FEED
POS01000720251221,PORT010,INS0035,2025-12-21,3137,10.9522,34357.05,-553.11,EUR,MOCK_FEED
POS01000820251221,PORT010,INS0036,2025-12-21,4528,26.7394,121076.0,871.47,USD,MOCK_FEED
POS01000920251221,PORT010,INS0037,2025-12-21,786,51.9347,40820.67,-1045.29,EUR,MOCK_FEED
POS01001020251221,PORT010,INS0038,2025-12-21,651,24.07,15669.57,39.51,EUR,MOCK_FEED
POS01000120251222,PORT010,INS0029,2025-12-22,4882,20.0161,97718.6,399.14,EUR,MOCK_FEED
POS01000220251222,PORT010,INS0030,2025-12-22,1031,49.3745,50905.11,1052.33,INR,MOCK_FEED
POS01000320251222,PORT010,INS0031,2025-12-22,1067,54.4033,58048.32,1.29,INR,MOCK_FEED
POS01000420251222,PORT010,INS0032,2025-12-22,1521,55.6082,84580.07,3187.58,INR,MOCK_FEED
POS01000520251222,PORT010,INS0033,2025-12-22,2268,33.7126,76460.18,2374.69,GBP,MOCK_FEED
POS01000620251222,PORT010,INS0034,2025-12-22,3968,59.1721,234794.89,563.45,GBP,MOCK_FEED
POS01000720251222,PORT010,INS0035,2025-12-22,3089,10.9073,33692.65,139.39,INR,MOCK_FEED
POS01000820251222,PORT010,INS0036,2025-12-22,1945,26.584,51705.88,-1009.54,GBP,MOCK_FEED
POS01000920251222,PORT010,INS0037,2025-12-22,1586,51.8588,82248.06,6.61,INR,MOCK_FEED
POS01001020251222,PORT010,INS0038,2025-12-22,2473,24.2647,60006.6,-1299.15,GBP,MOCK_FEED
POS01000120251223,PORT010,INS0029,2025-12-23,846,20.4241,17278.79,154.95,GBP,MOCK_FEED
POS01000220251223,PORT010,INS0030,2025-12-23,3532,49.0731,173326.19,1171.05,GBP,MOCK_FEED
POS01000320251223,PORT010,INS0031,2025-12-23,164,53.7746,8819.03,162.44,INR,MOCK_FEED
POS01000420251223,PORT010,INS0032,2025-12-23,3224,55.8354,180013.33,-2847.57,INR,MOCK_FEED
POS01000520251223,PORT010,INS0033,2025-12-23,1781,32.9789,58735.42,-636.95,INR,MOCK_FEED
POS01000620251223,PORT010,INS0034,2025-12-23,4406,59.8631,263756.82,778.86,GBP,MOCK_FEED
POS01000720251223,PORT010,INS0035,2025-12-23,1823,10.8043,19696.24,343.42,INR,MOCK_FEED
POS01000820251223,PORT010,INS0036,2025-12-23,4442,26.2003,116381.73,1641.38,INR,MOCK_FEED
POS01000920251223,PORT010,INS0037,2025-12-23,2877,51.3449,147719.28,-2646.87,GBP,MOCK_FEED
POS01001020251223,PORT010,INS0038,2025-12-23,1902,24.4567,46516.64,678.04,INR,MOCK_FEED
POS01000120251224,PORT010,INS0029,2025-12-24,4136,20.2163,83614.62,2437.02,GBP,MOCK_FEED
POS01000220251224,PORT010,INS0030,2025-12-24,4824,48.2819,232911.89,-440.92,USD,MOCK_FEED
POS01000320251224,PORT010,INS0031,2025-12-24,625,52.353,32720.62,-506.16,INR,MOCK_FEED
POS01000420251224,PORT010,INS0032,2025-12-24,2861,57.1658,163551.35,4341.71,GBP,MOCK_FEED
POS01000520251224,PORT010,INS0033,2025-12-24,502,32.7323,16431.61,-66.64,USD,MOCK_FEED
POS01000620251224,PORT010,INS0034,2025-12-24,975,59.857,58360.57,1147.29,EUR,MOCK_FEED
POS01000720251224,PORT010,INS0035,2025-12-24,878,10.6474,9348.42,-10.57,INR,MOCK_FEED
POS01000820251224,PORT010,INS0036,2025-12-24,1899,26.4844,50293.88,1627.28,INR,MOCK_FEED
POS01000920251224,PORT010,INS0037,2025-12-24,349,51.2301,17879.3,-270.2,EUR,MOCK_FEED
POS01001020251224,PORT010,INS0038,2025-12-24,2836,24.2644,68813.84,2743.64,GBP,MOCK_FEED
POS01000120251225,PORT010,INS0029,2025-12-25,1241,20.2618,25144.89,-303.25,EUR,MOCK_FEED
POS01000220251225,PORT010,INS0030,2025-12-25,4341,48.4638,210381.36,2712.67,USD,MOCK_FEED
POS01000320251225,PORT010,INS0031,2025-12-25,1407,53.376,75100.03,1102.69,INR,MOCK_FEED
POS01000420251225,PORT010,INS0032,2025-12-25,1568,56.3131,88298.94,3484.27,EUR,MOCK_FEED
POS01000520251225,PORT010,INS0033,2025-12-25,695,32.8622,22839.23,779.31,EUR,MOCK_FEED
POS01000620251225,PORT010,INS0034,2025-12-25,1169,60.3322,70528.34,2778.27,INR,MOCK_FEED
POS01000720251225,PORT010,INS0035,2025-12-25,3606,10.7658,38821.47,377.04,USD,MOCK_FEED
POS01000820251225,PORT010,INS0036,2025-12-25,4663,26.2618,122458.77,698.89,EUR,MOCK_FEED
POS01000920251225,PORT010,INS0037,2025-12-25,2621,51.5158,135022.91,-748.7,USD,MOCK_FEED
POS01001020251225,PORT010,INS0038,2025-12-25,4711,24.153,113784.78,899.87,INR,MOCK_FEED
POS01000120251226,PORT010,INS0029,2025-12-26,248,20.3216,5039.76,-134.23,GBP,MOCK_FEED
POS01000220251226,PORT010,INS0030,2025-12-26,4513,48.1964,217510.35,-1334.47,USD,MOCK_FEED
POS01000320251226,PORT010,INS0031,2025-12-26,1486,52.7966,78455.75,527.59,INR,MOCK_FEED
POS01000420251226,PORT010,INS0032,2025-12-26,2418,56.4683,136540.35,-53.49,GBP,MOCK_FEED
POS01000520251226,PORT010,INS0033,2025-12-26,496,32.8513,16294.24,279.32,INR,MOCK_FEED
POS01000620251226,PORT010,INS0034,2025-12-26,2423,59.966,145297.62,1681.04,INR,MOCK_FEED
POS01000720251226,PORT010,INS0035,2025-12-26,529,10.8466,5737.85,113.86,GBP,MOCK_FEED
POS01000820251226,PORT010,INS0036,2025-12-26,252,26.4004,6652.9,-100.27,EUR,MOCK_FEED
POS01000920251226,PORT010,INS0037,2025-12-26,1087,51.6494,56142.9,1680.53,GBP,MOCK_FEED
POS01001020251226,PORT010,INS0038,2025-12-26,2253,23.8794,53800.29,-426.37,INR,MOCK_FEED
POS01000120251227,PORT010,INS0029,2025-12-27,408,20.2503,8262.12,-179.15,INR,MOCK_FEED
POS01000220251227,PORT010,INS0030,2025-12-27,4652,48.114,223826.33,7926.16,GBP,MOCK_FEED
POS01000320251227,PORT010,INS0031,2025-12-27,1419,53.4347,75823.84,2207.11,INR,MOCK_FEED
POS01000420251227,PORT010,INS0032,2025-12-27,3609,57.2992,206792.81,134.23,USD,MOCK_FEED
POS01000520251227,PORT010,INS0033,2025-12-27,4716,32.7826,154602.74,-4332.47,INR,MOCK_FEED
POS01000620251227,PORT010,INS0034,2025-12-27,3803,60.4422,229861.69,-1349.1,USD,MOCK_FEED
POS01000720251227,PORT010,INS0035,2025-12-27,641,11.0306,7070.61,176.92,GBP,MOCK_FEED
POS01000820251227,PORT010,INS0036,2025-12-27,696,26.8645,18697.69,735.07,EUR,MOCK_FEED
POS01000920251227,PORT010,INS0037,2025-12-27,1563,51.1853,80002.62,-1484.27,GBP,MOCK_FEED
POS01001020251227,PORT010,INS0038,2025-12-27,1744,23.8125,41529.0,1444.99,USD,MOCK_FEED
POS01000120251228,PORT010,INS0029,2025-12-28,4335,20.2518,87791.55,-400.69,USD,MOCK_FEED
POS01000220251228,PORT010,INS0030,2025-12-28,3526,47.9787,169172.9,4610.92,USD,MOCK_FEED
POS01000320251228,PORT010,INS0031,2025-12-28,2270,53.2737,120931.3,947.25,INR,MOCK_FEED
POS01000420251228,PORT010,INS0032,2025-12-28,2470,57.9225,143068.58,-1621.78,GBP,MOCK_FEED
POS01000520251228,PORT010,INS0033,2025-12-28,558,32.9761,18400.66,258.52,EUR,MOCK_FEED
POS01000620251228,PORT010,INS0034,2025-12-28,4977,60.5187,301201.57,-8625.64,GBP,MOCK_FEED
POS01000720251228,PORT010,INS0035,2025-12-28,3108,11.2273,34894.45,-84.7,USD,MOCK_FEED
POS01000820251228,PORT010,INS0036,2025-12-28,404,27.0565,10930.83,272.73,GBP,MOCK_FEED
POS01000920251228,PORT010,INS0037,2025-12-28,1673,49.6068,82992.18,-2038.19,USD,MOCK_FEED
POS01001020251228,PORT010,INS0038,2025-12-28,2385,23.8503,56882.97,1840.48,INR,MOCK_FEED
POS01000120251229,PORT010,INS0029,2025-12-29,2663,20.007,53278.64,139.37,USD,MOCK_FEED
POS01000220251229,PORT010,INS0030,2025-12-29,2156,47.786,103026.62,3384.5,INR,MOCK_FEED
POS01000320251229,PORT010,INS0031,2025-12-29,2704,53.0814,143532.11,4954.07,USD,MOCK_FEED
POS01000420251229,PORT010,INS0032,2025-12-29,2114,57.6238,121816.71,-2352.03,USD,MOCK_FEED
POS01000520251229,PORT010,INS0033,2025-12-29,1175,32.7372,38466.21,-193.77,EUR,MOCK_FEED
POS01000620251229,PORT010,INS0034,2025-12-29,3160,60.1803,190169.75,-136.57,EUR,MOCK_FEED
POS01000720251229,PORT010,INS0035,2025-12-29,4454,11.4362,50936.83,1450.63,EUR,MOCK_FEED
POS01000820251229,PORT010,INS0036,2025-12-29,2418,27.493,66478.07,-1041.8,USD,MOCK_FEED
POS01000920251229,PORT010,INS0037,2025-12-29,4590,49.0593,225182.19,1868.1,USD,MOCK_FEED
POS01001020251229,PORT010,INS0038,2025-12-29,2342,23.8947,55961.39,-1229.07,USD,MOCK_FEED
POS01000120251230,PORT010,INS0029,2025-12-30,675,19.6797,13283.8,-228.53,INR,MOCK_FEED
POS01000220251230,PORT010,INS0030,2025-12-30,2925,47.6071,139250.77,1166.86,GBP,MOCK_FEED
POS01000320251230,PORT010,INS0031,2025-12-30,3353,53.1779,178305.5,3022.49,GBP,MOCK_FEED
POS01000420251230,PORT010,INS0032,2025-12-30,4909,57.8554,284012.16,10477.72,INR,MOCK_FEED
POS01000520251230,PORT010,INS0033,2025-12-30,3531,32.4762,114673.46,-1322.71,GBP,MOCK_FEED
POS01000620251230,PORT010,INS0034,2025-12-30,466,59.7517,27844.29,1051.88,EUR,MOCK_FEED
POS01000720251230,PORT010,INS0035,2025-12-30,4237,11.3317,48012.41,794.86,INR,MOCK_FEED
POS01000820251230,PORT010,INS0036,2025-12-30,4476,27.1475,121512.21,826.99,INR,MOCK_FEED
POS01000920251230,PORT010,INS0037,2025-12-30,3325,48.3329,160706.89,-2862.44,GBP,MOCK_FEED
POS01001020251230,PORT010,INS0038,2025-12-30,4355,23.6407,102955.25,1493.82,INR,MOCK_FEED
POS01000120251231,PORT010,INS0029,2025-12-31,4339,19.2,83308.8,1861.01,INR,MOCK_FEED
POS01000220251231,PORT010,INS0030,2025-12-31,786,47.7791,37554.37,823.07,GBP,MOCK_FEED
POS01000320251231,PORT010,INS0031,2025-12-31,2429,52.9264,128558.23,216.19,GBP,MOCK_FEED
POS01000420251231,PORT010,INS0032,2025-12-31,4538,57.9608,263026.11,-5890.22,GBP,MOCK_FEED
POS01000520251231,PORT010,INS0033,2025-12-31,966,33.1252,31998.94,-241.85,GBP,MOCK_FEED
POS01000620251231,PORT010,INS0034,2025-12-31,3519,59.962,211006.28,2869.48,USD,MOCK_FEED
POS01000720251231,PORT010,INS0035,2025-12-31,2501,11.1081,27781.36,825.33,EUR,MOCK_FEED
POS01000820251231,PORT010,INS0036,2025-12-31,483,27.6239,13342.34,-50.01,GBP,MOCK_FEED
POS01000920251231,PORT010,INS0037,2025-12-31,4527,47.6312,215626.44,-1095.75,INR,MOCK_FEED
POS01001020251231,PORT010,INS0038,2025-12-31,4075,24.0796,98124.37,3305.69,USD,MOCK_FEED
POS01000120260101,PORT010,INS0029,2026-01-01,4265,19.0408,81209.01,2007.08,USD,MOCK_FEED
POS01000220260101,PORT010,INS0030,2026-01-01,3311,47.979,158858.47,589.94,INR,MOCK_FEED
POS01000320260101,PORT010,INS0031,2026-01-01,4970,53.0708,263761.88,-5962.87,GBP,MOCK_FEED
POS01000420260101,PORT010,INS0032,2026-01-01,4160,57.2137,238008.99,9472.61,INR,MOCK_FEED
POS01000520260101,PORT010,INS0033,2026-01-01,2876,32.8779,94556.84,-417.61,INR,MOCK_FEED
POS01000620260101,PORT010,INS0034,2026-01-01,3193,60.836,194249.35,3958.45,EUR,MOCK_FEED
POS01000720260101,PORT010,INS0035,2026-01-01,995,10.8964,10841.92,42.57,EUR,MOCK_FEED
POS01000820260101,PORT010,INS0036,2026-01-01,1589,27.6708,43968.9,785.17,EUR,MOCK_FEED
POS01000920260101,PORT010,INS0037,2026-01-01,1066,47.1948,50309.66,1012.14,GBP,MOCK_FEED
POS01001020260101,PORT010,INS0038,2026-01-01,1813,24.145,43774.89,-182.4,USD,MOCK_FEED
POS01000120260102,PORT010,INS0029,2026-01-02,2595,18.6615,48426.59,-1177.07,USD,MOCK_FEED
POS01000220260102,PORT010,INS0030,2026-01-02,3536,47.5129,168005.61,4772.02,USD,MOCK_FEED
POS01000320260102,PORT010,INS0031,2026-01-02,2364,53.2238,125821.06,-2100.64,INR,MOCK_FEED
POS01000420260102,PORT010,INS0032,2026-01-02,1743,57.9643,101031.77,3677.83,GBP,MOCK_FEED
POS01000520260102,PORT010,INS0033,2026-01-02,1279,32.9081,42089.46,-1006.07,USD,MOCK_FEED
POS01000620260102,PORT010,INS0034,2026-01-02,4034,60.7209,244948.11,6748.91,EUR,MOCK_FEED
POS01000720260102,PORT010,INS0035,2026-01-02,3786,10.7614,40742.66,-49.26,INR,MOCK_FEED
POS01000820260102,PORT010,INS0036,2026-01-02,1522,27.1442,41313.47,1317.88,USD,MOCK_FEED
POS01000920260102,PORT010,INS0037,2026-01-02,1738,47.5746,82684.65,-128.75,GBP,MOCK_FEED
POS01001020260102,PORT010,INS0038,2026-01-02,867,23.9612,20774.36,-204.89,INR,MOCK_FEED
POS01000120260103,PORT010,INS0029,2026-01-03,136,18.3592,2496.85,53.52,USD,MOCK_FEED
POS01000220260103,PORT010,INS0030,2026-01-03,3322,47.5624,158002.29,980.56,INR,MOCK_FEED
POS01000320260103,PORT010,INS0031,2026-01-03,2901,54.784,158928.38,-330.67,GBP,MOCK_FEED
POS01000420260103,PORT010,INS0032,2026-01-03,3029,57.685,174727.87,1640.25,USD,MOCK_FEED
POS01000520260103,PORT010,INS0033,2026-01-03,4798,32.4998,155934.04,-4357.38,GBP,MOCK_FEED
POS01000620260103,PORT010,INS0034,2026-01-03,1471,61.882,91028.42,473.8,INR,MOCK_FEED
POS01000720260103,PORT010,INS0035,2026-01-03,3372,10.5934,35720.94,183.42,INR,MOCK_FEED
POS01000820260103,PORT010,INS0036,2026-01-03,1197,27.5052,32923.72,27.17,INR,MOCK_FEED
POS01000920260103,PORT010,INS0037,2026-01-03,1475,48.2064,71104.44,1472.29,USD,MOCK_FEED
POS01001020260103,PORT010,INS0038,2026-01-03,2761,24.4101,67396.29,-1055.35,USD,MOCK_FEED
POS01000120260104,PORT010,INS0029,2026-01-04,849,18.0942,15361.98,473.45,USD,MOCK_FEED
POS01000220260104,PORT010,INS0030,2026-01-04,462,46.7773,21611.11,-555.26,GBP,MOCK_FEED
POS01000320260104,PORT010,INS0031,2026-01-04,3613,55.1344,199200.59,-2465.72,GBP,MOCK_FEED
POS01000420260104,PORT010,INS0032,2026-01-04,2680,57.372,153756.96,5054.94,EUR,MOCK_FEED
POS01000520260104,PORT010,INS0033,2026-01-04,773,32.2052,24894.62,383.85,GBP,MOCK_FEED
POS01000620260104,PORT010,INS0034,2026-01-04,832,61.6846,51321.59,-1468.68,USD,MOCK_FEED
POS01000720260104,PORT010,INS0035,2026-01-04,2494,10.3241,25748.31,382.1,GBP,MOCK_FEED
POS01000820260104,PORT010,INS0036,2026-01-04,1228,27.7995,34137.79,489.65,EUR,MOCK_FEED
POS01000920260104,PORT010,INS0037,2026-01-04,1098,48.3447,53082.48,1657.55,USD,MOCK_FEED
POS01001020260104,PORT010,INS0038,2026-01-04,597,24.4226,14580.29,346.39,EUR,MOCK_FEED
POS01000120260105,PORT010,INS0029,2026-01-05,1404,17.5817,24684.71,-27.48,INR,MOCK_FEED
POS01000220260105,PORT010,INS0030,2026-01-05,863,46.5708,40190.6,455.14,USD,MOCK_FEED
POS01000320260105,PORT010,INS0031,2026-01-05,3217,54.6284,175739.56,2156.49,EUR,MOCK_FEED
POS01000420260105,PORT010,INS0032,2026-01-05,2933,59.406,174237.8,-2237.47,INR,MOCK_FEED
POS01000520260105,PORT010,INS0033,2026-01-05,3895,32.389,126155.16,2708.25,USD,MOCK_FEED
POS01000620260105,PORT010,INS0034,2026-01-05,2293,61.5507,141135.76,-2293.73,USD,MOCK_FEED
POS01000720260105,PORT010,INS0035,2026-01-05,327,10.2133,3339.75,91.25,USD,MOCK_FEED
POS01000820260105,PORT010,INS0036,2026-01-05,1521,27.6969,42126.98,154.77,GBP,MOCK_FEED
POS01000920260105,PORT010,INS0037,2026-01-05,4713,49.0031,230951.61,-3781.95,USD,MOCK_FEED
POS01001020260105,PORT010,INS0038,2026-01-05,4638,24.2942,112676.5,2394.15,EUR,MOCK_FEED
POS01000120260106,PORT010,INS0029,2026-01-06,110,17.7013,1947.14,-11.18,USD,MOCK_FEED
POS01000220260106,PORT010,INS0030,2026-01-06,2482,45.929,113995.78,-1117.64,INR,MOCK_FEED
POS01000320260106,PORT010,INS0031,2026-01-06,1259,55.5634,69954.32,-1090.34,EUR,MOCK_FEED
POS01000420260106,PORT010,INS0032,2026-01-06,4247,60.0637,255090.53,-5413.26,EUR,MOCK_FEED
POS01000520260106,PORT010,INS0033,2026-01-06,270,32.1283,8674.64,303.6,INR,MOCK_FEED
POS01000620260106,PORT010,INS0034,2026-01-06,3326,61.7448,205363.2,6753.22,EUR,MOCK_FEED
POS01000720260106,PORT010,INS0035,2026-01-06,4848,10.1712,49309.98,1874.27,GBP,MOCK_FEED
POS01000820260106,PORT010,INS0036,2026-01-06,2169,27.1026,58785.54,-115.22,EUR,MOCK_FEED
POS01000920260106,PORT010,INS0037,2026-01-06,3502,49.1902,172264.08,5015.68,INR,MOCK_FEED
POS01001020260106,PORT010,INS0038,2026-01-06,1117,23.6488,26415.71,667.39,GBP,MOCK_FEED
POS01000120260107,PORT010,INS0029,2026-01-07,748,17.6379,13193.15,-291.57,USD,MOCK_FEED
POS01000220260107,PORT010,INS0030,2026-01-07,3470,46.0461,159779.97,619.66,INR,MOCK_FEED
POS01000320260107,PORT010,INS0031,2026-01-07,2737,55.712,152483.74,2706.35,EUR,MOCK_FEED
POS01000420260107,PORT010,INS0032,2026-01-07,1060,60.419,64044.14,1783.32,EUR,MOCK_FEED
POS01000520260107,PORT010,INS0033,2026-01-07,620,31.3383,19429.75,-244.46,INR,MOCK_FEED
POS01000620260107,PORT010,INS0034,2026-01-07,4711,62.024,292195.06,-1883.1,GBP,MOCK_FEED
POS01000720260107,PORT010,INS0035,2026-01-07,4959,10.2531,50845.12,794.28,USD,MOCK_FEED
POS01000820260107,PORT010,INS0036,2026-01-07,4354,27.3764,119196.85,3574.61,USD,MOCK_FEED
POS01000920260107,PORT010,INS0037,2026-01-07,4004,49.4401,197958.16,84.06,GBP,MOCK_FEED
POS01001020260107,PORT010,INS0038,2026-01-07,4818,23.786,114600.95,1068.77,GBP,MOCK_FEED
POS01000120260108,PORT010,INS0029,2026-01-08,1639,17.818,29203.7,14.28,INR,MOCK_FEED
POS01000220260108,PORT010,INS0030,2026-01-08,3898,46.6855,181980.08,4302.3,GBP,MOCK_FEED
POS01000320260108,PORT010,INS0031,2026-01-08,2320,55.7885,129429.32,1170.94,USD,MOCK_FEED
POS01000420260108,PORT010,INS0032,2026-01-08,1763,60.568,106781.38,-736.13,USD,MOCK_FEED
POS01000520260108,PORT010,INS0033,2026-01-08,2991,31.8638,95304.63,2452.27,INR,MOCK_FEED
POS01000620260108,PORT010,INS0034,2026-01-08,1374,61.5522,84572.72,-574.2,USD,MOCK_FEED
POS01000720260108,PORT010,INS0035,2026-01-08,3427,10.1704,34853.96,938.58,EUR,MOCK_FEED
POS01000820260108,PORT010,INS0036,2026-01-08,1185,27.6819,32803.05,-644.4,EUR,MOCK_FEED
POS01000920260108,PORT010,INS0037,2026-01-08,4656,49.1912,229034.23,638.85,USD,MOCK_FEED
POS01001020260108,PORT010,INS0038,2026-01-08,2681,23.5736,63200.82,660.23,USD,MOCK_FEED
POS01000120260109,PORT010,INS0029,2026-01-09,4895,17.5955,86129.97,-202.81,INR,MOCK_FEED
POS01000220260109,PORT010,INS0030,2026-01-09,2881,47.2809,136216.27,3941.74,INR,MOCK_FEED
POS01000320260109,PORT010,INS0031,2026-01-09,1300,54.5709,70942.17,588.4,EUR,MOCK_FEED
POS01000420260109,PORT010,INS0032,2026-01-09,2530,60.1903,152281.46,-3027.94,INR,MOCK_FEED
POS01000520260109,PORT010,INS0033,2026-01-09,2632,31.6157,83212.52,-1621.05,INR,MOCK_FEED
POS01000620260109,PORT010,INS0034,2026-01-09,660,60.2648,39774.77,479.89,GBP,MOCK_FEED
POS01000720260109,PORT010,INS0035,2026-01-09,4992,10.1052,50445.16,266.5,USD,MOCK_FEED
POS01000820260109,PORT010,INS0036,2026-01-09,2005,27.914,55967.57,1649.33,GBP,MOCK_FEED
POS01000920260109,PORT010,INS0037,2026-01-09,2561,48.5681,124382.9,-3223.59,EUR,MOCK_FEED
POS01001020260109,PORT010,INS0038,2026-01-09,4359,23.195,101107.01,-112.12,EUR,MOCK_FEED
POS01000120260110,PORT010,INS0029,2026-01-10,3380,17.4388,58943.14,-1028.1,EUR,MOCK_FEED
POS01000220260110,PORT010,INS0030,2026-01-10,568,48.5119,27554.76,-757.1,USD,MOCK_FEED
POS01000320260110,PORT010,INS0031,2026-01-10,4590,54.1438,248520.04,-6006.34,USD,MOCK_FEED
POS01000420260110,PORT010,INS0032,2026-01-10,2431,60.8564,147941.91,3641.53,GBP,MOCK_FEED
POS01000520260110,PORT010,INS0033,2026-01-10,1459,31.6768,46216.45,1091.37,USD,MOCK_FEED
POS01000620260110,PORT010,INS0034,2026-01-10,1121,59.4601,66654.77,-919.88,GBP,MOCK_FEED
POS01000720260110,PORT010,INS0035,2026-01-10,3348,10.0433,33624.97,-248.91,GBP,MOCK_FEED
POS01000820260110,PORT010,INS0036,2026-01-10,3551,28.2963,100480.16,2039.78,GBP,MOCK_FEED
POS01000920260110,PORT010,INS0037,2026-01-10,1468,48.5481,71268.61,399.11,USD,MOCK_FEED
POS01001020260110,PORT010,INS0038,2026-01-10,2081,22.6938,47225.8,-824.07,GBP,MOCK_FEED
POS01000120260111,PORT010,INS0029,2026-01-11,1741,17.7128,30837.98,263.65,INR,MOCK_FEED
POS01000220260111,PORT010,INS0030,2026-01-11,1084,48.9053,53013.35,958.21,INR,MOCK_FEED
POS01000320260111,PORT010,INS0031,2026-01-11,4204,52.878,222299.11,-270.16,USD,MOCK_FEED
POS01000420260111,PORT010,INS0032,2026-01-11,1040,60.0823,62485.59,866.85,GBP,MOCK_FEED
POS01000520260111,PORT010,INS0033,2026-01-11,4372,31.9556,139709.88,2848.68,EUR,MOCK_FEED
POS01000620260111,PORT010,INS0034,2026-01-11,1265,57.915,73262.48,2507.53,INR,MOCK_FEED
POS01000720260111,PORT010,INS0035,2026-01-11,4893,9.9244,48560.09,-1143.33,EUR,MOCK_FEED
POS01000820260111,PORT010,INS0036,2026-01-11,4577,27.9268,127820.96,1830.33,INR,MOCK_FEED
POS01000920260111,PORT010,INS0037,2026-01-11,3516,48.2731,169728.22,1471.84,GBP,MOCK_FEED
POS01001020260111,PORT010,INS0038,2026-01-11,1767,22.7671,40229.47,900.57,GBP,MOCK_FEED
POS01000120260112,PORT010,INS0029,2026-01-12,4352,17.842,77648.38,2990.47,EUR,MOCK_FEED
POS01000220260112,PORT010,INS0030,2026-01-12,1641,48.5037,79594.57,-242.7,USD,MOCK_FEED
POS01000320260112,PORT010,INS0031,2026-01-12,3844,52.7099,202616.86,1686.65,USD,MOCK_FEED
POS01000420260112,PORT010,INS0032,2026-01-12,269,59.7638,16076.46,-45.29,EUR,MOCK_FEED
POS01000520260112,PORT010,INS0033,2026-01-12,4411,32.3361,142634.54,5216.09,INR,MOCK_FEED
POS01000620260112,PORT010,INS0034,2026-01-12,3756,58.5508,219916.8,3789.89,GBP,MOCK_FEED
POS01000720260112,PORT010,INS0035,2026-01-12,1641,10.0807,16542.43,661.58,INR,MOCK_FEED
POS01000820260112,PORT010,INS0036,2026-01-12,1253,27.6592,34656.98,875.32,GBP,MOCK_FEED
POS01000920260112,PORT010,INS0037,2026-01-12,2545,48.9386,124548.74,1431.86,USD,MOCK_FEED
POS01001020260112,PORT010,INS0038,2026-01-12,4624,22.7727,105300.96,927.69,USD,MOCK_FEED
POS01000120260113,PORT010,INS0029,2026-01-13,1042,17.8055,18553.33,-127.77,GBP,MOCK_FEED
POS01000220260113,PORT010,INS0030,2026-01-13,1802,48.0869,86652.59,-2469.28,USD,MOCK_FEED
POS01000320260113,PORT010,INS0031,2026-01-13,993,51.8288,51466.0,457.85,USD,MOCK_FEED
POS01000420260113,PORT010,INS0032,2026-01-13,1176,60.088,70663.49,-731.48,GBP,MOCK_FEED
POS01000520260113,PORT010,INS0033,2026-01-13,2508,32.5984,81756.79,-687.22,EUR,MOCK_FEED
POS01000620260113,PORT010,INS0034,2026-01-13,3698,58.0223,214566.47,7333.93,GBP,MOCK_FEED
POS01000720260113,PORT010,INS0035,2026-01-13,892,9.9873,8908.67,-63.82,GBP,MOCK_FEED
POS01000820260113,PORT010,INS0036,2026-01-13,1736,27.3992,47565.01,-346.81,INR,MOCK_FEED
POS01000920260113,PORT010,INS0037,2026-01-13,2590,48.7165,126175.74,4109.16,EUR,MOCK_FEED
POS01001020260113,PORT010,INS0038,2026-01-13,1631,22.6524,36946.06,-783.12,GBP,MOCK_FEED
POS01000120260114,PORT010,INS0029,2026-01-14,2673,17.602,47050.15,-965.39,USD,MOCK_FEED
POS01000220260114,PORT010,INS0030,2026-01-14,2867,47.4345,135994.71,-847.18,EUR,MOCK_FEED
POS01000320260114,PORT010,INS0031,2026-01-14,3813,51.7804,197438.67,6376.45,EUR,MOCK_FEED
POS01000420260114,PORT010,INS0032,2026-01-14,1261,59.8789,75507.29,-1060.31,INR,MOCK_FEED
POS01000520260114,PORT010,INS0033,2026-01-14,2687,32.3802,87005.6,2937.04,EUR,MOCK_FEED
POS01000620260114,PORT010,INS0034,2026-01-14,353,58.5169,20656.47,-33.38,USD,MOCK_FEED
POS01000720260114,PORT010,INS0035,2026-01-14,2175,10.1579,22093.43,589.68,GBP,MOCK_FEED
POS01000820260114,PORT010,INS0036,2026-01-14,3148,27.5387,86691.83,1077.22,USD,MOCK_FEED
POS01000920260114,PORT010,INS0037,2026-01-14,2249,48.8695,109907.51,1013.87,EUR,MOCK_FEED
POS01001020260114,PORT010,INS0038,2026-01-14,4554,22.4846,102394.87,2385.42,INR,MOCK_FEED
POS01000120260115,PORT010,INS0029,2026-01-15,4410,18.2108,80309.63,-317.27,INR,MOCK_FEED
POS01000220260115,PORT010,INS0030,2026-01-15,684,47.8019,32696.5,583.4,INR,MOCK_FEED
POS01000320260115,PORT010,INS0031,2026-01-15,745,52.0356,38766.52,120.45,EUR,MOCK_FEED
POS01000420260115,PORT010,INS0032,2026-01-15,3710,59.9786,222520.61,-51.19,GBP,MOCK_FEED
POS01000520260115,PORT010,INS0033,2026-01-15,862,32.0646,27639.69,-513.73,GBP,MOCK_FEED
POS01000620260115,PORT010,INS0034,2026-01-15,4741,59.6919,282999.3,6480.45,EUR,MOCK_FEED
POS01000720260115,PORT010,INS0035,2026-01-15,1531,10.2392,15676.22,-358.85,GBP,MOCK_FEED
POS01000820260115,PORT010,INS0036,2026-01-15,1948,27.2716,53125.08,70.94,EUR,MOCK_FEED
POS01000920260115,PORT010,INS0037,2026-01-15,2011,48.682,97899.5,1261.41,USD,MOCK_FEED
POS01001020260115,PORT010,INS0038,2026-01-15,3122,22.6203,70620.58,-1680.07,EUR,MOCK_FEED
POS01000120260116,PORT010,INS0029,2026-01-16,1330,18.2072,24215.58,66.15,EUR,MOCK_FEED
POS01000220260116,PORT010,INS0030,2026-01-16,1651,48.126,79456.03,-690.87,USD,MOCK_FEED
POS01000320260116,PORT010,INS0031,2026-01-16,2971,51.411,152742.08,-295.12,INR,MOCK_FEED
POS01000420260116,PORT010,INS0032,2026-01-16,4952,59.0157,292245.75,-3574.15,GBP,MOCK_FEED
POS01000520260116,PORT010,INS0033,2026-01-16,1130,32.5391,36769.18,255.14,EUR,MOCK_FEED
POS01000620260116,PORT010,INS0034,2026-01-16,2024,60.717,122891.21,-1022.38,EUR,MOCK_FEED
POS01000720260116,PORT010,INS0035,2026-01-16,3395,10.1703,34528.17,554.31,GBP,MOCK_FEED
POS01000820260116,PORT010,INS0036,2026-01-16,3227,27.3319,88200.04,447.5,GBP,MOCK_FEED
POS01000920260116,PORT010,INS0037,2026-01-16,189,48.0527,9081.96,-84.5,INR,MOCK_FEED
POS01001020260116,PORT010,INS0038,2026-01-16,1256,22.2694,27970.37,-451.39,EUR,MOCK_FEED
POS01000120260117,PORT010,INS0029,2026-01-17,749,18.0067,13487.02,-51.35,USD,MOCK_FEED
POS01000220260117,PORT010,INS0030,2026-01-17,2717,47.5918,129306.92,4105.25,EUR,MOCK_FEED
POS01000320260117,PORT010,INS0031,2026-01-17,2606,51.9815,135463.79,1042.2,GBP,MOCK_FEED
POS01000420260117,PORT010,INS0032,2026-01-17,1029,59.6576,61387.67,963.35,INR,MOCK_FEED
POS01000520260117,PORT010,INS0033,2026-01-17,895,32.5534,29135.29,-659.76,USD,MOCK_FEED
POS01000620260117,PORT010,INS0034,2026-01-17,827,61.1096,50537.64,-1078.95,EUR,MOCK_FEED
POS01000720260117,PORT010,INS0035,2026-01-17,4758,10.2847,48934.6,-787.77,USD,MOCK_FEED
POS01000820260117,PORT010,INS0036,2026-01-17,2624,27.439,71999.94,1903.19,EUR,MOCK_FEED
POS01000920260117,PORT010,INS0037,2026-01-17,1295,48.3342,62592.79,-1663.95,INR,MOCK_FEED
POS01001020260117,PORT010,INS0038,2026-01-17,419,22.3517,9365.36,224.6,USD,MOCK_FEED
POS01000120260118,PORT010,INS0029,2026-01-18,3517,18.0234,63388.3,410.48,INR,MOCK_FEED
POS01000220260118,PORT010,INS0030,2026-01-18,2903,47.2406,137139.46,5410.01,INR,MOCK_FEED
POS01000320260118,PORT010,INS0031,2026-01-18,401,52.1764,20922.74,371.66,EUR,MOCK_FEED
POS01000420260118,PORT010,INS0032,2026-01-18,2131,59.9845,127826.97,2275.9,USD,MOCK_FEED
POS01000520260118,PORT010,INS0033,2026-01-18,4973,33.4561,166377.19,4701.95,GBP,MOCK_FEED
POS01000620260118,PORT010,INS0034,2026-01-18,762,59.8733,45623.45,260.35,INR,MOCK_FEED
POS01000720260118,PORT010,INS0035,2026-01-18,2045,10.3791,21225.26,-20.63,USD,MOCK_FEED
POS01000820260118,PORT010,INS0036,2026-01-18,1262,27.9106,35223.18,68.82,INR,MOCK_FEED
POS01000920260118,PORT010,INS0037,2026-01-18,4695,47.6364,223652.9,-2728.72,INR,MOCK_FEED
POS01001020260118,PORT010,INS0038,2026-01-18,515,22.3042,11486.66,188.03,EUR,MOCK_FEED
POS01000120260119,PORT010,INS0029,2026-01-19,1446,17.984,26004.86,479.68,INR,MOCK_FEED
POS01000220260119,PORT010,INS0030,2026-01-19,2379,46.7072,111116.43,899.66,USD,MOCK_FEED
POS01000320260119,PORT010,INS0031,2026-01-19,1798,51.4602,92525.44,-309.07,USD,MOCK_FEED
POS01000420260119,PORT010,INS0032,2026-01-19,3383,59.6748,201879.85,2849.68,INR,MOCK_FEED
POS01000520260119,PORT010,INS0033,2026-01-19,2328,33.4476,77866.01,301.04,INR,MOCK_FEED
POS01000620260119,PORT010,INS0034,2026-01-19,233,59.3222,13822.07,254.89,EUR,MOCK_FEED
POS01000720260119,PORT010,INS0035,2026-01-19,3123,10.3874,32439.85,-773.93,GBP,MOCK_FEED
POS01000820260119,PORT010,INS0036,2026-01-19,4573,27.3643,125136.94,-1540.85,USD,MOCK_FEED
POS01000920260119,PORT010,INS0037,2026-01-19,1472,47.8326,70409.59,-1335.06,USD,MOCK_FEED
POS01001020260119,PORT010,INS0038,2026-01-19,1548,22.6061,34994.24,1101.14,GBP,MOCK_FEED
POS01000120260120,PORT010,INS0029,2026-01-20,1337,17.9197,23958.64,-39.25,INR,MOCK_FEED
POS01000220260120,PORT010,INS0030,2026-01-20,119,47.246,5622.27,27.75,EUR,MOCK_FEED
POS01000320260120,PORT010,INS0031,2026-01-20,3664,51.5956,189046.28,131.06,USD,MOCK_FEED
POS01000420260120,PORT010,INS0032,2026-01-20,2760,60.2944,166412.54,4101.71,GBP,MOCK_FEED
POS01000520260120,PORT010,INS0033,2026-01-20,110,33.2438,3656.82,-44.87,EUR,MOCK_FEED
POS01000620260120,PORT010,INS0034,2026-01-20,4538,59.7295,271052.47,-7676.2,GBP,MOCK_FEED
POS01000720260120,PORT010,INS0035,2026-01-20,4357,10.4707,45620.84,728.06,USD,MOCK_FEED
POS01000820260120,PORT010,INS0036,2026-01-20,4412,27.2319,120147.14,1421.77,GBP,MOCK_FEED
POS01000920260120,PORT010,INS0037,2026-01-20,4156,48.3627,200995.38,6635.22,INR,MOCK_FEED
POS01001020260120,PORT010,INS0038,2026-01-20,239,22.8042,5450.2,-149.98,EUR,MOCK_FEED
POS01000120260121,PORT010,INS0029,2026-01-21,3310,17.8302,59017.96,2201.73,INR,MOCK_FEED
POS01000220260121,PORT010,INS0030,2026-01-21,2703,47.4977,128386.28,-2809.9,INR,MOCK_FEED
POS01000320260121,PORT010,INS0031,2026-01-21,1990,52.0616,103602.58,-1314.1,INR,MOCK_FEED
POS01000420260121,PORT010,INS0032,2026-01-21,3746,60.4133,226308.22,-5673.74,INR,MOCK_FEED
POS01000520260121,PORT010,INS0033,2026-01-21,2960,33.6154,99501.58,-1356.75,GBP,MOCK_FEED
POS01000620260121,PORT010,INS0034,2026-01-21,2240,59.4933,133264.99,3792.68,GBP,MOCK_FEED
POS01000720260121,PORT010,INS0035,2026-01-21,700,10.5453,7381.71,286.23,INR,MOCK_FEED
POS01000820260121,PORT010,INS0036,2026-01-21,3629,26.824,97344.3,2387.91,EUR,MOCK_FEED
POS01000920260121,PORT010,INS0037,2026-01-21,1837,49.7985,91479.84,2494.17,GBP,MOCK_FEED
POS01001020260121,PORT010,INS0038,2026-01-21,2195,22.702,49830.89,-553.2,GBP,MOCK_FEED
POS01000120260122,PORT010,INS0029,2026-01-22,1180,18.0167,21259.71,379.57,GBP,MOCK_FEED
POS01000220260122,PORT010,INS0030,2026-01-22,2299,47.4631,109117.67,371.05,USD,MOCK_FEED
POS01000320260122,PORT010,INS0031,2026-01-22,4151,51.281,212867.43,-5294.21,EUR,MOCK_FEED
POS01000420260122,PORT010,INS0032,2026-01-22,3264,60.4284,197238.3,5459.33,INR,MOCK_FEED
POS01000520260122,PORT010,INS0033,2026-01-22,487,33.8925,16505.65,152.49,GBP,MOCK_FEED
POS01000620260122,PORT010,INS0034,2026-01-22,1891,58.8951,111370.63,1059.71,GBP,MOCK_FEED
POS01000720260122,PORT010,INS0035,2026-01-22,183,10.645,1948.03,13.31,EUR,MOCK_FEED
POS01000820260122,PORT010,INS0036,2026-01-22,2915,26.4885,77213.98,-817.34,GBP,MOCK_FEED
POS01000920260122,PORT010,INS0037,2026-01-22,3968,50.2528,199403.11,-2573.95,GBP,MOCK_FEED
POS01001020260122,PORT010,INS0038,2026-01-22,3934,22.4877,88466.61,-84.84,INR,MOCK_FEED
POS01000120260123,PORT010,INS0029,2026-01-23,4982,17.9866,89609.24,800.14,GBP,MOCK_FEED
POS01000220260123,PORT010,INS0030,2026-01-23,1925,47.9969,92394.03,1793.22,INR,MOCK_FEED
POS01000320260123,PORT010,INS0031,2026-01-23,4278,51.0374,218338.0,6561.67,EUR,MOCK_FEED
POS01000420260123,PORT010,INS0032,2026-01-23,3190,59.9519,191246.56,-4460.36,USD,MOCK_FEED
POS01000520260123,PORT010,INS0033,2026-01-23,817,33.2735,27184.45,488.07,GBP,MOCK_FEED
POS01000620260123,PORT010,INS0034,2026-01-23,4766,58.2875,277798.23,6850.12,EUR,MOCK_FEED
POS01000720260123,PORT010,INS0035,2026-01-23,1987,10.4921,20847.8,3.63,INR,MOCK_FEED
POS01000820260123,PORT010,INS0036,2026-01-23,1644,27.325,44922.3,868.18,INR,MOCK_FEED
POS01000920260123,PORT010,INS0037,2026-01-23,2077,50.3702,104618.91,-2700.71,GBP,MOCK_FEED
POS01001020260123,PORT010,INS0038,2026-01-23,592,22.1326,13102.5,0.98,INR,MOCK_FEED
POS01000120260124,PORT010,INS0029,2026-01-24,4186,18.4339,77164.31,-801.0,EUR,MOCK_FEED
POS01000220260124,PORT010,INS0030,2026-01-24,489,47.9853,23464.81,-506.97,USD,MOCK_FEED
POS01000320260124,PORT010,INS0031,2026-01-24,2730,50.4553,137742.97,-1103.63,USD,MOCK_FEED
POS01000420260124,PORT010,INS0032,2026-01-24,4408,59.3455,261594.96,5499.7,INR,MOCK_FEED
POS01000520260124,PORT010,INS0033,2026-01-24,2856,33.1854,94777.5,-1681.94,INR,MOCK_FEED
POS01000620260124,PORT010,INS0034,2026-01-24,3530,58.8672,207801.22,97.6,INR,MOCK_FEED
POS01000720260124,PORT010,INS0035,2026-01-24,3936,10.4629,41181.97,609.25,USD,MOCK_FEED
POS01000820260124,PORT010,INS0036,2026-01-24,1977,27.2124,53798.91,-791.25,INR,MOCK_FEED
POS01000920260124,PORT010,INS0037,2026-01-24,4865,50.5315,245835.75,7001.79,INR,MOCK_FEED
POS01001020260124,PORT010,INS0038,2026-01-24,690,22.0777,15233.61,332.98,INR,MOCK_FEED
POS01000120260125,PORT010,INS0029,2026-01-25,3752,18.4797,69335.83,252.44,INR,MOCK_FEED
POS01000220260125,PORT010,INS0030,2026-01-25,4075,48.3145,196881.59,7766.4,EUR,MOCK_FEED
POS01000320260125,PORT010,INS0031,2026-01-25,3278,50.8114,166559.77,498.86,GBP,MOCK_FEED
POS01000420260125,PORT010,INS0032,2026-01-25,3695,59.8933,221305.74,-1549.33,INR,MOCK_FEED
POS01000520260125,PORT010,INS0033,2026-01-25,675,33.4357,22569.1,-126.09,USD,MOCK_FEED
POS01000620260125,PORT010,INS0034,2026-01-25,1416,58.433,82741.13,3193.95,GBP,MOCK_FEED
POS01000720260125,PORT010,INS0035,2026-01-25,716,10.4973,7516.07,261.22,EUR,MOCK_FEED
POS01000820260125,PORT010,INS0036,2026-01-25,1764,27.3184,48189.66,1110.7,USD,MOCK_FEED
POS01000920260125,PORT010,INS0037,2026-01-25,4300,50.4699,217020.57,-1163.9,EUR,MOCK_FEED
POS01001020260125,PORT010,INS0038,2026-01-25,289,22.1636,6405.28,72.54,INR,MOCK_FEED
POS01000120260126,PORT010,INS0029,2026-01-26,2717,18.4024,49999.32,782.09,INR,MOCK_FEED
POS01000220260126,PORT010,INS0030,2026-01-26,3463,49.1012,170037.46,3994.25,USD,MOCK_FEED
POS01000320260126,PORT010,INS0031,2026-01-26,3771,51.4655,194076.4,2869.18,INR,MOCK_FEED
POS01000420260126,PORT010,INS0032,2026-01-26,1626,58.9437,95842.46,3123.64,GBP,MOCK_FEED
POS01000520260126,PORT010,INS0033,2026-01-26,4343,33.1394,143924.41,3196.93,USD,MOCK_FEED
POS01000620260126,PORT010,INS0034,2026-01-26,4709,58.8554,277150.08,-5570.06,EUR,MOCK_FEED
POS01000720260126,PORT010,INS0035,2026-01-26,4266,10.4234,44466.22,1201.87,GBP,MOCK_FEED
POS01000820260126,PORT010,INS0036,2026-01-26,3788,27.5529,104370.39,-2945.33,USD,MOCK_FEED
POS01000920260126,PORT010,INS0037,2026-01-26,1871,50.8609,95160.74,1654.12,USD,MOCK_FEED
POS01001020260126,PORT010,INS0038,2026-01-26,1695,22.4022,37971.73,-162.01,USD,MOCK_FEED
POS01000120260127,PORT010,INS0029,2026-01-27,908,18.4683,16769.22,238.5,EUR,MOCK_FEED
POS01000220260127,PORT010,INS0030,2026-01-27,2361,48.5648,114661.49,4130.56,GBP,MOCK_FEED
POS01000320260127,PORT010,INS0031,2026-01-27,3432,51.5112,176786.44,-3520.0,GBP,MOCK_FEED
POS01000420260127,PORT010,INS0032,2026-01-27,3087,59.1156,182489.86,-2532.93,USD,MOCK_FEED
POS01000520260127,PORT010,INS0033,2026-01-27,4865,32.9553,160327.53,4071.34,EUR,MOCK_FEED
POS01000620260127,PORT010,INS0034,2026-01-27,239,58.0037,13862.88,85.14,USD,MOCK_FEED
POS01000720260127,PORT010,INS0035,2026-01-27,2665,10.4141,27753.58,855.17,GBP,MOCK_FEED
POS01000820260127,PORT010,INS0036,2026-01-27,1838,26.8744,49395.15,-694.57,USD,MOCK_FEED
POS01000920260127,PORT010,INS0037,2026-01-27,3953,52.2684,206616.99,-5725.02,GBP,MOCK_FEED
POS01001020260127,PORT010,INS0038,2026-01-27,504,22.73,11455.92,39.76,EUR,MOCK_FEED
POS01000120260128,PORT010,INS0029,2026-01-28,3924,18.3678,72075.25,-1405.96,EUR,MOCK_FEED
POS01000220260128,PORT010,INS0030,2026-01-28,2316,48.8316,113093.99,3205.49,GBP,MOCK_FEED
POS01000320260128,PORT010,INS0031,2026-01-28,3220,50.7072,163277.18,2042.58,GBP,MOCK_FEED
POS01000420260128,PORT010,INS0032,2026-01-28,2190,59.7375,130825.12,4165.21,GBP,MOCK_FEED
POS01000520260128,PORT010,INS0033,2026-01-28,1228,32.6875,40140.25,643.41,EUR,MOCK_FEED
POS01000620260128,PORT010,INS0034,2026-01-28,4983,57.6065,287053.19,-3470.0,USD,MOCK_FEED
POS01000720260128,PORT010,INS0035,2026-01-28,2833,10.5384,29855.29,166.75,INR,MOCK_FEED
POS01000820260128,PORT010,INS0036,2026-01-28,3856,26.8394,103492.73,3886.36,INR,MOCK_FEED
POS01000920260128,PORT010,INS0037,2026-01-28,2329,53.1043,123679.91,4174.1,INR,MOCK_FEED
POS01001020260128,PORT010,INS0038,2026-01-28,1535,22.8883,35133.54,-382.14,USD,MOCK_FEED
POS01000120260129,PORT010,INS0029,2026-01-29,2337,18.4612,43143.82,-72.45,GBP,MOCK_FEED
POS01000220260129,PORT010,INS0030,2026-01-29,4961,48.5185,240700.28,-6819.26,USD,MOCK_FEED
POS01000320260129,PORT010,INS0031,2026-01-29,1523,50.2897,76591.21,-1815.04,USD,MOCK_FEED
POS01000420260129,PORT010,INS0032,2026-01-29,249,59.461,14805.79,156.67,USD,MOCK_FEED
POS01000520260129,PORT010,INS0033,2026-01-29,1151,32.4418,37340.51,1471.84,EUR,MOCK_FEED
POS01000620260129,PORT010,INS0034,2026-01-29,2849,58.1561,165686.73,-4452.47,USD,MOCK_FEED
POS01000720260129,PORT010,INS0035,2026-01-29,1427,10.5306,15027.17,106.88,GBP,MOCK_FEED
POS01000820260129,PORT010,INS0036,2026-01-29,649,26.8236,17408.52,352.05,USD,MOCK_FEED
POS01000920260129,PORT010,INS0037,2026-01-29,3553,54.0108,191900.37,5125.86,EUR,MOCK_FEED
POS01001020260129,PORT010,INS0038,2026-01-29,4947,22.4828,111222.41,-910.32,GBP,MOCK_FEED
POS01000120260130,PORT010,INS0029,2026-01-30,1909,18.292,34919.43,-33.5,EUR,MOCK_FEED
POS01000220260130,PORT010,INS0030,2026-01-30,2019,48.3933,97706.07,3411.99,INR,MOCK_FEED
POS01000320260130,PORT010,INS0031,2026-01-30,297,50.1506,14894.73,103.61,GBP,MOCK_FEED
POS01000420260130,PORT010,INS0032,2026-01-30,4390,58.3426,256124.01,6611.38,USD,MOCK_FEED
POS01000520260130,PORT010,INS0033,2026-01-30,4131,31.7166,131021.27,2103.74,USD,MOCK_FEED
POS01000620260130,PORT010,INS0034,2026-01-30,4451,58.5864,260768.07,-4700.79,GBP,MOCK_FEED
POS01000720260130,PORT010,INS0035,2026-01-30,3618,10.4928,37962.95,-891.99,INR,MOCK_FEED
POS01000820260130,PORT010,INS0036,2026-01-30,471,26.7247,12587.33,24.28,GBP,MOCK_FEED
POS01000920260130,PORT010,INS0037,2026-01-30,3353,52.7863,176992.46,1337.09,EUR,MOCK_FEED
POS01001020260130,PORT010,INS0038,2026-01-30,4386,21.9158,96122.7,1327.16,GBP,MOCK_FEED
POS01000120260131,PORT010,INS0029,2026-01-31,4356,18.495,80564.22,1851.94,USD,MOCK_FEED
POS01000220260131,PORT010,INS0030,2026-01-31,4578,48.7392,223128.06,-5820.2,INR,MOCK_FEED
POS01000320260131,PORT010,INS0031,2026-01-31,3258,50.7404,165312.22,4500.01,USD,MOCK_FEED
POS01000420260131,PORT010,INS0032,2026-01-31,4889,59.4695,290746.39,-2520.81,USD,MOCK_FEED
POS01000520260131,PORT010,INS0033,2026-01-31,3803,31.6113,120217.77,-1684.02,USD,MOCK_FEED
POS01000620260131,PORT010,INS0034,2026-01-31,737,59.5405,43881.35,397.46,INR,MOCK_FEED
POS01000720260131,PORT010,INS0035,2026-01-31,3301,10.7049,35336.87,89.61,INR,MOCK_FEED
POS01000820260131,PORT010,INS0036,2026-01-31,2134,27.1297,57894.78,-274.19,GBP,MOCK_FEED
POS01000920260131,PORT010,INS0037,2026-01-31,2585,53.2891,137752.32,-503.77,GBP,MOCK_FEED
POS01001020260131,PORT010,INS0038,2026-01-31,2210,22.1744,49005.42,816.65,USD,MOCK_FEED
POS01000120260201,PORT010,INS0029,2026-02-01,817,18.7274,15300.29,294.7,EUR,MOCK_FEED
POS01000220260201,PORT010,INS0030,2026-02-01,3449,48.1531,166080.04,5118.43,GBP,MOCK_FEED
POS01000320260201,PORT010,INS0031,2026-02-01,663,51.7337,34299.44,-595.91,USD,MOCK_FEED
POS01000420260201,PORT010,INS0032,2026-02-01,1300,58.9754,76668.02,1109.02,EUR,MOCK_FEED
POS01000520260201,PORT010,INS0033,2026-02-01,2430,31.5748,76726.76,-1099.21,INR,MOCK_FEED
POS01000620260201,PORT010,INS0034,2026-02-01,762,59.259,45155.36,361.06,EUR,MOCK_FEED
POS01000720260201,PORT010,INS0035,2026-02-01,2296,10.7961,24787.85,-545.52,INR,MOCK_FEED
POS01000820260201,PORT010,INS0036,2026-02-01,4038,27.0974,109419.3,-929.27,USD,MOCK_FEED
POS01000920260201,PORT010,INS0037,2026-02-01,3018,52.649,158894.68,-1386.7,INR,MOCK_FEED
POS01001020260201,PORT010,INS0038,2026-02-01,2827,22.5489,63745.74,-1735.23,USD,MOCK_FEED
POS01000120260202,PORT010,INS0029,2026-02-02,1721,18.964,32637.04,544.43,INR,MOCK_FEED
POS01000220260202,PORT010,INS0030,2026-02-02,4824,48.1969,232501.85,7416.24,INR,MOCK_FEED
POS01000320260202,PORT010,INS0031,2026-02-02,1464,52.5019,76862.78,-796.78,USD,MOCK_FEED
POS01000420260202,PORT010,INS0032,2026-02-02,4727,59.1845,279765.13,-5563.36,EUR,MOCK_FEED
POS01000520260202,PORT010,INS0033,2026-02-02,4167,31.6336,131817.21,-1302.8,EUR,MOCK_FEED
POS01000620260202,PORT010,INS0034,2026-02-02,4623,58.3464,269735.41,3476.32,GBP,MOCK_FEED
POS01000720260202,PORT010,INS0035,2026-02-02,1838,10.898,20030.52,796.07,USD,MOCK_FEED
POS01000820260202,PORT010,INS0036,2026-02-02,3539,27.3322,96728.66,-2194.21,USD,MOCK_FEED
POS01000920260202,PORT010,INS0037,2026-02-02,1066,52.2022,55647.55,1039.02,EUR,MOCK_FEED
POS01001020260202,PORT010,INS0038,2026-02-02,4229,22.7402,96168.31,-826.59,GBP,MOCK_FEED
POS01000120260203,PORT010,INS0029,2026-02-03,3120,18.963,59164.56,88.8,USD,MOCK_FEED
POS01000220260203,PORT010,INS0030,2026-02-03,3190,48.7186,155412.33,453.42,USD,MOCK_FEED
POS01000320260203,PORT010,INS0031,2026-02-03,1672,52.3803,87579.86,2417.4,INR,MOCK_FEED
POS01000420260203,PORT010,INS0032,2026-02-03,3366,59.233,199378.28,2599.0,EUR,MOCK_FEED
POS01000520260203,PORT010,INS0033,2026-02-03,4712,31.0504,146309.48,-3280.93,GBP,MOCK_FEED
POS01000620260203,PORT010,INS0034,2026-02-03,1843,59.2514,109200.33,-1106.18,INR,MOCK_FEED
POS01000720260203,PORT010,INS0035,2026-02-03,1939,10.906,21146.73,-460.0,INR,MOCK_FEED
POS01000820260203,PORT010,INS0036,2026-02-03,2573,27.1351,69818.61,-669.6,GBP,MOCK_FEED
POS01000920260203,PORT010,INS0037,2026-02-03,2684,52.0903,139810.37,-3252.32,INR,MOCK_FEED
POS01001020260203,PORT010,INS0038,2026-02-03,135,22.9439,3097.43,-48.89,GBP,MOCK_FEED
POS01000120260204,PORT010,INS0029,2026-02-04,1224,18.9441,23187.58,690.42,INR,MOCK_FEED
POS01000220260204,PORT010,INS0030,2026-02-04,2133,48.567,103593.41,-2270.22,INR,MOCK_FEED
POS01000320260204,PORT010,INS0031,2026-02-04,1513,51.4118,77786.05,2172.13,GBP,MOCK_FEED
POS01000420260204,PORT010,INS0032,2026-02-04,4009,58.5043,234543.74,3835.62,GBP,MOCK_FEED
POS01000520260204,PORT010,INS0033,2026-02-04,4135,31.4788,130164.84,-831.59,INR,MOCK_FEED
POS01000620260204,PORT010,INS0034,2026-02-04,1924,58.3261,112219.42,-2280.24,INR,MOCK_FEED
POS01000720260204,PORT010,INS0035,2026-02-04,1857,11.0637,20545.29,603.54,EUR,MOCK_FEED
POS01000820260204,PORT010,INS0036,2026-02-04,3835,27.1283,104037.03,537.75,EUR,MOCK_FEED
POS01000920260204,PORT010,INS0037,2026-02-04,1816,52.4227,95199.62,1800.1,EUR,MOCK_FEED
POS01001020260204,PORT010,INS0038,2026-02-04,1321,22.9927,30373.36,-699.3,INR,MOCK_FEED
POS01000120260205,PORT010,INS0029,2026-02-05,3384,18.8769,63879.43,971.44,EUR,MOCK_FEED
POS01000220260205,PORT010,INS0030,2026-02-05,353,48.7207,17198.41,66.34,USD,MOCK_FEED
POS01000320260205,PORT010,INS0031,2026-02-05,4662,52.0609,242707.92,5093.73,EUR,MOCK_FEED
POS01000420260205,PORT010,INS0032,2026-02-05,3514,58.3366,204994.81,5921.05,USD,MOCK_FEED
POS01000520260205,PORT010,INS0033,2026-02-05,618,31.7185,19602.03,-479.49,USD,MOCK_FEED
POS01000620260205,PORT010,INS0034,2026-02-05,4570,57.5718,263103.13,-2798.06,USD,MOCK_FEED
POS01000720260205,PORT010,INS0035,2026-02-05,396,11.0967,4394.29,-18.44,EUR,MOCK_FEED
POS01000820260205,PORT010,INS0036,2026-02-05,2509,26.9273,67560.6,-1585.15,GBP,MOCK_FEED
POS01000920260205,PORT010,INS0037,2026-02-05,3917,51.758,202736.09,-3920.6,GBP,MOCK_FEED
POS01001020260205,PORT010,INS0038,2026-02-05,802,22.7107,18213.98,202.15,GBP,MOCK_FEED
POS01000120260206,PORT010,INS0029,2026-02-06,2400,19.0606,45745.44,-631.81,USD,MOCK_FEED
POS01000220260206,PORT010,INS0030,2026-02-06,3069,48.5218,148913.4,-1161.7,EUR,MOCK_FEED
POS01000320260206,PORT010,INS0031,2026-02-06,2863,51.7287,148099.27,-1170.57,USD,MOCK_FEED
POS01000420260206,PORT010,INS0032,2026-02-06,4295,58.9165,253046.37,3064.2,INR,MOCK_FEED
POS01000520260206,PORT010,INS0033,2026-02-06,1445,31.3208,45258.56,1132.11,GBP,MOCK_FEED
POS01000620260206,PORT010,INS0034,2026-02-06,4091,57.2744,234309.57,5174.72,USD,MOCK_FEED
POS01000720260206,PORT010,INS0035,2026-02-06,775,11.0349,8552.05,214.62,USD,MOCK_FEED
POS01000820260206,PORT010,INS0036,2026-02-06,2980,27.3608,81535.18,618.46,GBP,MOCK_FEED
POS01000920260206,PORT010,INS0037,2026-02-06,1992,52.3254,104232.2,3454.54,USD,MOCK_FEED
POS01001020260206,PORT010,INS0038,2026-02-06,1940,22.7623,44158.86,868.53,INR,MOCK_FEED
POS01000120260207,PORT010,INS0029,2026-02-07,2959,19.2335,56911.93,-1351.74,INR,MOCK_FEED
POS01000220260207,PORT010,INS0030,2026-02-07,1394,48.7528,67961.4,-880.45,GBP,MOCK_FEED
POS01000320260207,PORT010,INS0031,2026-02-07,3808,52.3107,199199.15,-1548.35,EUR,MOCK_FEED
POS01000420260207,PORT010,INS0032,2026-02-07,4317,59.7046,257744.76,3035.58,INR,MOCK_FEED
POS01000520260207,PORT010,INS0033,2026-02-07,1982,31.7338,62896.39,-958.97,USD,MOCK_FEED
POS01000620260207,PORT010,INS0034,2026-02-07,2960,56.7899,168098.1,3441.8,INR,MOCK_FEED
POS01000720260207,PORT010,INS0035,2026-02-07,4059,10.9629,44498.41,1639.78,EUR,MOCK_FEED
POS01000820260207,PORT010,INS0036,2026-02-07,1167,27.5612,32163.92,929.39,USD,MOCK_FEED
POS01000920260207,PORT010,INS0037,2026-02-07,1280,51.6429,66102.91,439.5,GBP,MOCK_FEED
POS01001020260207,PORT010,INS0038,2026-02-07,2259,22.5839,51017.03,-967.1,GBP,MOCK_FEED
POS01000120260208,PORT010,INS0029,2026-02-08,3866,19.4109,75042.54,338.13,INR,MOCK_FEED
POS01000220260208,PORT010,INS0030,2026-02-08,2057,48.6368,100045.9,-192.7,GBP,MOCK_FEED
POS01000320260208,PORT010,INS0031,2026-02-08,454,51.5805,23417.55,477.57,INR,MOCK_FEED
POS01000420260208,PORT010,INS0032,2026-02-08,647,60.2056,38953.02,798.4,INR,MOCK_FEED
POS01000520260208,PORT010,INS0033,2026-02-08,1021,31.5045,32166.09,1265.29,INR,MOCK_FEED
POS01000620260208,PORT010,INS0034,2026-02-08,371,57.1352,21197.16,-570.15,INR,MOCK_FEED
POS01000720260208,PORT010,INS0035,2026-02-08,4705,11.0474,51978.02,-1132.53,USD,MOCK_FEED
POS01000820260208,PORT010,INS0036,2026-02-08,1436,27.7215,39808.07,301.92,USD,MOCK_FEED
POS01000920260208,PORT010,INS0037,2026-02-08,4400,51.5013,226605.72,7201.88,EUR,MOCK_FEED
POS01001020260208,PORT010,INS0038,2026-02-08,1883,22.6605,42669.72,-181.66,GBP,MOCK_FEED
POS01000120260209,PORT010,INS0029,2026-02-09,1200,19.5996,23519.52,302.2,INR,MOCK_FEED
POS01000220260209,PORT010,INS0030,2026-02-09,3128,50.0326,156501.97,-2876.09,GBP,MOCK_FEED
POS01000320260209,PORT010,INS0031,2026-02-09,4731,51.7394,244779.1,461.37,GBP,MOCK_FEED
POS01000420260209,PORT010,INS0032,2026-02-09,2827,59.7809,169000.6,-4732.48,GBP,MOCK_FEED
POS01000520260209,PORT010,INS0033,2026-02-09,3902,31.5958,123286.81,4540.63,INR,MOCK_FEED
POS01000620260209,PORT010,INS0034,2026-02-09,2302,57.3313,131976.65,95.12,GBP,MOCK_FEED
POS01000720260209,PORT010,INS0035,2026-02-09,4421,11.0224,48730.03,-684.55,GBP,MOCK_FEED
POS01000820260209,PORT010,INS0036,2026-02-09,4137,27.457,113589.61,1673.5,INR,MOCK_FEED
POS01000920260209,PORT010,INS0037,2026-02-09,4057,51.1805,207639.29,1000.96,GBP,MOCK_FEED
POS01001020260209,PORT010,INS0038,2026-02-09,580,22.6073,13112.23,385.2,INR,MOCK_FEED
POS01000120260210,PORT010,INS0029,2026-02-10,2186,19.1862,41941.03,1370.54,USD,MOCK_FEED
POS01000220260210,PORT010,INS0030,2026-02-10,1554,49.6146,77101.09,2268.19,USD,MOCK_FEED
POS01000320260210,PORT010,INS0031,2026-02-10,3800,52.3864,199068.32,-4554.27,INR,MOCK_FEED
POS01000420260210,PORT010,INS0032,2026-02-10,3995,61.0761,243999.02,4797.35,EUR,MOCK_FEED
POS01000520260210,PORT010,INS0033,2026-02-10,3164,32.0931,101542.57,-1328.16,EUR,MOCK_FEED
POS01000620260210,PORT010,INS0034,2026-02-10,3741,57.3302,214472.28,-5257.26,USD,MOCK_FEED
POS01000720260210,PORT010,INS0035,2026-02-10,2328,11.1553,25969.54,163.6,GBP,MOCK_FEED
POS01000820260210,PORT010,INS0036,2026-02-10,185,27.5358,5094.12,57.11,INR,MOCK_FEED
POS01000920260210,PORT010,INS0037,2026-02-10,4695,52.1136,244673.35,-755.88,GBP,MOCK_FEED
POS01001020260210,PORT010,INS0038,2026-02-10,1781,22.9829,40932.54,903.93,EUR,MOCK_FEED
POS01000120260211,PORT010,INS0029,2026-02-11,4909,19.2761,94626.37,197.54,EUR,MOCK_FEED
POS01000220260211,PORT010,INS0030,2026-02-11,4872,51.468,250752.1,2770.17,GBP,MOCK_FEED
POS01000320260211,PORT010,INS0031,2026-02-11,179,51.0124,9131.22,-121.24,GBP,MOCK_FEED
POS01000420260211,PORT010,INS0032,2026-02-11,2766,61.2719,169478.08,-4659.05,GBP,MOCK_FEED
POS01000520260211,PORT010,INS0033,2026-02-11,2254,31.5819,71185.6,-2.32,EUR,MOCK_FEED
POS01000620260211,PORT010,INS0034,2026-02-11,1246,56.6636,70602.85,-203.43,GBP,MOCK_FEED
POS01000720260211,PORT010,INS0035,2026-02-11,3053,11.2129,34232.98,447.9,GBP,MOCK_FEED
POS01000820260211,PORT010,INS0036,2026-02-11,2529,27.0919,68515.42,616.78,INR,MOCK_FEED
POS01000920260211,PORT010,INS0037,2026-02-11,3020,51.5252,155606.1,-2611.67,USD,MOCK_FEED
POS01001020260211,PORT010,INS0038,2026-02-11,1349,22.5445,30412.53,514.05,USD,MOCK_FEED
POS01000120260212,PORT010,INS0029,2026-02-12,1728,19.2061,33188.14,772.64,INR,MOCK_FEED
POS01000220260212,PORT010,INS0030,2026-02-12,3519,51.7762,182200.45,-479.37,EUR,MOCK_FEED
POS01000320260212,PORT010,INS0031,2026-02-12,3169,50.851,161146.82,2250.83,INR,MOCK_FEED
POS01000420260212,PORT010,INS0032,2026-02-12,4179,59.7432,249666.83,3946.58,GBP,MOCK_FEED
POS01000520260212,PORT010,INS0033,2026-02-12,167,31.9541,5336.33,-107.5,USD,MOCK_FEED
POS01000620260212,PORT010,INS0034,2026-02-12,2875,56.4594,162320.77,6438.78,USD,MOCK_FEED
POS01000720260212,PORT010,INS0035,2026-02-12,4228,11.2595,47605.17,-648.41,EUR,MOCK_FEED
POS01000820260212,PORT010,INS0036,2026-02-12,3501,26.9561,94373.31,3488.86,USD,MOCK_FEED
POS01000920260212,PORT010,INS0037,2026-02-12,932,51.3832,47889.14,970.25,GBP,MOCK_FEED
POS01001020260212,PORT010,INS0038,2026-02-12,377,22.7781,8587.34,335.8,EUR,MOCK_FEED
POS01000120260213,PORT010,INS0029,2026-02-13,1205,19.3274,23289.52,718.16,EUR,MOCK_FEED
POS01000220260213,PORT010,INS0030,2026-02-13,2410,51.072,123083.52,2166.66,GBP,MOCK_FEED
POS01000320260213,PORT010,INS0031,2026-02-13,4703,50.8639,239212.92,5391.62,EUR,MOCK_FEED
POS01000420260213,PORT010,INS0032,2026-02-13,272,60.3827,16424.09,-104.82,USD,MOCK_FEED
POS01000520260213,PORT010,INS0033,2026-02-13,4034,31.8939,128659.99,-2606.83,EUR,MOCK_FEED
POS01000620260213,PORT010,INS0034,2026-02-13,4975,57.7609,287360.48,-5291.58,USD,MOCK_FEED
POS01000720260213,PORT010,INS0035,2026-02-13,4787,11.3165,54172.09,1436.46,USD,MOCK_FEED
POS01000820260213,PORT010,INS0036,2026-02-13,1240,27.1753,33697.37,-665.68,EUR,MOCK_FEED
POS01000920260213,PORT010,INS0037,2026-02-13,4732,51.0543,241588.95,8003.03,EUR,MOCK_FEED
POS01001020260213,PORT010,INS0038,2026-02-13,3813,22.9879,87652.86,873.22,EUR,MOCK_FEED
POS01000120260214,PORT010,INS0029,2026-02-14,1707,19.3011,32946.98,1104.53,INR,MOCK_FEED
POS01000220260214,PORT010,INS0030,2026-02-14,585,52.478,30699.63,45.9,USD,MOCK_FEED
POS01000320260214,PORT010,INS0031,2026-02-14,3957,50.0645,198105.23,2504.96,INR,MOCK_FEED
POS01000420260214,PORT010,INS0032,2026-02-14,3039,60.6914,184441.16,-3084.06,GBP,MOCK_FEED
POS01000520260214,PORT010,INS0033,2026-02-14,4342,31.9691,138809.83,-3445.91,USD,MOCK_FEED
POS01000620260214,PORT010,INS0034,2026-02-14,2057,57.9879,119281.11,-3378.81,EUR,MOCK_FEED
POS01000720260214,PORT010,INS0035,2026-02-14,3094,11.447,35417.02,92.92,USD,MOCK_FEED
POS01000820260214,PORT010,INS0036,2026-02-14,1142,27.1421,30996.28,-203.56,EUR,MOCK_FEED
POS01000920260214,PORT010,INS0037,2026-02-14,3489,50.7098,176926.49,6138.77,INR,MOCK_FEED
POS01001020260214,PORT010,INS0038,2026-02-14,995,23.1099,22994.35,-449.12,INR,MOCK_FEED
POS01000120260215,PORT010,INS0029,2026-02-15,2083,19.3052,40212.73,614.15,USD,MOCK_FEED
POS01000220260215,PORT010,INS0030,2026-02-15,1595,52.4813,83707.67,-1199.93,USD,MOCK_FEED
POS01000320260215,PORT010,INS0031,2026-02-15,2544,50.028,127271.23,4105.08,USD,MOCK_FEED
POS01000420260215,PORT010,INS0032,2026-02-15,4533,61.3887,278274.98,2964.55,USD,MOCK_FEED
POS01000520260215,PORT010,INS0033,2026-02-15,4899,31.3754,153708.08,1447.48,INR,MOCK_FEED
POS01000620260215,PORT010,INS0034,2026-02-15,3326,58.6459,195056.26,-3559.13,EUR,MOCK_FEED
POS01000720260215,PORT010,INS0035,2026-02-15,668,11.4998,7681.87,-179.42,INR,MOCK_FEED
POS01000820260215,PORT010,INS0036,2026-02-15,3580,26.8473,96113.33,-2056.15,INR,MOCK_FEED
POS01000920260215,PORT010,INS0037,2026-02-15,1657,50.9407,84408.74,-1346.37,INR,MOCK_FEED
POS01001020260215,PORT010,INS0038,2026-02-15,899,23.1143,20779.76,795.92,GBP,MOCK_FEED
POS01000120260216,PORT010,INS0029,2026-02-16,1742,19.36,33725.12,831.48,EUR,MOCK_FEED
POS01000220260216,PORT010,INS0030,2026-02-16,3184,51.6617,164490.85,-2981.03,USD,MOCK_FEED
POS01000320260216,PORT010,INS0031,2026-02-16,4132,50.7494,209696.52,-2485.09,EUR,MOCK_FEED
POS01000420260216,PORT010,INS0032,2026-02-16,4413,61.6663,272133.38,357.05,GBP,MOCK_FEED
POS01000520260216,PORT010,INS0033,2026-02-16,1232,31.1218,38342.06,-775.19,EUR,MOCK_FEED
POS01000620260216,PORT010,INS0034,2026-02-16,3554,58.8868,209283.69,-3758.01,INR,MOCK_FEED
POS01000720260216,PORT010,INS0035,2026-02-16,1064,11.4523,12185.25,234.91,USD,MOCK_FEED
POS01000820260216,PORT010,INS0036,2026-02-16,1672,27.0372,45206.2,1061.52,GBP,MOCK_FEED
POS01000920260216,PORT010,INS0037,2026-02-16,4302,51.3283,220814.35,-1873.96,EUR,MOCK_FEED
POS01001020260216,PORT010,INS0038,2026-02-16,2848,22.8695,65132.34,1330.95,USD,MOCK_FEED
POS01000120260217,PORT010,INS0029,2026-02-17,3679,19.3094,71039.28,-805.03,USD,MOCK_FEED
POS01000220260217,PORT010,INS0030,2026-02-17,2191,52.2754,114535.4,1509.43,INR,MOCK_FEED
POS01000320260217,PORT010,INS0031,2026-02-17,4724,50.1655,236981.82,7254.05,GBP,MOCK_FEED
POS01000420260217,PORT010,INS0032,2026-02-17,1568,61.4033,96280.37,2455.0,EUR,MOCK_FEED
POS01000520260217,PORT010,INS0033,2026-02-17,1930,31.1423,60104.64,886.23,GBP,MOCK_FEED
POS01000620260217,PORT010,INS0034,2026-02-17,966,59.2447,57230.38,-983.54,USD,MOCK_FEED
POS01000720260217,PORT010,INS0035,2026-02-17,2572,11.2861,29027.85,810.08,INR,MOCK_FEED
POS01000820260217,PORT010,INS0036,2026-02-17,2941,27.2441,80124.9,858.91,INR,MOCK_FEED
POS01000920260217,PORT010,INS0037,2026-02-17,431,52.8286,22769.13,-97.18,INR,MOCK_FEED
POS01001020260217,PORT010,INS0038,2026-02-17,3424,23.0538,78936.21,2899.28,EUR,MOCK_FEED
POS01000120260218,PORT010,INS0029,2026-02-18,1652,19.7228,32582.07,748.98,EUR,MOCK_FEED
POS01000220260218,PORT010,INS0030,2026-02-18,1687,52.3012,88232.12,-1379.15,GBP,MOCK_FEED
POS01000320260218,PORT010,INS0031,2026-02-18,4752,50.6471,240675.02,-4906.35,GBP,MOCK_FEED
POS01000420260218,PORT010,INS0032,2026-02-18,3264,61.5108,200771.25,5679.31,EUR,MOCK_FEED
POS01000520260218,PORT010,INS0033,2026-02-18,4098,31.1597,127692.45,-2385.66,USD,MOCK_FEED
POS01000620260218,PORT010,INS0034,2026-02-18,1615,58.5854,94615.42,-1731.18,USD,MOCK_FEED
POS01000720260218,PORT010,INS0035,2026-02-18,4609,11.0201,50791.64,552.98,GBP,MOCK_FEED
POS01000820260218,PORT010,INS0036,2026-02-18,3120,27.3286,85265.23,1296.35,USD,MOCK_FEED
POS01000920260218,PORT010,INS0037,2026-02-18,1750,53.454,93544.5,254.67,EUR,MOCK_FEED
POS01001020260218,PORT010,INS0038,2026-02-18,2886,23.0457,66509.89,907.98,GBP,MOCK_FEED
POS01000120260219,PORT010,INS0029,2026-02-19,1309,19.6303,25696.06,497.0,EUR,MOCK_FEED
POS01000220260219,PORT010,INS0030,2026-02-19,3696,51.4316,190091.19,64.79,GBP,MOCK_FEED
POS01000320260219,PORT010,INS0031,2026-02-19,1057,50.3361,53205.26,900.43,GBP,MOCK_FEED
POS01000420260219,PORT010,INS0032,2026-02-19,4131,61.4377,253799.14,3171.37,GBP,MOCK_FEED
POS01000520260219,PORT010,INS0033,2026-02-19,907,30.6478,27797.55,126.84,INR,MOCK_FEED
POS01000620260219,PORT010,INS0034,2026-02-19,1190,59.0881,70314.84,-849.44,EUR,MOCK_FEED
POS01000720260219,PORT010,INS0035,2026-02-19,2904,11.1146,32276.8,1215.77,EUR,MOCK_FEED
POS01000820260219,PORT010,INS0036,2026-02-19,2051,27.5244,56452.54,-439.6,USD,MOCK_FEED
POS01000920260219,PORT010,INS0037,2026-02-19,3398,53.5487,181958.48,1937.02,USD,MOCK_FEED
POS01001020260219,PORT010,INS0038,2026-02-19,1685,22.8583,38516.24,-578.0,EUR,MOCK_FEED
POS01000120260220,PORT010,INS0029,2026-02-20,4347,19.7293,85763.27,-868.22,USD,MOCK_FEED
POS01000220260220,PORT010,INS0030,2026-02-20,1646,51.8357,85321.56,-2325.3,USD,MOCK_FEED
POS01000320260220,PORT010,INS0031,2026-02-20,2559,49.6804,127132.14,4869.07,INR,MOCK_FEED
POS01000420260220,PORT010,INS0032,2026-02-20,2682,61.3587,164564.03,-1681.5,USD,MOCK_FEED
POS01000520260220,PORT010,INS0033,2026-02-20,3917,30.9879,121379.6,10.37,GBP,MOCK_FEED
POS01000620260220,PORT010,INS0034,2026-02-20,843,60.2754,50812.16,931.77,EUR,MOCK_FEED
POS01000720260220,PORT010,INS0035,2026-02-20,1470,11.1449,16383.0,358.1,EUR,MOCK_FEED
POS01000820260220,PORT010,INS0036,2026-02-20,875,27.2011,23800.96,715.64,INR,MOCK_FEED
POS01000920260220,PORT010,INS0037,2026-02-20,2094,53.2112,111424.25,1145.68,INR,MOCK_FEED
POS01001020260220,PORT010,INS0038,2026-02-20,4164,22.8416,95112.42,3739.83,EUR,MOCK_FEED
POS01000120260221,PORT010,INS0029,2026-02-21,3434,19.5088,66993.22,840.01,USD,MOCK_FEED
POS01000220260221,PORT010,INS0030,2026-02-21,2322,52.0175,120784.63,-2413.21,USD,MOCK_FEED
POS01000320260221,PORT010,INS0031,2026-02-21,4540,49.8158,226163.73,-5322.41,USD,MOCK_FEED
POS01000420260221,PORT010,INS0032,2026-02-21,2996,60.8401,182276.94,-2665.42,INR,MOCK_FEED
POS01000520260221,PORT010,INS0033,2026-02-21,1983,31.0982,61667.73,-209.36,INR,MOCK_FEED
POS01000620260221,PORT010,INS0034,2026-02-21,434,58.2429,25277.42,-141.6,EUR,MOCK_FEED
POS01000720260221,PORT010,INS0035,2026-02-21,2837,11.2824,32008.17,-92.81,INR,MOCK_FEED
POS01000820260221,PORT010,INS0036,2026-02-21,3792,26.8299,101738.98,-463.53,INR,MOCK_FEED
POS01000920260221,PORT010,INS0037,2026-02-21,681,52.9325,36047.03,-205.13,GBP,MOCK_FEED
POS01001020260221,PORT010,INS0038,2026-02-21,751,23.039,17302.29,389.03,USD,MOCK_FEED
POS01000120260222,PORT010,INS0029,2026-02-22,4336,19.6715,85295.62,-1794.37,GBP,MOCK_FEED
POS01000220260222,PORT010,INS0030,2026-02-22,299,51.6761,15451.15,-334.47,GBP,MOCK_FEED
POS01000320260222,PORT010,INS0031,2026-02-22,2669,49.2319,131399.94,529.12,USD,MOCK_FEED
POS01000420260222,PORT010,INS0032,2026-02-22,3904,60.0826,234562.47,-5581.22,INR,MOCK_FEED
POS01000520260222,PORT010,INS0033,2026-02-22,1191,30.8296,36718.05,-904.47,GBP,MOCK_FEED
POS01000620260222,PORT010,INS0034,2026-02-22,4383,60.014,263041.36,-670.28,USD,MOCK_FEED
POS01000720260222,PORT010,INS0035,2026-02-22,4555,11.4294,52060.92,638.94,GBP,MOCK_FEED
POS01000820260222,PORT010,INS0036,2026-02-22,3871,26.6409,103126.92,768.44,GBP,MOCK_FEED
POS01000920260222,PORT010,INS0037,2026-02-22,2762,53.8645,148773.75,426.67,GBP,MOCK_FEED
POS01001020260222,PORT010,INS0038,2026-02-22,2236,22.5425,50405.03,-226.51,USD,MOCK_FEED
POS01000120260223,PORT010,INS0029,2026-02-23,4771,19.327,92209.12,473.95,GBP,MOCK_FEED
POS01000220260223,PORT010,INS0030,2026-02-23,1000,50.9593,50959.3,-806.7,EUR,MOCK_FEED
POS01000320260223,PORT010,INS0031,2026-02-23,4271,48.973,209163.68,-1497.54,EUR,MOCK_FEED
POS01000420260223,PORT010,INS0032,2026-02-23,1010,60.6354,61241.75,2388.95,INR,MOCK_FEED
POS01000520260223,PORT010,INS0033,2026-02-23,3104,30.9964,96212.83,1019.78,GBP,MOCK_FEED
POS01000620260223,PORT010,INS0034,2026-02-23,3646,59.9535,218590.46,6347.79,GBP,MOCK_FEED
POS01000720260223,PORT010,INS0035,2026-02-23,1282,11.4356,14660.44,-234.99,USD,MOCK_FEED
POS01000820260223,PORT010,INS0036,2026-02-23,2658,26.5529,70577.61,-1187.42,GBP,MOCK_FEED
POS01000920260223,PORT010,INS0037,2026-02-23,2022,54.2123,109617.27,3467.47,USD,MOCK_FEED
POS01001020260223,PORT010,INS0038,2026-02-23,4464,22.5954,100865.87,-144.12,INR,MOCK_FEED
POS01000120260224,PORT010,INS0029,2026-02-24,3633,19.7354,71698.71,-1038.87,GBP,MOCK_FEED
POS01000220260224,PORT010,INS0030,2026-02-24,1798,50.8385,91407.62,-2590.61,EUR,MOCK_FEED
POS01000320260224,PORT010,INS0031,2026-02-24,4395,48.5978,213587.33,3413.41,INR,MOCK_FEED
POS01000420260224,PORT010,INS0032,2026-02-24,3560,60.6739,215999.08,-58.51,GBP,MOCK_FEED
POS01000520260224,PORT010,INS0033,2026-02-24,855,30.5892,26153.77,-589.79,EUR,MOCK_FEED
POS01000620260224,PORT010,INS0034,2026-02-24,3385,60.5933,205108.32,4795.26,EUR,MOCK_FEED
POS01000720260224,PORT010,INS0035,2026-02-24,2121,11.525,24444.53,-437.64,GBP,MOCK_FEED
POS01000820260224,PORT010,INS0036,2026-02-24,459,26.5841,12202.1,-58.92,USD,MOCK_FEED
POS01000920260224,PORT010,INS0037,2026-02-24,4222,54.7261,231053.59,8753.0,GBP,MOCK_FEED
POS01001020260224,PORT010,INS0038,2026-02-24,1982,22.7189,45028.86,1376.06,EUR,MOCK_FEED
POS01000120260225,PORT010,INS0029,2026-02-25,1003,19.5177,19576.25,387.89,INR,MOCK_FEED
POS01000220260225,PORT010,INS0030,2026-02-25,2445,51.3234,125485.71,-923.64,USD,MOCK_FEED
POS01000320260225,PORT010,INS0031,2026-02-25,582,49.0931,28572.18,-793.74,INR,MOCK_FEED
POS01000420260225,PORT010,INS0032,2026-02-25,583,59.5232,34702.03,-449.89,INR,MOCK_FEED
POS01000520260225,PORT010,INS0033,2026-02-25,3130,30.5142,95509.45,3408.83,USD,MOCK_FEED
POS01000620260225,PORT010,INS0034,2026-02-25,2316,60.1704,139354.65,-1997.29,GBP,MOCK_FEED
POS01000720260225,PORT010,INS0035,2026-02-25,3080,11.523,35490.84,452.46,USD,MOCK_FEED
POS01000820260225,PORT010,INS0036,2026-02-25,958,27.0265,25891.39,273.03,GBP,MOCK_FEED
POS01000920260225,PORT010,INS0037,2026-02-25,1328,54.8123,72790.73,-2063.94,GBP,MOCK_FEED
POS01001020260225,PORT010,INS0038,2026-02-25,1723,22.7715,39235.29,-216.74,EUR,MOCK_FEED
POS01000120260226,PORT010,INS0029,2026-02-26,2609,19.1976,50086.54,822.33,USD,MOCK_FEED
POS01000220260226,PORT010,INS0030,2026-02-26,2162,51.0507,110371.61,-2890.8,INR,MOCK_FEED
POS01000320260226,PORT010,INS0031,2026-02-26,974,49.8952,48597.92,-1266.62,INR,MOCK_FEED
POS01000420260226,PORT010,INS0032,2026-02-26,4693,60.1002,282050.24,-295.52,USD,MOCK_FEED
POS01000520260226,PORT010,INS0033,2026-02-26,3179,30.7497,97753.3,3107.95,INR,MOCK_FEED
POS01000620260226,PORT010,INS0034,2026-02-26,1735,59.5856,103381.02,-1588.15,GBP,MOCK_FEED
POS01000720260226,PORT010,INS0035,2026-02-26,3567,11.6727,41636.52,1443.03,EUR,MOCK_FEED
POS01000820260226,PORT010,INS0036,2026-02-26,1840,27.3432,50311.49,1966.61,INR,MOCK_FEED
POS01000920260226,PORT010,INS0037,2026-02-26,3514,54.7565,192414.34,-2391.49,INR,MOCK_FEED
POS01001020260226,PORT010,INS0038,2026-02-26,3565,22.6013,80573.63,827.75,USD,MOCK_FEED
POS01000120260227,PORT010,INS0029,2026-02-27,982,19.4153,19065.82,484.64,USD,MOCK_FEED
POS01000220260227,PORT010,INS0030,2026-02-27,351,51.2474,17987.84,-45.31,GBP,MOCK_FEED
POS01000320260227,PORT010,INS0031,2026-02-27,3557,48.884,173880.39,-4608.04,EUR,MOCK_FEED
POS01000420260227,PORT010,INS0032,2026-02-27,4348,57.9531,251980.08,-961.52,INR,MOCK_FEED
POS01000520260227,PORT010,INS0033,2026-02-27,4165,29.9528,124753.41,4363.26,USD,MOCK_FEED
POS01000620260227,PORT010,INS0034,2026-02-27,1929,58.699,113230.37,-2418.23,GBP,MOCK_FEED
POS01000720260227,PORT010,INS0035,2026-02-27,697,11.5098,8022.33,-182.69,USD,MOCK_FEED
POS01000820260227,PORT010,INS0036,2026-02-27,199,27.3369,5440.04,120.45,INR,MOCK_FEED
POS01000920260227,PORT010,INS0037,2026-02-27,3273,54.9889,179978.67,-1204.92,EUR,MOCK_FEED
POS01001020260227,PORT010,INS0038,2026-02-27,1481,22.3731,33134.56,-864.94,INR,MOCK_FEED
POS01000120260228,PORT010,INS0029,2026-02-28,4914,19.7176,96892.29,1485.16,EUR,MOCK_FEED
POS01000220260228,PORT010,INS0030,2026-02-28,3245,50.678,164450.11,2791.71,GBP,MOCK_FEED
POS01000320260228,PORT010,INS0031,2026-02-28,995,49.5859,49337.97,528.04,GBP,MOCK_FEED
POS01000420260228,PORT010,INS0032,2026-02-28,1980,57.5835,114015.33,1702.98,USD,MOCK_FEED
POS01000520260228,PORT010,INS0033,2026-02-28,1121,29.3362,32885.88,485.1,EUR,MOCK_FEED
POS01000620260228,PORT010,INS0034,2026-02-28,2331,58.0496,135313.62,2323.72,INR,MOCK_FEED
POS01000720260228,PORT010,INS0035,2026-02-28,4448,11.4924,51118.2,-951.11,EUR,MOCK_FEED
POS01000820260228,PORT010,INS0036,2026-02-28,2384,27.5183,65603.63,-1050.15,EUR,MOCK_FEED
POS01000920260228,PORT010,INS0037,2026-02-28,870,54.9312,47790.14,310.19,INR,MOCK_FEED
POS01001020260228,PORT010,INS0038,2026-02-28,2439,22.0567,53796.29,120.14,USD,MOCK_FEED
POS01000120260301,PORT010,INS0029,2026-03-01,2779,19.9027,55309.6,-464.02,EUR,MOCK_FEED
POS01000220260301,PORT010,INS0030,2026-03-01,1534,50.0138,76721.17,-1956.38,GBP,MOCK_FEED
POS01000320260301,PORT010,INS0031,2026-03-01,4045,49.1796,198931.48,-490.73,USD,MOCK_FEED
POS01000420260301,PORT010,INS0032,2026-03-01,1783,56.6909,101079.87,-2708.94,INR,MOCK_FEED
POS01000520260301,PORT010,INS0033,2026-03-01,2295,28.9898,66531.59,-1008.37,GBP,MOCK_FEED
POS01000620260301,PORT010,INS0034,2026-03-01,1136,57.5452,65371.35,1684.16,GBP,MOCK_FEED
POS01000720260301,PORT010,INS0035,2026-03-01,3151,11.4554,36095.97,80.63,GBP,MOCK_FEED
POS01000820260301,PORT010,INS0036,2026-03-01,2731,26.8675,73375.14,-1562.94,USD,MOCK_FEED
POS01000920260301,PORT010,INS0037,2026-03-01,4872,54.948,267706.66,3297.28,USD,MOCK_FEED
POS01001020260301,PORT010,INS0038,2026-03-01,2268,22.1431,50220.55,459.71,USD,MOCK_FEED
POS01000120260302,PORT010,INS0029,2026-03-02,2042,19.9123,40660.92,1090.0,USD,MOCK_FEED
POS01000220260302,PORT010,INS0030,2026-03-02,4107,51.3097,210728.94,5701.2,USD,MOCK_FEED
POS01000320260302,PORT010,INS0031,2026-03-02,2248,48.9929,110136.04,4113.35,GBP,MOCK_FEED
POS01000420260302,PORT010,INS0032,2026-03-02,4443,54.6243,242695.76,3383.73,USD,MOCK_FEED
POS01000520260302,PORT010,INS0033,2026-03-02,4330,29.3806,127218.0,3683.87,EUR,MOCK_FEED
POS01000620260302,PORT010,INS0034,2026-03-02,961,58.752,56460.67,-1130.78,EUR,MOCK_FEED
POS01000720260302,PORT010,INS0035,2026-03-02,1447,11.5634,16732.24,419.52,INR,MOCK_FEED
POS01000820260302,PORT010,INS0036,2026-03-02,2925,26.3871,77182.27,-1080.25,INR,MOCK_FEED
POS01000920260302,PORT010,INS0037,2026-03-02,4747,56.3242,267370.98,-1067.65,GBP,MOCK_FEED
POS01001020260302,PORT010,INS0038,2026-03-02,1431,22.0895,31610.07,755.11,EUR,MOCK_FEED
POS01000120260303,PORT010,INS0029,2026-03-03,4017,19.9678,80210.65,2991.21,USD,MOCK_FEED
POS01000220260303,PORT010,INS0030,2026-03-03,4716,51.05,240751.8,4887.4,EUR,MOCK_FEED
POS01000320260303,PORT010,INS0031,2026-03-03,1575,50.7632,79952.04,-12.79,EUR,MOCK_FEED
POS01000420260303,PORT010,INS0032,2026-03-03,4321,56.2655,243123.23,5205.61,INR,MOCK_FEED
POS01000520260303,PORT010,INS0033,2026-03-03,2412,28.7467,69337.04,689.38,USD,MOCK_FEED
POS01000620260303,PORT010,INS0034,2026-03-03,1682,58.9901,99221.35,1674.89,EUR,MOCK_FEED
POS01000720260303,PORT010,INS0035,2026-03-03,3666,11.3706,41684.62,-247.39,GBP,MOCK_FEED
POS01000820260303,PORT010,INS0036,2026-03-03,331,26.8503,8887.45,288.61,EUR,MOCK_FEED
POS01000920260303,PORT010,INS0037,2026-03-03,738,55.34,40840.92,1438.58,GBP,MOCK_FEED
POS01001020260303,PORT010,INS0038,2026-03-03,4696,22.0585,103586.72,2940.61,USD,MOCK_FEED
POS01000120260304,PORT010,INS0029,2026-03-04,1618,20.1698,32634.74,1111.48,INR,MOCK_FEED
POS01000220260304,PORT010,INS0030,2026-03-04,4895,51.0586,249931.85,4154.7,GBP,MOCK_FEED
POS01000320260304,PORT010,INS0031,2026-03-04,1035,51.198,52989.93,-942.16,INR,MOCK_FEED
POS01000420260304,PORT010,INS0032,2026-03-04,1238,55.6414,68884.05,2606.57,INR,MOCK_FEED
POS01000520260304,PORT010,INS0033,2026-03-04,3796,28.9516,109900.27,596.77,USD,MOCK_FEED
POS01000620260304,PORT010,INS0034,2026-03-04,2078,59.6635,123980.75,-3121.96,EUR,MOCK_FEED
POS01000720260304,PORT010,INS0035,2026-03-04,4122,11.4627,47249.25,-164.33,USD,MOCK_FEED
POS01000820260304,PORT010,INS0036,2026-03-04,1681,26.9964,45380.95,-1086.53,EUR,MOCK_FEED
POS01000920260304,PORT010,INS0037,2026-03-04,2437,55.455,135143.83,4074.93,GBP,MOCK_FEED
POS01001020260304,PORT010,INS0038,2026-03-04,2483,22.3147,55407.4,1421.26,GBP,MOCK_FEED
POS01000120260305,PORT010,INS0029,2026-03-05,2138,20.0497,42866.26,-93.71,EUR,MOCK_FEED
POS01000220260305,PORT010,INS0030,2026-03-05,3984,50.9547,203003.52,4636.91,EUR,MOCK_FEED
POS01000320260305,PORT010,INS0031,2026-03-05,734,51.8619,38066.63,-1096.06,INR,MOCK_FEED
POS01000420260305,PORT010,INS0032,2026-03-05,1544,54.8531,84693.19,1596.18,GBP,MOCK_FEED
POS01000520260305,PORT010,INS0033,2026-03-05,3474,28.6972,99694.07,-1439.25,EUR,MOCK_FEED
POS01000620260305,PORT010,INS0034,2026-03-05,3468,59.2355,205428.71,733.97,GBP,MOCK_FEED
POS01000720260305,PORT010,INS0035,2026-03-05,2654,11.538,30621.85,-541.34,USD,MOCK_FEED
POS01000820260305,PORT010,INS0036,2026-03-05,3136,26.9694,84576.04,1801.35,GBP,MOCK_FEED
POS01000920260305,PORT010,INS0037,2026-03-05,2883,54.3243,156616.96,2813.1,GBP,MOCK_FEED
POS01001020260305,PORT010,INS0038,2026-03-05,350,22.5464,7891.24,3.79,EUR,MOCK_FEED
POS01000120260306,PORT010,INS0029,2026-03-06,2629,19.6742,51723.47,830.81,EUR,MOCK_FEED
POS01000220260306,PORT010,INS0030,2026-03-06,4296,50.5026,216959.17,-2984.22,EUR,MOCK_FEED
POS01000320260306,PORT010,INS0031,2026-03-06,880,53.3228,46924.06,-954.32,USD,MOCK_FEED
POS01000420260306,PORT010,INS0032,2026-03-06,2945,55.8954,164611.95,-4345.36,EUR,MOCK_FEED
POS01000520260306,PORT010,INS0033,2026-03-06,1816,28.8791,52444.45,1297.71,GBP,MOCK_FEED
POS01000620260306,PORT010,INS0034,2026-03-06,1559,59.5395,92822.08,416.85,GBP,MOCK_FEED
POS01000720260306,PORT010,INS0035,2026-03-06,3213,11.395,36612.14,-144.59,INR,MOCK_FEED
POS01000820260306,PORT010,INS0036,2026-03-06,4696,26.2117,123090.14,-3341.83,EUR,MOCK_FEED
POS01000920260306,PORT010,INS0037,2026-03-06,2717,53.1891,144514.78,2438.61,USD,MOCK_FEED
POS01001020260306,PORT010,INS0038,2026-03-06,2642,22.2733,58846.06,129.39,INR,MOCK_FEED
POS01000120260307,PORT010,INS0029,2026-03-07,4706,19.8311,93325.16,377.54,EUR,MOCK_FEED
POS01000220260307,PORT010,INS0030,2026-03-07,3819,50.6902,193585.87,4882.15,USD,MOCK_FEED
POS01000320260307,PORT010,INS0031,2026-03-07,1114,51.81,57716.34,1122.74,USD,MOCK_FEED
POS01000420260307,PORT010,INS0032,2026-03-07,846,55.1642,46668.91,1395.28,INR,MOCK_FEED
POS01000520260307,PORT010,INS0033,2026-03-07,1244,29.2874,36433.53,-801.67,GBP,MOCK_FEED
POS01000620260307,PORT010,INS0034,2026-03-07,2904,58.8764,170977.07,3047.04,USD,MOCK_FEED
POS01000720260307,PORT010,INS0035,2026-03-07,1964,11.3761,22342.66,743.1,INR,MOCK_FEED
POS01000820260307,PORT010,INS0036,2026-03-07,3666,25.9897,95278.24,-2253.65,INR,MOCK_FEED
POS01000920260307,PORT010,INS0037,2026-03-07,911,52.7886,48090.41,1163.65,EUR,MOCK_FEED
POS01001020260307,PORT010,INS0038,2026-03-07,1313,22.2752,29247.34,711.15,USD,MOCK_FEED
POS01000120260308,PORT010,INS0029,2026-03-08,4755,20.3255,96647.75,1455.97,EUR,MOCK_FEED
POS01000220260308,PORT010,INS0030,2026-03-08,4738,50.9576,241437.11,1920.43,INR,MOCK_FEED
POS01000320260308,PORT010,INS0031,2026-03-08,4802,51.4842,247227.13,-2572.32,INR,MOCK_FEED
POS01000420260308,PORT010,INS0032,2026-03-08,1954,54.6739,106832.8,3217.34,EUR,MOCK_FEED
POS01000520260308,PORT010,INS0033,2026-03-08,386,29.705,11466.13,-183.89,EUR,MOCK_FEED
POS01000620260308,PORT010,INS0034,2026-03-08,1550,58.8936,91285.08,-903.37,EUR,MOCK_FEED
POS01000720260308,PORT010,INS0035,2026-03-08,4742,11.3016,53592.19,1768.45,GBP,MOCK_FEED
POS01000820260308,PORT010,INS0036,2026-03-08,4690,26.2051,122901.92,-2585.57,INR,MOCK_FEED
POS01000920260308,PORT010,INS0037,2026-03-08,333,53.131,17692.62,427.75,INR,MOCK_FEED
POS01001020260308,PORT010,INS0038,2026-03-08,131,22.1911,2907.03,59.26,GBP,MOCK_FEED
POS01000120260309,PORT010,INS0029,2026-03-09,4503,20.2093,91002.48,93.53,USD,MOCK_FEED
POS01000220260309,PORT010,INS0030,2026-03-09,4726,51.2555,242233.49,-4248.34,INR,MOCK_FEED
POS01000320260309,PORT010,INS0031,2026-03-09,3633,52.1592,189494.37,3570.58,INR,MOCK_FEED
POS01000420260309,PORT010,INS0032,2026-03-09,174,54.8411,9542.35,46.94,INR,MOCK_FEED
POS01000520260309,PORT010,INS0033,2026-03-09,4056,29.8483,121064.7,-1798.12,USD,MOCK_FEED
POS01000620260309,PORT010,INS0034,2026-03-09,765,57.7049,44144.25,-603.14,EUR,MOCK_FEED
POS01000720260309,PORT010,INS0035,2026-03-09,4671,11.2219,52417.49,-461.23,EUR,MOCK_FEED
POS01000820260309,PORT010,INS0036,2026-03-09,639,25.9357,16572.91,545.86,EUR,MOCK_FEED
POS01000920260309,PORT010,INS0037,2026-03-09,4502,53.5628,241139.73,5966.6,INR,MOCK_FEED
POS01001020260309,PORT010,INS0038,2026-03-09,3554,22.5337,80084.77,-704.03,USD,MOCK_FEED
POS01000120260310,PORT010,INS0029,2026-03-10,2732,20.3956,55720.78,1873.88,EUR,MOCK_FEED
POS01000220260310,PORT010,INS0030,2026-03-10,4441,51.5278,228834.96,3093.65,EUR,MOCK_FEED
POS01000320260310,PORT010,INS0031,2026-03-10,2701,52.1453,140844.46,5487.68,EUR,MOCK_FEED
POS01000420260310,PORT010,INS0032,2026-03-10,1371,54.8398,75185.37,1438.23,USD,MOCK_FEED
POS01000520260310,PORT010,INS0033,2026-03-10,970,29.294,28415.18,-669.49,USD,MOCK_FEED
POS01000620260310,PORT010,INS0034,2026-03-10,1403,57.9445,81296.13,1088.4,EUR,MOCK_FEED
POS01000720260310,PORT010,INS0035,2026-03-10,4649,11.2954,52512.31,957.93,INR,MOCK_FEED
POS01000820260310,PORT010,INS0036,2026-03-10,2244,26.3616,59155.43,1516.59,GBP,MOCK_FEED
POS01000920260310,PORT010,INS0037,2026-03-10,3171,52.5156,166526.97,3225.14,USD,MOCK_FEED
POS01001020260310,PORT010,INS0038,2026-03-10,101,22.6705,2289.72,-59.38,GBP,MOCK_FEED
POS01000120260311,PORT010,INS0029,2026-03-11,2718,20.3212,55233.02,1070.55,GBP,MOCK_FEED
POS01000220260311,PORT010,INS0030,2026-03-11,3828,50.8778,194760.22,-2576.66,GBP,MOCK_FEED
POS01000320260311,PORT010,INS0031,2026-03-11,3508,52.5929,184495.89,7071.91,EUR,MOCK_FEED
POS01000420260311,PORT010,INS0032,2026-03-11,1275,55.3467,70567.04,1623.29,INR,MOCK_FEED
POS01000520260311,PORT010,INS0033,2026-03-11,3670,29.5186,108333.26,3276.47,GBP,MOCK_FEED
POS01000620260311,PORT010,INS0034,2026-03-11,1925,59.6617,114848.77,4210.17,EUR,MOCK_FEED
POS01000720260311,PORT010,INS0035,2026-03-11,661,11.3429,7497.66,197.42,INR,MOCK_FEED
POS01000820260311,PORT010,INS0036,2026-03-11,497,26.8981,13368.36,-28.67,USD,MOCK_FEED
POS01000920260311,PORT010,INS0037,2026-03-11,2167,52.7032,114207.83,-118.25,EUR,MOCK_FEED
POS01001020260311,PORT010,INS0038,2026-03-11,4541,22.5568,102430.43,58.8,EUR,MOCK_FEED
POS01000120260312,PORT010,INS0029,2026-03-12,4360,20.5088,89418.37,1671.47,GBP,MOCK_FEED
POS01000220260312,PORT010,INS0030,2026-03-12,3808,51.015,194265.12,-411.16,USD,MOCK_FEED
POS01000320260312,PORT010,INS0031,2026-03-12,3350,52.3437,175351.39,-3576.04,GBP,MOCK_FEED
POS01000420260312,PORT010,INS0032,2026-03-12,2074,54.6463,113336.43,1892.14,INR,MOCK_FEED
POS01000520260312,PORT010,INS0033,2026-03-12,2110,29.2894,61800.63,1205.23,USD,MOCK_FEED
POS01000620260312,PORT010,INS0034,2026-03-12,2072,58.9838,122214.43,-1612.0,GBP,MOCK_FEED
POS01000720260312,PORT010,INS0035,2026-03-12,3018,11.2866,34062.96,-704.26,EUR,MOCK_FEED
POS01000820260312,PORT010,INS0036,2026-03-12,3314,26.6777,88409.9,2240.98,EUR,MOCK_FEED
POS01000920260312,PORT010,INS0037,2026-03-12,2965,52.9066,156868.07,783.83,EUR,MOCK_FEED
POS01001020260312,PORT010,INS0038,2026-03-12,1382,22.6856,31351.5,872.48,EUR,MOCK_FEED
POS01000120260313,PORT010,INS0029,2026-03-13,3749,20.7225,77688.65,-398.38,USD,MOCK_FEED
POS01000220260313,PORT010,INS0030,2026-03-13,1577,51.3546,80986.2,306.71,USD,MOCK_FEED
POS01000320260313,PORT010,INS0031,2026-03-13,1717,52.5012,90144.56,463.55,GBP,MOCK_FEED
POS01000420260313,PORT010,INS0032,2026-03-13,2932,54.9312,161058.28,1771.21,GBP,MOCK_FEED
POS01000520260313,PORT010,INS0033,2026-03-13,1592,29.8957,47593.95,-1022.15,GBP,MOCK_FEED
POS01000620260313,PORT010,INS0034,2026-03-13,2548,59.2951,151083.91,3470.05,USD,MOCK_FEED
POS01000720260313,PORT010,INS0035,2026-03-13,238,11.1732,2659.22,-75.48,EUR,MOCK_FEED
POS01000820260313,PORT010,INS0036,2026-03-13,3154,26.7328,84315.25,-680.28,EUR,MOCK_FEED
POS01000920260313,PORT010,INS0037,2026-03-13,1991,52.4827,104493.06,1333.09,USD,MOCK_FEED
POS01001020260313,PORT010,INS0038,2026-03-13,1904,22.1804,42231.48,-232.72,GBP,MOCK_FEED
POS01000120260314,PORT010,INS0029,2026-03-14,740,20.7473,15353.0,395.26,INR,MOCK_FEED
POS01000220260314,PORT010,INS0030,2026-03-14,4136,51.1487,211551.02,3566.74,INR,MOCK_FEED
POS01000320260314,PORT010,INS0031,2026-03-14,2632,52.3928,137897.85,4654.44,EUR,MOCK_FEED
POS01000420260314,PORT010,INS0032,2026-03-14,1460,54.5033,79574.82,888.64,GBP,MOCK_FEED
POS01000520260314,PORT010,INS0033,2026-03-14,2787,30.9161,86163.17,1626.18,INR,MOCK_FEED
POS01000620260314,PORT010,INS0034,2026-03-14,4578,59.7389,273484.68,-2807.61,INR,MOCK_FEED
POS01000720260314,PORT010,INS0035,2026-03-14,3622,11.0861,40153.85,14.3,GBP,MOCK_FEED
POS01000820260314,PORT010,INS0036,2026-03-14,3889,26.5527,103263.45,2845.53,INR,MOCK_FEED
POS01000920260314,PORT010,INS0037,2026-03-14,3743,51.8043,193903.49,-2733.24,EUR,MOCK_FEED
POS01001020260314,PORT010,INS0038,2026-03-14,3523,22.0503,77683.21,2082.01,USD,MOCK_FEED
POS01000120260315,PORT010,INS0029,2026-03-15,2982,20.3378,60647.32,1901.1,USD,MOCK_FEED
POS01000220260315,PORT010,INS0030,2026-03-15,4068,50.9059,207085.2,5327.1,GBP,MOCK_FEED
POS01000320260315,PORT010,INS0031,2026-03-15,3887,52.9975,206001.28,470.07,EUR,MOCK_FEED
POS01000420260315,PORT010,INS0032,2026-03-15,4215,54.2277,228569.76,8220.53,INR,MOCK_FEED
POS01000520260315,PORT010,INS0033,2026-03-15,4696,31.1525,146292.14,3260.59,EUR,MOCK_FEED
POS01000620260315,PORT010,INS0034,2026-03-15,966,59.2177,57204.3,-84.37,INR,MOCK_FEED
POS01000720260315,PORT010,INS0035,2026-03-15,3156,11.118,35088.41,1018.83,EUR,MOCK_FEED
POS01000820260315,PORT010,INS0036,2026-03-15,4230,26.6962,112924.93,391.68,EUR,MOCK_FEED
POS01000920260315,PORT010,INS0037,2026-03-15,3976,51.2363,203715.53,4943.24,INR,MOCK_FEED
POS01001020260315,PORT010,INS0038,2026-03-15,4313,22.118,95394.93,-529.52,GBP,MOCK_FEED
POS01000120260316,PORT010,INS0029,2026-03-16,2809,20.2134,56779.44,323.79,USD,MOCK_FEED
POS01000220260316,PORT010,INS0030,2026-03-16,3535,51.0703,180533.51,5520.43,EUR,MOCK_FEED
POS01000320260316,PORT010,INS0031,2026-03-16,4268,52.2702,223089.21,-3749.06,USD,MOCK_FEED
POS01000420260316,PORT010,INS0032,2026-03-16,4606,55.3509,254946.25,-4016.42,GBP,MOCK_FEED
POS01000520260316,PORT010,INS0033,2026-03-16,954,30.946,29522.48,-154.0,USD,MOCK_FEED
POS01000620260316,PORT010,INS0034,2026-03-16,4136,59.9275,247860.14,-2129.67,USD,MOCK_FEED
POS01000720260316,PORT010,INS0035,2026-03-16,1839,11.1755,20551.74,133.15,USD,MOCK_FEED
POS01000820260316,PORT010,INS0036,2026-03-16,4898,26.6821,130688.93,4339.21,USD,MOCK_FEED
POS01000920260316,PORT010,INS0037,2026-03-16,1792,51.1915,91735.17,-2463.39,INR,MOCK_FEED
POS01001020260316,PORT010,INS0038,2026-03-16,3313,21.7257,71977.24,2441.45,INR,MOCK_FEED
POS01000120260317,PORT010,INS0029,2026-03-17,3543,19.9513,70687.46,-266.31,GBP,MOCK_FEED
POS01000220260317,PORT010,INS0030,2026-03-17,2556,50.5584,129227.27,-1019.3,GBP,MOCK_FEED
POS01000320260317,PORT010,INS0031,2026-03-17,2038,51.5622,105083.76,1533.44,EUR,MOCK_FEED
POS01000420260317,PORT010,INS0032,2026-03-17,2208,54.6906,120756.84,-3241.31,GBP,MOCK_FEED
POS01000520260317,PORT010,INS0033,2026-03-17,4808,30.5922,147087.3,2535.36,EUR,MOCK_FEED
POS01000620260317,PORT010,INS0034,2026-03-17,1609,61.4641,98895.74,412.62,GBP,MOCK_FEED
POS01000720260317,PORT010,INS0035,2026-03-17,3603,11.2756,40625.99,-268.92,USD,MOCK_FEED
POS01000820260317,PORT010,INS0036,2026-03-17,4065,26.3346,107050.15,-461.27,INR,MOCK_FEED
POS01000920260317,PORT010,INS0037,2026-03-17,989,51.6401,51072.06,326.2,EUR,MOCK_FEED
POS01001020260317,PORT010,INS0038,2026-03-17,978,22.3414,21849.89,-201.65,INR,MOCK_FEED
POS01000120260318,PORT010,INS0029,2026-03-18,2678,19.6008,52490.94,1779.39,GBP,MOCK_FEED
POS01000220260318,PORT010,INS0030,2026-03-18,3460,50.3937,174362.2,-2680.94,EUR,MOCK_FEED
POS01000320260318,PORT010,INS0031,2026-03-18,2066,50.9539,105270.76,3165.79,GBP,MOCK_FEED
POS01000420260318,PORT010,INS0032,2026-03-18,2136,55.1549,117810.87,201.66,INR,MOCK_FEED
POS01000520260318,PORT010,INS0033,2026-03-18,2141,30.7592,65855.45,-174.79,USD,MOCK_FEED
POS01000620260318,PORT010,INS0034,2026-03-18,2562,61.3575,157197.92,2300.25,INR,MOCK_FEED
POS01000720260318,PORT010,INS0035,2026-03-18,3705,11.1213,41204.42,-512.1,INR,MOCK_FEED
POS01000820260318,PORT010,INS0036,2026-03-18,2669,26.3274,70267.83,496.66,USD,MOCK_FEED
POS01000920260318,PORT010,INS0037,2026-03-18,1242,51.7036,64215.87,-1232.56,USD,MOCK_FEED
POS01001020260318,PORT010,INS0038,2026-03-18,441,22.2098,9794.52,388.03,INR,MOCK_FEED
POS01000120260319,PORT010,INS0029,2026-03-19,100,19.6572,1965.72,50.8,USD,MOCK_FEED
POS01000220260319,PORT010,INS0030,2026-03-19,2584,50.7113,131038.0,247.83,INR,MOCK_FEED
POS01000320260319,PORT010,INS0031,2026-03-19,1517,49.874,75658.86,-814.45,INR,MOCK_FEED
POS01000420260319,PORT010,INS0032,2026-03-19,537,53.3668,28657.97,289.34,INR,MOCK_FEED
POS01000520260319,PORT010,INS0033,2026-03-19,4012,30.3796,121882.96,-1931.65,EUR,MOCK_FEED
POS01000620260319,PORT010,INS0034,2026-03-19,138,62.0771,8566.64,322.8,GBP,MOCK_FEED
POS01000720260319,PORT010,INS0035,2026-03-19,1448,10.9824,15902.52,-423.12,INR,MOCK_FEED
POS01000820260319,PORT010,INS0036,2026-03-19,774,26.1206,20217.34,723.7,INR,MOCK_FEED
POS01000920260319,PORT010,INS0037,2026-03-19,3776,51.9493,196160.56,6405.06,INR,MOCK_FEED
POS01001020260319,PORT010,INS0038,2026-03-19,701,22.0197,15435.81,37.67,EUR,MOCK_FEED
POS01000120260320,PORT010,INS0029,2026-03-20,1649,19.6322,32373.5,982.69,INR,MOCK_FEED
POS01000220260320,PORT010,INS0030,2026-03-20,3973,49.0461,194860.16,-1843.3,EUR,MOCK_FEED
POS01000320260320,PORT010,INS0031,2026-03-20,2378,49.2243,117055.39,-2718.47,INR,MOCK_FEED
POS01000420260320,PORT010,INS0032,2026-03-20,1247,53.3442,66520.22,-1439.3,USD,MOCK_FEED
POS01000520260320,PORT010,INS0033,2026-03-20,884,29.7393,26289.54,-26.33,GBP,MOCK_FEED
POS01000620260320,PORT010,INS0034,2026-03-20,3456,61.8559,213773.99,-1525.68,GBP,MOCK_FEED
POS01000720260320,PORT010,INS0035,2026-03-20,1220,10.9262,13329.96,-220.54,EUR,MOCK_FEED
POS01000820260320,PORT010,INS0036,2026-03-20,100,26.4455,2644.55,-66.09,INR,MOCK_FEED
POS01000920260320,PORT010,INS0037,2026-03-20,1397,51.7716,72324.93,-854.22,EUR,MOCK_FEED
POS01001020260320,PORT010,INS0038,2026-03-20,4798,21.8188,104686.6,1929.72,INR,MOCK_FEED
POS01000120260321,PORT010,INS0029,2026-03-21,2185,19.9,43481.5,1326.83,GBP,MOCK_FEED
POS01000220260321,PORT010,INS0030,2026-03-21,3958,49.3212,195213.31,5598.73,GBP,MOCK_FEED
POS01000320260321,PORT010,INS0031,2026-03-21,1039,48.2598,50141.93,1139.81,USD,MOCK_FEED
POS01000420260321,PORT010,INS0032,2026-03-21,4668,54.0569,252337.61,-7235.62,EUR,MOCK_FEED
POS01000520260321,PORT010,INS0033,2026-03-21,1159,29.3616,34030.09,-809.75,INR,MOCK_FEED
POS01000620260321,PORT010,INS0034,2026-03-21,3767,61.7838,232739.57,-2763.44,EUR,MOCK_FEED
POS01000720260321,PORT010,INS0035,2026-03-21,911,11.0711,10085.77,364.38,INR,MOCK_FEED
POS01000820260321,PORT010,INS0036,2026-03-21,1474,26.5204,39091.07,1348.07,EUR,MOCK_FEED
POS01000920260321,PORT010,INS0037,2026-03-21,4061,51.7605,210199.39,7943.68,EUR,MOCK_FEED
POS01001020260321,PORT010,INS0038,2026-03-21,3668,21.844,80123.79,-100.29,GBP,MOCK_FEED
POS01000120260322,PORT010,INS0029,2026-03-22,1892,20.1395,38103.93,-853.08,GBP,MOCK_FEED
POS01000220260322,PORT010,INS0030,2026-03-22,2009,49.049,98539.44,1912.76,EUR,MOCK_FEED
POS01000320260322,PORT010,INS0031,2026-03-22,200,48.8123,9762.46,-62.72,USD,MOCK_FEED
POS01000420260322,PORT010,INS0032,2026-03-22,4730,54.2609,256654.06,814.87,EUR,MOCK_FEED
POS01000520260322,PORT010,INS0033,2026-03-22,563,29.3184,16506.26,332.2,USD,MOCK_FEED
POS01000620260322,PORT010,INS0034,2026-03-22,1930,61.4385,118576.3,794.01,GBP,MOCK_FEED
POS01000720260322,PORT010,INS0035,2026-03-22,953,10.8808,10369.4,222.85,GBP,MOCK_FEED
POS01000820260322,PORT010,INS0036,2026-03-22,211,26.8131,5657.56,121.88,USD,MOCK_FEED
POS01000920260322,PORT010,INS0037,2026-03-22,2805,52.789,148073.15,1897.1,USD,MOCK_FEED
POS01001020260322,PORT010,INS0038,2026-03-22,1841,21.5618,39695.27,-496.38,USD,MOCK_FEED
POS01000120260323,PORT010,INS0029,2026-03-23,1060,20.1847,21395.78,356.43,EUR,MOCK_FEED
POS01000220260323,PORT010,INS0030,2026-03-23,4022,49.1433,197654.35,1517.45,GBP,MOCK_FEED
POS01000320260323,PORT010,INS0031,2026-03-23,4915,48.1417,236616.46,-2951.77,GBP,MOCK_FEED
POS01000420260323,PORT010,INS0032,2026-03-23,1950,55.1004,107445.78,2476.94,GBP,MOCK_FEED
POS01000520260323,PORT010,INS0033,2026-03-23,2023,29.3982,59472.56,-1003.92,GBP,MOCK_FEED
POS01000620260323,PORT010,INS0034,2026-03-23,3267,62.2699,203435.76,2431.32,GBP,MOCK_FEED
POS01000720260323,PORT010,INS0035,2026-03-23,2659,10.9619,29147.69,1069.39,GBP,MOCK_FEED
POS01000820260323,PORT010,INS0036,2026-03-23,170,26.6529,4530.99,-10.87,INR,MOCK_FEED
POS01000920260323,PORT010,INS0037,2026-03-23,3599,53.8977,193977.82,115.62,INR,MOCK_FEED
POS01001020260323,PORT010,INS0038,2026-03-23,2780,21.0231,58444.22,-1174.75,USD,MOCK_FEED
POS01000120260324,PORT010,INS0029,2026-03-24,2250,19.7572,44453.7,412.27,USD,MOCK_FEED
POS01000220260324,PORT010,INS0030,2026-03-24,1874,50.3389,94335.1,1914.16,EUR,MOCK_FEED
POS01000320260324,PORT010,INS0031,2026-03-24,3037,47.8863,145430.69,-2469.33,EUR,MOCK_FEED
POS01000420260324,PORT010,INS0032,2026-03-24,3427,55.8609,191435.3,2484.49,USD,MOCK_FEED
POS01000520260324,PORT010,INS0033,2026-03-24,2481,29.2411,72547.17,-1024.16,INR,MOCK_FEED
POS01000620260324,PORT010,INS0034,2026-03-24,1063,61.6217,65503.87,-1234.62,GBP,MOCK_FEED
POS01000720260324,PORT010,INS0035,2026-03-24,2167,11.2042,24279.5,149.49,INR,MOCK_FEED
POS01000820260324,PORT010,INS0036,2026-03-24,3239,26.7052,86498.14,3230.09,INR,MOCK_FEED
POS01000920260324,PORT010,INS0037,2026-03-24,253,54.7016,13839.5,529.98,INR,MOCK_FEED
POS01001020260324,PORT010,INS0038,2026-03-24,804,21.169,17019.88,475.68,INR,MOCK_FEED
POS01000120260325,PORT010,INS0029,2026-03-25,1333,19.6383,26177.85,147.76,USD,MOCK_FEED
POS01000220260325,PORT010,INS0030,2026-03-25,4307,49.9968,215336.22,6840.28,EUR,MOCK_FEED
POS01000320260325,PORT010,INS0031,2026-03-25,207,47.8761,9910.35,-263.63,EUR,MOCK_FEED
POS01000420260325,PORT010,INS0032,2026-03-25,2298,54.8399,126022.09,-610.93,EUR,MOCK_FEED
POS01000520260325,PORT010,INS0033,2026-03-25,4627,28.9473,133939.16,1376.67,EUR,MOCK_FEED
POS01000620260325,PORT010,INS0034,2026-03-25,1198,61.0408,73126.88,642.16,USD,MOCK_FEED
POS01000720260325,PORT010,INS0035,2026-03-25,1351,11.216,15152.82,24.76,INR,MOCK_FEED
POS01000820260325,PORT010,INS0036,2026-03-25,977,26.1698,25567.89,125.04,INR,MOCK_FEED
POS01000920260325,PORT010,INS0037,2026-03-25,948,55.7054,52808.72,-119.85,GBP,MOCK_FEED
POS01001020260325,PORT010,INS0038,2026-03-25,4017,21.2648,85420.7,30.87,EUR,MOCK_FEED
POS01000120260326,PORT010,INS0029,2026-03-26,4152,20.0285,83158.33,1070.82,USD,MOCK_FEED
POS01000220260326,PORT010,INS0030,2026-03-26,865,49.7639,43045.77,687.64,INR,MOCK_FEED
POS01000320260326,PORT010,INS0031,2026-03-26,4304,47.7997,205729.91,1276.66,GBP,MOCK_FEED
POS01000420260326,PORT010,INS0032,2026-03-26,2732,55.5165,151671.08,-4225.58,EUR,MOCK_FEED
POS01000520260326,PORT010,INS0033,2026-03-26,4500,29.1165,131024.25,4987.0,GBP,MOCK_FEED
POS01000620260326,PORT010,INS0034,2026-03-26,992,60.7674,60281.26,2066.28,INR,MOCK_FEED
POS01000720260326,PORT010,INS0035,2026-03-26,2523,11.0244,27814.56,-785.71,USD,MOCK_FEED
POS01000820260326,PORT010,INS0036,2026-03-26,1227,25.8826,31757.95,-662.03,USD,MOCK_FEED
POS01000920260326,PORT010,INS0037,2026-03-26,1423,55.8045,79409.8,-2214.8,EUR,MOCK_FEED
POS01001020260326,PORT010,INS0038,2026-03-26,126,21.3237,2686.79,104.1,GBP,MOCK_FEED
POS01000120260327,PORT010,INS0029,2026-03-27,4750,20.3489,96657.28,1079.31,INR,MOCK_FEED
POS01000220260327,PORT010,INS0030,2026-03-27,1352,49.2771,66622.64,2063.7,INR,MOCK_FEED
POS01000320260327,PORT010,INS0031,2026-03-27,4491,48.4586,217627.57,4022.53,INR,MOCK_FEED
POS01000420260327,PORT010,INS0032,2026-03-27,4097,55.4561,227203.64,4596.15,EUR,MOCK_FEED
POS01000520260327,PORT010,INS0033,2026-03-27,171,28.7556,4917.21,145.71,USD,MOCK_FEED
POS01000620260327,PORT010,INS0034,2026-03-27,4056,59.1891,240070.99,-2521.58,EUR,MOCK_FEED
POS01000720260327,PORT010,INS0035,2026-03-27,1585,11.117,17620.44,-284.58,GBP,MOCK_FEED
POS01000820260327,PORT010,INS0036,2026-03-27,2808,26.5316,74500.73,1723.42,EUR,MOCK_FEED
POS01000920260327,PORT010,INS0037,2026-03-27,2840,55.7805,158416.62,2299.41,INR,MOCK_FEED
POS01001020260327,PORT010,INS0038,2026-03-27,784,21.3262,16719.74,621.28,INR,MOCK_FEED
POS01000120260328,PORT010,INS0029,2026-03-28,2358,19.9914,47139.72,492.79,USD,MOCK_FEED
POS01000220260328,PORT010,INS0030,2026-03-28,286,49.7052,14215.69,296.98,INR,MOCK_FEED
POS01000320260328,PORT010,INS0031,2026-03-28,4838,48.9649,236892.19,5612.98,INR,MOCK_FEED
POS01000420260328,PORT010,INS0032,2026-03-28,2188,55.1005,120559.89,-1664.08,USD,MOCK_FEED
POS01000520260328,PORT010,INS0033,2026-03-28,4479,28.7225,128648.08,-3032.67,GBP,MOCK_FEED
POS01000620260328,PORT010,INS0034,2026-03-28,2026,59.5293,120606.36,-1025.71,INR,MOCK_FEED
POS01000720260328,PORT010,INS0035,2026-03-28,4043,11.0095,44511.41,807.78,GBP,MOCK_FEED
POS01000820260328,PORT010,INS0036,2026-03-28,3036,26.2427,79672.84,323.92,EUR,MOCK_FEED
POS01000920260328,PORT010,INS0037,2026-03-28,4288,55.3,237126.4,-6514.06,USD,MOCK_FEED
POS01001020260328,PORT010,INS0038,2026-03-28,3895,21.3788,83270.43,-859.21,EUR,MOCK_FEED
POS01000120260329,PORT010,INS0029,2026-03-29,4504,20.3641,91719.91,1359.69,USD,MOCK_FEED
POS01000220260329,PORT010,INS0030,2026-03-29,1759,49.7126,87444.46,2145.59,INR,MOCK_FEED
POS01000320260329,PORT010,INS0031,2026-03-29,4100,48.9478,200685.98,6995.18,INR,MOCK_FEED
POS01000420260329,PORT010,INS0032,2026-03-29,792,55.4162,43889.63,-443.32,GBP,MOCK_FEED
POS01000520260329,PORT010,INS0033,2026-03-29,4683,29.2543,136997.89,-2816.15,USD,MOCK_FEED
POS01000620260329,PORT010,INS0034,2026-03-29,3140,59.7403,187584.54,-775.03,INR,MOCK_FEED
POS01000720260329,PORT010,INS0035,2026-03-29,2995,10.8119,32381.64,-706.02,USD,MOCK_FEED
POS01000820260329,PORT010,INS0036,2026-03-29,1098,26.2902,28866.64,1147.84,EUR,MOCK_FEED
POS01000920260329,PORT010,INS0037,2026-03-29,685,54.8934,37601.98,315.76,USD,MOCK_FEED
POS01001020260329,PORT010,INS0038,2026-03-29,115,21.091,2425.47,-11.9,GBP,MOCK_FEED
POS01000120260330,PORT010,INS0029,2026-03-30,1311,20.1718,26445.23,288.72,GBP,MOCK_FEED
POS01000220260330,PORT010,INS0030,2026-03-30,1286,48.913,62902.12,2310.52,GBP,MOCK_FEED
POS01000320260330,PORT010,INS0031,2026-03-30,3273,48.9121,160089.3,3325.54,USD,MOCK_FEED
POS01000420260330,PORT010,INS0032,2026-03-30,4536,55.3709,251162.4,8379.37,USD,MOCK_FEED
POS01000520260330,PORT010,INS0033,2026-03-30,1912,29.355,56126.76,331.21,GBP,MOCK_FEED
POS01000620260330,PORT010,INS0034,2026-03-30,3392,58.4994,198429.96,-3639.91,EUR,MOCK_FEED
POS01000720260330,PORT010,INS0035,2026-03-30,4524,10.811,48908.96,-518.04,USD,MOCK_FEED
POS01000820260330,PORT010,INS0036,2026-03-30,281,26.4849,7442.26,-204.63,EUR,MOCK_FEED
POS01000920260330,PORT010,INS0037,2026-03-30,3564,55.1536,196567.43,2899.67,USD,MOCK_FEED
POS01001020260330,PORT010,INS0038,2026-03-30,4974,20.8592,103753.66,2691.47,INR,MOCK_FEED
POS01000120260331,PORT010,INS0029,2026-03-31,2464,20.4998,50511.51,-45.03,GBP,MOCK_FEED
POS01000220260331,PORT010,INS0030,2026-03-31,757,48.6409,36821.16,918.34,EUR,MOCK_FEED
POS01000320260331,PORT010,INS0031,2026-03-31,3426,48.8711,167432.39,-3728.72,GBP,MOCK_FEED
POS01000420260331,PORT010,INS0032,2026-03-31,3554,55.705,197975.57,6984.93,INR,MOCK_FEED
POS01000520260331,PORT010,INS0033,2026-03-31,2052,29.7338,61013.76,982.7,GBP,MOCK_FEED
POS01000620260331,PORT010,INS0034,2026-03-31,760,57.3802,43608.95,825.21,USD,MOCK_FEED
POS01000720260331,PORT010,INS0035,2026-03-31,1338,10.9902,14704.89,-245.08,INR,MOCK_FEED
POS01000820260331,PORT010,INS0036,2026-03-31,2665,26.0285,69365.95,641.98,USD,MOCK_FEED
POS01000920260331,PORT010,INS0037,2026-03-31,932,56.0444,52233.38,670.54,USD,MOCK_FEED
POS01001020260331,PORT010,INS0038,2026-03-31,907,20.6083,18691.73,444.14,GBP,MOCK_FEED
POS01000120260401,PORT010,INS0029,2026-04-01,2706,20.297,54923.68,1727.22,USD,MOCK_FEED
POS01000220260401,PORT010,INS0030,2026-04-01,3080,49.2133,151576.96,-1882.99,GBP,MOCK_FEED
POS01000320260401,PORT010,INS0031,2026-04-01,361,49.4172,17839.61,-318.86,INR,MOCK_FEED
POS01000420260401,PORT010,INS0032,2026-04-01,2827,55.6723,157385.59,-1453.27,GBP,MOCK_FEED
POS01000520260401,PORT010,INS0033,2026-04-01,3331,29.8517,99436.01,-1583.3,USD,MOCK_FEED
POS01000620260401,PORT010,INS0034,2026-04-01,1369,57.7798,79100.55,1998.14,GBP,MOCK_FEED
POS01000720260401,PORT010,INS0035,2026-04-01,1487,10.8856,16186.89,-432.34,EUR,MOCK_FEED
POS01000820260401,PORT010,INS0036,2026-04-01,3606,26.6922,96252.07,1276.21,INR,MOCK_FEED
POS01000920260401,PORT010,INS0037,2026-04-01,1777,56.9007,101112.54,3566.99,EUR,MOCK_FEED
POS01001020260401,PORT010,INS0038,2026-04-01,775,20.4573,15854.41,391.52,GBP,MOCK_FEED
POS01000120260402,PORT010,INS0029,2026-04-02,1143,20.0354,22900.46,842.35,INR,MOCK_FEED
POS01000220260402,PORT010,INS0030,2026-04-02,196,49.2362,9650.3,-154.87,USD,MOCK_FEED
POS01000320260402,PORT010,INS0031,2026-04-02,2608,50.8774,132688.26,4830.23,INR,MOCK_FEED
POS01000420260402,PORT010,INS0032,2026-04-02,1404,55.9135,78502.55,1926.35,INR,MOCK_FEED
POS01000520260402,PORT010,INS0033,2026-04-02,580,30.1454,17484.33,-148.29,GBP,MOCK_FEED
POS01000620260402,PORT010,INS0034,2026-04-02,4812,56.6507,272603.17,-7533.02,USD,MOCK_FEED
POS01000720260402,PORT010,INS0035,2026-04-02,4186,10.911,45673.45,21.94,USD,MOCK_FEED
POS01000820260402,PORT010,INS0036,2026-04-02,4476,26.8777,120304.59,-2092.09,EUR,MOCK_FEED
POS01000920260402,PORT010,INS0037,2026-04-02,2669,57.0488,152263.25,-785.91,INR,MOCK_FEED
POS01001020260402,PORT010,INS0038,2026-04-02,298,20.6835,6163.68,85.78,USD,MOCK_FEED
POS01000120260403,PORT010,INS0029,2026-04-03,1648,19.8475,32708.68,997.61,INR,MOCK_FEED
POS01000220260403,PORT010,INS0030,2026-04-03,2206,49.064,108235.18,-467.52,INR,MOCK_FEED
POS01000320260403,PORT010,INS0031,2026-04-03,945,50.9148,48114.49,1007.72,INR,MOCK_FEED
POS01000420260403,PORT010,INS0032,2026-04-03,1120,55.4341,62086.19,249.19,INR,MOCK_FEED
POS01000520260403,PORT010,INS0033,2026-04-03,707,29.6895,20990.48,388.67,INR,MOCK_FEED
POS01000620260403,PORT010,INS0034,2026-04-03,759,56.9249,43206.0,514.4,INR,MOCK_FEED
POS01000720260403,PORT010,INS0035,2026-04-03,2867,10.857,31127.02,225.13,GBP,MOCK_FEED
POS01000820260403,PORT010,INS0036,2026-04-03,1878,26.4883,49745.03,1099.3,GBP,MOCK_FEED
POS01000920260403,PORT010,INS0037,2026-04-03,3009,57.0481,171657.73,510.21,GBP,MOCK_FEED
POS01001020260403,PORT010,INS0038,2026-04-03,200,20.8483,4169.66,12.92,EUR,MOCK_FEED
POS01000120260404,PORT010,INS0029,2026-04-04,3959,19.8087,78422.64,-1808.35,USD,MOCK_FEED
POS01000220260404,PORT010,INS0030,2026-04-04,4769,48.2962,230324.58,1553.64,USD,MOCK_FEED
POS01000320260404,PORT010,INS0031,2026-04-04,4535,50.4909,228976.23,-3196.0,GBP,MOCK_FEED
POS01000420260404,PORT010,INS0032,2026-04-04,3510,56.2949,197595.1,-5625.0,GBP,MOCK_FEED
POS01000520260404,PORT010,INS0033,2026-04-04,1269,29.4503,37372.43,1448.74,GBP,MOCK_FEED
POS01000620260404,PORT010,INS0034,2026-04-04,4391,58.7291,257879.48,-475.22,EUR,MOCK_FEED
POS01000720260404,PORT010,INS0035,2026-04-04,4547,11.0156,50087.93,-48.38,INR,MOCK_FEED
POS01000820260404,PORT010,INS0036,2026-04-04,328,26.7324,8768.23,-157.16,INR,MOCK_FEED
POS01000920260404,PORT010,INS0037,2026-04-04,2927,57.3321,167811.06,357.07,GBP,MOCK_FEED
POS01001020260404,PORT010,INS0038,2026-04-04,2746,20.6696,56758.72,1494.57,EUR,MOCK_FEED
POS01000120260405,PORT010,INS0029,2026-04-05,2929,20.1,58872.9,135.96,USD,MOCK_FEED
POS01000220260405,PORT010,INS0030,2026-04-05,4729,47.3024,223693.05,5682.95,EUR,MOCK_FEED
POS01000320260405,PORT010,INS0031,2026-04-05,1102,51.3511,56588.91,734.05,USD,MOCK_FEED
POS01000420260405,PORT010,INS0032,2026-04-05,3405,55.9427,190484.89,2770.59,GBP,MOCK_FEED
POS01000520260405,PORT010,INS0033,2026-04-05,1545,29.5853,45709.29,-766.12,USD,MOCK_FEED
POS01000620260405,PORT010,INS0034,2026-04-05,2882,58.4869,168559.25,-3384.3,GBP,MOCK_FEED
POS01000720260405,PORT010,INS0035,2026-04-05,4717,10.9581,51689.36,-187.78,EUR,MOCK_FEED
POS01000820260405,PORT010,INS0036,2026-04-05,3444,27.2743,93932.69,-596.29,GBP,MOCK_FEED
POS01000920260405,PORT010,INS0037,2026-04-05,2390,58.1003,138859.72,5377.13,USD,MOCK_FEED
POS01001020260405,PORT010,INS0038,2026-04-05,4216,20.2834,85514.81,1181.29,GBP,MOCK_FEED
POS01000120260406,PORT010,INS0029,2026-04-06,1244,20.472,25467.17,970.11,EUR,MOCK_FEED
POS01000220260406,PORT010,INS0030,2026-04-06,1487,47.2089,70199.63,264.06,INR,MOCK_FEED
POS01000320260406,PORT010,INS0031,2026-04-06,3181,51.8592,164964.12,6023.53,EUR,MOCK_FEED
POS01000420260406,PORT010,INS0032,2026-04-06,2468,57.2323,141249.32,-2964.13,INR,MOCK_FEED
POS01000520260406,PORT010,INS0033,2026-04-06,3096,29.4567,91197.94,-1511.28,EUR,MOCK_FEED
POS01000620260406,PORT010,INS0034,2026-04-06,2399,57.605,138194.39,1497.25,USD,MOCK_FEED
POS01000720260406,PORT010,INS0035,2026-04-06,4172,10.7437,44822.72,177.16,EUR,MOCK_FEED
POS01000820260406,PORT010,INS0036,2026-04-06,1976,27.2288,53804.11,2071.0,USD,MOCK_FEED
POS01000920260406,PORT010,INS0037,2026-04-06,4679,58.3254,272904.55,10007.58,USD,MOCK_FEED
POS01001020260406,PORT010,INS0038,2026-04-06,3254,20.1762,65653.35,2406.14,EUR,MOCK_FEED
POS01000120260407,PORT010,INS0029,2026-04-07,1115,21.1283,23558.05,-634.08,INR,MOCK_FEED
POS01000220260407,PORT010,INS0030,2026-04-07,3471,47.6617,165433.76,540.84,EUR,MOCK_FEED
POS01000320260407,PORT010,INS0031,2026-04-07,1177,50.9698,59991.45,-1226.8,EUR,MOCK_FEED
POS01000420260407,PORT010,INS0032,2026-04-07,2032,57.7746,117397.99,3563.46,USD,MOCK_FEED
POS01000520260407,PORT010,INS0033,2026-04-07,3867,30.0269,116114.02,979.65,INR,MOCK_FEED
POS01000620260407,PORT010,INS0034,2026-04-07,4617,57.8025,266874.14,-6038.93,EUR,MOCK_FEED
POS01000720260407,PORT010,INS0035,2026-04-07,1375,10.841,14906.37,108.49,EUR,MOCK_FEED
POS01000820260407,PORT010,INS0036,2026-04-07,960,27.5291,26427.94,-542.66,USD,MOCK_FEED
POS01000920260407,PORT010,INS0037,2026-04-07,1653,59.4611,98289.2,2705.13,EUR,MOCK_FEED
POS01001020260407,PORT010,INS0038,2026-04-07,4643,19.9908,92817.28,1396.86,INR,MOCK_FEED
POS01000120260408,PORT010,INS0029,2026-04-08,4588,21.5445,98846.17,359.97,EUR,MOCK_FEED
POS01000220260408,PORT010,INS0030,2026-04-08,4961,48.1113,238680.16,9476.21,EUR,MOCK_FEED
POS01000320260408,PORT010,INS0031,2026-04-08,2087,50.3212,105020.34,1569.36,USD,MOCK_FEED
POS01000420260408,PORT010,INS0032,2026-04-08,4811,57.7479,277825.15,6521.86,EUR,MOCK_FEED
POS01000520260408,PORT010,INS0033,2026-04-08,1382,30.3471,41939.69,1047.1,GBP,MOCK_FEED
POS01000620260408,PORT010,INS0034,2026-04-08,2099,57.8653,121459.26,3118.74,INR,MOCK_FEED
POS01000720260408,PORT010,INS0035,2026-04-08,4840,10.7057,51815.59,-1334.97,USD,MOCK_FEED
POS01000820260408,PORT010,INS0036,2026-04-08,2755,27.4295,75568.27,1512.89,USD,MOCK_FEED
POS01000920260408,PORT010,INS0037,2026-04-08,3308,59.4409,196630.5,7752.03,GBP,MOCK_FEED
POS01001020260408,PORT010,INS0038,2026-04-08,497,20.2916,10084.93,-93.8,USD,MOCK_FEED
POS01000120260409,PORT010,INS0029,2026-04-09,2623,21.8559,57328.03,-1023.15,EUR,MOCK_FEED
POS01000220260409,PORT010,INS0030,2026-04-09,3909,48.0224,187719.56,4224.17,GBP,MOCK_FEED
POS01000320260409,PORT010,INS0031,2026-04-09,1542,50.7178,78206.85,491.53,INR,MOCK_FEED
POS01000420260409,PORT010,INS0032,2026-04-09,3181,57.8883,184142.68,6577.96,USD,MOCK_FEED
POS01000520260409,PORT010,INS0033,2026-04-09,320,30.5391,9772.51,26.16,USD,MOCK_FEED
POS01000620260409,PORT010,INS0034,2026-04-09,2643,59.5998,157522.27,2200.34,GBP,MOCK_FEED
POS01000720260409,PORT010,INS0035,2026-04-09,4845,10.8589,52611.37,989.91,EUR,MOCK_FEED
POS01000820260409,PORT010,INS0036,2026-04-09,4674,26.9308,125874.56,2957.12,EUR,MOCK_FEED
POS01000920260409,PORT010,INS0037,2026-04-09,961,59.1198,56814.13,-1340.4,INR,MOCK_FEED
POS01001020260409,PORT010,INS0038,2026-04-09,1480,20.4666,30290.57,-582.56,INR,MOCK_FEED
POS01000120260410,PORT010,INS0029,2026-04-10,4549,22.2508,101218.89,-2655.57,EUR,MOCK_FEED
POS01000220260410,PORT010,INS0030,2026-04-10,3563,48.356,172292.43,-2422.63,EUR,MOCK_FEED
POS01000320260410,PORT010,INS0031,2026-04-10,4363,50.4627,220168.76,4775.3,USD,MOCK_FEED
POS01000420260410,PORT010,INS0032,2026-04-10,1122,57.818,64871.8,1765.78,USD,MOCK_FEED
POS01000520260410,PORT010,INS0033,2026-04-10,4897,30.1296,147544.65,38.79,EUR,MOCK_FEED
POS01000620260410,PORT010,INS0034,2026-04-10,485,59.759,28983.12,-26.86,INR,MOCK_FEED
POS01000720260410,PORT010,INS0035,2026-04-10,2877,10.855,31229.84,694.98,USD,MOCK_FEED
POS01000820260410,PORT010,INS0036,2026-04-10,990,26.8964,26627.44,723.13,EUR,MOCK_FEED
POS01000920260410,PORT010,INS0037,2026-04-10,4260,59.3747,252936.22,661.26,INR,MOCK_FEED
POS01001020260410,PORT010,INS0038,2026-04-10,4053,20.8157,84366.03,-2366.21,EUR,MOCK_FEED
POS01000120260411,PORT010,INS0029,2026-04-11,4851,22.4284,108800.17,-580.79,EUR,MOCK_FEED
POS01000220260411,PORT010,INS0030,2026-04-11,2496,49.3539,123187.33,356.03,USD,MOCK_FEED
POS01000320260411,PORT010,INS0031,2026-04-11,3616,50.0251,180890.76,7202.88,USD,MOCK_FEED
POS01000420260411,PORT010,INS0032,2026-04-11,1204,57.0919,68738.65,-1775.56,GBP,MOCK_FEED
POS01000520260411,PORT010,INS0033,2026-04-11,2769,29.6938,82222.13,319.47,USD,MOCK_FEED
POS01000620260411,PORT010,INS0034,2026-04-11,1342,59.5137,79867.39,609.84,USD,MOCK_FEED
POS01000720260411,PORT010,INS0035,2026-04-11,600,10.8163,6489.78,-121.35,EUR,MOCK_FEED
POS01000820260411,PORT010,INS0036,2026-04-11,2672,26.7428,71456.76,1741.5,INR,MOCK_FEED
POS01000920260411,PORT010,INS0037,2026-04-11,3209,58.9384,189133.33,-1767.14,EUR,MOCK_FEED
POS01001020260411,PORT010,INS0038,2026-04-11,4735,20.3078,96157.43,543.19,GBP,MOCK_FEED
POS01000120260412,PORT010,INS0029,2026-04-12,3593,22.5,80842.5,-395.37,USD,MOCK_FEED
POS01000220260412,PORT010,INS0030,2026-04-12,2417,50.5022,122063.82,-290.13,EUR,MOCK_FEED
POS01000320260412,PORT010,INS0031,2026-04-12,1904,49.9202,95048.06,43.82,GBP,MOCK_FEED
POS01000420260412,PORT010,INS0032,2026-04-12,228,56.5087,12883.98,84.53,USD,MOCK_FEED
POS01000520260412,PORT010,INS0033,2026-04-12,4199,29.9061,125575.71,-1817.03,INR,MOCK_FEED
POS01000620260412,PORT010,INS0034,2026-04-12,2000,59.203,118406.0,4625.54,EUR,MOCK_FEED
POS01000720260412,PORT010,INS0035,2026-04-12,4793,10.7652,51597.6,1740.53,EUR,MOCK_FEED
POS01000820260412,PORT010,INS0036,2026-04-12,1367,26.906,36780.5,1186.77,GBP,MOCK_FEED
POS01000920260412,PORT010,INS0037,2026-04-12,2371,58.9292,139721.13,-1081.28,USD,MOCK_FEED
POS01001020260412,PORT010,INS0038,2026-04-12,4429,20.621,91330.41,-1976.77,EUR,MOCK_FEED
POS01000120260413,PORT010,INS0029,2026-04-13,1016,22.2661,22622.36,-668.32,GBP,MOCK_FEED
POS01000220260413,PORT010,INS0030,2026-04-13,3929,51.2804,201480.69,-32.47,EUR,MOCK_FEED
POS01000320260413,PORT010,INS0031,2026-04-13,1510,50.6638,76502.34,413.61,GBP,MOCK_FEED
POS01000420260413,PORT010,INS0032,2026-04-13,3036,56.1765,170551.85,-2212.15,GBP,MOCK_FEED
POS01000520260413,PORT010,INS0033,2026-04-13,454,30.1154,13672.39,-104.4,INR,MOCK_FEED
POS01000620260413,PORT010,INS0034,2026-04-13,2023,60.6647,122724.69,2741.36,USD,MOCK_FEED
POS01000720260413,PORT010,INS0035,2026-04-13,2237,10.8745,24326.26,-98.84,USD,MOCK_FEED
POS01000820260413,PORT010,INS0036,2026-04-13,2451,27.1147,66458.13,118.09,EUR,MOCK_FEED
POS01000920260413,PORT010,INS0037,2026-04-13,2594,58.9029,152794.12,2020.58,INR,MOCK_FEED
POS01001020260413,PORT010,INS0038,2026-04-13,2823,20.7286,58516.84,-1571.19,GBP,MOCK_FEED
POS01000120260414,PORT010,INS0029,2026-04-14,4341,22.5705,97978.54,403.08,INR,MOCK_FEED
POS01000220260414,PORT010,INS0030,2026-04-14,439,50.0415,21968.22,194.92,EUR,MOCK_FEED
POS01000320260414,PORT010,INS0031,2026-04-14,2130,50.7603,108119.44,2852.62,EUR,MOCK_FEED
POS01000420260414,PORT010,INS0032,2026-04-14,4419,56.8018,251007.15,4427.84,EUR,MOCK_FEED
POS01000520260414,PORT010,INS0033,2026-04-14,1185,30.2436,35838.67,285.91,USD,MOCK_FEED
POS01000620260414,PORT010,INS0034,2026-04-14,3552,59.766,212288.83,4921.65,INR,MOCK_FEED
POS01000720260414,PORT010,INS0035,2026-04-14,4631,10.7973,50002.3,-466.32,GBP,MOCK_FEED
POS01000820260414,PORT010,INS0036,2026-04-14,3254,26.7903,87175.64,-911.82,INR,MOCK_FEED
POS01000920260414,PORT010,INS0037,2026-04-14,1892,59.2347,112072.05,3525.47,USD,MOCK_FEED
POS01001020260414,PORT010,INS0038,2026-04-14,4141,20.6361,85454.09,2110.35,INR,MOCK_FEED
POS01000120260415,PORT010,INS0029,2026-04-15,585,22.2286,13003.73,-150.54,GBP,MOCK_FEED
POS01000220260415,PORT010,INS0030,2026-04-15,4485,50.0013,224255.83,-1074.66,INR,MOCK_FEED
POS01000320260415,PORT010,INS0031,2026-04-15,3442,51.0412,175683.81,-730.34,USD,MOCK_FEED
POS01000420260415,PORT010,INS0032,2026-04-15,3344,57.3367,191733.92,5805.97,EUR,MOCK_FEED
POS01000520260415,PORT010,INS0033,2026-04-15,281,30.5012,8570.84,-59.93,USD,MOCK_FEED
POS01000620260415,PORT010,INS0034,2026-04-15,4924,60.0363,295618.74,11793.87,GBP,MOCK_FEED
POS01000720260415,PORT010,INS0035,2026-04-15,835,10.6742,8912.96,-2.11,USD,MOCK_FEED
POS01000820260415,PORT010,INS0036,2026-04-15,3453,26.6367,91976.53,-936.09,USD,MOCK_FEED
POS01000920260415,PORT010,INS0037,2026-04-15,3101,59.2769,183817.67,7269.68,GBP,MOCK_FEED
POS01001020260415,PORT010,INS0038,2026-04-15,1653,20.2035,33396.39,-666.78,GBP,MOCK_FEED
POS01000120260416,PORT010,INS0029,2026-04-16,2766,22.5461,62362.51,-1458.85,INR,MOCK_FEED
POS01000220260416,PORT010,INS0030,2026-04-16,4680,50.9903,238634.6,-97.52,INR,MOCK_FEED
POS01000320260416,PORT010,INS0031,2026-04-16,1317,50.7624,66854.08,-1241.58,GBP,MOCK_FEED
POS01000420260416,PORT010,INS0032,2026-04-16,4280,58.3312,249657.54,2440.61,USD,MOCK_FEED
POS01000520260416,PORT010,INS0033,2026-04-16,1691,30.8085,52097.17,1798.54,GBP,MOCK_FEED
POS01000620260416,PORT010,INS0034,2026-04-16,4352,59.6273,259498.01,2877.11,GBP,MOCK_FEED
POS01000720260416,PORT010,INS0035,2026-04-16,1402,10.8187,15167.82,-146.28,EUR,MOCK_FEED
POS01000820260416,PORT010,INS0036,2026-04-16,2300,26.9678,62025.94,1830.43,EUR,MOCK_FEED
POS01000920260416,PORT010,INS0037,2026-04-16,777,59.0464,45879.05,-862.39,GBP,MOCK_FEED
POS01001020260416,PORT010,INS0038,2026-04-16,676,20.3359,13747.07,-302.98,INR,MOCK_FEED
POS01000120260417,PORT010,INS0029,2026-04-17,659,22.0301,14517.84,550.2,GBP,MOCK_FEED
POS01000220260417,PORT010,INS0030,2026-04-17,413,51.1481,21124.17,748.85,EUR,MOCK_FEED
POS01000320260417,PORT010,INS0031,2026-04-17,839,50.7277,42560.54,-168.81,USD,MOCK_FEED
POS01000420260417,PORT010,INS0032,2026-04-17,1150,58.6987,67503.51,-1021.92,GBP,MOCK_FEED
POS01000520260417,PORT010,INS0033,2026-04-17,179,30.8387,5520.13,181.9,USD,MOCK_FEED
POS01000620260417,PORT010,INS0034,2026-04-17,2765,58.9752,163066.43,-1415.07,EUR,MOCK_FEED
POS01000720260417,PORT010,INS0035,2026-04-17,4590,10.5436,48395.12,-1433.82,EUR,MOCK_FEED
POS01000820260417,PORT010,INS0036,2026-04-17,4318,26.7541,115524.2,3366.1,USD,MOCK_FEED
POS01000920260417,PORT010,INS0037,2026-04-17,2192,59.2159,129801.25,3791.65,GBP,MOCK_FEED
POS01001020260417,PORT010,INS0038,2026-04-17,4162,20.592,85703.9,-1190.13,USD,MOCK_FEED
POS01000120260418,PORT010,INS0029,2026-04-18,2812,21.9933,61845.16,1895.02,INR,MOCK_FEED
POS01000220260418,PORT010,INS0030,2026-04-18,1840,50.8301,93527.38,1187.41,GBP,MOCK_FEED
POS01000320260418,PORT010,INS0031,2026-04-18,1550,51.0398,79111.69,2418.63,USD,MOCK_FEED
POS01000420260418,PORT010,INS0032,2026-04-18,3187,58.4259,186203.34,-2240.63,USD,MOCK_FEED
POS01000520260418,PORT010,INS0033,2026-04-18,3164,30.5374,96620.33,-1028.72,EUR,MOCK_FEED
POS01000620260418,PORT010,INS0034,2026-04-18,3128,59.1366,184979.28,-1554.47,INR,MOCK_FEED
POS01000720260418,PORT010,INS0035,2026-04-18,1670,10.6851,17844.12,170.3,GBP,MOCK_FEED
POS01000820260418,PORT010,INS0036,2026-04-18,2084,26.2775,54762.31,-1144.31,GBP,MOCK_FEED
POS01000920260418,PORT010,INS0037,2026-04-18,1511,59.4907,89890.45,-1327.46,EUR,MOCK_FEED
POS01001020260418,PORT010,INS0038,2026-04-18,1954,20.3467,39757.45,908.44,EUR,MOCK_FEED
POS01000120260419,PORT010,INS0029,2026-04-19,1965,21.6579,42557.77,416.52,USD,MOCK_FEED
POS01000220260419,PORT010,INS0030,2026-04-19,2080,50.9265,105927.12,3124.65,EUR,MOCK_FEED
POS01000320260419,PORT010,INS0031,2026-04-19,2926,50.6192,148111.78,-293.66,EUR,MOCK_FEED
POS01000420260419,PORT010,INS0032,2026-04-19,1508,57.8424,87226.34,424.28,EUR,MOCK_FEED
POS01000520260419,PORT010,INS0033,2026-04-19,1132,30.0371,34002.0,1299.85,USD,MOCK_FEED
POS01000620260419,PORT010,INS0034,2026-04-19,4575,59.017,270002.78,-3334.42,GBP,MOCK_FEED
POS01000720260419,PORT010,INS0035,2026-04-19,271,10.6711,2891.87,-62.15,GBP,MOCK_FEED
POS01000820260419,PORT010,INS0036,2026-04-19,3684,26.3078,96917.94,-1114.64,INR,MOCK_FEED
POS01000920260419,PORT010,INS0037,2026-04-19,3944,59.3043,233896.16,7188.44,GBP,MOCK_FEED
POS01001020260419,PORT010,INS0038,2026-04-19,981,19.9237,19545.15,274.26,USD,MOCK_FEED
